,0,1,2,3,4,5,6,7,8,9,10,11,12,13,14,15,16,17,18,19,20,21,22,23,24,25,26,27,28,29,30,31,32,33,34,35,36,37,38,39,40,41,42,43,44,45,46,47,48,49,50,51,52,53,54,55,56,57,58,59,60,61,62,63,64,65,66,67,68,69,70,71,72,73,74,75,76,77,78,79,80,81,82,83,84,85,86,87,88,89,90,91,92,93,94,95
0,-0.6370193774989774,-1.075261626473256,-1.362792231889043,-1.545888195551012,-1.6223458507065596,-1.5023897300865778,-1.2342130674545257,-0.8673504589450127,-0.48736166151781796,-0.16141060532837856,0.13445560910812612,0.4183453738022205,0.661611020970059,0.8977866098903906,1.1033024874701518,1.241750246492415,1.2974167848951383,1.302015741596224,1.1817721861824242,0.9471295828291211,0.6737790939083479,0.533127668133481,0.3264620513784484,-0.22292165120539797,0.0,0.0,0.0,0.0,0.0,0.0,0.0,0.0,0.0,0.0,0.0,0.0,0.0,0.0,0.0,0.0,0.0,0.0,0.0,0.0,0.0,0.0,0.0,0.0,0.0,0.0,0.0,0.0,0.0,0.0,0.0,0.0,0.0,0.0,0.0,0.0,0.0,0.0,0.0,0.0,0.0,0.0,0.0,0.0,0.0,0.0,0.0,0.0,0.0,0.0,0.0,0.0,0.0,0.0,0.0,0.0,0.0,0.0,0.0,0.0,0.0,0.0,0.0,0.0,0.0,0.0,0.0,0.0,0.0,0.0,0.0,0.0
1,-0.38490483409747583,-0.8458648911757385,-1.1576996907578245,-1.3688095357153,-1.4958980648770215,-1.4809050396631682,-1.38792815847122,-1.259632137345967,-0.9216350118873586,-0.4350157505840453,0.025139311851862852,0.375513229936672,0.6341177587930648,0.8525731798620253,1.0378225719338614,1.1685335769861782,1.270264774913732,1.3264131512179604,1.2777109753555114,1.0622742841953803,0.7598981716609601,0.5956792646206359,0.39815370425289315,-0.045800841005630095,0.0,0.0,0.0,0.0,0.0,0.0,0.0,0.0,0.0,0.0,0.0,0.0,0.0,0.0,0.0,0.0,0.0,0.0,0.0,0.0,0.0,0.0,0.0,0.0,0.0,0.0,0.0,0.0,0.0,0.0,0.0,0.0,0.0,0.0,0.0,0.0,0.0,0.0,0.0,0.0,0.0,0.0,0.0,0.0,0.0,0.0,0.0,0.0,0.0,0.0,0.0,0.0,0.0,0.0,0.0,0.0,0.0,0.0,0.0,0.0,0.0,0.0,0.0,0.0,0.0,0.0,0.0,0.0,0.0,0.0,0.0,0.0
2,-0.2570986764236393,-0.7198541878311857,-1.040246061015901,-1.252661648205522,-1.3823510908929872,-1.4252861563887618,-1.4489643046370035,-1.431770628523135,-1.1125577502719421,-0.6018564449011511,-0.08123193217321299,0.3545049453411115,0.6941537357733594,0.9139380412974956,1.057284175298262,1.1754784173838837,1.286598689868371,1.3379832190543894,1.2830617050678037,1.0675021313887896,0.7430820255145395,0.5029600573871418,0.29162521555324955,0.04570652233603328,0.0,0.0,0.0,0.0,0.0,0.0,0.0,0.0,0.0,0.0,0.0,0.0,0.0,0.0,0.0,0.0,0.0,0.0,0.0,0.0,0.0,0.0,0.0,0.0,0.0,0.0,0.0,0.0,0.0,0.0,0.0,0.0,0.0,0.0,0.0,0.0,0.0,0.0,0.0,0.0,0.0,0.0,0.0,0.0,0.0,0.0,0.0,0.0,0.0,0.0,0.0,0.0,0.0,0.0,0.0,0.0,0.0,0.0,0.0,0.0,0.0,0.0,0.0,0.0,0.0,0.0,0.0,0.0,0.0,0.0,0.0,0.0
3,-0.5047553694961331,-0.8187371501943368,-1.0654883713600412,-1.228865088601771,-1.3293880490126904,-1.3484020279626503,-1.3710035501107156,-1.3377829000962576,-1.0977762601429917,-0.7169944250960615,-0.29330557339978797,0.07362834490245465,0.4107856546604206,0.693340556943219,0.9120371902997375,1.0715393608875132,1.2157585974513592,1.3066669420913555,1.3086759662822947,1.1897847846970746,0.9944071821282425,0.8961084985001486,0.7302922518837069,0.309473434745918,0.0,0.0,0.0,0.0,0.0,0.0,0.0,0.0,0.0,0.0,0.0,0.0,0.0,0.0,0.0,0.0,0.0,0.0,0.0,0.0,0.0,0.0,0.0,0.0,0.0,0.0,0.0,0.0,0.0,0.0,0.0,0.0,0.0,0.0,0.0,0.0,0.0,0.0,0.0,0.0,0.0,0.0,0.0,0.0,0.0,0.0,0.0,0.0,0.0,0.0,0.0,0.0,0.0,0.0,0.0,0.0,0.0,0.0,0.0,0.0,0.0,0.0,0.0,0.0,0.0,0.0,0.0,0.0,0.0,0.0,0.0,0.0
4,-0.8777390078851409,-1.1643024452215045,-1.3674695213914652,-1.4882249904752163,-1.5225067418919591,-1.437387061085217,-1.2336660607451475,-0.9275306360649344,-0.5800355400165862,-0.25340492104234175,0.07224094385170894,0.3885316449839196,0.6786032687309733,0.9050351600455098,1.0742897675788001,1.1713495916078907,1.2119706974158804,1.2294500823393184,1.1669181982470191,1.0157584469372878,0.7918499879532476,0.6671555025487217,0.4625728423884826,0.016540791190753378,0.0,0.0,0.0,0.0,0.0,0.0,0.0,0.0,0.0,0.0,0.0,0.0,0.0,0.0,0.0,0.0,0.0,0.0,0.0,0.0,0.0,0.0,0.0,0.0,0.0,0.0,0.0,0.0,0.0,0.0,0.0,0.0,0.0,0.0,0.0,0.0,0.0,0.0,0.0,0.0,0.0,0.0,0.0,0.0,0.0,0.0,0.0,0.0,0.0,0.0,0.0,0.0,0.0,0.0,0.0,0.0,0.0,0.0,0.0,0.0,0.0,0.0,0.0,0.0,0.0,0.0,0.0,0.0,0.0,0.0,0.0,0.0
5,-0.36758889820994917,-0.9566054273148519,-1.3597595430131404,-1.6108546891056525,-1.7135086254640501,-1.598757804534784,-1.23799931233253,-0.7801265785753599,-0.276240461450494,0.16727428781601908,0.529276384974157,0.8786163225814793,1.0695662108076176,1.1690546072783112,1.2417489696995114,1.1923439364521329,1.1437302881766802,1.0699053757955859,0.8695719229023253,0.6184767768098131,0.3601461109739776,0.25715300962761173,0.008771183438845651,-0.6741940473332689,0.0,0.0,0.0,0.0,0.0,0.0,0.0,0.0,0.0,0.0,0.0,0.0,0.0,0.0,0.0,0.0,0.0,0.0,0.0,0.0,0.0,0.0,0.0,0.0,0.0,0.0,0.0,0.0,0.0,0.0,0.0,0.0,0.0,0.0,0.0,0.0,0.0,0.0,0.0,0.0,0.0,0.0,0.0,0.0,0.0,0.0,0.0,0.0,0.0,0.0,0.0,0.0,0.0,0.0,0.0,0.0,0.0,0.0,0.0,0.0,0.0,0.0,0.0,0.0,0.0,0.0,0.0,0.0,0.0,0.0,0.0,0.0
6,-0.7424935362628562,-1.1598435937348632,-1.4250368238477873,-1.5998992242817722,-1.6559259630380239,-1.548590526683942,-1.2482085729311267,-0.8590684698855129,-0.41350845798711255,-0.048646608402541106,0.2997020971275562,0.5533951019168285,0.7667881718112532,0.9510866545620806,1.101375923962622,1.1354834298370418,1.1102222511346618,1.1039315295901002,1.0427935795788923,0.9033164878330662,0.7068297320896507,0.6611237083674455,0.46050866661041145,-0.09533555736608405,0.0,0.0,0.0,0.0,0.0,0.0,0.0,0.0,0.0,0.0,0.0,0.0,0.0,0.0,0.0,0.0,0.0,0.0,0.0,0.0,0.0,0.0,0.0,0.0,0.0,0.0,0.0,0.0,0.0,0.0,0.0,0.0,0.0,0.0,0.0,0.0,0.0,0.0,0.0,0.0,0.0,0.0,0.0,0.0,0.0,0.0,0.0,0.0,0.0,0.0,0.0,0.0,0.0,0.0,0.0,0.0,0.0,0.0,0.0,0.0,0.0,0.0,0.0,0.0,0.0,0.0,0.0,0.0,0.0,0.0,0.0,0.0
7,-0.8044077909934676,-1.1625899722490372,-1.3848755745310186,-1.5296602549411433,-1.585480854617336,-1.4909513271894979,-1.2055352847975367,-0.8754295361171949,-0.5168320230187966,-0.19054732729247997,0.10815933407000335,0.40088521689575174,0.6338033143541508,0.8440442931940967,1.0378381310580216,1.1457413438249475,1.2151848279459252,1.2622834589227128,1.180961484096831,1.004694650000282,0.7948690030031651,0.6859689938134499,0.47830307239904274,-0.04642717783088137,0.0,0.0,0.0,0.0,0.0,0.0,0.0,0.0,0.0,0.0,0.0,0.0,0.0,0.0,0.0,0.0,0.0,0.0,0.0,0.0,0.0,0.0,0.0,0.0,0.0,0.0,0.0,0.0,0.0,0.0,0.0,0.0,0.0,0.0,0.0,0.0,0.0,0.0,0.0,0.0,0.0,0.0,0.0,0.0,0.0,0.0,0.0,0.0,0.0,0.0,0.0,0.0,0.0,0.0,0.0,0.0,0.0,0.0,0.0,0.0,0.0,0.0,0.0,0.0,0.0,0.0,0.0,0.0,0.0,0.0,0.0,0.0
8,-0.7208753649844656,-1.0847437249850356,-1.3422208668911724,-1.4975386814435478,-1.5518850677974385,-1.4800171689032227,-1.2626316234876607,-0.9656568346685871,-0.5958489788916356,-0.21616671138644994,0.130402867165409,0.46375706761481916,0.7205660162461132,0.9357984944427368,1.1131666870649284,1.2105744177975846,1.2646980730598607,1.2549721487260361,1.1606084095787754,0.97804315815225,0.702970260008583,0.5391144202776591,0.35409912684337624,-0.1111861235389074,0.0,0.0,0.0,0.0,0.0,0.0,0.0,0.0,0.0,0.0,0.0,0.0,0.0,0.0,0.0,0.0,0.0,0.0,0.0,0.0,0.0,0.0,0.0,0.0,0.0,0.0,0.0,0.0,0.0,0.0,0.0,0.0,0.0,0.0,0.0,0.0,0.0,0.0,0.0,0.0,0.0,0.0,0.0,0.0,0.0,0.0,0.0,0.0,0.0,0.0,0.0,0.0,0.0,0.0,0.0,0.0,0.0,0.0,0.0,0.0,0.0,0.0,0.0,0.0,0.0,0.0,0.0,0.0,0.0,0.0,0.0,0.0
9,-0.4269017059791754,-0.8264352762810002,-1.1227086461667428,-1.3062741346833948,-1.426953496856586,-1.4431178884871234,-1.4194986861046028,-1.3334362174232937,-1.0187103456762068,-0.5638192697903495,-0.10309720331630733,0.29281967662069397,0.6014193177498144,0.82580174038376,1.0100315189674205,1.1342537614979897,1.223637680514341,1.2553021737084078,1.2333806014971307,1.1030321283485953,0.8794616157965489,0.7305868307792238,0.56237382381121,0.13885200108963788,0.0,0.0,0.0,0.0,0.0,0.0,0.0,0.0,0.0,0.0,0.0,0.0,0.0,0.0,0.0,0.0,0.0,0.0,0.0,0.0,0.0,0.0,0.0,0.0,0.0,0.0,0.0,0.0,0.0,0.0,0.0,0.0,0.0,0.0,0.0,0.0,0.0,0.0,0.0,0.0,0.0,0.0,0.0,0.0,0.0,0.0,0.0,0.0,0.0,0.0,0.0,0.0,0.0,0.0,0.0,0.0,0.0,0.0,0.0,0.0,0.0,0.0,0.0,0.0,0.0,0.0,0.0,0.0,0.0,0.0,0.0,0.0
10,-0.49890264194383666,-0.8091873587769264,-1.0440106367901436,-1.208081171922816,-1.315586203888242,-1.3646911758269433,-1.3796122382840332,-1.366158821314526,-1.110054683731361,-0.6961175043377495,-0.2957560457042774,0.06864809848342092,0.39012361215932795,0.6587638882822611,0.8708998131332638,1.0319127535001391,1.1724398089361738,1.274441170323165,1.3244022687962897,1.257624399111281,1.0638951947503767,0.9199436331766493,0.7470060732231654,0.3080577686453338,0.0,0.0,0.0,0.0,0.0,0.0,0.0,0.0,0.0,0.0,0.0,0.0,0.0,0.0,0.0,0.0,0.0,0.0,0.0,0.0,0.0,0.0,0.0,0.0,0.0,0.0,0.0,0.0,0.0,0.0,0.0,0.0,0.0,0.0,0.0,0.0,0.0,0.0,0.0,0.0,0.0,0.0,0.0,0.0,0.0,0.0,0.0,0.0,0.0,0.0,0.0,0.0,0.0,0.0,0.0,0.0,0.0,0.0,0.0,0.0,0.0,0.0,0.0,0.0,0.0,0.0,0.0,0.0,0.0,0.0,0.0,0.0
11,-0.7492381627573697,-1.0822480776973427,-1.313932599288556,-1.4681157801554727,-1.5230808548836559,-1.4667109220154553,-1.2845476498598574,-1.0178587462798756,-0.6567516685395532,-0.2881520140524712,0.04965783286589479,0.3677411300681822,0.648771293827509,0.8391881075557094,0.9844738535358488,1.087438248047962,1.1742467739498745,1.2450750385090883,1.2340703164122848,1.118989020442521,0.9096066218240848,0.7373944281602773,0.4732225620811601,-0.019238751750794997,0.0,0.0,0.0,0.0,0.0,0.0,0.0,0.0,0.0,0.0,0.0,0.0,0.0,0.0,0.0,0.0,0.0,0.0,0.0,0.0,0.0,0.0,0.0,0.0,0.0,0.0,0.0,0.0,0.0,0.0,0.0,0.0,0.0,0.0,0.0,0.0,0.0,0.0,0.0,0.0,0.0,0.0,0.0,0.0,0.0,0.0,0.0,0.0,0.0,0.0,0.0,0.0,0.0,0.0,0.0,0.0,0.0,0.0,0.0,0.0,0.0,0.0,0.0,0.0,0.0,0.0,0.0,0.0,0.0,0.0,0.0,0.0
12,-0.5724167966473858,-0.9746218984179658,-1.2635466620760971,-1.4489084374246104,-1.553336669209823,-1.5016882894358745,-1.3055442492376452,-1.022010618004372,-0.6085573510510636,-0.21387321179911262,0.15125953490176475,0.5072073893232544,0.7922052787459953,1.008249918882898,1.1824966434295434,1.2684885334655502,1.2985058263496363,1.2650941167536027,1.155873767257405,0.9414930568812611,0.6405214417552372,0.42540860228435934,0.18480435887865906,-0.3571042856052169,0.0,0.0,0.0,0.0,0.0,0.0,0.0,0.0,0.0,0.0,0.0,0.0,0.0,0.0,0.0,0.0,0.0,0.0,0.0,0.0,0.0,0.0,0.0,0.0,0.0,0.0,0.0,0.0,0.0,0.0,0.0,0.0,0.0,0.0,0.0,0.0,0.0,0.0,0.0,0.0,0.0,0.0,0.0,0.0,0.0,0.0,0.0,0.0,0.0,0.0,0.0,0.0,0.0,0.0,0.0,0.0,0.0,0.0,0.0,0.0,0.0,0.0,0.0,0.0,0.0,0.0,0.0,0.0,0.0,0.0,0.0,0.0
13,-0.5038334770655305,-0.9367108053777913,-1.2478483400721565,-1.459056866842509,-1.5606179743762683,-1.5355429894628931,-1.3248537671138236,-1.045764733847204,-0.6686013513040105,-0.3207415753903532,0.026079591680738323,0.34641623326640103,0.6437551076238203,0.8871605085137136,1.0955499541399587,1.2457031182366196,1.3070552262939015,1.3127675749280134,1.1439194516651676,1.029969224366516,0.7656432739335108,0.6102228792781232,0.35806348957231793,-0.16873375264625343,0.0,0.0,0.0,0.0,0.0,0.0,0.0,0.0,0.0,0.0,0.0,0.0,0.0,0.0,0.0,0.0,0.0,0.0,0.0,0.0,0.0,0.0,0.0,0.0,0.0,0.0,0.0,0.0,0.0,0.0,0.0,0.0,0.0,0.0,0.0,0.0,0.0,0.0,0.0,0.0,0.0,0.0,0.0,0.0,0.0,0.0,0.0,0.0,0.0,0.0,0.0,0.0,0.0,0.0,0.0,0.0,0.0,0.0,0.0,0.0,0.0,0.0,0.0,0.0,0.0,0.0,0.0,0.0,0.0,0.0,0.0,0.0
14,-0.6802604968541087,-1.05809067458694,-1.322943941713541,-1.4884421258644949,-1.5608344160043477,-1.5009405037935868,-1.2777953068348546,-0.9915262797735737,-0.6386226422925833,-0.2948470336362105,0.03102359540264277,0.35120676032769577,0.608617173181916,0.820527873125734,1.0285767147206752,1.1640226193567338,1.2305870141701,1.2515112648603777,1.1786976810824654,1.0387579776404412,0.8507205838533157,0.74090337553253,0.49943190531821924,0.019718882781385418,0.0,0.0,0.0,0.0,0.0,0.0,0.0,0.0,0.0,0.0,0.0,0.0,0.0,0.0,0.0,0.0,0.0,0.0,0.0,0.0,0.0,0.0,0.0,0.0,0.0,0.0,0.0,0.0,0.0,0.0,0.0,0.0,0.0,0.0,0.0,0.0,0.0,0.0,0.0,0.0,0.0,0.0,0.0,0.0,0.0,0.0,0.0,0.0,0.0,0.0,0.0,0.0,0.0,0.0,0.0,0.0,0.0,0.0,0.0,0.0,0.0,0.0,0.0,0.0,0.0,0.0,0.0,0.0,0.0,0.0,0.0,0.0
15,-0.7992507886175895,-1.0993923470411828,-1.310791917681202,-1.4449074718460486,-1.5131396909875832,-1.4502927183609975,-1.2508667277382588,-1.0089889534178902,-0.6647914953134907,-0.2937250944908882,0.06840408871116062,0.40085712622444797,0.6904000611877694,0.9190438786469336,1.104605723986506,1.224857132868186,1.251153177020969,1.2383202491555585,1.1727806532714984,1.00870250413518,0.7850429041951709,0.6079026677672742,0.3962739377010871,-0.03219689937660994,0.0,0.0,0.0,0.0,0.0,0.0,0.0,0.0,0.0,0.0,0.0,0.0,0.0,0.0,0.0,0.0,0.0,0.0,0.0,0.0,0.0,0.0,0.0,0.0,0.0,0.0,0.0,0.0,0.0,0.0,0.0,0.0,0.0,0.0,0.0,0.0,0.0,0.0,0.0,0.0,0.0,0.0,0.0,0.0,0.0,0.0,0.0,0.0,0.0,0.0,0.0,0.0,0.0,0.0,0.0,0.0,0.0,0.0,0.0,0.0,0.0,0.0,0.0,0.0,0.0,0.0,0.0,0.0,0.0,0.0,0.0,0.0
16,-0.316977881130539,-0.73702218986794,-1.0691869887848693,-1.2992535706744188,-1.434397116488223,-1.482516908007897,-1.4520388458004974,-1.3778514244014926,-1.031797055018556,-0.5481635279391509,-0.04965302017103653,0.36584920154193556,0.6768175943448633,0.872588127832566,1.0139194443753021,1.138728096524826,1.2330586864669506,1.2841407086547303,1.2492522141192621,1.0877777290334065,0.8533665421639683,0.6362679478659041,0.41252079140164677,-0.025428556040749187,0.0,0.0,0.0,0.0,0.0,0.0,0.0,0.0,0.0,0.0,0.0,0.0,0.0,0.0,0.0,0.0,0.0,0.0,0.0,0.0,0.0,0.0,0.0,0.0,0.0,0.0,0.0,0.0,0.0,0.0,0.0,0.0,0.0,0.0,0.0,0.0,0.0,0.0,0.0,0.0,0.0,0.0,0.0,0.0,0.0,0.0,0.0,0.0,0.0,0.0,0.0,0.0,0.0,0.0,0.0,0.0,0.0,0.0,0.0,0.0,0.0,0.0,0.0,0.0,0.0,0.0,0.0,0.0,0.0,0.0,0.0,0.0
17,-0.22696672466170484,-0.6580869971717976,-0.9750510721679057,-1.2089267755557338,-1.3589915997560795,-1.4355774031515376,-1.492438749634769,-1.443741738796525,-1.1250436456103312,-0.6528126918436198,-0.21143281170885247,0.16860617495162816,0.4751661408072212,0.7319453344557665,0.9377154930126199,1.105987508208867,1.2171091738902013,1.3050383462791377,1.3309041176145848,1.213135382204588,0.9694335757396068,0.7802810915044094,0.527042184993956,0.026705686396269992,0.0,0.0,0.0,0.0,0.0,0.0,0.0,0.0,0.0,0.0,0.0,0.0,0.0,0.0,0.0,0.0,0.0,0.0,0.0,0.0,0.0,0.0,0.0,0.0,0.0,0.0,0.0,0.0,0.0,0.0,0.0,0.0,0.0,0.0,0.0,0.0,0.0,0.0,0.0,0.0,0.0,0.0,0.0,0.0,0.0,0.0,0.0,0.0,0.0,0.0,0.0,0.0,0.0,0.0,0.0,0.0,0.0,0.0,0.0,0.0,0.0,0.0,0.0,0.0,0.0,0.0,0.0,0.0,0.0,0.0,0.0,0.0
18,-0.7479551485726665,-1.0922769421651761,-1.3329458910261685,-1.4867407993965576,-1.5562529883946314,-1.4805216287126666,-1.2698472217958572,-0.9608321784400206,-0.5753731620946898,-0.194772872846149,0.15311198728400666,0.47333449447643855,0.7325961723611467,0.94618581553603,1.1210352079925086,1.2085570787626836,1.2232628261089677,1.2215136843541234,1.1437740508054852,0.9878413025125086,0.7676437904859911,0.5850204346746487,0.32375048292326736,-0.1901084948332307,0.0,0.0,0.0,0.0,0.0,0.0,0.0,0.0,0.0,0.0,0.0,0.0,0.0,0.0,0.0,0.0,0.0,0.0,0.0,0.0,0.0,0.0,0.0,0.0,0.0,0.0,0.0,0.0,0.0,0.0,0.0,0.0,0.0,0.0,0.0,0.0,0.0,0.0,0.0,0.0,0.0,0.0,0.0,0.0,0.0,0.0,0.0,0.0,0.0,0.0,0.0,0.0,0.0,0.0,0.0,0.0,0.0,0.0,0.0,0.0,0.0,0.0,0.0,0.0,0.0,0.0,0.0,0.0,0.0,0.0,0.0,0.0
19,-0.5929652816251729,-1.006565904686506,-1.2987537966528984,-1.479097005586757,-1.5646295564476707,-1.4981606164989776,-1.2729490609694363,-0.9873573233490975,-0.6008661697979183,-0.22553773898621424,0.12623299773244162,0.4751043259473377,0.7442419203088396,0.9530718177921381,1.130515618222237,1.2312700637278895,1.279400244890302,1.2707020193790226,1.184807042455139,0.9986650165137607,0.7058972428466165,0.5046782926856874,0.23894750331610323,-0.31665165121686545,0.0,0.0,0.0,0.0,0.0,0.0,0.0,0.0,0.0,0.0,0.0,0.0,0.0,0.0,0.0,0.0,0.0,0.0,0.0,0.0,0.0,0.0,0.0,0.0,0.0,0.0,0.0,0.0,0.0,0.0,0.0,0.0,0.0,0.0,0.0,0.0,0.0,0.0,0.0,0.0,0.0,0.0,0.0,0.0,0.0,0.0,0.0,0.0,0.0,0.0,0.0,0.0,0.0,0.0,0.0,0.0,0.0,0.0,0.0,0.0,0.0,0.0,0.0,0.0,0.0,0.0,0.0,0.0,0.0,0.0,0.0,0.0
20,-0.67238839854697,-1.051590205390837,-1.3163488512052268,-1.4728636307750596,-1.5496234381119336,-1.4819187804608978,-1.2675206978992843,-0.9819352078074668,-0.6238388652313609,-0.2787680072033452,0.05578494618958157,0.3837903298096716,0.6435338157980588,0.8786890876395165,1.0858430504524592,1.2164461709212784,1.2614432993601354,1.2731453389541416,1.2049530963200221,1.0373631721344336,0.7868141458270512,0.6260504114046329,0.37515311010933367,-0.13221389228793445,0.0,0.0,0.0,0.0,0.0,0.0,0.0,0.0,0.0,0.0,0.0,0.0,0.0,0.0,0.0,0.0,0.0,0.0,0.0,0.0,0.0,0.0,0.0,0.0,0.0,0.0,0.0,0.0,0.0,0.0,0.0,0.0,0.0,0.0,0.0,0.0,0.0,0.0,0.0,0.0,0.0,0.0,0.0,0.0,0.0,0.0,0.0,0.0,0.0,0.0,0.0,0.0,0.0,0.0,0.0,0.0,0.0,0.0,0.0,0.0,0.0,0.0,0.0,0.0,0.0,0.0,0.0,0.0,0.0,0.0,0.0,0.0
21,-0.7484423643329361,-1.0720643574571924,-1.2982323426017268,-1.443871274180817,-1.5007897151825706,-1.4426666510908328,-1.2484211778308798,-0.9964742585606836,-0.6890544459967148,-0.34736310652269536,-0.010972108644606416,0.31252942217065155,0.58260591894511,0.8247953911864343,1.0239195879608232,1.1727507707283715,1.2599654824432278,1.2973087982327383,1.2698433917810983,1.100111998402324,0.8595487673324785,0.6809031630878211,0.44889275595686345,-0.03482364582629365,0.0,0.0,0.0,0.0,0.0,0.0,0.0,0.0,0.0,0.0,0.0,0.0,0.0,0.0,0.0,0.0,0.0,0.0,0.0,0.0,0.0,0.0,0.0,0.0,0.0,0.0,0.0,0.0,0.0,0.0,0.0,0.0,0.0,0.0,0.0,0.0,0.0,0.0,0.0,0.0,0.0,0.0,0.0,0.0,0.0,0.0,0.0,0.0,0.0,0.0,0.0,0.0,0.0,0.0,0.0,0.0,0.0,0.0,0.0,0.0,0.0,0.0,0.0,0.0,0.0,0.0,0.0,0.0,0.0,0.0,0.0,0.0
22,-0.6430437607305585,-1.006435295635074,-1.253531948039629,-1.4220396360331284,-1.5126777094042316,-1.4584267461761573,-1.289739220735493,-1.0519341697677904,-0.7144392272550186,-0.36411588017781826,0.00539012793030344,0.34294501625879686,0.6409956120267367,0.8927080922418572,1.0848943774454,1.2098814032249967,1.2899090672133715,1.3146666891064045,1.2441704098177686,1.0625345881812325,0.7966149496400858,0.5933386885280415,0.3443237700203943,-0.10598919768048341,0.0,0.0,0.0,0.0,0.0,0.0,0.0,0.0,0.0,0.0,0.0,0.0,0.0,0.0,0.0,0.0,0.0,0.0,0.0,0.0,0.0,0.0,0.0,0.0,0.0,0.0,0.0,0.0,0.0,0.0,0.0,0.0,0.0,0.0,0.0,0.0,0.0,0.0,0.0,0.0,0.0,0.0,0.0,0.0,0.0,0.0,0.0,0.0,0.0,0.0,0.0,0.0,0.0,0.0,0.0,0.0,0.0,0.0,0.0,0.0,0.0,0.0,0.0,0.0,0.0,0.0,0.0,0.0,0.0,0.0,0.0,0.0
23,-0.3687284626462974,-0.758706126801586,-1.0598239883592941,-1.2663365200390493,-1.402139892120583,-1.4296923070332788,-1.4144144276741062,-1.3365233589754189,-1.0249590841806697,-0.5733475819268389,-0.1297667598489834,0.24160323072782586,0.5826786229172161,0.8501068017854668,1.0488498136201727,1.2148172039236624,1.3384113305344043,1.3539503702245028,1.2863098445146621,1.086261031025326,0.8177229207506397,0.63138502463492,0.37636196148565537,-0.0640196465383563,0.0,0.0,0.0,0.0,0.0,0.0,0.0,0.0,0.0,0.0,0.0,0.0,0.0,0.0,0.0,0.0,0.0,0.0,0.0,0.0,0.0,0.0,0.0,0.0,0.0,0.0,0.0,0.0,0.0,0.0,0.0,0.0,0.0,0.0,0.0,0.0,0.0,0.0,0.0,0.0,0.0,0.0,0.0,0.0,0.0,0.0,0.0,0.0,0.0,0.0,0.0,0.0,0.0,0.0,0.0,0.0,0.0,0.0,0.0,0.0,0.0,0.0,0.0,0.0,0.0,0.0,0.0,0.0,0.0,0.0,0.0,0.0
24,-0.3484865862207174,-0.7137423454473891,-1.0013257756033427,-1.1934832014724137,-1.3387108755752273,-1.4125322236247924,-1.432896733431569,-1.414163995243925,-1.1372849869094823,-0.6948137946654495,-0.25658520863116163,0.10899690491933668,0.4446849624073233,0.7372289782854403,0.9492940179079308,1.1077064066933369,1.222256774356455,1.3082185032523677,1.3062603773094084,1.1934070521301883,0.9791880739704425,0.8293914393340573,0.6120394596655768,0.14535277659361406,0.0,0.0,0.0,0.0,0.0,0.0,0.0,0.0,0.0,0.0,0.0,0.0,0.0,0.0,0.0,0.0,0.0,0.0,0.0,0.0,0.0,0.0,0.0,0.0,0.0,0.0,0.0,0.0,0.0,0.0,0.0,0.0,0.0,0.0,0.0,0.0,0.0,0.0,0.0,0.0,0.0,0.0,0.0,0.0,0.0,0.0,0.0,0.0,0.0,0.0,0.0,0.0,0.0,0.0,0.0,0.0,0.0,0.0,0.0,0.0,0.0,0.0,0.0,0.0,0.0,0.0,0.0,0.0,0.0,0.0,0.0,0.0
25,-0.8279819417757838,-1.115026328379412,-1.3120093605579688,-1.4395613718251046,-1.489252200516612,-1.4200829858680544,-1.2319490053742863,-0.9984178188999737,-0.668175398923855,-0.32473794329941197,0.028281621545838135,0.3802539613396339,0.6734246144942698,0.9151241563699261,1.098650346637295,1.1957804701596828,1.2603418945818414,1.2630646797156226,1.1788154243261229,1.0379636549055173,0.8147476351880298,0.6596536050676456,0.38632786663806895,-0.06523557554903232,0.0,0.0,0.0,0.0,0.0,0.0,0.0,0.0,0.0,0.0,0.0,0.0,0.0,0.0,0.0,0.0,0.0,0.0,0.0,0.0,0.0,0.0,0.0,0.0,0.0,0.0,0.0,0.0,0.0,0.0,0.0,0.0,0.0,0.0,0.0,0.0,0.0,0.0,0.0,0.0,0.0,0.0,0.0,0.0,0.0,0.0,0.0,0.0,0.0,0.0,0.0,0.0,0.0,0.0,0.0,0.0,0.0,0.0,0.0,0.0,0.0,0.0,0.0,0.0,0.0,0.0,0.0,0.0,0.0,0.0,0.0,0.0
26,-0.6559012332021237,-1.0044907319829648,-1.260740860010521,-1.4320209020123822,-1.5190566208783867,-1.4823218530696431,-1.290943761810719,-1.0414488114501201,-0.72501619148058,-0.32880548154341954,0.024306078320260847,0.38953229565278213,0.700158812503615,0.9604843782971868,1.1345558160291955,1.2416895841522633,1.2653047920293126,1.233817848193247,1.1454980872913745,1.0060957845277998,0.8055619152739911,0.6357333990518068,0.34029207497297725,-0.14228441885495216,0.0,0.0,0.0,0.0,0.0,0.0,0.0,0.0,0.0,0.0,0.0,0.0,0.0,0.0,0.0,0.0,0.0,0.0,0.0,0.0,0.0,0.0,0.0,0.0,0.0,0.0,0.0,0.0,0.0,0.0,0.0,0.0,0.0,0.0,0.0,0.0,0.0,0.0,0.0,0.0,0.0,0.0,0.0,0.0,0.0,0.0,0.0,0.0,0.0,0.0,0.0,0.0,0.0,0.0,0.0,0.0,0.0,0.0,0.0,0.0,0.0,0.0,0.0,0.0,0.0,0.0,0.0,0.0,0.0,0.0,0.0,0.0
27,-0.5871724353755514,-0.9728148417286583,-1.2565093930452051,-1.4292093090434903,-1.5135627362218433,-1.46134097694057,-1.2402875801262911,-0.9855427257111908,-0.6675328009123256,-0.3108400914606654,0.08185256435335415,0.4591344978944053,0.7599867359521114,0.9934560588081746,1.2163188116787937,1.3283117124074504,1.3274382301733552,1.3026063780897867,1.1793205999060399,0.9637576628489318,0.6612208519111846,0.43224372340189776,0.12540189288182343,-0.40623682974151,0.0,0.0,0.0,0.0,0.0,0.0,0.0,0.0,0.0,0.0,0.0,0.0,0.0,0.0,0.0,0.0,0.0,0.0,0.0,0.0,0.0,0.0,0.0,0.0,0.0,0.0,0.0,0.0,0.0,0.0,0.0,0.0,0.0,0.0,0.0,0.0,0.0,0.0,0.0,0.0,0.0,0.0,0.0,0.0,0.0,0.0,0.0,0.0,0.0,0.0,0.0,0.0,0.0,0.0,0.0,0.0,0.0,0.0,0.0,0.0,0.0,0.0,0.0,0.0,0.0,0.0,0.0,0.0,0.0,0.0,0.0,0.0
28,-0.6075816193373191,-0.9699772439913993,-1.2432623052256453,-1.4271834681049618,-1.5101506593487306,-1.463853699960032,-1.2655557795140473,-1.034070982570555,-0.6901688081784447,-0.3284698545958772,0.018409005283604982,0.39518138750435344,0.7005766517619512,0.9451081978628606,1.1480928146081117,1.2971804239117999,1.3683042069398552,1.3293539606689255,1.1817863609758101,0.9819050971854786,0.700196649359308,0.5113987889794036,0.24102707949875557,-0.2782462037131988,0.0,0.0,0.0,0.0,0.0,0.0,0.0,0.0,0.0,0.0,0.0,0.0,0.0,0.0,0.0,0.0,0.0,0.0,0.0,0.0,0.0,0.0,0.0,0.0,0.0,0.0,0.0,0.0,0.0,0.0,0.0,0.0,0.0,0.0,0.0,0.0,0.0,0.0,0.0,0.0,0.0,0.0,0.0,0.0,0.0,0.0,0.0,0.0,0.0,0.0,0.0,0.0,0.0,0.0,0.0,0.0,0.0,0.0,0.0,0.0,0.0,0.0,0.0,0.0,0.0,0.0,0.0,0.0,0.0,0.0,0.0,0.0
29,-0.6322996170718548,-1.0002376426673394,-1.2507808161161573,-1.4229977409239085,-1.5025842670974139,-1.4601759281308508,-1.2686137432001652,-1.0108869878164466,-0.6559928346817028,-0.271419145658027,0.10357643411911452,0.42860200973506074,0.7158192593778453,0.9494117000153622,1.1490396611536557,1.2627797084562504,1.33600183309094,1.3385223881558175,1.2526974881967405,1.0247762964551979,0.6713944763593803,0.43036639828047496,0.14384230128053166,-0.3308412313125127,0.0,0.0,0.0,0.0,0.0,0.0,0.0,0.0,0.0,0.0,0.0,0.0,0.0,0.0,0.0,0.0,0.0,0.0,0.0,0.0,0.0,0.0,0.0,0.0,0.0,0.0,0.0,0.0,0.0,0.0,0.0,0.0,0.0,0.0,0.0,0.0,0.0,0.0,0.0,0.0,0.0,0.0,0.0,0.0,0.0,0.0,0.0,0.0,0.0,0.0,0.0,0.0,0.0,0.0,0.0,0.0,0.0,0.0,0.0,0.0,0.0,0.0,0.0,0.0,0.0,0.0,0.0,0.0,0.0,0.0,0.0,0.0
30,-0.33475122419217035,-0.7403796828787601,-1.0409216232755722,-1.254739676523556,-1.3826591294155628,-1.42894396371466,-1.4034976209350671,-1.3581756212276304,-1.057358585233201,-0.6010437626856386,-0.17134443920754208,0.20079113046915126,0.5143313378533769,0.7607482194190011,0.9638375443599132,1.1394173095391034,1.269743848910261,1.3690533596500771,1.3612131351179864,1.2004197583107217,0.91122551131562,0.7064168388896003,0.4266446161128883,-0.0500272806583484,0.0,0.0,0.0,0.0,0.0,0.0,0.0,0.0,0.0,0.0,0.0,0.0,0.0,0.0,0.0,0.0,0.0,0.0,0.0,0.0,0.0,0.0,0.0,0.0,0.0,0.0,0.0,0.0,0.0,0.0,0.0,0.0,0.0,0.0,0.0,0.0,0.0,0.0,0.0,0.0,0.0,0.0,0.0,0.0,0.0,0.0,0.0,0.0,0.0,0.0,0.0,0.0,0.0,0.0,0.0,0.0,0.0,0.0,0.0,0.0,0.0,0.0,0.0,0.0,0.0,0.0,0.0,0.0,0.0,0.0,0.0,0.0
31,-0.5390786765588158,-0.8320280466479848,-1.0402358867132455,-1.1957426709487746,-1.290869733987347,-1.3451728135267875,-1.3460566886769716,-1.3366102730093783,-1.0880203870200778,-0.6945854607943449,-0.27198265461253407,0.10615018307563517,0.45467320323263444,0.7612673959527717,0.9766567216132789,1.1450901799202515,1.2745226472253475,1.351198816503825,1.3504254257474138,1.2140324416346175,0.9834515118303198,0.8112615841350643,0.5027891567207857,0.04886402490432304,0.0,0.0,0.0,0.0,0.0,0.0,0.0,0.0,0.0,0.0,0.0,0.0,0.0,0.0,0.0,0.0,0.0,0.0,0.0,0.0,0.0,0.0,0.0,0.0,0.0,0.0,0.0,0.0,0.0,0.0,0.0,0.0,0.0,0.0,0.0,0.0,0.0,0.0,0.0,0.0,0.0,0.0,0.0,0.0,0.0,0.0,0.0,0.0,0.0,0.0,0.0,0.0,0.0,0.0,0.0,0.0,0.0,0.0,0.0,0.0,0.0,0.0,0.0,0.0,0.0,0.0,0.0,0.0,0.0,0.0,0.0,0.0
32,-0.7060865738082434,-1.0443581318163386,-1.298899106159064,-1.4476914544651551,-1.5049383646304415,-1.4509786551572028,-1.2309222767536967,-1.0039813836932603,-0.6730905215786308,-0.3263838825494314,0.0306185171378801,0.3754644765300712,0.6683974740497328,0.925109241302301,1.1269929819176936,1.2307568830081854,1.2726221748408706,1.2752271263326822,1.210289407001095,1.0491545504361828,0.7820849998709354,0.6193995769418496,0.31710115858257987,-0.1958882173405879,0.0,0.0,0.0,0.0,0.0,0.0,0.0,0.0,0.0,0.0,0.0,0.0,0.0,0.0,0.0,0.0,0.0,0.0,0.0,0.0,0.0,0.0,0.0,0.0,0.0,0.0,0.0,0.0,0.0,0.0,0.0,0.0,0.0,0.0,0.0,0.0,0.0,0.0,0.0,0.0,0.0,0.0,0.0,0.0,0.0,0.0,0.0,0.0,0.0,0.0,0.0,0.0,0.0,0.0,0.0,0.0,0.0,0.0,0.0,0.0,0.0,0.0,0.0,0.0,0.0,0.0,0.0,0.0,0.0,0.0,0.0,0.0
33,-0.6158680958337641,-1.0001109067152294,-1.2794850085798801,-1.46205722519824,-1.5487928175343038,-1.480259289090705,-1.2480450800383498,-1.0030066896072125,-0.667440610195748,-0.3184298245000764,0.029822541866742453,0.406343265036253,0.7046778501222212,0.9493025572830751,1.1504215738524695,1.2693555140589161,1.312171732533237,1.277008654559157,1.16179786378526,0.9668840962701151,0.7183983452532837,0.5963617805197122,0.2999577173617328,-0.21900794520865832,0.0,0.0,0.0,0.0,0.0,0.0,0.0,0.0,0.0,0.0,0.0,0.0,0.0,0.0,0.0,0.0,0.0,0.0,0.0,0.0,0.0,0.0,0.0,0.0,0.0,0.0,0.0,0.0,0.0,0.0,0.0,0.0,0.0,0.0,0.0,0.0,0.0,0.0,0.0,0.0,0.0,0.0,0.0,0.0,0.0,0.0,0.0,0.0,0.0,0.0,0.0,0.0,0.0,0.0,0.0,0.0,0.0,0.0,0.0,0.0,0.0,0.0,0.0,0.0,0.0,0.0,0.0,0.0,0.0,0.0,0.0,0.0
34,-0.693704084395495,-1.0569798618716355,-1.3275364021713507,-1.4949879465849434,-1.570698622396213,-1.4851290017228398,-1.2131425381225143,-0.9276846918480164,-0.5968455955594079,-0.2560722952876109,0.09455994984628974,0.4340538450596458,0.7286933041064844,1.0036901325502003,1.2005679933079347,1.26657024249927,1.2569370750004205,1.2088464966272583,1.125233613102089,0.9401714343546622,0.6922678895014601,0.6140736626943937,0.2995657956811782,-0.2424503943712692,0.0,0.0,0.0,0.0,0.0,0.0,0.0,0.0,0.0,0.0,0.0,0.0,0.0,0.0,0.0,0.0,0.0,0.0,0.0,0.0,0.0,0.0,0.0,0.0,0.0,0.0,0.0,0.0,0.0,0.0,0.0,0.0,0.0,0.0,0.0,0.0,0.0,0.0,0.0,0.0,0.0,0.0,0.0,0.0,0.0,0.0,0.0,0.0,0.0,0.0,0.0,0.0,0.0,0.0,0.0,0.0,0.0,0.0,0.0,0.0,0.0,0.0,0.0,0.0,0.0,0.0,0.0,0.0,0.0,0.0,0.0,0.0
35,-0.6947131947590302,-1.0724221139442418,-1.340128794574774,-1.5282254432418763,-1.5818305950248672,-1.4912921318199643,-1.1947886360202955,-0.8742744993178287,-0.5847109562043508,-0.26579221092399685,0.06206072632018894,0.35984053525754794,0.6179748673554032,0.835745796473804,1.0512034080301411,1.1978996492934155,1.2980104610309955,1.3078221182769894,1.2112211676680575,1.0197741970145184,0.7766365442845238,0.6928784946236004,0.3694128837902249,-0.17230227358818523,0.0,0.0,0.0,0.0,0.0,0.0,0.0,0.0,0.0,0.0,0.0,0.0,0.0,0.0,0.0,0.0,0.0,0.0,0.0,0.0,0.0,0.0,0.0,0.0,0.0,0.0,0.0,0.0,0.0,0.0,0.0,0.0,0.0,0.0,0.0,0.0,0.0,0.0,0.0,0.0,0.0,0.0,0.0,0.0,0.0,0.0,0.0,0.0,0.0,0.0,0.0,0.0,0.0,0.0,0.0,0.0,0.0,0.0,0.0,0.0,0.0,0.0,0.0,0.0,0.0,0.0,0.0,0.0,0.0,0.0,0.0,0.0
36,-0.6988138122267498,-1.0620807980740348,-1.3015067660188364,-1.467757158143196,-1.544460968091914,-1.4667692525872789,-1.2115367957478014,-0.9421914023952203,-0.6392572201414528,-0.3067564358927334,0.018335056686606673,0.3257148139420018,0.5992940882485139,0.8497987113561017,1.0809686114407377,1.2312713853052903,1.3084691480319668,1.3333784809775946,1.2446081103101734,1.0432870709507513,0.7630747164830805,0.6471369430279349,0.3432148552182502,-0.1474213826597944,0.0,0.0,0.0,0.0,0.0,0.0,0.0,0.0,0.0,0.0,0.0,0.0,0.0,0.0,0.0,0.0,0.0,0.0,0.0,0.0,0.0,0.0,0.0,0.0,0.0,0.0,0.0,0.0,0.0,0.0,0.0,0.0,0.0,0.0,0.0,0.0,0.0,0.0,0.0,0.0,0.0,0.0,0.0,0.0,0.0,0.0,0.0,0.0,0.0,0.0,0.0,0.0,0.0,0.0,0.0,0.0,0.0,0.0,0.0,0.0,0.0,0.0,0.0,0.0,0.0,0.0,0.0,0.0,0.0,0.0,0.0,0.0
37,-0.32549385919455065,-0.7601094518738082,-1.0703149993546663,-1.2863524691458266,-1.4287109991258133,-1.4504294852770492,-1.38543793992637,-1.3274127014543893,-1.0723639131425187,-0.6163576605180817,-0.15043466516043894,0.2557420041434269,0.5802899481392519,0.8397643902328837,1.0207244559760105,1.137430585332085,1.2490554084942853,1.3159319545297887,1.2814282463423536,1.089404046144824,0.8475502626267231,0.7887054586396012,0.48251578218293395,-0.015124398610664424,0.0,0.0,0.0,0.0,0.0,0.0,0.0,0.0,0.0,0.0,0.0,0.0,0.0,0.0,0.0,0.0,0.0,0.0,0.0,0.0,0.0,0.0,0.0,0.0,0.0,0.0,0.0,0.0,0.0,0.0,0.0,0.0,0.0,0.0,0.0,0.0,0.0,0.0,0.0,0.0,0.0,0.0,0.0,0.0,0.0,0.0,0.0,0.0,0.0,0.0,0.0,0.0,0.0,0.0,0.0,0.0,0.0,0.0,0.0,0.0,0.0,0.0,0.0,0.0,0.0,0.0,0.0,0.0,0.0,0.0,0.0,0.0
38,-0.4249374909884585,-0.7805667512997764,-1.0177000592687944,-1.1962924074887524,-1.3137278351979171,-1.3824498314250744,-1.3738242310755753,-1.3394632329619967,-1.1212779651049933,-0.7228035096150156,-0.331682024914775,0.01397830384507258,0.33842813994221727,0.6461216868358267,0.8799320176210212,1.0448082472524314,1.1945543254511135,1.310151510462844,1.3329881408963542,1.2329453171706057,1.0701901368054658,0.9991349863854113,0.7048747515115137,0.23661777516124358,0.0,0.0,0.0,0.0,0.0,0.0,0.0,0.0,0.0,0.0,0.0,0.0,0.0,0.0,0.0,0.0,0.0,0.0,0.0,0.0,0.0,0.0,0.0,0.0,0.0,0.0,0.0,0.0,0.0,0.0,0.0,0.0,0.0,0.0,0.0,0.0,0.0,0.0,0.0,0.0,0.0,0.0,0.0,0.0,0.0,0.0,0.0,0.0,0.0,0.0,0.0,0.0,0.0,0.0,0.0,0.0,0.0,0.0,0.0,0.0,0.0,0.0,0.0,0.0,0.0,0.0,0.0,0.0,0.0,0.0,0.0,0.0
39,-0.8416855936939857,-1.1450936081040322,-1.3562518608469964,-1.4909972208786004,-1.5272240586148151,-1.4382736446468414,-1.155519546833216,-0.8625374711523534,-0.5752302735139578,-0.24753906003847034,0.07837050567949835,0.41424410144877566,0.6908614125420587,0.9220796992956044,1.0902804449961718,1.1626681335146192,1.2495729519091454,1.2821705071763405,1.2078032100384277,1.052205972548456,0.7979582388551308,0.6547665487138082,0.3034520057127017,-0.26608139410746184,0.0,0.0,0.0,0.0,0.0,0.0,0.0,0.0,0.0,0.0,0.0,0.0,0.0,0.0,0.0,0.0,0.0,0.0,0.0,0.0,0.0,0.0,0.0,0.0,0.0,0.0,0.0,0.0,0.0,0.0,0.0,0.0,0.0,0.0,0.0,0.0,0.0,0.0,0.0,0.0,0.0,0.0,0.0,0.0,0.0,0.0,0.0,0.0,0.0,0.0,0.0,0.0,0.0,0.0,0.0,0.0,0.0,0.0,0.0,0.0,0.0,0.0,0.0,0.0,0.0,0.0,0.0,0.0,0.0,0.0,0.0,0.0
40,-0.6318886334259682,-1.0233212868417907,-1.2976160987315026,-1.4808353487294854,-1.556743518374977,-1.4834700600586441,-1.2102433743834558,-0.9165798738037121,-0.6118790690072223,-0.2444436512110348,0.11031666883947035,0.44713246848597565,0.7422913457660527,0.9705143136026382,1.1461854716846527,1.2455212096353663,1.31032086664981,1.2868220899302865,1.1794398011634937,0.9870346657206063,0.7020585916856562,0.5589296789394668,0.18010091485502536,-0.409647172390716,0.0,0.0,0.0,0.0,0.0,0.0,0.0,0.0,0.0,0.0,0.0,0.0,0.0,0.0,0.0,0.0,0.0,0.0,0.0,0.0,0.0,0.0,0.0,0.0,0.0,0.0,0.0,0.0,0.0,0.0,0.0,0.0,0.0,0.0,0.0,0.0,0.0,0.0,0.0,0.0,0.0,0.0,0.0,0.0,0.0,0.0,0.0,0.0,0.0,0.0,0.0,0.0,0.0,0.0,0.0,0.0,0.0,0.0,0.0,0.0,0.0,0.0,0.0,0.0,0.0,0.0,0.0,0.0,0.0,0.0,0.0,0.0
41,-0.711075550710193,-1.0566355812422736,-1.2990512788551296,-1.4602640151401902,-1.5227737233296688,-1.4610594727205442,-1.1908027597953008,-0.9292960802539508,-0.6514825203153454,-0.33442638641261346,-0.03937791223300654,0.30134308468525445,0.5997059654496694,0.8431159850379678,1.0564311928362098,1.2020662181726727,1.3011669750584316,1.333780735852942,1.2659679771277708,1.0879180553918857,0.8159378510425424,0.6960889089358856,0.34330347204892353,-0.19058114063194687,0.0,0.0,0.0,0.0,0.0,0.0,0.0,0.0,0.0,0.0,0.0,0.0,0.0,0.0,0.0,0.0,0.0,0.0,0.0,0.0,0.0,0.0,0.0,0.0,0.0,0.0,0.0,0.0,0.0,0.0,0.0,0.0,0.0,0.0,0.0,0.0,0.0,0.0,0.0,0.0,0.0,0.0,0.0,0.0,0.0,0.0,0.0,0.0,0.0,0.0,0.0,0.0,0.0,0.0,0.0,0.0,0.0,0.0,0.0,0.0,0.0,0.0,0.0,0.0,0.0,0.0,0.0,0.0,0.0,0.0,0.0,0.0
42,-0.741816508891133,-1.0742552096746079,-1.2979395816303476,-1.448379981984898,-1.510754696417614,-1.4469595676958362,-1.1907291813776795,-0.9293729521902995,-0.6851234516146645,-0.39029485091982713,-0.07613626446514814,0.2545732363142515,0.5415586798477474,0.807731966189337,1.0512403810489397,1.2056332385556623,1.3108674102322444,1.3247627674078495,1.2516423100926657,1.0716819953828298,0.8383635091186707,0.7552383946370513,0.43978290817931587,-0.06131455014450277,0.0,0.0,0.0,0.0,0.0,0.0,0.0,0.0,0.0,0.0,0.0,0.0,0.0,0.0,0.0,0.0,0.0,0.0,0.0,0.0,0.0,0.0,0.0,0.0,0.0,0.0,0.0,0.0,0.0,0.0,0.0,0.0,0.0,0.0,0.0,0.0,0.0,0.0,0.0,0.0,0.0,0.0,0.0,0.0,0.0,0.0,0.0,0.0,0.0,0.0,0.0,0.0,0.0,0.0,0.0,0.0,0.0,0.0,0.0,0.0,0.0,0.0,0.0,0.0,0.0,0.0,0.0,0.0,0.0,0.0,0.0,0.0
43,-0.6909676203668028,-1.03147231425114,-1.261838752991168,-1.425222654662196,-1.505273472556818,-1.4427280726983776,-1.18950733818889,-0.9174439662099018,-0.6603939215049995,-0.3510099707960963,-0.010748407717817203,0.3081784271288656,0.6332443148285148,0.9095016932120051,1.1365250833687348,1.3003344639503642,1.4012337484644664,1.3856125941752349,1.256874832367483,1.0062069713216053,0.7078854722883446,0.5245648445205544,0.1934814693709677,-0.2770374230529263,0.0,0.0,0.0,0.0,0.0,0.0,0.0,0.0,0.0,0.0,0.0,0.0,0.0,0.0,0.0,0.0,0.0,0.0,0.0,0.0,0.0,0.0,0.0,0.0,0.0,0.0,0.0,0.0,0.0,0.0,0.0,0.0,0.0,0.0,0.0,0.0,0.0,0.0,0.0,0.0,0.0,0.0,0.0,0.0,0.0,0.0,0.0,0.0,0.0,0.0,0.0,0.0,0.0,0.0,0.0,0.0,0.0,0.0,0.0,0.0,0.0,0.0,0.0,0.0,0.0,0.0,0.0,0.0,0.0,0.0,0.0,0.0
44,-0.42584890859051705,-0.7915876837361091,-1.0556423564902861,-1.2572659810850282,-1.3798850457334992,-1.4120974727778384,-1.3566447453707555,-1.3115348862216227,-1.057013098066641,-0.6204319059976182,-0.16989407242389148,0.2559081063401589,0.599777322699362,0.8611528187361183,1.0634618141190377,1.2128103395064285,1.3227188913559726,1.3677041376345276,1.3035908157222935,1.0860167436936041,0.8061362363760572,0.6681897886465273,0.3699288829187677,-0.07954974125504849,0.0,0.0,0.0,0.0,0.0,0.0,0.0,0.0,0.0,0.0,0.0,0.0,0.0,0.0,0.0,0.0,0.0,0.0,0.0,0.0,0.0,0.0,0.0,0.0,0.0,0.0,0.0,0.0,0.0,0.0,0.0,0.0,0.0,0.0,0.0,0.0,0.0,0.0,0.0,0.0,0.0,0.0,0.0,0.0,0.0,0.0,0.0,0.0,0.0,0.0,0.0,0.0,0.0,0.0,0.0,0.0,0.0,0.0,0.0,0.0,0.0,0.0,0.0,0.0,0.0,0.0,0.0,0.0,0.0,0.0,0.0,0.0
45,-0.4171042625875821,-0.785206764315716,-1.0347494260099184,-1.2329437636485865,-1.350675404907429,-1.399029471853025,-1.3822743735569885,-1.3715714970789117,-1.117059642734174,-0.6683670294300467,-0.2145141006811325,0.20627458466229512,0.5604888300081631,0.8383176652515677,1.032562131809041,1.1602958659670384,1.2473841525475782,1.300579996947542,1.2644577888340336,1.11022169387318,0.916805426090796,0.8206069529842743,0.48894519736006775,0.026555450467925817,0.0,0.0,0.0,0.0,0.0,0.0,0.0,0.0,0.0,0.0,0.0,0.0,0.0,0.0,0.0,0.0,0.0,0.0,0.0,0.0,0.0,0.0,0.0,0.0,0.0,0.0,0.0,0.0,0.0,0.0,0.0,0.0,0.0,0.0,0.0,0.0,0.0,0.0,0.0,0.0,0.0,0.0,0.0,0.0,0.0,0.0,0.0,0.0,0.0,0.0,0.0,0.0,0.0,0.0,0.0,0.0,0.0,0.0,0.0,0.0,0.0,0.0,0.0,0.0,0.0,0.0,0.0,0.0,0.0,0.0,0.0,0.0
46,-0.7997749313936195,-1.1355980472278564,-1.3702607844440358,-1.5203675822484177,-1.5733817556178018,-1.4818906287463616,-1.1376652665667883,-0.7855711340003129,-0.4965605335186643,-0.1630046905077722,0.176286019056286,0.5259128253150039,0.8394633198846191,1.0803943996123986,1.2443715723360658,1.272179006669441,1.2529071876710107,1.1738193768331622,1.0467854142310533,0.8495993630948661,0.6590817614391047,0.5605887626132174,0.15741430702668135,-0.3747279615112873,0.0,0.0,0.0,0.0,0.0,0.0,0.0,0.0,0.0,0.0,0.0,0.0,0.0,0.0,0.0,0.0,0.0,0.0,0.0,0.0,0.0,0.0,0.0,0.0,0.0,0.0,0.0,0.0,0.0,0.0,0.0,0.0,0.0,0.0,0.0,0.0,0.0,0.0,0.0,0.0,0.0,0.0,0.0,0.0,0.0,0.0,0.0,0.0,0.0,0.0,0.0,0.0,0.0,0.0,0.0,0.0,0.0,0.0,0.0,0.0,0.0,0.0,0.0,0.0,0.0,0.0,0.0,0.0,0.0,0.0,0.0,0.0
47,-0.7582750493239822,-1.1410062725084207,-1.387410006218745,-1.5476022640909535,-1.6073387624874336,-1.4948014640101697,-1.1396638792860279,-0.7544716018605359,-0.4804742296899149,-0.19245630608541342,0.15731170574915723,0.5134933740907157,0.8169488197527345,1.0373996178301312,1.2183989706494283,1.2688878712916467,1.2374162079666597,1.1675371830009897,1.0388165884537681,0.8424542909781979,0.6923299822739355,0.6281934172040569,0.22390932506008934,-0.339597518739914,0.0,0.0,0.0,0.0,0.0,0.0,0.0,0.0,0.0,0.0,0.0,0.0,0.0,0.0,0.0,0.0,0.0,0.0,0.0,0.0,0.0,0.0,0.0,0.0,0.0,0.0,0.0,0.0,0.0,0.0,0.0,0.0,0.0,0.0,0.0,0.0,0.0,0.0,0.0,0.0,0.0,0.0,0.0,0.0,0.0,0.0,0.0,0.0,0.0,0.0,0.0,0.0,0.0,0.0,0.0,0.0,0.0,0.0,0.0,0.0,0.0,0.0,0.0,0.0,0.0,0.0,0.0,0.0,0.0,0.0,0.0,0.0
48,-0.6070317815567182,-1.0830447874794302,-1.4692561502316712,-1.684544337737013,-1.7569857587193978,-1.5887416301064627,-1.1010479808596678,-0.5371622453429389,-0.1641317920298005,0.18200103307833995,0.5220256318610426,0.817578056519944,0.9973956665916033,1.1198816786964343,1.1831071792579833,1.1293119228479875,1.0441182398879343,1.0097192811078373,0.8844470605036837,0.6762315561120067,0.5406717964334316,0.5423863862791685,0.04140466572791262,-0.6983336908422092,0.0,0.0,0.0,0.0,0.0,0.0,0.0,0.0,0.0,0.0,0.0,0.0,0.0,0.0,0.0,0.0,0.0,0.0,0.0,0.0,0.0,0.0,0.0,0.0,0.0,0.0,0.0,0.0,0.0,0.0,0.0,0.0,0.0,0.0,0.0,0.0,0.0,0.0,0.0,0.0,0.0,0.0,0.0,0.0,0.0,0.0,0.0,0.0,0.0,0.0,0.0,0.0,0.0,0.0,0.0,0.0,0.0,0.0,0.0,0.0,0.0,0.0,0.0,0.0,0.0,0.0,0.0,0.0,0.0,0.0,0.0,0.0
49,-0.7160203507447364,-1.146206699730627,-1.4708559463567181,-1.6504047258412442,-1.7138731316125186,-1.5700253303743341,-1.1005887830825236,-0.6137193019686691,-0.31746381581920097,-0.021521496145577912,0.2530211143452964,0.5108615127910985,0.6812240756508349,0.8548226920943041,1.0301959185675622,1.1282170255070796,1.1840650470327898,1.2257161883201886,1.116525477075529,0.926850981538678,0.7413520390130948,0.7345667653697843,0.31252274475586606,-0.3792620003859681,0.0,0.0,0.0,0.0,0.0,0.0,0.0,0.0,0.0,0.0,0.0,0.0,0.0,0.0,0.0,0.0,0.0,0.0,0.0,0.0,0.0,0.0,0.0,0.0,0.0,0.0,0.0,0.0,0.0,0.0,0.0,0.0,0.0,0.0,0.0,0.0,0.0,0.0,0.0,0.0,0.0,0.0,0.0,0.0,0.0,0.0,0.0,0.0,0.0,0.0,0.0,0.0,0.0,0.0,0.0,0.0,0.0,0.0,0.0,0.0,0.0,0.0,0.0,0.0,0.0,0.0,0.0,0.0,0.0,0.0,0.0,0.0
50,-0.8518313050107569,-1.2048184315696628,-1.4216022725668673,-1.5527799209502444,-1.5927294775033638,-1.4734770698821118,-1.122619450602157,-0.7520851840646954,-0.4488433475420832,-0.10812218290993472,0.20474502651353566,0.48669179024663856,0.7051792370670038,0.9268183546602164,1.102460115028089,1.205954168785104,1.2651544711399398,1.2690727645332096,1.16489726844693,0.9150634744804073,0.6585004375123994,0.6082440657291576,0.26275280479215896,-0.2466253363329031,0.0,0.0,0.0,0.0,0.0,0.0,0.0,0.0,0.0,0.0,0.0,0.0,0.0,0.0,0.0,0.0,0.0,0.0,0.0,0.0,0.0,0.0,0.0,0.0,0.0,0.0,0.0,0.0,0.0,0.0,0.0,0.0,0.0,0.0,0.0,0.0,0.0,0.0,0.0,0.0,0.0,0.0,0.0,0.0,0.0,0.0,0.0,0.0,0.0,0.0,0.0,0.0,0.0,0.0,0.0,0.0,0.0,0.0,0.0,0.0,0.0,0.0,0.0,0.0,0.0,0.0,0.0,0.0,0.0,0.0,0.0,0.0
51,-0.44260988687145764,-0.8647815976267303,-1.1606928673180088,-1.3591154336213802,-1.4553005631339953,-1.4406819132467925,-1.346545256966779,-1.2436560332383768,-0.9583595793887615,-0.4832069018448363,-0.020531288535848617,0.3488456802700991,0.6613309606615184,0.9095686714849761,1.0973764219466844,1.2078077516678474,1.2865808587033483,1.2974750118040026,1.2197261413848026,0.9807065601080525,0.7847980291356013,0.739545393179037,0.37231001002535463,-0.13059016857835687,0.0,0.0,0.0,0.0,0.0,0.0,0.0,0.0,0.0,0.0,0.0,0.0,0.0,0.0,0.0,0.0,0.0,0.0,0.0,0.0,0.0,0.0,0.0,0.0,0.0,0.0,0.0,0.0,0.0,0.0,0.0,0.0,0.0,0.0,0.0,0.0,0.0,0.0,0.0,0.0,0.0,0.0,0.0,0.0,0.0,0.0,0.0,0.0,0.0,0.0,0.0,0.0,0.0,0.0,0.0,0.0,0.0,0.0,0.0,0.0,0.0,0.0,0.0,0.0,0.0,0.0,0.0,0.0,0.0,0.0,0.0,0.0
52,-0.4728791951920122,-0.8321075518110723,-1.10652901947387,-1.2633911951334449,-1.3643559362595412,-1.3962349418919158,-1.3551852634063923,-1.2998118673216648,-1.0535137964085237,-0.6091291918673669,-0.1713824076770607,0.1731728723769612,0.47012799333606753,0.7191335962344241,0.9402778216074997,1.0997601895108315,1.2226472057430264,1.3125197997038853,1.3281536134249676,1.1664004122437133,1.0031624354576634,0.9534661225677423,0.544803472283137,-0.009105168047054952,0.0,0.0,0.0,0.0,0.0,0.0,0.0,0.0,0.0,0.0,0.0,0.0,0.0,0.0,0.0,0.0,0.0,0.0,0.0,0.0,0.0,0.0,0.0,0.0,0.0,0.0,0.0,0.0,0.0,0.0,0.0,0.0,0.0,0.0,0.0,0.0,0.0,0.0,0.0,0.0,0.0,0.0,0.0,0.0,0.0,0.0,0.0,0.0,0.0,0.0,0.0,0.0,0.0,0.0,0.0,0.0,0.0,0.0,0.0,0.0,0.0,0.0,0.0,0.0,0.0,0.0,0.0,0.0,0.0,0.0,0.0,0.0
53,-0.8803830274228259,-1.2224583630279098,-1.4485525555822287,-1.5764424767140992,-1.6145850847709728,-1.4812585475585978,-1.102507627283443,-0.6949340122322796,-0.4000623114849102,-0.08715485262920021,0.2210926495860773,0.495684909398231,0.6975300683236325,0.8846186978876643,1.0488390217162402,1.1490280894855396,1.2052927511440952,1.2126278680781093,1.1266775567101317,0.9487362494402822,0.8150645302545417,0.7486170003817076,0.27511362841775805,-0.32058416211753327,0.0,0.0,0.0,0.0,0.0,0.0,0.0,0.0,0.0,0.0,0.0,0.0,0.0,0.0,0.0,0.0,0.0,0.0,0.0,0.0,0.0,0.0,0.0,0.0,0.0,0.0,0.0,0.0,0.0,0.0,0.0,0.0,0.0,0.0,0.0,0.0,0.0,0.0,0.0,0.0,0.0,0.0,0.0,0.0,0.0,0.0,0.0,0.0,0.0,0.0,0.0,0.0,0.0,0.0,0.0,0.0,0.0,0.0,0.0,0.0,0.0,0.0,0.0,0.0,0.0,0.0,0.0,0.0,0.0,0.0,0.0,0.0
54,-0.7546471404871434,-1.178903268609589,-1.4607115424214119,-1.6402086144451116,-1.6903528142809137,-1.5374715595798267,-1.071375366626234,-0.5852640790460365,-0.33273320428908776,-0.036658852392344635,0.2338643148746903,0.488737381556029,0.6766450518536743,0.8597618750332494,1.0220118974318961,1.1007947167068295,1.169676451937751,1.198953850992625,1.134224183264031,0.9700578220181562,0.8407049498302587,0.7913059928794897,0.26175769142878835,-0.4601697376297571,0.0,0.0,0.0,0.0,0.0,0.0,0.0,0.0,0.0,0.0,0.0,0.0,0.0,0.0,0.0,0.0,0.0,0.0,0.0,0.0,0.0,0.0,0.0,0.0,0.0,0.0,0.0,0.0,0.0,0.0,0.0,0.0,0.0,0.0,0.0,0.0,0.0,0.0,0.0,0.0,0.0,0.0,0.0,0.0,0.0,0.0,0.0,0.0,0.0,0.0,0.0,0.0,0.0,0.0,0.0,0.0,0.0,0.0,0.0,0.0,0.0,0.0,0.0,0.0,0.0,0.0,0.0,0.0,0.0,0.0,0.0,0.0
55,-0.8873590086868565,-1.2323011586699926,-1.4451671377163404,-1.5972799163526554,-1.62604807327904,-1.4962696784545828,-1.0851515764363127,-0.622563289501827,-0.37284098161368934,-0.11420330240970715,0.12577643476214695,0.3845979360551156,0.5900191204975108,0.7623523289223391,0.9629941390510857,1.0800888097354757,1.1872570876145954,1.2469073554907093,1.1979187687758115,1.043324391938179,0.8933255673252085,0.8674066527781144,0.39985516944099375,-0.2626396392662925,0.0,0.0,0.0,0.0,0.0,0.0,0.0,0.0,0.0,0.0,0.0,0.0,0.0,0.0,0.0,0.0,0.0,0.0,0.0,0.0,0.0,0.0,0.0,0.0,0.0,0.0,0.0,0.0,0.0,0.0,0.0,0.0,0.0,0.0,0.0,0.0,0.0,0.0,0.0,0.0,0.0,0.0,0.0,0.0,0.0,0.0,0.0,0.0,0.0,0.0,0.0,0.0,0.0,0.0,0.0,0.0,0.0,0.0,0.0,0.0,0.0,0.0,0.0,0.0,0.0,0.0,0.0,0.0,0.0,0.0,0.0,0.0
56,-0.8551529961926139,-1.2221080797717803,-1.429779473885578,-1.5791697664897435,-1.6287266907672242,-1.4977740923134824,-1.101138818150707,-0.6653796564004469,-0.4155264156693381,-0.15559989813409528,0.10684493860218106,0.3755855733410411,0.5676973523913106,0.7965945797709622,1.0062446532570006,1.1420540101698782,1.2073504294538182,1.2519606553006972,1.1649887028935761,0.9789928419029595,0.8709749361729157,0.8658483577993832,0.41632838041490444,-0.20110952369562912,0.0,0.0,0.0,0.0,0.0,0.0,0.0,0.0,0.0,0.0,0.0,0.0,0.0,0.0,0.0,0.0,0.0,0.0,0.0,0.0,0.0,0.0,0.0,0.0,0.0,0.0,0.0,0.0,0.0,0.0,0.0,0.0,0.0,0.0,0.0,0.0,0.0,0.0,0.0,0.0,0.0,0.0,0.0,0.0,0.0,0.0,0.0,0.0,0.0,0.0,0.0,0.0,0.0,0.0,0.0,0.0,0.0,0.0,0.0,0.0,0.0,0.0,0.0,0.0,0.0,0.0,0.0,0.0,0.0,0.0,0.0,0.0
57,-0.8097636487769161,-1.1896829653421837,-1.4150913081369823,-1.5650732116503685,-1.5947734608362365,-1.4940016476161506,-1.1104242358432397,-0.7107337856557081,-0.43019272223142413,-0.15844850680647352,0.12383450671668832,0.4206628035654805,0.6864843886542463,0.899611983251956,1.1098653601865172,1.2496568556214678,1.3124541566860155,1.266727966590471,1.1465334097678967,0.8938635479256589,0.729684751106418,0.6283032553517248,0.2492549138358963,-0.23875240636474418,0.0,0.0,0.0,0.0,0.0,0.0,0.0,0.0,0.0,0.0,0.0,0.0,0.0,0.0,0.0,0.0,0.0,0.0,0.0,0.0,0.0,0.0,0.0,0.0,0.0,0.0,0.0,0.0,0.0,0.0,0.0,0.0,0.0,0.0,0.0,0.0,0.0,0.0,0.0,0.0,0.0,0.0,0.0,0.0,0.0,0.0,0.0,0.0,0.0,0.0,0.0,0.0,0.0,0.0,0.0,0.0,0.0,0.0,0.0,0.0,0.0,0.0,0.0,0.0,0.0,0.0,0.0,0.0,0.0,0.0,0.0,0.0
58,-0.48976542001496787,-0.8955767480924798,-1.1725271947648979,-1.3578304815367368,-1.4648797215458682,-1.4662190328596554,-1.3350621892023549,-1.194912826723912,-0.9709608420399289,-0.5306144150854765,-0.06711703542127435,0.3050201796238745,0.5989033479063159,0.8299345495346026,0.9967744731949468,1.1272616611953539,1.204272061738116,1.2552615567558703,1.2279013399170753,1.060870086069047,0.9552558224675447,0.8766191153294695,0.5098391455394693,-0.002447431984122516,0.0,0.0,0.0,0.0,0.0,0.0,0.0,0.0,0.0,0.0,0.0,0.0,0.0,0.0,0.0,0.0,0.0,0.0,0.0,0.0,0.0,0.0,0.0,0.0,0.0,0.0,0.0,0.0,0.0,0.0,0.0,0.0,0.0,0.0,0.0,0.0,0.0,0.0,0.0,0.0,0.0,0.0,0.0,0.0,0.0,0.0,0.0,0.0,0.0,0.0,0.0,0.0,0.0,0.0,0.0,0.0,0.0,0.0,0.0,0.0,0.0,0.0,0.0,0.0,0.0,0.0,0.0,0.0,0.0,0.0,0.0,0.0
59,-0.5487914921997611,-0.860382750663741,-1.0853484523813426,-1.2302796723223988,-1.3146599178153175,-1.3455872695968423,-1.301767485456743,-1.2465038568635265,-1.0588392937114643,-0.6934329945597257,-0.3267229662930753,0.02369044803717463,0.34600125700154255,0.6450622300833123,0.8940744910315138,1.0690639100108201,1.2093596486544114,1.327129845368133,1.3450199060005374,1.221527787060257,1.119981774887663,1.0421201749693043,0.640571607576393,0.12871307118286757,0.0,0.0,0.0,0.0,0.0,0.0,0.0,0.0,0.0,0.0,0.0,0.0,0.0,0.0,0.0,0.0,0.0,0.0,0.0,0.0,0.0,0.0,0.0,0.0,0.0,0.0,0.0,0.0,0.0,0.0,0.0,0.0,0.0,0.0,0.0,0.0,0.0,0.0,0.0,0.0,0.0,0.0,0.0,0.0,0.0,0.0,0.0,0.0,0.0,0.0,0.0,0.0,0.0,0.0,0.0,0.0,0.0,0.0,0.0,0.0,0.0,0.0,0.0,0.0,0.0,0.0,0.0,0.0,0.0,0.0,0.0,0.0
60,-0.9458247257333405,-1.2048527606218826,-1.3708195895566933,-1.4859943494004204,-1.5132331801034618,-1.407214813667311,-1.1074725011740114,-0.7850407609914976,-0.5612562026151359,-0.32186546427994916,-0.030530909255241594,0.276006714068838,0.562100817520656,0.8326463283935708,1.0513056099568867,1.190379132468187,1.2614419592917667,1.2776240130498102,1.2027028317714659,1.0403064203918106,0.9197760342153504,0.807653405507482,0.408054576229671,-0.0958925854665567,0.0,0.0,0.0,0.0,0.0,0.0,0.0,0.0,0.0,0.0,0.0,0.0,0.0,0.0,0.0,0.0,0.0,0.0,0.0,0.0,0.0,0.0,0.0,0.0,0.0,0.0,0.0,0.0,0.0,0.0,0.0,0.0,0.0,0.0,0.0,0.0,0.0,0.0,0.0,0.0,0.0,0.0,0.0,0.0,0.0,0.0,0.0,0.0,0.0,0.0,0.0,0.0,0.0,0.0,0.0,0.0,0.0,0.0,0.0,0.0,0.0,0.0,0.0,0.0,0.0,0.0,0.0,0.0,0.0,0.0,0.0,0.0
61,-0.7969434882575522,-1.100973716096909,-1.3261305983909966,-1.4557041638854664,-1.5125636906451436,-1.4475487854234466,-1.173060418026931,-0.8304204613848646,-0.6409077157254793,-0.3852964830907022,-0.06113444688006548,0.282931275227389,0.6004777596786249,0.8589975538627939,1.0870629977062731,1.2262747377467664,1.2911755817312325,1.302239521742644,1.1970180303970028,1.0139497446411718,0.901371303494128,0.7830327698669163,0.350341466430938,-0.1641887747183168,0.0,0.0,0.0,0.0,0.0,0.0,0.0,0.0,0.0,0.0,0.0,0.0,0.0,0.0,0.0,0.0,0.0,0.0,0.0,0.0,0.0,0.0,0.0,0.0,0.0,0.0,0.0,0.0,0.0,0.0,0.0,0.0,0.0,0.0,0.0,0.0,0.0,0.0,0.0,0.0,0.0,0.0,0.0,0.0,0.0,0.0,0.0,0.0,0.0,0.0,0.0,0.0,0.0,0.0,0.0,0.0,0.0,0.0,0.0,0.0,0.0,0.0,0.0,0.0,0.0,0.0,0.0,0.0,0.0,0.0,0.0,0.0
62,-0.7253287191890913,-1.0780168893980233,-1.3224536191124163,-1.4771785228537486,-1.5502171384517882,-1.4872571052446195,-1.1783672190058918,-0.8038421202834064,-0.5759541740009372,-0.33058424221331545,-0.006638695859830024,0.3566879779839101,0.6780827720039034,0.9431121608008783,1.1516517174317373,1.247647104031205,1.2918186688307007,1.282922142399253,1.1633478500828713,0.9771429297379546,0.826648542061926,0.6845529730449564,0.24308617893619272,-0.3108625717324138,0.0,0.0,0.0,0.0,0.0,0.0,0.0,0.0,0.0,0.0,0.0,0.0,0.0,0.0,0.0,0.0,0.0,0.0,0.0,0.0,0.0,0.0,0.0,0.0,0.0,0.0,0.0,0.0,0.0,0.0,0.0,0.0,0.0,0.0,0.0,0.0,0.0,0.0,0.0,0.0,0.0,0.0,0.0,0.0,0.0,0.0,0.0,0.0,0.0,0.0,0.0,0.0,0.0,0.0,0.0,0.0,0.0,0.0,0.0,0.0,0.0,0.0,0.0,0.0,0.0,0.0,0.0,0.0,0.0,0.0,0.0,0.0
63,-0.7627516517269434,-1.0930690610007363,-1.3287186766250478,-1.4842786189147217,-1.5490102724938033,-1.4684406610418046,-1.17159893545395,-0.8148849297252954,-0.599332722765481,-0.31994874619663727,0.011628500635228585,0.37332186433150494,0.7127580978351592,0.9640656945383772,1.134503718466246,1.2238921928247553,1.280164937085347,1.2796849989679857,1.1716989225617331,0.971684712151485,0.8136050947456651,0.672083342388804,0.24799802343558167,-0.26505582402345884,0.0,0.0,0.0,0.0,0.0,0.0,0.0,0.0,0.0,0.0,0.0,0.0,0.0,0.0,0.0,0.0,0.0,0.0,0.0,0.0,0.0,0.0,0.0,0.0,0.0,0.0,0.0,0.0,0.0,0.0,0.0,0.0,0.0,0.0,0.0,0.0,0.0,0.0,0.0,0.0,0.0,0.0,0.0,0.0,0.0,0.0,0.0,0.0,0.0,0.0,0.0,0.0,0.0,0.0,0.0,0.0,0.0,0.0,0.0,0.0,0.0,0.0,0.0,0.0,0.0,0.0,0.0,0.0,0.0,0.0,0.0,0.0
64,-0.6518579220168568,-1.0349276929861402,-1.2840167595148426,-1.4514764822382125,-1.5278060586705937,-1.4669233651910822,-1.1978632240496738,-0.8458811129144085,-0.6247774033672651,-0.3212687743016745,0.044092017884821116,0.416174466251645,0.7260815949504326,0.9949478421635622,1.2090067389832462,1.3340683227230072,1.3829295926492395,1.338980302239401,1.1607271508418502,0.8805504244791297,0.6809043096614957,0.49896717362664955,0.10445766088892282,-0.36508880209266054,0.0,0.0,0.0,0.0,0.0,0.0,0.0,0.0,0.0,0.0,0.0,0.0,0.0,0.0,0.0,0.0,0.0,0.0,0.0,0.0,0.0,0.0,0.0,0.0,0.0,0.0,0.0,0.0,0.0,0.0,0.0,0.0,0.0,0.0,0.0,0.0,0.0,0.0,0.0,0.0,0.0,0.0,0.0,0.0,0.0,0.0,0.0,0.0,0.0,0.0,0.0,0.0,0.0,0.0,0.0,0.0,0.0,0.0,0.0,0.0,0.0,0.0,0.0,0.0,0.0,0.0,0.0,0.0,0.0,0.0,0.0,0.0
65,-0.3704697725214851,-0.7650491359866887,-1.0487487714745216,-1.2352499713873486,-1.3648478854873567,-1.4060959610885149,-1.3600832562925036,-1.2768383776452819,-1.0902691116010998,-0.67159433763621,-0.21065049609983638,0.2303499689495087,0.612881627164869,0.9044769338898874,1.1146651475142704,1.248006698838806,1.344592539231617,1.3664417673965867,1.2722382416012026,1.0197128942739808,0.8426048204881503,0.6695126484522675,0.3038613908129587,-0.1294476013932661,0.0,0.0,0.0,0.0,0.0,0.0,0.0,0.0,0.0,0.0,0.0,0.0,0.0,0.0,0.0,0.0,0.0,0.0,0.0,0.0,0.0,0.0,0.0,0.0,0.0,0.0,0.0,0.0,0.0,0.0,0.0,0.0,0.0,0.0,0.0,0.0,0.0,0.0,0.0,0.0,0.0,0.0,0.0,0.0,0.0,0.0,0.0,0.0,0.0,0.0,0.0,0.0,0.0,0.0,0.0,0.0,0.0,0.0,0.0,0.0,0.0,0.0,0.0,0.0,0.0,0.0,0.0,0.0,0.0,0.0,0.0,0.0
66,-0.4791979659894983,-0.7833448786120139,-1.0221724745095322,-1.1824569748723786,-1.2977806272823313,-1.3630384380593767,-1.3420034038598012,-1.3069450135271756,-1.129930895321392,-0.7008654024084157,-0.2455368697199459,0.17350315367685865,0.5593299651795968,0.8926306971313485,1.1318888346645306,1.2791340740615582,1.353248741343688,1.3742222695953115,1.287498882983027,1.0457190015838138,0.8631078421144005,0.6675189276271205,0.3251768213264286,-0.09970626712581357,0.0,0.0,0.0,0.0,0.0,0.0,0.0,0.0,0.0,0.0,0.0,0.0,0.0,0.0,0.0,0.0,0.0,0.0,0.0,0.0,0.0,0.0,0.0,0.0,0.0,0.0,0.0,0.0,0.0,0.0,0.0,0.0,0.0,0.0,0.0,0.0,0.0,0.0,0.0,0.0,0.0,0.0,0.0,0.0,0.0,0.0,0.0,0.0,0.0,0.0,0.0,0.0,0.0,0.0,0.0,0.0,0.0,0.0,0.0,0.0,0.0,0.0,0.0,0.0,0.0,0.0,0.0,0.0,0.0,0.0,0.0,0.0
67,-0.48749769516017,-0.8117672086038907,-1.0539343054636485,-1.2254640245176536,-1.3234264114114744,-1.3584584743448955,-1.308458166339922,-1.2685216145958218,-1.1387755924224063,-0.7492827472626434,-0.26284662976712286,0.20409892180543984,0.600343400912371,0.8907273553004919,1.0847412892917654,1.2083089294569231,1.2874176970265756,1.2993922930838178,1.2318122589522547,1.0562060816659968,0.9824476655261759,0.831363932293313,0.41034223049347124,-0.0987691859189546,0.0,0.0,0.0,0.0,0.0,0.0,0.0,0.0,0.0,0.0,0.0,0.0,0.0,0.0,0.0,0.0,0.0,0.0,0.0,0.0,0.0,0.0,0.0,0.0,0.0,0.0,0.0,0.0,0.0,0.0,0.0,0.0,0.0,0.0,0.0,0.0,0.0,0.0,0.0,0.0,0.0,0.0,0.0,0.0,0.0,0.0,0.0,0.0,0.0,0.0,0.0,0.0,0.0,0.0,0.0,0.0,0.0,0.0,0.0,0.0,0.0,0.0,0.0,0.0,0.0,0.0,0.0,0.0,0.0,0.0,0.0,0.0
68,-0.888037006905383,-1.1947129765813842,-1.402868877466109,-1.5281858756465505,-1.5713256237002189,-1.4599694949052437,-1.1002951537706713,-0.6581127362205709,-0.41349977831503115,-0.14473650133036733,0.18284768979495777,0.5439776666000526,0.8374867499835998,1.075615512629539,1.241425648553608,1.2807278116577168,1.2429474494818815,1.1659972547174393,1.0171915900353838,0.8238567068868886,0.7405546473783481,0.5521821585611797,0.09795766410039261,-0.4410245255394576,0.0,0.0,0.0,0.0,0.0,0.0,0.0,0.0,0.0,0.0,0.0,0.0,0.0,0.0,0.0,0.0,0.0,0.0,0.0,0.0,0.0,0.0,0.0,0.0,0.0,0.0,0.0,0.0,0.0,0.0,0.0,0.0,0.0,0.0,0.0,0.0,0.0,0.0,0.0,0.0,0.0,0.0,0.0,0.0,0.0,0.0,0.0,0.0,0.0,0.0,0.0,0.0,0.0,0.0,0.0,0.0,0.0,0.0,0.0,0.0,0.0,0.0,0.0,0.0,0.0,0.0,0.0,0.0,0.0,0.0,0.0,0.0
69,-0.6088357399750034,-1.1082377004266255,-1.421147194069486,-1.6210671184884784,-1.7134679193766593,-1.573126121687506,-1.078001055141365,-0.48381119022640967,-0.2704638081971865,-0.05462985994384653,0.2301317040420117,0.5144954174320112,0.7384853029004543,0.9566068920799817,1.1218143520103032,1.1991962929048188,1.2286372369983618,1.2145135408453784,1.0777523985189532,0.8653996429793769,0.7952784754592825,0.6301704781779257,0.045330102265649624,-0.6850241290819428,0.0,0.0,0.0,0.0,0.0,0.0,0.0,0.0,0.0,0.0,0.0,0.0,0.0,0.0,0.0,0.0,0.0,0.0,0.0,0.0,0.0,0.0,0.0,0.0,0.0,0.0,0.0,0.0,0.0,0.0,0.0,0.0,0.0,0.0,0.0,0.0,0.0,0.0,0.0,0.0,0.0,0.0,0.0,0.0,0.0,0.0,0.0,0.0,0.0,0.0,0.0,0.0,0.0,0.0,0.0,0.0,0.0,0.0,0.0,0.0,0.0,0.0,0.0,0.0,0.0,0.0,0.0,0.0,0.0,0.0,0.0,0.0
70,-0.8626959655382888,-1.2152165483405275,-1.4419595729826884,-1.584049578958749,-1.637279671831956,-1.4933867110972867,-1.0574150794680202,-0.5374772690806949,-0.3450762398406031,-0.1003895226008612,0.19787070746610844,0.4897776683836953,0.746312374037151,0.9583741956449273,1.1240743234599104,1.2346555486545727,1.2629876948612797,1.2167977110454968,1.0611426168856188,0.8338844623124271,0.8095875005654632,0.6467205873711508,0.14893336401816004,-0.4561725949662965,0.0,0.0,0.0,0.0,0.0,0.0,0.0,0.0,0.0,0.0,0.0,0.0,0.0,0.0,0.0,0.0,0.0,0.0,0.0,0.0,0.0,0.0,0.0,0.0,0.0,0.0,0.0,0.0,0.0,0.0,0.0,0.0,0.0,0.0,0.0,0.0,0.0,0.0,0.0,0.0,0.0,0.0,0.0,0.0,0.0,0.0,0.0,0.0,0.0,0.0,0.0,0.0,0.0,0.0,0.0,0.0,0.0,0.0,0.0,0.0,0.0,0.0,0.0,0.0,0.0,0.0,0.0,0.0,0.0,0.0,0.0,0.0
71,-0.5397679692617378,-1.1221488944453204,-1.5020169298932278,-1.7392780848546538,-1.8140563516204695,-1.6029258921088079,-0.9503534711692087,-0.14335975956637306,0.16478785645558466,0.4283186999276784,0.6862898209636521,0.9021460445460158,1.045586883397915,1.1585882419120563,1.2286407446071699,1.1954214030513521,1.051702578077647,0.9089567045302629,0.6675257577417466,0.37842019106350033,0.40149303917339885,0.2665307770365829,-0.2282845197781079,-0.8422168697866723,-1.0,-1.0,-1.0,-1.0,-1.0,-1.0,-1.0,-1.0,-1.0,-1.0,-1.0,-1.0,-1.0,-1.0,-1.0,-1.0,-1.0,-1.0,-1.0,-1.0,-1.0,-1.0,-1.0,-1.0,-1.0,-1.0,-1.0,-1.0,-1.0,-1.0,-1.0,-1.0,-1.0,-1.0,-1.0,-1.0,-1.0,-1.0,-1.0,-1.0,-1.0,-1.0,-1.0,-1.0,-1.0,-1.0,-1.0,-1.0,-1.0,-1.0,-1.0,-1.0,-1.0,-1.0,-1.0,-1.0,-1.0,-1.0,-1.0,-1.0,-1.0,-1.0,-1.0,-1.0,-1.0,-1.0,-1.0,-1.0,-1.0,-1.0,-1.0,-1.0
72,-0.26354042799770533,-0.8697018857155714,-1.2728045754150183,-1.5450274652912395,-1.6723603870704753,-1.6209306554326224,-1.3478210460454036,-1.0534301683942457,-0.7014025225282527,-0.1062363867467553,0.3380100882629739,0.6552783292978663,0.8475191192821164,0.9372551337950598,1.0257497409926066,1.0411786604839626,1.1083919994175702,1.1236435750067266,1.0390505336575686,0.8118729949400184,0.9425754508610446,0.8008776730036499,0.24667797863023516,-0.46482575699412954,1.0,1.0,1.0,1.0,1.0,1.0,1.0,1.0,1.0,1.0,1.0,1.0,1.0,1.0,1.0,1.0,1.0,1.0,1.0,1.0,1.0,1.0,1.0,1.0,1.0,1.0,1.0,1.0,1.0,1.0,1.0,1.0,1.0,1.0,1.0,1.0,1.0,1.0,1.0,1.0,1.0,1.0,1.0,1.0,1.0,1.0,1.0,1.0,1.0,1.0,1.0,1.0,1.0,1.0,1.0,1.0,1.0,1.0,1.0,1.0,1.0,1.0,1.0,1.0,1.0,1.0,1.0,1.0,1.0,1.0,1.0,1.0
73,-0.47704847273509915,-0.8690235654423984,-1.1453876582584588,-1.3237251711440363,-1.427132058674452,-1.4270008316598195,-1.3209694038367537,-1.1915795674091014,-0.9419857855780726,-0.4756049755741416,-0.15016197928552347,0.09877566747234288,0.3143816525135524,0.47736560468712647,0.5990130472514608,0.7484806169178866,0.982195929978382,1.1842855325124433,1.30658911014994,1.2634154223358451,1.4534321395237157,1.3626230453980208,0.8140941242341402,0.14496757662298546,0.0,0.0,0.0,0.0,0.0,0.0,0.0,0.0,0.0,0.0,0.0,0.0,0.0,0.0,0.0,0.0,0.0,0.0,0.0,0.0,0.0,0.0,0.0,0.0,0.0,0.0,0.0,0.0,0.0,0.0,0.0,0.0,0.0,0.0,0.0,0.0,0.0,0.0,0.0,0.0,0.0,0.0,0.0,0.0,0.0,0.0,0.0,0.0,0.0,0.0,0.0,0.0,0.0,0.0,0.0,0.0,0.0,0.0,0.0,0.0,0.0,0.0,0.0,0.0,0.0,0.0,0.0,0.0,0.0,0.0,0.0,0.0
74,-1.1661270561941142,-1.4078252315125792,-1.530632710869193,-1.5966468310017516,-1.573146130633177,-1.4041532470799896,-0.9729806750398915,-0.4634724351045448,-0.2664092705555598,-0.080933256882747,0.11074433049843965,0.31817065111273357,0.42327100553885894,0.5880207070810538,0.8493843990273888,0.9943869842876564,1.1282920165960972,1.2104628682320508,1.1812501920794476,1.054199530711841,1.1162968674496372,0.984105427876405,0.5215985886782075,-0.017856724296260288,0.0,0.0,0.0,0.0,0.0,0.0,0.0,0.0,0.0,0.0,0.0,0.0,0.0,0.0,0.0,0.0,0.0,0.0,0.0,0.0,0.0,0.0,0.0,0.0,0.0,0.0,0.0,0.0,0.0,0.0,0.0,0.0,0.0,0.0,0.0,0.0,0.0,0.0,0.0,0.0,0.0,0.0,0.0,0.0,0.0,0.0,0.0,0.0,0.0,0.0,0.0,0.0,0.0,0.0,0.0,0.0,0.0,0.0,0.0,0.0,0.0,0.0,0.0,0.0,0.0,0.0,0.0,0.0,0.0,0.0,0.0,0.0
75,-0.9353751653876597,-1.2387306792041493,-1.434369080926229,-1.5500509184662414,-1.5707746701111098,-1.4390860542483819,-1.050515710907097,-0.5858551749592802,-0.4057595869708519,-0.22829313165378753,0.007864844179900753,0.24440945717114257,0.48860948588194403,0.7331188243187883,0.9879900385780668,1.1614354674565746,1.291422879826067,1.3231271267454554,1.2162606163976633,1.0056206929625071,1.00593000268855,0.82235468028214,0.3573848346082803,-0.20671877826230128,0.0,0.0,0.0,0.0,0.0,0.0,0.0,0.0,0.0,0.0,0.0,0.0,0.0,0.0,0.0,0.0,0.0,0.0,0.0,0.0,0.0,0.0,0.0,0.0,0.0,0.0,0.0,0.0,0.0,0.0,0.0,0.0,0.0,0.0,0.0,0.0,0.0,0.0,0.0,0.0,0.0,0.0,0.0,0.0,0.0,0.0,0.0,0.0,0.0,0.0,0.0,0.0,0.0,0.0,0.0,0.0,0.0,0.0,0.0,0.0,0.0,0.0,0.0,0.0,0.0,0.0,0.0,0.0,0.0,0.0,0.0,0.0
76,-0.8798178532915754,-1.1705276023846116,-1.3698834216615976,-1.49831053892214,-1.5318163064427281,-1.4417914154218578,-1.1030963708817996,-0.6784335011166833,-0.5215369738751818,-0.326657916855644,-0.05252617799722022,0.2183179385783901,0.48181736707537465,0.7634336928329695,1.0116142004802486,1.1825705591865483,1.2910620945193922,1.3391872887869594,1.2555977435111705,1.0614881300046315,1.0068576405817102,0.7965197638919218,0.3480041452238399,-0.18207248582212474,0.0,0.0,0.0,0.0,0.0,0.0,0.0,0.0,0.0,0.0,0.0,0.0,0.0,0.0,0.0,0.0,0.0,0.0,0.0,0.0,0.0,0.0,0.0,0.0,0.0,0.0,0.0,0.0,0.0,0.0,0.0,0.0,0.0,0.0,0.0,0.0,0.0,0.0,0.0,0.0,0.0,0.0,0.0,0.0,0.0,0.0,0.0,0.0,0.0,0.0,0.0,0.0,0.0,0.0,0.0,0.0,0.0,0.0,0.0,0.0,0.0,0.0,0.0,0.0,0.0,0.0,0.0,0.0,0.0,0.0,0.0,0.0
77,-0.8162010519132403,-1.15167695994953,-1.3945551162663494,-1.5290509865957291,-1.5752407527715842,-1.4720957316103833,-1.1127611726990063,-0.6519546077792547,-0.4526475852251711,-0.23915630376669106,0.004303770864154834,0.28980744368341693,0.5559623325612971,0.8267725679513895,1.0508111188516003,1.2149120834070792,1.314783814051881,1.3305683483198505,1.2080018034280144,0.9909462722961219,0.9322452623686965,0.7242822048934685,0.25780193641195825,-0.30585869051198106,0.0,0.0,0.0,0.0,0.0,0.0,0.0,0.0,0.0,0.0,0.0,0.0,0.0,0.0,0.0,0.0,0.0,0.0,0.0,0.0,0.0,0.0,0.0,0.0,0.0,0.0,0.0,0.0,0.0,0.0,0.0,0.0,0.0,0.0,0.0,0.0,0.0,0.0,0.0,0.0,0.0,0.0,0.0,0.0,0.0,0.0,0.0,0.0,0.0,0.0,0.0,0.0,0.0,0.0,0.0,0.0,0.0,0.0,0.0,0.0,0.0,0.0,0.0,0.0,0.0,0.0,0.0,0.0,0.0,0.0,0.0,0.0
78,-0.7161387238541088,-1.12841428066669,-1.4069195770241252,-1.5748122186707805,-1.654372629315251,-1.5389354734077283,-1.1130635950406895,-0.5855263187277401,-0.377283303435598,-0.13939153533438095,0.13814886078370558,0.428320678216901,0.704282146670599,0.9641034656661022,1.1741008450297872,1.2709417417789552,1.3092745967421675,1.2667312680072522,1.0909439880386538,0.849017182572888,0.7717374452214234,0.542705215681498,0.11314917276421928,-0.38859895169704967,0.0,0.0,0.0,0.0,0.0,0.0,0.0,0.0,0.0,0.0,0.0,0.0,0.0,0.0,0.0,0.0,0.0,0.0,0.0,0.0,0.0,0.0,0.0,0.0,0.0,0.0,0.0,0.0,0.0,0.0,0.0,0.0,0.0,0.0,0.0,0.0,0.0,0.0,0.0,0.0,0.0,0.0,0.0,0.0,0.0,0.0,0.0,0.0,0.0,0.0,0.0,0.0,0.0,0.0,0.0,0.0,0.0,0.0,0.0,0.0,0.0,0.0,0.0,0.0,0.0,0.0,0.0,0.0,0.0,0.0,0.0,0.0
79,-0.0026725422558568066,-0.6333925146380632,-1.0612769423030335,-1.3658773427887392,-1.547610216187002,-1.5899543921888892,-1.4458453604185324,-1.164846631802731,-0.8896789044724355,-0.33517844889362575,0.15004415807881788,0.5193409061608494,0.7700739614375971,0.9491690009209883,1.0934168660552854,1.210314558493282,1.2840350747457476,1.3113852474420484,1.1474230446281841,0.8504584791592121,0.8444886445097658,0.5676549168121828,0.0035749591214707934,-0.6650465216165231,0.0,0.0,0.0,0.0,0.0,0.0,0.0,0.0,0.0,0.0,0.0,0.0,0.0,0.0,0.0,0.0,0.0,0.0,0.0,0.0,0.0,0.0,0.0,0.0,0.0,0.0,0.0,0.0,0.0,0.0,0.0,0.0,0.0,0.0,0.0,0.0,0.0,0.0,0.0,0.0,0.0,0.0,0.0,0.0,0.0,0.0,0.0,0.0,0.0,0.0,0.0,0.0,0.0,0.0,0.0,0.0,0.0,0.0,0.0,0.0,0.0,0.0,0.0,0.0,0.0,0.0,0.0,0.0,0.0,0.0,0.0,0.0
80,-0.4534540081609792,-0.8558874890573019,-1.1303973423837144,-1.3117073114328446,-1.4145212614426135,-1.423796007208071,-1.3473359079708833,-1.2048215218187286,-1.0259998991944772,-0.5607922243978005,-0.16039466330365143,0.1405821474510183,0.4406541049602775,0.6575926705474464,0.8368667197944031,0.9779107194227658,1.1137518128900181,1.2114759633943528,1.2317220547604129,1.1815026996401297,1.35636558931571,1.1127338529889312,0.610879621753129,0.017069679452484166,0.0,0.0,0.0,0.0,0.0,0.0,0.0,0.0,0.0,0.0,0.0,0.0,0.0,0.0,0.0,0.0,0.0,0.0,0.0,0.0,0.0,0.0,0.0,0.0,0.0,0.0,0.0,0.0,0.0,0.0,0.0,0.0,0.0,0.0,0.0,0.0,0.0,0.0,0.0,0.0,0.0,0.0,0.0,0.0,0.0,0.0,0.0,0.0,0.0,0.0,0.0,0.0,0.0,0.0,0.0,0.0,0.0,0.0,0.0,0.0,0.0,0.0,0.0,0.0,0.0,0.0,0.0,0.0,0.0,0.0,0.0,0.0
81,-1.0964068425666715,-1.362675807813981,-1.5285613731630547,-1.6127023661812045,-1.6102171891722297,-1.4311069318825396,-0.9707278909699414,-0.4167996869337885,-0.2210032411552669,-0.02653814020298185,0.16624059063607025,0.3847586547823622,0.5526856155316654,0.7436004636139864,0.9150776772332536,1.0465257897436755,1.1579149735388,1.2195118608326776,1.1738023551318895,1.0308159207940841,1.0629457092672596,0.8090138727430753,0.3050554778516676,-0.2912094916588075,0.0,0.0,0.0,0.0,0.0,0.0,0.0,0.0,0.0,0.0,0.0,0.0,0.0,0.0,0.0,0.0,0.0,0.0,0.0,0.0,0.0,0.0,0.0,0.0,0.0,0.0,0.0,0.0,0.0,0.0,0.0,0.0,0.0,0.0,0.0,0.0,0.0,0.0,0.0,0.0,0.0,0.0,0.0,0.0,0.0,0.0,0.0,0.0,0.0,0.0,0.0,0.0,0.0,0.0,0.0,0.0,0.0,0.0,0.0,0.0,0.0,0.0,0.0,0.0,0.0,0.0,0.0,0.0,0.0,0.0,0.0,0.0
82,-0.9156295059645195,-1.2441209934349666,-1.4502631418141043,-1.5847882271591445,-1.6059266755163162,-1.4511086797483912,-1.038993490576973,-0.5023305636850999,-0.34066371064945133,-0.14720463128461658,0.08743214547998845,0.32917144089260314,0.538780294802317,0.7765455619237834,0.9976537317397987,1.1606734454703063,1.264843718974448,1.2959595149562047,1.1978771145789282,1.0074619717775264,1.0165092276743957,0.7400183231625909,0.22905974947303834,-0.36095662107233606,0.0,0.0,0.0,0.0,0.0,0.0,0.0,0.0,0.0,0.0,0.0,0.0,0.0,0.0,0.0,0.0,0.0,0.0,0.0,0.0,0.0,0.0,0.0,0.0,0.0,0.0,0.0,0.0,0.0,0.0,0.0,0.0,0.0,0.0,0.0,0.0,0.0,0.0,0.0,0.0,0.0,0.0,0.0,0.0,0.0,0.0,0.0,0.0,0.0,0.0,0.0,0.0,0.0,0.0,0.0,0.0,0.0,0.0,0.0,0.0,0.0,0.0,0.0,0.0,0.0,0.0,0.0,0.0,0.0,0.0,0.0,0.0
83,-0.9079077499772531,-1.2223955029964757,-1.4322697585487945,-1.5567865200349236,-1.5787124734869968,-1.4574320150934248,-1.0576676755853265,-0.5545843598473471,-0.3771540427979118,-0.1802249996158208,0.05278882304828026,0.3093467507107332,0.5825716392998546,0.824728018200429,1.04722385581372,1.1879221327626337,1.2754641314162996,1.3011927410021273,1.1860612584844135,0.9999738306623883,0.9892940304569504,0.703285744652229,0.21031587607849025,-0.345033734604284,0.0,0.0,0.0,0.0,0.0,0.0,0.0,0.0,0.0,0.0,0.0,0.0,0.0,0.0,0.0,0.0,0.0,0.0,0.0,0.0,0.0,0.0,0.0,0.0,0.0,0.0,0.0,0.0,0.0,0.0,0.0,0.0,0.0,0.0,0.0,0.0,0.0,0.0,0.0,0.0,0.0,0.0,0.0,0.0,0.0,0.0,0.0,0.0,0.0,0.0,0.0,0.0,0.0,0.0,0.0,0.0,0.0,0.0,0.0,0.0,0.0,0.0,0.0,0.0,0.0,0.0,0.0,0.0,0.0,0.0,0.0,0.0
84,-0.8937868459238065,-1.2318909620224052,-1.4563615894773396,-1.5741472339327411,-1.6147366754393149,-1.4760207761778095,-1.0495350578008051,-0.5243297165529067,-0.3409569578467995,-0.15461837356088007,0.09722258710203609,0.3649095301485206,0.6109035775255212,0.857660265765902,1.081452990231165,1.2123730051114494,1.2690626426227183,1.251860854259807,1.1022137692898508,0.9388391487790493,0.9702768999250593,0.7031831219945373,0.22068566909593543,-0.36425987311675306,0.0,0.0,0.0,0.0,0.0,0.0,0.0,0.0,0.0,0.0,0.0,0.0,0.0,0.0,0.0,0.0,0.0,0.0,0.0,0.0,0.0,0.0,0.0,0.0,0.0,0.0,0.0,0.0,0.0,0.0,0.0,0.0,0.0,0.0,0.0,0.0,0.0,0.0,0.0,0.0,0.0,0.0,0.0,0.0,0.0,0.0,0.0,0.0,0.0,0.0,0.0,0.0,0.0,0.0,0.0,0.0,0.0,0.0,0.0,0.0,0.0,0.0,0.0,0.0,0.0,0.0,0.0,0.0,0.0,0.0,0.0,0.0
85,-0.8294709877212517,-1.1861829657112668,-1.4200002754641932,-1.5691971236191828,-1.6267898279221729,-1.4860278167753376,-1.0418837648513344,-0.49062635264098314,-0.3046971497730627,-0.11006101838059582,0.15894679415903928,0.46731717940339507,0.7309738587873192,0.9756748291959286,1.1963410489899045,1.3201426889483003,1.359233170136629,1.3030009234155993,1.073627775097077,0.7849386762050815,0.7219948387463807,0.4264127547724526,0.014194107438453436,-0.4678613624361792,0.0,0.0,0.0,0.0,0.0,0.0,0.0,0.0,0.0,0.0,0.0,0.0,0.0,0.0,0.0,0.0,0.0,0.0,0.0,0.0,0.0,0.0,0.0,0.0,0.0,0.0,0.0,0.0,0.0,0.0,0.0,0.0,0.0,0.0,0.0,0.0,0.0,0.0,0.0,0.0,0.0,0.0,0.0,0.0,0.0,0.0,0.0,0.0,0.0,0.0,0.0,0.0,0.0,0.0,0.0,0.0,0.0,0.0,0.0,0.0,0.0,0.0,0.0,0.0,0.0,0.0,0.0,0.0,0.0,0.0,0.0,0.0
86,-0.3531247254298946,-0.8749455502658906,-1.2199047799335399,-1.4301181143146375,-1.5474578099390601,-1.5529352853572127,-1.3557461703037221,-1.085524049674865,-0.8813967990917146,-0.4220191940226573,0.04234899976071677,0.3841434658534335,0.6784664783221619,0.9180147366093651,1.0733315951329785,1.1539113446178,1.2185455545519996,1.208564377123366,1.0784439055232542,0.9320127293446437,1.0371802573731719,0.7979971641138456,0.3767184436199379,-0.17650657361346583,0.0,0.0,0.0,0.0,0.0,0.0,0.0,0.0,0.0,0.0,0.0,0.0,0.0,0.0,0.0,0.0,0.0,0.0,0.0,0.0,0.0,0.0,0.0,0.0,0.0,0.0,0.0,0.0,0.0,0.0,0.0,0.0,0.0,0.0,0.0,0.0,0.0,0.0,0.0,0.0,0.0,0.0,0.0,0.0,0.0,0.0,0.0,0.0,0.0,0.0,0.0,0.0,0.0,0.0,0.0,0.0,0.0,0.0,0.0,0.0,0.0,0.0,0.0,0.0,0.0,0.0,0.0,0.0,0.0,0.0,0.0,0.0
87,-0.49352076555382074,-0.8914752923962389,-1.133698986286602,-1.3136740302592436,-1.4139271190741007,-1.4235374369561349,-1.3421773594320952,-1.146585548901148,-0.9636618846692462,-0.5678915209818357,-0.21482154697482753,0.0674815408099285,0.3430137228141604,0.5975779385303176,0.7669597912011712,0.9060909841751671,1.0217424232328292,1.1639314446238358,1.2247603884908027,1.2786000102617445,1.464472294752907,1.1960386430024503,0.694227158139412,0.18007515145057976,0.0,0.0,0.0,0.0,0.0,0.0,0.0,0.0,0.0,0.0,0.0,0.0,0.0,0.0,0.0,0.0,0.0,0.0,0.0,0.0,0.0,0.0,0.0,0.0,0.0,0.0,0.0,0.0,0.0,0.0,0.0,0.0,0.0,0.0,0.0,0.0,0.0,0.0,0.0,0.0,0.0,0.0,0.0,0.0,0.0,0.0,0.0,0.0,0.0,0.0,0.0,0.0,0.0,0.0,0.0,0.0,0.0,0.0,0.0,0.0,0.0,0.0,0.0,0.0,0.0,0.0,0.0,0.0,0.0,0.0,0.0,0.0
88,-1.1329377726212781,-1.3885800558771102,-1.5387698972899113,-1.6291459993511879,-1.626196280698236,-1.451261577252338,-0.9847963469396935,-0.4052585682638925,-0.19738533986003176,-0.04637613215474387,0.19771308637702642,0.41697550624645147,0.6425470465680237,0.8484537958699165,1.0269117743735068,1.1175336863225294,1.1221221375604546,1.0891836126024916,0.9959397285175119,0.9729974723278859,1.0286324435877288,0.7762676255018435,0.3405286311574479,-0.17509857670439513,0.0,0.0,0.0,0.0,0.0,0.0,0.0,0.0,0.0,0.0,0.0,0.0,0.0,0.0,0.0,0.0,0.0,0.0,0.0,0.0,0.0,0.0,0.0,0.0,0.0,0.0,0.0,0.0,0.0,0.0,0.0,0.0,0.0,0.0,0.0,0.0,0.0,0.0,0.0,0.0,0.0,0.0,0.0,0.0,0.0,0.0,0.0,0.0,0.0,0.0,0.0,0.0,0.0,0.0,0.0,0.0,0.0,0.0,0.0,0.0,0.0,0.0,0.0,0.0,0.0,0.0,0.0,0.0,0.0,0.0,0.0,0.0
89,-0.6988030098183717,-1.2114496272302333,-1.5573568863624325,-1.7738104149335954,-1.8124496462987718,-1.5918122519109974,-0.9856439280101742,-0.1409952525624984,0.11286695860424915,0.2980645484277853,0.4886765528375245,0.6432334782982297,0.7996362269133224,0.9281055184586857,1.037501304075379,1.0217502798246065,1.0142439323300978,0.986679639891246,0.8557492508066995,0.8114494951014017,0.9415185000472341,0.6215758199534175,-0.0007126928290557333,-0.7880177956137628,-1.0,-1.0,-1.0,-1.0,-1.0,-1.0,-1.0,-1.0,-1.0,-1.0,-1.0,-1.0,-1.0,-1.0,-1.0,-1.0,-1.0,-1.0,-1.0,-1.0,-1.0,-1.0,-1.0,-1.0,-1.0,-1.0,-1.0,-1.0,-1.0,-1.0,-1.0,-1.0,-1.0,-1.0,-1.0,-1.0,-1.0,-1.0,-1.0,-1.0,-1.0,-1.0,-1.0,-1.0,-1.0,-1.0,-1.0,-1.0,-1.0,-1.0,-1.0,-1.0,-1.0,-1.0,-1.0,-1.0,-1.0,-1.0,-1.0,-1.0,-1.0,-1.0,-1.0,-1.0,-1.0,-1.0,-1.0,-1.0,-1.0,-1.0,-1.0,-1.0
90,-0.882975002007641,-1.3083387068579944,-1.5656825541214732,-1.7385985127467711,-1.7631984350373868,-1.5671155593034507,-0.9611932015239187,-0.19047524781696176,-0.003348654470385754,0.1558343378276269,0.3274367083694455,0.5169516436859842,0.700376306979118,0.8330487034105449,0.9868579262761416,1.0392820325168224,1.0530149988441078,1.0456111387372236,0.9214173562991641,0.8853533925527276,1.069136307141356,0.7578159313567205,0.21291571090973496,-0.5241266210207483,0.0,0.0,0.0,0.0,0.0,0.0,0.0,0.0,0.0,0.0,0.0,0.0,0.0,0.0,0.0,0.0,0.0,0.0,0.0,0.0,0.0,0.0,0.0,0.0,0.0,0.0,0.0,0.0,0.0,0.0,0.0,0.0,0.0,0.0,0.0,0.0,0.0,0.0,0.0,0.0,0.0,0.0,0.0,0.0,0.0,0.0,0.0,0.0,0.0,0.0,0.0,0.0,0.0,0.0,0.0,0.0,0.0,0.0,0.0,0.0,0.0,0.0,0.0,0.0,0.0,0.0,0.0,0.0,0.0,0.0,0.0,0.0
91,-0.9016227108127194,-1.3331647513512022,-1.613293301130671,-1.7905313549455313,-1.8242392056710568,-1.5911385444038133,-0.9131758048113874,-0.05117907375782572,0.1529708931362849,0.27257939571073053,0.4317402553864986,0.5624940957008358,0.6536955789138506,0.8041576384023861,0.9298824848584796,0.960600123019644,0.9687552481951744,0.9550274541496983,0.8083711197430768,0.8271279076467967,1.131042239188229,0.8242736138353611,0.229221313527494,-0.4935946145303491,0.0,0.0,0.0,0.0,0.0,0.0,0.0,0.0,0.0,0.0,0.0,0.0,0.0,0.0,0.0,0.0,0.0,0.0,0.0,0.0,0.0,0.0,0.0,0.0,0.0,0.0,0.0,0.0,0.0,0.0,0.0,0.0,0.0,0.0,0.0,0.0,0.0,0.0,0.0,0.0,0.0,0.0,0.0,0.0,0.0,0.0,0.0,0.0,0.0,0.0,0.0,0.0,0.0,0.0,0.0,0.0,0.0,0.0,0.0,0.0,0.0,0.0,0.0,0.0,0.0,0.0,0.0,0.0,0.0,0.0,0.0,0.0
92,-0.9111361744338897,-1.3852018631211112,-1.686434397126834,-1.8554724962618039,-1.8629044800404229,-1.5906092445769822,-0.7968101260947099,0.21662783214291612,0.5047357990502269,0.6416740533541407,0.756316356322198,0.8391750690880766,0.877916261125558,0.8590991107073528,0.9030585041213113,0.8349056315982317,0.764222722044133,0.7414523887649602,0.6106810997241556,0.6345583242043993,0.8605222565373011,0.5558109216139269,0.08142897829782794,-0.5936165270409808,0.0,0.0,0.0,0.0,0.0,0.0,0.0,0.0,0.0,0.0,0.0,0.0,0.0,0.0,0.0,0.0,0.0,0.0,0.0,0.0,0.0,0.0,0.0,0.0,0.0,0.0,0.0,0.0,0.0,0.0,0.0,0.0,0.0,0.0,0.0,0.0,0.0,0.0,0.0,0.0,0.0,0.0,0.0,0.0,0.0,0.0,0.0,0.0,0.0,0.0,0.0,0.0,0.0,0.0,0.0,0.0,0.0,0.0,0.0,0.0,0.0,0.0,0.0,0.0,0.0,0.0,0.0,0.0,0.0,0.0,0.0,0.0
93,-0.5157070135244537,-1.0710077538697182,-1.498476832072887,-1.7019848382031035,-1.801795800003652,-1.6569880931290857,-1.297627724515226,-0.691807911291405,-0.2690430382550655,0.3418900414544392,0.7198627000761884,0.8425810957326003,0.8542393433199595,0.7875623483466423,0.6942963676477691,0.5869177714484086,0.6339598231166998,0.7366342141492312,0.7861306337306508,1.026454158557791,1.3217964307708894,1.0233861986663808,0.4449734938058253,-0.2962456159589035,0.0,0.0,0.0,0.0,0.0,0.0,0.0,0.0,0.0,0.0,0.0,0.0,0.0,0.0,0.0,0.0,0.0,0.0,0.0,0.0,0.0,0.0,0.0,0.0,0.0,0.0,0.0,0.0,0.0,0.0,0.0,0.0,0.0,0.0,0.0,0.0,0.0,0.0,0.0,0.0,0.0,0.0,0.0,0.0,0.0,0.0,0.0,0.0,0.0,0.0,0.0,0.0,0.0,0.0,0.0,0.0,0.0,0.0,0.0,0.0,0.0,0.0,0.0,0.0,0.0,0.0,0.0,0.0,0.0,0.0,0.0,0.0
94,-0.6005135505745436,-1.0126168567267568,-1.2873523941615657,-1.4762116926223559,-1.5694438644168582,-1.5200051531350027,-1.340383537751099,-0.9580460992910756,-0.6104355064719402,-0.1102320746790504,0.21736353814016435,0.375259491472872,0.46541243557507894,0.4842299381391069,0.5263127166004786,0.5035606453185175,0.5993588401899328,0.8102859371121739,0.9899075524960775,1.3250301663409036,1.7867432519800996,1.4266446801866548,0.8619485350606871,0.11318300121750025,0.0,0.0,0.0,0.0,0.0,0.0,0.0,0.0,0.0,0.0,0.0,0.0,0.0,0.0,0.0,0.0,0.0,0.0,0.0,0.0,0.0,0.0,0.0,0.0,0.0,0.0,0.0,0.0,0.0,0.0,0.0,0.0,0.0,0.0,0.0,0.0,0.0,0.0,0.0,0.0,0.0,0.0,0.0,0.0,0.0,0.0,0.0,0.0,0.0,0.0,0.0,0.0,0.0,0.0,0.0,0.0,0.0,0.0,0.0,0.0,0.0,0.0,0.0,0.0,0.0,0.0,0.0,0.0,0.0,0.0,0.0,0.0
95,-1.2714441551789524,-1.529430434194295,-1.6720691289556702,-1.7257985027671299,-1.6824099012963678,-1.4365766949288556,-0.8522697547292308,-0.11647583003340702,0.1580343635469677,0.26815825868037624,0.39512588608007576,0.5194283659692862,0.5966110378730498,0.6947950721594673,0.8020406079815477,0.8713344432542637,0.895640588549924,0.9186674630405497,0.8921225938360785,1.0185571917336802,1.1752678653504378,0.891269746632722,0.4100507121388146,-0.22062979474332006,1.0,1.0,1.0,1.0,1.0,1.0,1.0,1.0,1.0,1.0,1.0,1.0,1.0,1.0,1.0,1.0,1.0,1.0,1.0,1.0,1.0,1.0,1.0,1.0,1.0,1.0,1.0,1.0,1.0,1.0,1.0,1.0,1.0,1.0,1.0,1.0,1.0,1.0,1.0,1.0,1.0,1.0,1.0,1.0,1.0,1.0,1.0,1.0,1.0,1.0,1.0,1.0,1.0,1.0,1.0,1.0,1.0,1.0,1.0,1.0,1.0,1.0,1.0,1.0,1.0,1.0,1.0,1.0,1.0,1.0,1.0,1.0
96,-1.0520452160836873,-1.3644386120170628,-1.566108959357939,-1.6781010400259975,-1.694175446316408,-1.5140786442600307,-0.9756917862042366,-0.2579483948028076,-0.030580147931867297,0.10679257424736596,0.2685941638811049,0.4428745689245048,0.6373537345038812,0.8012703775968847,0.9545060007206022,1.038262117707479,1.0603644263567935,1.0486258796578751,0.9645525046521088,0.9917309416036585,1.1273058683425168,0.800953119577995,0.26700787378665647,-0.37702590455940244,1.0,1.0,1.0,1.0,1.0,1.0,1.0,1.0,1.0,1.0,1.0,1.0,1.0,1.0,1.0,1.0,1.0,1.0,1.0,1.0,1.0,1.0,1.0,1.0,1.0,1.0,1.0,1.0,1.0,1.0,1.0,1.0,1.0,1.0,1.0,1.0,1.0,1.0,1.0,1.0,1.0,1.0,1.0,1.0,1.0,1.0,1.0,1.0,1.0,1.0,1.0,1.0,1.0,1.0,1.0,1.0,1.0,1.0,1.0,1.0,1.0,1.0,1.0,1.0,1.0,1.0,1.0,1.0,1.0,1.0,1.0,1.0
97,-0.9796014699245069,-1.3116907585877662,-1.5469630903170095,-1.6771722258781097,-1.6947845639954437,-1.5071571700633817,-0.9996571381852862,-0.3317117602209565,-0.08707332960850654,0.027050549174912696,0.20744975809928282,0.417677955858213,0.6508123737119419,0.8405776815195185,0.9921659558357641,1.0694362716222183,1.1050681695474607,1.0978399845397686,1.0080476017681579,1.0057060770473563,1.0831800036790975,0.7505816879026206,0.23911124454142677,-0.3588938080667843,0.0,0.0,0.0,0.0,0.0,0.0,0.0,0.0,0.0,0.0,0.0,0.0,0.0,0.0,0.0,0.0,0.0,0.0,0.0,0.0,0.0,0.0,0.0,0.0,0.0,0.0,0.0,0.0,0.0,0.0,0.0,0.0,0.0,0.0,0.0,0.0,0.0,0.0,0.0,0.0,0.0,0.0,0.0,0.0,0.0,0.0,0.0,0.0,0.0,0.0,0.0,0.0,0.0,0.0,0.0,0.0,0.0,0.0,0.0,0.0,0.0,0.0,0.0,0.0,0.0,0.0,0.0,0.0,0.0,0.0,0.0,0.0
98,-0.9689892280789861,-1.3102295160630106,-1.546457347079901,-1.6637179108825904,-1.6792790302228444,-1.503187395882162,-1.0321372543049205,-0.3517649590216799,-0.13973215872092673,-0.005806138076416918,0.21154756109551995,0.4481769693857071,0.682898885627734,0.8725437529421861,1.0389975327237433,0.975949900816133,1.1055589657727014,1.089395480522502,1.018818274740575,1.0248419338400283,1.0656020270796618,0.751668993679825,0.2658608873089231,-0.3505602272017893,0.0,0.0,0.0,0.0,0.0,0.0,0.0,0.0,0.0,0.0,0.0,0.0,0.0,0.0,0.0,0.0,0.0,0.0,0.0,0.0,0.0,0.0,0.0,0.0,0.0,0.0,0.0,0.0,0.0,0.0,0.0,0.0,0.0,0.0,0.0,0.0,0.0,0.0,0.0,0.0,0.0,0.0,0.0,0.0,0.0,0.0,0.0,0.0,0.0,0.0,0.0,0.0,0.0,0.0,0.0,0.0,0.0,0.0,0.0,0.0,0.0,0.0,0.0,0.0,0.0,0.0,0.0,0.0,0.0,0.0,0.0,0.0
99,-0.7652954535894309,-1.2601524331453615,-1.5702919537394981,-1.7787822217688605,-1.8215459530225895,-1.584910865062658,-0.9634021958191656,-0.0671399689039516,0.2502406946820305,0.4105022178789125,0.6433117963337182,0.8243403711298551,0.9464834246149467,1.0350166445907178,1.1118000853721737,1.0515483106664407,0.9747648698849848,0.8496160589315799,0.6916771665056671,0.6945462986345116,0.710668088691828,0.3992989400424723,-0.0772502440246415,-0.7050436788836977,0.0,0.0,0.0,0.0,0.0,0.0,0.0,0.0,0.0,0.0,0.0,0.0,0.0,0.0,0.0,0.0,0.0,0.0,0.0,0.0,0.0,0.0,0.0,0.0,0.0,0.0,0.0,0.0,0.0,0.0,0.0,0.0,0.0,0.0,0.0,0.0,0.0,0.0,0.0,0.0,0.0,0.0,0.0,0.0,0.0,0.0,0.0,0.0,0.0,0.0,0.0,0.0,0.0,0.0,0.0,0.0,0.0,0.0,0.0,0.0,0.0,0.0,0.0,0.0,0.0,0.0,0.0,0.0,0.0,0.0,0.0,0.0
100,-0.3160294616382732,-0.9522733326889756,-1.363518594275508,-1.6893513784556067,-1.7625055836416725,-1.685594811162268,-1.3103335099645574,-0.798056359594026,-0.4326807617998377,0.10114722199037252,0.485107942183183,0.6488151905455141,0.7273076755694821,0.7259236770929889,0.7715956268172625,0.8069864450018727,0.920078891938169,0.9934308111923054,0.9449908645150455,1.0911015608191068,1.3236133048699539,0.922649174823085,0.30499042617100464,-0.4573950203086437,1.0,1.0,1.0,1.0,1.0,1.0,1.0,1.0,1.0,1.0,1.0,1.0,1.0,1.0,1.0,1.0,1.0,1.0,1.0,1.0,1.0,1.0,1.0,1.0,1.0,1.0,1.0,1.0,1.0,1.0,1.0,1.0,1.0,1.0,1.0,1.0,1.0,1.0,1.0,1.0,1.0,1.0,1.0,1.0,1.0,1.0,1.0,1.0,1.0,1.0,1.0,1.0,1.0,1.0,1.0,1.0,1.0,1.0,1.0,1.0,1.0,1.0,1.0,1.0,1.0,1.0,1.0,1.0,1.0,1.0,1.0,1.0
101,-0.6308183771859298,-0.9736456214518183,-1.2197363410870843,-1.3659659713426764,-1.4423303338094857,-1.4152091117877221,-1.2589808743351663,-1.0058911296620259,-0.7811724329102695,-0.4152234095014028,-0.12726352222885196,0.0579606760948982,0.20843971440919995,0.412911231587105,0.5968856040112347,0.7821098023349848,0.995080135630309,1.207925486335671,1.2745412067854407,1.398523936027789,1.5924969156488824,1.2345467779975865,0.7237429328227101,0.15107270561662148,0.0,0.0,0.0,0.0,0.0,0.0,0.0,0.0,0.0,0.0,0.0,0.0,0.0,0.0,0.0,0.0,0.0,0.0,0.0,0.0,0.0,0.0,0.0,0.0,0.0,0.0,0.0,0.0,0.0,0.0,0.0,0.0,0.0,0.0,0.0,0.0,0.0,0.0,0.0,0.0,0.0,0.0,0.0,0.0,0.0,0.0,0.0,0.0,0.0,0.0,0.0,0.0,0.0,0.0,0.0,0.0,0.0,0.0,0.0,0.0,0.0,0.0,0.0,0.0,0.0,0.0,0.0,0.0,0.0,0.0,0.0,0.0
102,-1.1450152621809306,-1.4085905042725195,-1.5836013845217922,-1.6648495599510476,-1.6541640771635506,-1.4555681222932264,-0.9515213846776093,-0.3149169011306124,-0.08031760785917254,0.09344181945102396,0.3079216000865463,0.5077690078959468,0.6703616243651556,0.837286193315782,0.9640680026052717,0.9990124192887073,1.0459900373094142,1.0387701165070515,1.0065211369231646,1.0472414902484903,1.0569643169290055,0.741405645060405,0.26123277889793395,-0.3194413848334263,0.0,0.0,0.0,0.0,0.0,0.0,0.0,0.0,0.0,0.0,0.0,0.0,0.0,0.0,0.0,0.0,0.0,0.0,0.0,0.0,0.0,0.0,0.0,0.0,0.0,0.0,0.0,0.0,0.0,0.0,0.0,0.0,0.0,0.0,0.0,0.0,0.0,0.0,0.0,0.0,0.0,0.0,0.0,0.0,0.0,0.0,0.0,0.0,0.0,0.0,0.0,0.0,0.0,0.0,0.0,0.0,0.0,0.0,0.0,0.0,0.0,0.0,0.0,0.0,0.0,0.0,0.0,0.0,0.0,0.0,0.0,0.0
103,-0.9706289872311524,-1.3733867377845521,-1.6045841512608927,-1.7485193614969325,-1.7497049892583496,-1.5220644590662604,-0.915852984653681,-0.09385725766318367,0.14931499620347,0.25080473258077646,0.40386927657972815,0.5587122622208055,0.6669600768381897,0.7810174674865177,0.9157047811835038,0.9876723863015238,1.0169573920085269,0.996208906183727,0.9349119509184614,1.0067609932603396,1.0790842867067847,0.6860486837970055,0.11256053559953892,-0.5679897994538946,0.0,0.0,0.0,0.0,0.0,0.0,0.0,0.0,0.0,0.0,0.0,0.0,0.0,0.0,0.0,0.0,0.0,0.0,0.0,0.0,0.0,0.0,0.0,0.0,0.0,0.0,0.0,0.0,0.0,0.0,0.0,0.0,0.0,0.0,0.0,0.0,0.0,0.0,0.0,0.0,0.0,0.0,0.0,0.0,0.0,0.0,0.0,0.0,0.0,0.0,0.0,0.0,0.0,0.0,0.0,0.0,0.0,0.0,0.0,0.0,0.0,0.0,0.0,0.0,0.0,0.0,0.0,0.0,0.0,0.0,0.0,0.0
104,-1.0352423954302754,-1.4115745788843597,-1.6223886061435693,-1.76289081209916,-1.740303594892816,-1.4924513888812685,-0.8580663206772876,-0.018939057796447695,0.20158990159452267,0.24287836315450612,0.32241936998329773,0.4479848677863062,0.5261900714469807,0.6534556823730473,0.8268672209249778,0.9416248567314023,1.009872254957022,1.0465461237544191,0.9836419382012678,1.0934206712901648,1.167254155491547,0.7790211801760557,0.1899319830364097,-0.490841886096729,1.0,1.0,1.0,1.0,1.0,1.0,1.0,1.0,1.0,1.0,1.0,1.0,1.0,1.0,1.0,1.0,1.0,1.0,1.0,1.0,1.0,1.0,1.0,1.0,1.0,1.0,1.0,1.0,1.0,1.0,1.0,1.0,1.0,1.0,1.0,1.0,1.0,1.0,1.0,1.0,1.0,1.0,1.0,1.0,1.0,1.0,1.0,1.0,1.0,1.0,1.0,1.0,1.0,1.0,1.0,1.0,1.0,1.0,1.0,1.0,1.0,1.0,1.0,1.0,1.0,1.0,1.0,1.0,1.0,1.0,1.0,1.0
105,-1.0901241660255738,-1.413493042026549,-1.6253157552533615,-1.733182044616418,-1.7114477922820706,-1.4878954825573565,-0.8832462826949355,-0.08080388698554535,0.12446405172773375,0.18782687202522214,0.30098297941674407,0.4362183272749044,0.5680037938101525,0.7115188568433023,0.9239165502906,1.0425924677987815,1.0376476379026074,1.0475372976949557,0.9573803991228489,1.0453523728571115,1.0975605768771834,0.7380829430297267,0.20806617578630737,-0.40164285001638494,0.0,0.0,0.0,0.0,0.0,0.0,0.0,0.0,0.0,0.0,0.0,0.0,0.0,0.0,0.0,0.0,0.0,0.0,0.0,0.0,0.0,0.0,0.0,0.0,0.0,0.0,0.0,0.0,0.0,0.0,0.0,0.0,0.0,0.0,0.0,0.0,0.0,0.0,0.0,0.0,0.0,0.0,0.0,0.0,0.0,0.0,0.0,0.0,0.0,0.0,0.0,0.0,0.0,0.0,0.0,0.0,0.0,0.0,0.0,0.0,0.0,0.0,0.0,0.0,0.0,0.0,0.0,0.0,0.0,0.0,0.0,0.0
106,-0.9834889175090533,-1.4055412244864287,-1.6769815543584998,-1.8386035916458223,-1.833804334643404,-1.5572824385334783,-0.8561674523272498,0.080111126997476,0.38274662738526616,0.4999049600913603,0.6443061340170643,0.7446670672146943,0.7923773280034411,0.8340179402303058,0.9055833314134261,0.924498050187663,0.8914678696416075,0.8203259423116419,0.7006268264866203,0.8266779001089603,0.8923147973479166,0.5457802108497707,0.13417334558354113,-0.46770994436680274,1.0,1.0,1.0,1.0,1.0,1.0,1.0,1.0,1.0,1.0,1.0,1.0,1.0,1.0,1.0,1.0,1.0,1.0,1.0,1.0,1.0,1.0,1.0,1.0,1.0,1.0,1.0,1.0,1.0,1.0,1.0,1.0,1.0,1.0,1.0,1.0,1.0,1.0,1.0,1.0,1.0,1.0,1.0,1.0,1.0,1.0,1.0,1.0,1.0,1.0,1.0,1.0,1.0,1.0,1.0,1.0,1.0,1.0,1.0,1.0,1.0,1.0,1.0,1.0,1.0,1.0,1.0,1.0,1.0,1.0,1.0,1.0
107,-0.4370700882920012,-1.0642902103354994,-1.5314054298308715,-1.7993061522625449,-1.880214125916636,-1.6780664092642694,-1.1904186526482214,-0.47911290239624194,0.1082643202345164,0.7078632911513912,1.0165846528586937,0.9916522863550161,0.8237254649037755,0.6345328014346924,0.5399364697001507,0.3959642748896985,0.31970056558433163,0.37103190838602085,0.4487622274857217,1.0647383411059927,1.4233244358206505,1.0769600893921092,0.43360725961093727,-0.29676441796738395,1.0,1.0,1.0,1.0,1.0,1.0,1.0,1.0,1.0,1.0,1.0,1.0,1.0,1.0,1.0,1.0,1.0,1.0,1.0,1.0,1.0,1.0,1.0,1.0,1.0,1.0,1.0,1.0,1.0,1.0,1.0,1.0,1.0,1.0,1.0,1.0,1.0,1.0,1.0,1.0,1.0,1.0,1.0,1.0,1.0,1.0,1.0,1.0,1.0,1.0,1.0,1.0,1.0,1.0,1.0,1.0,1.0,1.0,1.0,1.0,1.0,1.0,1.0,1.0,1.0,1.0,1.0,1.0,1.0,1.0,1.0,1.0
108,-0.6518546260538468,-1.1482766057731382,-1.4410212005248275,-1.563183208956868,-1.5936126546935763,-1.5007695282852256,-1.168933090835283,-0.5967706658881268,-0.13877419063927723,0.3512065195445065,0.4900269836718251,0.40584625422501913,0.3261077796302873,0.3085608729645942,0.26769212832551165,0.22549070723080678,0.2894591771006752,0.5209006548937408,0.8089808820507524,1.5181868691843976,1.9899543344746773,1.5512816678323504,0.8156442643288636,-0.06614332380786415,-1.0,-1.0,-1.0,-1.0,-1.0,-1.0,-1.0,-1.0,-1.0,-1.0,-1.0,-1.0,-1.0,-1.0,-1.0,-1.0,-1.0,-1.0,-1.0,-1.0,-1.0,-1.0,-1.0,-1.0,-1.0,-1.0,-1.0,-1.0,-1.0,-1.0,-1.0,-1.0,-1.0,-1.0,-1.0,-1.0,-1.0,-1.0,-1.0,-1.0,-1.0,-1.0,-1.0,-1.0,-1.0,-1.0,-1.0,-1.0,-1.0,-1.0,-1.0,-1.0,-1.0,-1.0,-1.0,-1.0,-1.0,-1.0,-1.0,-1.0,-1.0,-1.0,-1.0,-1.0,-1.0,-1.0,-1.0,-1.0,-1.0,-1.0,-1.0,-1.0
109,-1.390856905223647,-1.6493252818889048,-1.7626125071992447,-1.7876173452181936,-1.6897667801134293,-1.3575596464331081,-0.5935087541092049,0.3672638740576535,0.6589019338092719,0.6670667788766838,0.6775279866193052,0.6891373756995316,0.6605604179635899,0.645378909166371,0.7098046397764178,0.6326213387485399,0.6390001239574554,0.6633670834555128,0.6788037436610884,0.9865163421391739,1.0847496343564733,0.7478221996215545,0.20103273151331458,-0.4783078932361902,0.0,0.0,0.0,0.0,0.0,0.0,0.0,0.0,0.0,0.0,0.0,0.0,0.0,0.0,0.0,0.0,0.0,0.0,0.0,0.0,0.0,0.0,0.0,0.0,0.0,0.0,0.0,0.0,0.0,0.0,0.0,0.0,0.0,0.0,0.0,0.0,0.0,0.0,0.0,0.0,0.0,0.0,0.0,0.0,0.0,0.0,0.0,0.0,0.0,0.0,0.0,0.0,0.0,0.0,0.0,0.0,0.0,0.0,0.0,0.0,0.0,0.0,0.0,0.0,0.0,0.0,0.0,0.0,0.0,0.0,0.0,0.0
110,-1.133269136911416,-1.4676578391013566,-1.6825942424074827,-1.7890907605012956,-1.7717300142426935,-1.5009541957316606,-0.8157229497484775,0.08897922281733225,0.36299398652586545,0.3847596982530681,0.4770048574778793,0.5665293027367901,0.6490576263691001,0.7343066639673105,0.8180010078707206,0.8312159042765223,0.8001220303805184,0.7946806024487179,0.8088024035098196,1.0907201935002537,1.151094131981661,0.7902756369801173,0.24755797968695148,-0.4350821101382313,0.0,0.0,0.0,0.0,0.0,0.0,0.0,0.0,0.0,0.0,0.0,0.0,0.0,0.0,0.0,0.0,0.0,0.0,0.0,0.0,0.0,0.0,0.0,0.0,0.0,0.0,0.0,0.0,0.0,0.0,0.0,0.0,0.0,0.0,0.0,0.0,0.0,0.0,0.0,0.0,0.0,0.0,0.0,0.0,0.0,0.0,0.0,0.0,0.0,0.0,0.0,0.0,0.0,0.0,0.0,0.0,0.0,0.0,0.0,0.0,0.0,0.0,0.0,0.0,0.0,0.0,0.0,0.0,0.0,0.0,0.0,0.0
111,-1.0960829815718893,-1.4318385294455453,-1.6464463726758538,-1.7417757140345536,-1.733013826042026,-1.489783815369461,-0.8857976697512279,-0.04559102385445173,0.21504593762993474,0.23560716811906607,0.3543015441245061,0.4661032349091577,0.6078121700416368,0.7605026714580837,0.913076347701297,0.9377264592536079,0.9554838855851303,0.9456705710334995,0.8994078024329539,1.0970759955443756,1.1170531001673385,0.7723020139546876,0.21563006349610325,-0.4224690327063705,-1.0,-1.0,-1.0,-1.0,-1.0,-1.0,-1.0,-1.0,-1.0,-1.0,-1.0,-1.0,-1.0,-1.0,-1.0,-1.0,-1.0,-1.0,-1.0,-1.0,-1.0,-1.0,-1.0,-1.0,-1.0,-1.0,-1.0,-1.0,-1.0,-1.0,-1.0,-1.0,-1.0,-1.0,-1.0,-1.0,-1.0,-1.0,-1.0,-1.0,-1.0,-1.0,-1.0,-1.0,-1.0,-1.0,-1.0,-1.0,-1.0,-1.0,-1.0,-1.0,-1.0,-1.0,-1.0,-1.0,-1.0,-1.0,-1.0,-1.0,-1.0,-1.0,-1.0,-1.0,-1.0,-1.0,-1.0,-1.0,-1.0,-1.0,-1.0,-1.0
112,-0.8903500229729039,-1.370116092760645,-1.6091350435720495,-1.7632078822763975,-1.8074755745012017,-1.5890617056562975,-0.9697128225471021,-0.22301123928366562,0.17446743865076117,0.20756850580984887,0.33492120596409,0.4657302424481956,0.6114281123532564,0.7423700848500492,0.9211690219141977,0.980458483572644,0.9679624983800565,0.9337979431194721,0.8190741641705054,1.0457300658020097,1.1144579843612399,0.8245245406906765,0.3662941049582454,-0.28788401347497006,0.0,0.0,0.0,0.0,0.0,0.0,0.0,0.0,0.0,0.0,0.0,0.0,0.0,0.0,0.0,0.0,0.0,0.0,0.0,0.0,0.0,0.0,0.0,0.0,0.0,0.0,0.0,0.0,0.0,0.0,0.0,0.0,0.0,0.0,0.0,0.0,0.0,0.0,0.0,0.0,0.0,0.0,0.0,0.0,0.0,0.0,0.0,0.0,0.0,0.0,0.0,0.0,0.0,0.0,0.0,0.0,0.0,0.0,0.0,0.0,0.0,0.0,0.0,0.0,0.0,0.0,0.0,0.0,0.0,0.0,0.0,0.0
113,-0.8219508647874164,-1.293968701232797,-1.6305112885165811,-1.7777869835893119,-1.8462908708916121,-1.6343426021240923,-1.0418682658585596,-0.11652940337245331,0.34813231094650565,0.46138594118453685,0.6409979231046622,0.8065106709491462,0.854631969859487,0.936009070883025,0.9752417222239397,0.9258944029591953,0.8425250188597516,0.7686572925069355,0.740765329444254,0.9160862401239667,0.8201501473918861,0.5122657858922857,0.0748830244588065,-0.4608878704155604,1.0,1.0,1.0,1.0,1.0,1.0,1.0,1.0,1.0,1.0,1.0,1.0,1.0,1.0,1.0,1.0,1.0,1.0,1.0,1.0,1.0,1.0,1.0,1.0,1.0,1.0,1.0,1.0,1.0,1.0,1.0,1.0,1.0,1.0,1.0,1.0,1.0,1.0,1.0,1.0,1.0,1.0,1.0,1.0,1.0,1.0,1.0,1.0,1.0,1.0,1.0,1.0,1.0,1.0,1.0,1.0,1.0,1.0,1.0,1.0,1.0,1.0,1.0,1.0,1.0,1.0,1.0,1.0,1.0,1.0,1.0,1.0
114,-0.17980077510523873,-0.8956590867420985,-1.3387149549116768,-1.6375405902375995,-1.786843140138448,-1.7202414118222644,-1.4399407605313066,-0.9633634926794108,-0.3354988552086346,0.20834174753212206,0.7252770163173344,0.9685276995383623,1.0662249367703798,0.9769080494589416,0.8368679915755757,0.6937404363530488,0.5940583794029993,0.5647271546809716,0.6849190153840179,1.1345909492803694,1.1385605887164334,0.8095215865715798,0.30824434000639733,-0.41290682421188096,1.0,1.0,1.0,1.0,1.0,1.0,1.0,1.0,1.0,1.0,1.0,1.0,1.0,1.0,1.0,1.0,1.0,1.0,1.0,1.0,1.0,1.0,1.0,1.0,1.0,1.0,1.0,1.0,1.0,1.0,1.0,1.0,1.0,1.0,1.0,1.0,1.0,1.0,1.0,1.0,1.0,1.0,1.0,1.0,1.0,1.0,1.0,1.0,1.0,1.0,1.0,1.0,1.0,1.0,1.0,1.0,1.0,1.0,1.0,1.0,1.0,1.0,1.0,1.0,1.0,1.0,1.0,1.0,1.0,1.0,1.0,1.0
115,-0.2813214313511462,-0.7720425839746708,-1.1477417024351302,-1.5155355264513926,-1.6550639733914685,-1.6471586789472714,-1.4094069485380487,-0.9825210485514143,-0.5514848689815764,-0.10226651219008562,0.23311560460496933,0.4018936409885739,0.45327805487585393,0.49201399765241893,0.41276342084934464,0.3495210652957692,0.3621695364064843,0.509998542512967,0.8353014088916708,1.589861763590268,1.8299850823327501,1.4781994795659865,0.9202833241667878,0.19615835307834867,-1.0,-1.0,-1.0,-1.0,-1.0,-1.0,-1.0,-1.0,-1.0,-1.0,-1.0,-1.0,-1.0,-1.0,-1.0,-1.0,-1.0,-1.0,-1.0,-1.0,-1.0,-1.0,-1.0,-1.0,-1.0,-1.0,-1.0,-1.0,-1.0,-1.0,-1.0,-1.0,-1.0,-1.0,-1.0,-1.0,-1.0,-1.0,-1.0,-1.0,-1.0,-1.0,-1.0,-1.0,-1.0,-1.0,-1.0,-1.0,-1.0,-1.0,-1.0,-1.0,-1.0,-1.0,-1.0,-1.0,-1.0,-1.0,-1.0,-1.0,-1.0,-1.0,-1.0,-1.0,-1.0,-1.0,-1.0,-1.0,-1.0,-1.0,-1.0,-1.0
116,-1.337932688183244,-1.5370878147617137,-1.672134223197359,-1.7461379826187498,-1.7377759759044684,-1.4641989895688938,-0.8416475896906406,0.17224572441598407,0.6897145732514339,0.6957073447300023,0.7616278309942542,0.7878287853656695,0.7646939001228241,0.7574468276371136,0.7075535209085676,0.5791967178443476,0.4906988134515356,0.4789920040515416,0.5918790946943411,1.0534618653226766,1.0792447193583776,0.8032984977870902,0.27955814391592926,-0.35623309992660296,-1.0,-1.0,-1.0,-1.0,-1.0,-1.0,-1.0,-1.0,-1.0,-1.0,-1.0,-1.0,-1.0,-1.0,-1.0,-1.0,-1.0,-1.0,-1.0,-1.0,-1.0,-1.0,-1.0,-1.0,-1.0,-1.0,-1.0,-1.0,-1.0,-1.0,-1.0,-1.0,-1.0,-1.0,-1.0,-1.0,-1.0,-1.0,-1.0,-1.0,-1.0,-1.0,-1.0,-1.0,-1.0,-1.0,-1.0,-1.0,-1.0,-1.0,-1.0,-1.0,-1.0,-1.0,-1.0,-1.0,-1.0,-1.0,-1.0,-1.0,-1.0,-1.0,-1.0,-1.0,-1.0,-1.0,-1.0,-1.0,-1.0,-1.0,-1.0,-1.0
117,-1.0583146102522698,-1.4582685082663251,-1.6245279769488483,-1.7631526287952521,-1.7694605761165403,-1.5916365373449888,-0.9799158364019742,0.049030523077670515,0.6030785627974792,0.5889607759355486,0.6793746875406786,0.7187242636877619,0.7365967810980782,0.7010019354993808,0.6723157941097133,0.602327616687802,0.5392481434749206,0.5927155064839345,0.783455818341933,1.1611817115095446,1.1545733857443856,0.8241570974864352,0.244576890037603,-0.40604281938668846,1.0,1.0,1.0,1.0,1.0,1.0,1.0,1.0,1.0,1.0,1.0,1.0,1.0,1.0,1.0,1.0,1.0,1.0,1.0,1.0,1.0,1.0,1.0,1.0,1.0,1.0,1.0,1.0,1.0,1.0,1.0,1.0,1.0,1.0,1.0,1.0,1.0,1.0,1.0,1.0,1.0,1.0,1.0,1.0,1.0,1.0,1.0,1.0,1.0,1.0,1.0,1.0,1.0,1.0,1.0,1.0,1.0,1.0,1.0,1.0,1.0,1.0,1.0,1.0,1.0,1.0,1.0,1.0,1.0,1.0,1.0,1.0
118,-1.0150826488814386,-1.3674380500623649,-1.6181634346405402,-1.760702027351271,-1.803035989386358,-1.614599969822772,-1.0567039179529718,-0.11651936043299206,0.3963344961402171,0.4214212884573057,0.5348820082550474,0.6392202581193023,0.6701511327375308,0.7102044772892462,0.7776252316414217,0.7485473587284327,0.7398525045730782,0.7938746312104451,0.8493221437749193,1.1006176827239376,1.1148715419950106,0.8240928128651199,0.3414571379465858,-0.3102293079268751,0.0,0.0,0.0,0.0,0.0,0.0,0.0,0.0,0.0,0.0,0.0,0.0,0.0,0.0,0.0,0.0,0.0,0.0,0.0,0.0,0.0,0.0,0.0,0.0,0.0,0.0,0.0,0.0,0.0,0.0,0.0,0.0,0.0,0.0,0.0,0.0,0.0,0.0,0.0,0.0,0.0,0.0,0.0,0.0,0.0,0.0,0.0,0.0,0.0,0.0,0.0,0.0,0.0,0.0,0.0,0.0,0.0,0.0,0.0,0.0,0.0,0.0,0.0,0.0,0.0,0.0,0.0,0.0,0.0,0.0,0.0,0.0
119,-1.0242896603971021,-1.4381271970782066,-1.7103344371957276,-1.8223417476934625,-1.8193941868908905,-1.5796101156016609,-0.8926810705622638,0.1430917954615257,0.620449267438056,0.6051219512646817,0.661125606513549,0.7152133472407447,0.7028335918699424,0.6653995696772784,0.691632860820169,0.6674628622390788,0.6345975592904014,0.6429981075777315,0.7287721269325758,1.0280969264337592,1.0817425330405688,0.7998083422745601,0.2913541038308957,-0.3929221364861867,0.0,0.0,0.0,0.0,0.0,0.0,0.0,0.0,0.0,0.0,0.0,0.0,0.0,0.0,0.0,0.0,0.0,0.0,0.0,0.0,0.0,0.0,0.0,0.0,0.0,0.0,0.0,0.0,0.0,0.0,0.0,0.0,0.0,0.0,0.0,0.0,0.0,0.0,0.0,0.0,0.0,0.0,0.0,0.0,0.0,0.0,0.0,0.0,0.0,0.0,0.0,0.0,0.0,0.0,0.0,0.0,0.0,0.0,0.0,0.0,0.0,0.0,0.0,0.0,0.0,0.0,0.0,0.0,0.0,0.0,0.0,0.0
120,-0.9541085530712053,-1.3377267321598123,-1.6578092235748363,-1.819224213880696,-1.813385799337718,-1.638233363048381,-0.8464413201757011,0.27161506480456765,0.898729473950312,0.9318710623854513,0.9528206675102543,0.9562550290061237,0.8892849798366712,0.7994764267196875,0.7829914915395146,0.6730919236716953,0.5729802860671036,0.4718383400137511,0.48488891369805465,0.770627790154385,0.7156780062204753,0.4795656533794571,0.017644032185028812,-0.6024299358941834,1.0,1.0,1.0,1.0,1.0,1.0,1.0,1.0,1.0,1.0,1.0,1.0,1.0,1.0,1.0,1.0,1.0,1.0,1.0,1.0,1.0,1.0,1.0,1.0,1.0,1.0,1.0,1.0,1.0,1.0,1.0,1.0,1.0,1.0,1.0,1.0,1.0,1.0,1.0,1.0,1.0,1.0,1.0,1.0,1.0,1.0,1.0,1.0,1.0,1.0,1.0,1.0,1.0,1.0,1.0,1.0,1.0,1.0,1.0,1.0,1.0,1.0,1.0,1.0,1.0,1.0,1.0,1.0,1.0,1.0,1.0,1.0
121,-0.3991525580135908,-1.0388402123849576,-1.3713002314391778,-1.6243249683581662,-1.710301979610417,-1.6904431590766091,-1.4084479074965361,-0.8224958851578262,-0.12253086963678353,0.41809631524829416,0.9416682777925721,1.2168881670728753,1.2622130045265074,1.1164258984900821,0.9320893172997942,0.7844331458013633,0.6550003625574855,0.6108436910176066,0.5872467395597878,0.8080300972591821,0.7643406920848046,0.5227639811205996,0.0734873706910385,-0.5056892893479017,-1.0,-1.0,-1.0,-1.0,-1.0,-1.0,-1.0,-1.0,-1.0,-1.0,-1.0,-1.0,-1.0,-1.0,-1.0,-1.0,-1.0,-1.0,-1.0,-1.0,-1.0,-1.0,-1.0,-1.0,-1.0,-1.0,-1.0,-1.0,-1.0,-1.0,-1.0,-1.0,-1.0,-1.0,-1.0,-1.0,-1.0,-1.0,-1.0,-1.0,-1.0,-1.0,-1.0,-1.0,-1.0,-1.0,-1.0,-1.0,-1.0,-1.0,-1.0,-1.0,-1.0,-1.0,-1.0,-1.0,-1.0,-1.0,-1.0,-1.0,-1.0,-1.0,-1.0,-1.0,-1.0,-1.0,-1.0,-1.0,-1.0,-1.0,-1.0,-1.0
122,-0.325054873428501,-0.805147678476579,-1.16387944403201,-1.3909297037442379,-1.5002501991612365,-1.5088505877866996,-1.3993389726224685,-1.0988987299729547,-0.6681148197108656,-0.2667633505225839,0.12063637711772428,0.3079337294055891,0.3585804624222056,0.3683275695310639,0.3799858741122473,0.3536113489941602,0.3104182861196118,0.3918352984406632,0.7434956333484911,1.6281889432878036,1.841287461452058,1.627233344551641,1.1423625458227502,0.5533314848521386,1.0,1.0,1.0,1.0,1.0,1.0,1.0,1.0,1.0,1.0,1.0,1.0,1.0,1.0,1.0,1.0,1.0,1.0,1.0,1.0,1.0,1.0,1.0,1.0,1.0,1.0,1.0,1.0,1.0,1.0,1.0,1.0,1.0,1.0,1.0,1.0,1.0,1.0,1.0,1.0,1.0,1.0,1.0,1.0,1.0,1.0,1.0,1.0,1.0,1.0,1.0,1.0,1.0,1.0,1.0,1.0,1.0,1.0,1.0,1.0,1.0,1.0,1.0,1.0,1.0,1.0,1.0,1.0,1.0,1.0,1.0,1.0
123,-1.3735628573917606,-1.5757551923604083,-1.694359634660453,-1.7293761842918949,-1.6667480184636172,-1.3902553344562114,-0.7058637748137312,0.0834519263767252,0.37538201398508925,0.5057841468419638,0.6156030748975607,0.6789842848039339,0.7067214083471189,0.7284341792655398,0.7379727375880831,0.6996929969515607,0.6287813462642324,0.6891503798582235,1.1111060782844142,1.2300870426235067,1.0066839661218352,0.6344291768499488,0.14670762893674905,-0.44305139155839396,0.20851441405708743,0.20851441405708743,0.20851441405708743,0.20851441405708743,0.20851441405708743,0.20851441405708743,0.20851441405708743,0.20851441405708743,0.20851441405708743,0.20851441405708743,0.20851441405708743,0.20851441405708743,0.20851441405708743,0.20851441405708743,0.20851441405708743,0.20851441405708743,0.20851441405708743,0.20851441405708743,0.20851441405708743,0.20851441405708743,0.20851441405708743,0.20851441405708743,0.20851441405708743,-4.795831523312706,0.20851441405708743,0.20851441405708743,0.20851441405708743,0.20851441405708743,0.20851441405708743,0.20851441405708743,0.20851441405708743,0.20851441405708743,0.20851441405708743,0.20851441405708743,0.20851441405708743,0.20851441405708743,0.20851441405708743,0.20851441405708743,0.20851441405708743,0.20851441405708743,0.20851441405708743,0.20851441405708743,0.20851441405708743,0.20851441405708743,0.20851441405708743,0.20851441405708743,0.20851441405708743,-4.795831523312706,0.20851441405708743,0.20851441405708743,0.20851441405708743,0.20851441405708743,0.20851441405708743,0.20851441405708743,0.20851441405708743,0.20851441405708743,0.20851441405708743,0.20851441405708743,0.20851441405708743,0.20851441405708743,0.20851441405708743,0.20851441405708743,0.20851441405708743,0.20851441405708743,0.20851441405708743,0.20851441405708743,0.20851441405708743,0.20851441405708743,0.20851441405708743,0.20851441405708743,0.20851441405708743,-4.795831523312706
124,-1.1404539229663202,-1.4924752542446882,-1.6672502755853134,-1.7509995002654242,-1.7032212540544758,-1.450600641904633,-0.7891190607427073,0.032721691609988036,0.3185674060099733,0.4260684599846075,0.5633622709356091,0.641345155555778,0.735391416057214,0.7742455645563474,0.8147472387868929,0.7559854876998643,0.6585068819246531,0.6891234017667265,1.1472728489102186,1.2540874338300978,1.0186285480491302,0.6611154643327222,0.07871511827857357,-0.5757644785248509,-0.20851441405706636,-0.20851441405706636,-0.20851441405706636,-0.20851441405706636,-0.20851441405706636,-0.20851441405706636,-0.20851441405706636,-0.20851441405706636,-0.20851441405706636,-0.20851441405706636,-0.20851441405706636,-0.20851441405706636,-0.20851441405706636,-0.20851441405706636,-0.20851441405706636,-0.20851441405706636,-0.20851441405706636,-0.20851441405706636,-0.20851441405706636,-0.20851441405706636,-0.20851441405706636,-0.20851441405706636,-0.20851441405706636,4.795831523312728,-0.20851441405706636,-0.20851441405706636,-0.20851441405706636,-0.20851441405706636,-0.20851441405706636,-0.20851441405706636,-0.20851441405706636,-0.20851441405706636,-0.20851441405706636,-0.20851441405706636,-0.20851441405706636,-0.20851441405706636,-0.20851441405706636,-0.20851441405706636,-0.20851441405706636,-0.20851441405706636,-0.20851441405706636,-0.20851441405706636,-0.20851441405706636,-0.20851441405706636,-0.20851441405706636,-0.20851441405706636,-0.20851441405706636,4.795831523312728,-0.20851441405706636,-0.20851441405706636,-0.20851441405706636,-0.20851441405706636,-0.20851441405706636,-0.20851441405706636,-0.20851441405706636,-0.20851441405706636,-0.20851441405706636,-0.20851441405706636,-0.20851441405706636,-0.20851441405706636,-0.20851441405706636,-0.20851441405706636,-0.20851441405706636,-0.20851441405706636,-0.20851441405706636,-0.20851441405706636,-0.20851441405706636,-0.20851441405706636,-0.20851441405706636,-0.20851441405706636,-0.20851441405706636,4.795831523312728
125,-1.0898960045175246,-1.419464342226368,-1.6181117207231421,-1.723729686856725,-1.713532958302708,-1.4997793152814642,-0.8884791441912644,-0.12523512909244183,0.1614062402593673,0.30768523507131385,0.47095877747328857,0.6033903631378047,0.6891184143141692,0.7659085923135559,0.8411881438604957,0.8403069450965683,0.7710698993594164,0.8375374632670822,1.2117951668608147,1.2624011530177874,1.012014818524705,0.6385124281571963,0.14000569884970215,-0.47507103837161513,0.20851441405707388,0.20851441405707388,0.20851441405707388,0.20851441405707388,0.20851441405707388,0.20851441405707388,0.20851441405707388,0.20851441405707388,0.20851441405707388,0.20851441405707388,0.20851441405707388,0.20851441405707388,0.20851441405707388,0.20851441405707388,0.20851441405707388,0.20851441405707388,0.20851441405707388,0.20851441405707388,0.20851441405707388,0.20851441405707388,0.20851441405707388,0.20851441405707388,0.20851441405707388,-4.795831523312721,0.20851441405707388,0.20851441405707388,0.20851441405707388,0.20851441405707388,0.20851441405707388,0.20851441405707388,0.20851441405707388,0.20851441405707388,0.20851441405707388,0.20851441405707388,0.20851441405707388,0.20851441405707388,0.20851441405707388,0.20851441405707388,0.20851441405707388,0.20851441405707388,0.20851441405707388,0.20851441405707388,0.20851441405707388,0.20851441405707388,0.20851441405707388,0.20851441405707388,0.20851441405707388,-4.795831523312721,0.20851441405707388,0.20851441405707388,0.20851441405707388,0.20851441405707388,0.20851441405707388,0.20851441405707388,0.20851441405707388,0.20851441405707388,0.20851441405707388,0.20851441405707388,0.20851441405707388,0.20851441405707388,0.20851441405707388,0.20851441405707388,0.20851441405707388,0.20851441405707388,0.20851441405707388,0.20851441405707388,0.20851441405707388,0.20851441405707388,0.20851441405707388,0.20851441405707388,0.20851441405707388,-4.795831523312721
126,-1.0888955481731093,-1.4192719470407003,-1.6221719219079347,-1.728284241515639,-1.729228511323049,-1.515941568574304,-0.9421796268467727,-0.18617361228910176,0.12260261473398447,0.2832465157196192,0.43763462923116225,0.5901342031278853,0.7076957941504365,0.7942145152543822,0.8606675029508645,0.8443788487730411,0.779342265787674,0.8872250912842722,1.1739290115591485,1.1928144077073495,0.9810619033956458,0.6765348905059049,0.2052262228823638,-0.30456143939313673,0.20851441405707805,0.20851441405707805,0.20851441405707805,0.20851441405707805,0.20851441405707805,0.20851441405707805,0.20851441405707805,0.20851441405707805,0.20851441405707805,0.20851441405707805,0.20851441405707805,0.20851441405707805,0.20851441405707805,0.20851441405707805,0.20851441405707805,0.20851441405707805,0.20851441405707805,0.20851441405707805,0.20851441405707805,0.20851441405707805,0.20851441405707805,0.20851441405707805,0.20851441405707805,-4.795831523312716,0.20851441405707805,0.20851441405707805,0.20851441405707805,0.20851441405707805,0.20851441405707805,0.20851441405707805,0.20851441405707805,0.20851441405707805,0.20851441405707805,0.20851441405707805,0.20851441405707805,0.20851441405707805,0.20851441405707805,0.20851441405707805,0.20851441405707805,0.20851441405707805,0.20851441405707805,0.20851441405707805,0.20851441405707805,0.20851441405707805,0.20851441405707805,0.20851441405707805,0.20851441405707805,-4.795831523312716,0.20851441405707805,0.20851441405707805,0.20851441405707805,0.20851441405707805,0.20851441405707805,0.20851441405707805,0.20851441405707805,0.20851441405707805,0.20851441405707805,0.20851441405707805,0.20851441405707805,0.20851441405707805,0.20851441405707805,0.20851441405707805,0.20851441405707805,0.20851441405707805,0.20851441405707805,0.20851441405707805,0.20851441405707805,0.20851441405707805,0.20851441405707805,0.20851441405707805,0.20851441405707805,-4.795831523312716
127,-0.8858542095677331,-1.3245686265397658,-1.6135273263635808,-1.7628174816968298,-1.8106151613669346,-1.6309083007890732,-0.9473083691435821,-0.022547417344380514,0.37116269084735876,0.5443516860156603,0.7308867865463937,0.8347070712843809,0.8759868855449259,0.8677619601471481,0.8897985527223262,0.7654935481257228,0.6598110161278613,0.7377150264992658,1.100077305816456,1.0168969282087412,0.7763566571416557,0.43075460316333347,-0.022237042801068144,-0.5813767825782997,0.20851441405709267,0.20851441405709267,0.20851441405709267,0.20851441405709267,0.20851441405709267,0.20851441405709267,0.20851441405709267,0.20851441405709267,0.20851441405709267,0.20851441405709267,0.20851441405709267,0.20851441405709267,0.20851441405709267,0.20851441405709267,0.20851441405709267,0.20851441405709267,0.20851441405709267,0.20851441405709267,0.20851441405709267,0.20851441405709267,0.20851441405709267,0.20851441405709267,0.20851441405709267,-4.795831523312702,0.20851441405709267,0.20851441405709267,0.20851441405709267,0.20851441405709267,0.20851441405709267,0.20851441405709267,0.20851441405709267,0.20851441405709267,0.20851441405709267,0.20851441405709267,0.20851441405709267,0.20851441405709267,0.20851441405709267,0.20851441405709267,0.20851441405709267,0.20851441405709267,0.20851441405709267,0.20851441405709267,0.20851441405709267,0.20851441405709267,0.20851441405709267,0.20851441405709267,0.20851441405709267,-4.795831523312702,0.20851441405709267,0.20851441405709267,0.20851441405709267,0.20851441405709267,0.20851441405709267,0.20851441405709267,0.20851441405709267,0.20851441405709267,0.20851441405709267,0.20851441405709267,0.20851441405709267,0.20851441405709267,0.20851441405709267,0.20851441405709267,0.20851441405709267,0.20851441405709267,0.20851441405709267,0.20851441405709267,0.20851441405709267,0.20851441405709267,0.20851441405709267,0.20851441405709267,0.20851441405709267,-4.795831523312702
128,-0.4394050740691978,-1.0349994437711594,-1.512580562656469,-1.7471649471718502,-1.8019653976529024,-1.596944414054931,-1.0861946014574053,-0.5052617557876552,-0.02455604981351357,0.4900394084318051,0.7827891833700573,0.805382351550842,0.717172854504587,0.5090272838177837,0.31554323716319166,0.16484199834029825,0.10355202082859519,0.5063834024349259,1.4745246942668473,1.5797992438751842,1.3033934629400528,0.9270008951622999,0.39726320717879576,-0.3276409974302099,-0.20851441405707122,-0.20851441405707122,-0.20851441405707122,-0.20851441405707122,-0.20851441405707122,-0.20851441405707122,-0.20851441405707122,-0.20851441405707122,-0.20851441405707122,-0.20851441405707122,-0.20851441405707122,-0.20851441405707122,-0.20851441405707122,-0.20851441405707122,-0.20851441405707122,-0.20851441405707122,-0.20851441405707122,-0.20851441405707122,-0.20851441405707122,-0.20851441405707122,-0.20851441405707122,-0.20851441405707122,-0.20851441405707122,4.795831523312723,-0.20851441405707122,-0.20851441405707122,-0.20851441405707122,-0.20851441405707122,-0.20851441405707122,-0.20851441405707122,-0.20851441405707122,-0.20851441405707122,-0.20851441405707122,-0.20851441405707122,-0.20851441405707122,-0.20851441405707122,-0.20851441405707122,-0.20851441405707122,-0.20851441405707122,-0.20851441405707122,-0.20851441405707122,-0.20851441405707122,-0.20851441405707122,-0.20851441405707122,-0.20851441405707122,-0.20851441405707122,-0.20851441405707122,4.795831523312723,-0.20851441405707122,-0.20851441405707122,-0.20851441405707122,-0.20851441405707122,-0.20851441405707122,-0.20851441405707122,-0.20851441405707122,-0.20851441405707122,-0.20851441405707122,-0.20851441405707122,-0.20851441405707122,-0.20851441405707122,-0.20851441405707122,-0.20851441405707122,-0.20851441405707122,-0.20851441405707122,-0.20851441405707122,-0.20851441405707122,-0.20851441405707122,-0.20851441405707122,-0.20851441405707122,-0.20851441405707122,-0.20851441405707122,4.795831523312723
129,-0.4970944193995682,-0.8868563239240816,-1.2100222195819967,-1.3768627470583172,-1.3836391830482517,-1.3422795564889958,-1.1160867965491104,-0.6985181374452101,-0.27277102111207846,0.16349125451577928,0.27425093242022736,0.1812501902135389,0.10577471349806054,0.03801035359871468,-0.1201843762352755,-0.22977570310697623,-0.14986049246705802,0.45090560857162554,1.7286142979841195,2.048742480956891,1.9115780697123532,1.4542854754950434,0.8224412369852805,0.1046063624653132,-0.2085144140570758,-0.2085144140570758,-0.2085144140570758,-0.2085144140570758,-0.2085144140570758,-0.2085144140570758,-0.2085144140570758,-0.2085144140570758,-0.2085144140570758,-0.2085144140570758,-0.2085144140570758,-0.2085144140570758,-0.2085144140570758,-0.2085144140570758,-0.2085144140570758,-0.2085144140570758,-0.2085144140570758,-0.2085144140570758,-0.2085144140570758,-0.2085144140570758,-0.2085144140570758,-0.2085144140570758,-0.2085144140570758,4.795831523312718,-0.2085144140570758,-0.2085144140570758,-0.2085144140570758,-0.2085144140570758,-0.2085144140570758,-0.2085144140570758,-0.2085144140570758,-0.2085144140570758,-0.2085144140570758,-0.2085144140570758,-0.2085144140570758,-0.2085144140570758,-0.2085144140570758,-0.2085144140570758,-0.2085144140570758,-0.2085144140570758,-0.2085144140570758,-0.2085144140570758,-0.2085144140570758,-0.2085144140570758,-0.2085144140570758,-0.2085144140570758,-0.2085144140570758,4.795831523312718,-0.2085144140570758,-0.2085144140570758,-0.2085144140570758,-0.2085144140570758,-0.2085144140570758,-0.2085144140570758,-0.2085144140570758,-0.2085144140570758,-0.2085144140570758,-0.2085144140570758,-0.2085144140570758,-0.2085144140570758,-0.2085144140570758,-0.2085144140570758,-0.2085144140570758,-0.2085144140570758,-0.2085144140570758,-0.2085144140570758,-0.2085144140570758,-0.2085144140570758,-0.2085144140570758,-0.2085144140570758,-0.2085144140570758,4.795831523312718
130,-1.4193062567634684,-1.6236433394042205,-1.7257339489615755,-1.7378913039928332,-1.655595362242782,-1.3705209731123964,-0.503919768320191,0.5268057293939914,0.8485080471441915,0.7967613564983259,0.7002818338784743,0.6441709645034394,0.560004660440887,0.4717859047012489,0.42736479977934627,0.31919551270636237,0.2962835743782231,0.49937374881064106,1.1089559991599784,1.268092659248619,1.0718604799620386,0.7468850281649616,0.1963750541854527,-0.4460944001586967,-0.20851441405706256,-0.20851441405706256,-0.20851441405706256,-0.20851441405706256,-0.20851441405706256,-0.20851441405706256,-0.20851441405706256,-0.20851441405706256,-0.20851441405706256,-0.20851441405706256,-0.20851441405706256,-0.20851441405706256,-0.20851441405706256,-0.20851441405706256,-0.20851441405706256,-0.20851441405706256,-0.20851441405706256,-0.20851441405706256,-0.20851441405706256,-0.20851441405706256,-0.20851441405706256,-0.20851441405706256,-0.20851441405706256,4.7958315233127315,-0.20851441405706256,-0.20851441405706256,-0.20851441405706256,-0.20851441405706256,-0.20851441405706256,-0.20851441405706256,-0.20851441405706256,-0.20851441405706256,-0.20851441405706256,-0.20851441405706256,-0.20851441405706256,-0.20851441405706256,-0.20851441405706256,-0.20851441405706256,-0.20851441405706256,-0.20851441405706256,-0.20851441405706256,-0.20851441405706256,-0.20851441405706256,-0.20851441405706256,-0.20851441405706256,-0.20851441405706256,-0.20851441405706256,4.7958315233127315,-0.20851441405706256,-0.20851441405706256,-0.20851441405706256,-0.20851441405706256,-0.20851441405706256,-0.20851441405706256,-0.20851441405706256,-0.20851441405706256,-0.20851441405706256,-0.20851441405706256,-0.20851441405706256,-0.20851441405706256,-0.20851441405706256,-0.20851441405706256,-0.20851441405706256,-0.20851441405706256,-0.20851441405706256,-0.20851441405706256,-0.20851441405706256,-0.20851441405706256,-0.20851441405706256,-0.20851441405706256,-0.20851441405706256,4.7958315233127315
131,-1.0962578503594147,-1.4813348895578724,-1.6606624881575969,-1.8007834825007276,-1.7704409800760594,-1.4734935687065538,-0.6029364907134044,0.5197360989993195,0.8049215290918472,0.7982734527179031,0.7341791779332106,0.6639482172648775,0.5724093195005694,0.46757426898837307,0.4553008972210915,0.3796151046561888,0.3131343409167472,0.5043943842902177,1.1736340726005963,1.2856285899770403,1.0919820576488206,0.705029919985917,0.0676669055711167,-0.6515185872922271,0.20851441405706292,0.20851441405706292,0.20851441405706292,0.20851441405706292,0.20851441405706292,0.20851441405706292,0.20851441405706292,0.20851441405706292,0.20851441405706292,0.20851441405706292,0.20851441405706292,0.20851441405706292,0.20851441405706292,0.20851441405706292,0.20851441405706292,0.20851441405706292,0.20851441405706292,0.20851441405706292,0.20851441405706292,0.20851441405706292,0.20851441405706292,0.20851441405706292,0.20851441405706292,-4.7958315233127315,0.20851441405706292,0.20851441405706292,0.20851441405706292,0.20851441405706292,0.20851441405706292,0.20851441405706292,0.20851441405706292,0.20851441405706292,0.20851441405706292,0.20851441405706292,0.20851441405706292,0.20851441405706292,0.20851441405706292,0.20851441405706292,0.20851441405706292,0.20851441405706292,0.20851441405706292,0.20851441405706292,0.20851441405706292,0.20851441405706292,0.20851441405706292,0.20851441405706292,0.20851441405706292,-4.7958315233127315,0.20851441405706292,0.20851441405706292,0.20851441405706292,0.20851441405706292,0.20851441405706292,0.20851441405706292,0.20851441405706292,0.20851441405706292,0.20851441405706292,0.20851441405706292,0.20851441405706292,0.20851441405706292,0.20851441405706292,0.20851441405706292,0.20851441405706292,0.20851441405706292,0.20851441405706292,0.20851441405706292,0.20851441405706292,0.20851441405706292,0.20851441405706292,0.20851441405706292,0.20851441405706292,-4.7958315233127315
132,-1.1197186061476057,-1.4460679646060326,-1.6435085423567097,-1.7366616028681492,-1.7007490593376449,-1.4918603781907804,-0.7899191343369033,0.10930586393345675,0.4242071189956966,0.4538467291584273,0.5139100661548605,0.574600696488071,0.5992219599565828,0.6014174866353036,0.6330958001425608,0.6183544067282927,0.6152179400444058,0.8771129081489578,1.327195877286721,1.3351938673306323,1.0627917358350594,0.6837497370873334,0.12734054736580613,-0.6280774534483419,0.20851441405707385,0.20851441405707385,0.20851441405707385,0.20851441405707385,0.20851441405707385,0.20851441405707385,0.20851441405707385,0.20851441405707385,0.20851441405707385,0.20851441405707385,0.20851441405707385,0.20851441405707385,0.20851441405707385,0.20851441405707385,0.20851441405707385,0.20851441405707385,0.20851441405707385,0.20851441405707385,0.20851441405707385,0.20851441405707385,0.20851441405707385,0.20851441405707385,0.20851441405707385,-4.795831523312721,0.20851441405707385,0.20851441405707385,0.20851441405707385,0.20851441405707385,0.20851441405707385,0.20851441405707385,0.20851441405707385,0.20851441405707385,0.20851441405707385,0.20851441405707385,0.20851441405707385,0.20851441405707385,0.20851441405707385,0.20851441405707385,0.20851441405707385,0.20851441405707385,0.20851441405707385,0.20851441405707385,0.20851441405707385,0.20851441405707385,0.20851441405707385,0.20851441405707385,0.20851441405707385,-4.795831523312721,0.20851441405707385,0.20851441405707385,0.20851441405707385,0.20851441405707385,0.20851441405707385,0.20851441405707385,0.20851441405707385,0.20851441405707385,0.20851441405707385,0.20851441405707385,0.20851441405707385,0.20851441405707385,0.20851441405707385,0.20851441405707385,0.20851441405707385,0.20851441405707385,0.20851441405707385,0.20851441405707385,0.20851441405707385,0.20851441405707385,0.20851441405707385,0.20851441405707385,0.20851441405707385,-4.795831523312721
133,-1.160759143515109,-1.4408424771898314,-1.6413922909665104,-1.7355492347857697,-1.8173210338554278,-1.5539501846620953,-0.798456354936406,0.11416467263663688,0.48139167539289235,0.5597314463994076,0.644935273532208,0.6807477402780436,0.6562758880017227,0.5677892514172206,0.5818158008926729,0.5294400682768884,0.5049682160005674,0.6988031922624024,1.1552629246603647,1.2640432924008402,1.0755801861508807,0.790423419687165,0.26517390741491015,-0.42227623549369164,0.20851441405709847,0.20851441405709847,0.20851441405709847,0.20851441405709847,0.20851441405709847,0.20851441405709847,0.20851441405709847,0.20851441405709847,0.20851441405709847,0.20851441405709847,0.20851441405709847,0.20851441405709847,0.20851441405709847,0.20851441405709847,0.20851441405709847,0.20851441405709847,0.20851441405709847,0.20851441405709847,0.20851441405709847,0.20851441405709847,0.20851441405709847,0.20851441405709847,0.20851441405709847,-4.795831523312696,0.20851441405709847,0.20851441405709847,0.20851441405709847,0.20851441405709847,0.20851441405709847,0.20851441405709847,0.20851441405709847,0.20851441405709847,0.20851441405709847,0.20851441405709847,0.20851441405709847,0.20851441405709847,0.20851441405709847,0.20851441405709847,0.20851441405709847,0.20851441405709847,0.20851441405709847,0.20851441405709847,0.20851441405709847,0.20851441405709847,0.20851441405709847,0.20851441405709847,0.20851441405709847,-4.795831523312696,0.20851441405709847,0.20851441405709847,0.20851441405709847,0.20851441405709847,0.20851441405709847,0.20851441405709847,0.20851441405709847,0.20851441405709847,0.20851441405709847,0.20851441405709847,0.20851441405709847,0.20851441405709847,0.20851441405709847,0.20851441405709847,0.20851441405709847,0.20851441405709847,0.20851441405709847,0.20851441405709847,0.20851441405709847,0.20851441405709847,0.20851441405709847,0.20851441405709847,0.20851441405709847,-4.795831523312696
134,-1.1345049468813764,-1.475715560586792,-1.7329849831384814,-1.8250010539781365,-1.7590875011929956,-1.451678709428678,-0.49001687520444404,0.7193371986881681,1.0789510265615148,1.0077794125855364,0.8998013702736961,0.8239350588058987,0.6273211278485128,0.4707060195214261,0.37643649388569767,0.214938900167119,0.09062331058374802,0.3471415815367462,1.0569798422998011,1.0984809681274823,0.8571735170479783,0.5709847579466831,0.12104495033073609,-0.4926459057998627,-0.20851441405707485,-0.20851441405707485,-0.20851441405707485,-0.20851441405707485,-0.20851441405707485,-0.20851441405707485,-0.20851441405707485,-0.20851441405707485,-0.20851441405707485,-0.20851441405707485,-0.20851441405707485,-0.20851441405707485,-0.20851441405707485,-0.20851441405707485,-0.20851441405707485,-0.20851441405707485,-0.20851441405707485,-0.20851441405707485,-0.20851441405707485,-0.20851441405707485,-0.20851441405707485,-0.20851441405707485,-0.20851441405707485,4.795831523312719,-0.20851441405707485,-0.20851441405707485,-0.20851441405707485,-0.20851441405707485,-0.20851441405707485,-0.20851441405707485,-0.20851441405707485,-0.20851441405707485,-0.20851441405707485,-0.20851441405707485,-0.20851441405707485,-0.20851441405707485,-0.20851441405707485,-0.20851441405707485,-0.20851441405707485,-0.20851441405707485,-0.20851441405707485,-0.20851441405707485,-0.20851441405707485,-0.20851441405707485,-0.20851441405707485,-0.20851441405707485,-0.20851441405707485,4.795831523312719,-0.20851441405707485,-0.20851441405707485,-0.20851441405707485,-0.20851441405707485,-0.20851441405707485,-0.20851441405707485,-0.20851441405707485,-0.20851441405707485,-0.20851441405707485,-0.20851441405707485,-0.20851441405707485,-0.20851441405707485,-0.20851441405707485,-0.20851441405707485,-0.20851441405707485,-0.20851441405707485,-0.20851441405707485,-0.20851441405707485,-0.20851441405707485,-0.20851441405707485,-0.20851441405707485,-0.20851441405707485,-0.20851441405707485,4.795831523312719
135,-0.16382181119424385,-0.8705491930713272,-1.2523728911339835,-1.4662648701413048,-1.5652561992686602,-1.402274046669693,-0.6746877775836313,0.29896265247614234,0.8858398180168919,1.2991286171236005,1.2637745710066879,0.9081128670705468,0.4216411925018292,-0.02381978857126988,-0.46150287949864816,-0.7121630664675587,-0.7397392224387505,-0.08286104558651396,1.4172111311540887,1.6600934279772783,1.3047852645023066,0.8808902515605241,0.04653476320138624,-0.9716617649656973,0.20851441405706292,0.20851441405706292,0.20851441405706292,0.20851441405706292,0.20851441405706292,0.20851441405706292,0.20851441405706292,0.20851441405706292,0.20851441405706292,0.20851441405706292,0.20851441405706292,0.20851441405706292,0.20851441405706292,0.20851441405706292,0.20851441405706292,0.20851441405706292,0.20851441405706292,0.20851441405706292,0.20851441405706292,0.20851441405706292,0.20851441405706292,0.20851441405706292,0.20851441405706292,-4.7958315233127315,0.20851441405706292,0.20851441405706292,0.20851441405706292,0.20851441405706292,0.20851441405706292,0.20851441405706292,0.20851441405706292,0.20851441405706292,0.20851441405706292,0.20851441405706292,0.20851441405706292,0.20851441405706292,0.20851441405706292,0.20851441405706292,0.20851441405706292,0.20851441405706292,0.20851441405706292,0.20851441405706292,0.20851441405706292,0.20851441405706292,0.20851441405706292,0.20851441405706292,0.20851441405706292,-4.7958315233127315,0.20851441405706292,0.20851441405706292,0.20851441405706292,0.20851441405706292,0.20851441405706292,0.20851441405706292,0.20851441405706292,0.20851441405706292,0.20851441405706292,0.20851441405706292,0.20851441405706292,0.20851441405706292,0.20851441405706292,0.20851441405706292,0.20851441405706292,0.20851441405706292,0.20851441405706292,0.20851441405706292,0.20851441405706292,0.20851441405706292,0.20851441405706292,0.20851441405706292,0.20851441405706292,-4.7958315233127315
136,-0.6091958225819544,-1.0626142986819125,-1.3479008076256715,-1.4858672340820795,-1.4919471105021924,-1.3116553905057677,-0.9791329186057468,-0.5179976762802609,-0.1534389324742606,0.23754388961915343,0.3149453932752061,0.21953810175958832,0.16435153117702508,0.08788539312406672,0.010951572269561201,-0.05148408173698279,-0.0028450703760796057,0.6224468352924546,1.8250931594709405,1.9962650648371958,1.7769218309115844,1.3136820159791363,0.6413879887551139,-0.1969334330181452,0.0,0.0,0.0,0.0,0.0,0.0,0.0,0.0,0.0,0.0,0.0,0.0,0.0,0.0,0.0,0.0,0.0,0.0,0.0,0.0,0.0,0.0,0.0,0.0,0.0,0.0,0.0,0.0,0.0,0.0,0.0,0.0,0.0,0.0,0.0,0.0,0.0,0.0,0.0,0.0,0.0,0.0,0.0,0.0,0.0,0.0,0.0,0.0,0.0,0.0,0.0,0.0,0.0,0.0,0.0,0.0,0.0,0.0,0.0,0.0,0.0,0.0,0.0,0.0,0.0,0.0,0.0,0.0,0.0,0.0,0.0,0.0
137,-1.383207409985242,-1.574338407612115,-1.6731423386112558,-1.6918109476817877,-1.6821591497949822,-1.420163636104458,-0.757618510111504,0.07510305230670561,0.4196468373975403,0.4816215396180811,0.5470251700352502,0.6110318297056448,0.6373202792131284,0.6177626887582855,0.6317323962260304,0.5799174812547586,0.5714086594334958,0.8419129949452827,1.2469075141692678,1.2267149370113457,1.0503156308959127,0.7381561676621231,0.24375552064457084,-0.33789229937607884,-0.20851441405707816,-0.20851441405707816,-0.20851441405707816,-0.20851441405707816,-0.20851441405707816,-0.20851441405707816,-0.20851441405707816,-0.20851441405707816,-0.20851441405707816,-0.20851441405707816,-0.20851441405707816,-0.20851441405707816,-0.20851441405707816,-0.20851441405707816,-0.20851441405707816,-0.20851441405707816,-0.20851441405707816,-0.20851441405707816,-0.20851441405707816,-0.20851441405707816,-0.20851441405707816,-0.20851441405707816,-0.20851441405707816,4.7958315233127164,-0.20851441405707816,-0.20851441405707816,-0.20851441405707816,-0.20851441405707816,-0.20851441405707816,-0.20851441405707816,-0.20851441405707816,-0.20851441405707816,-0.20851441405707816,-0.20851441405707816,-0.20851441405707816,-0.20851441405707816,-0.20851441405707816,-0.20851441405707816,-0.20851441405707816,-0.20851441405707816,-0.20851441405707816,-0.20851441405707816,-0.20851441405707816,-0.20851441405707816,-0.20851441405707816,-0.20851441405707816,-0.20851441405707816,4.7958315233127164,-0.20851441405707816,-0.20851441405707816,-0.20851441405707816,-0.20851441405707816,-0.20851441405707816,-0.20851441405707816,-0.20851441405707816,-0.20851441405707816,-0.20851441405707816,-0.20851441405707816,-0.20851441405707816,-0.20851441405707816,-0.20851441405707816,-0.20851441405707816,-0.20851441405707816,-0.20851441405707816,-0.20851441405707816,-0.20851441405707816,-0.20851441405707816,-0.20851441405707816,-0.20851441405707816,-0.20851441405707816,-0.20851441405707816,4.7958315233127164
138,-1.10285348679825,-1.4133527137116189,-1.6631269995681295,-1.7653855088006687,-1.7162613229928803,-1.5207671141659669,-0.8582350921635482,0.044761967656004285,0.4283029868783297,0.5216819056733095,0.6561647350421533,0.7323573497644376,0.7568478330680288,0.731354815360197,0.6810848759475621,0.5932915059762083,0.5917160947695445,0.8718528511544842,1.203405300556905,1.1870783116878443,0.9499073154846437,0.5862737651465242,0.08658197423289712,-0.582681350197994,0.20851441405707172,0.20851441405707172,0.20851441405707172,0.20851441405707172,0.20851441405707172,0.20851441405707172,0.20851441405707172,0.20851441405707172,0.20851441405707172,0.20851441405707172,0.20851441405707172,0.20851441405707172,0.20851441405707172,0.20851441405707172,0.20851441405707172,0.20851441405707172,0.20851441405707172,0.20851441405707172,0.20851441405707172,0.20851441405707172,0.20851441405707172,0.20851441405707172,0.20851441405707172,-4.795831523312723,0.20851441405707172,0.20851441405707172,0.20851441405707172,0.20851441405707172,0.20851441405707172,0.20851441405707172,0.20851441405707172,0.20851441405707172,0.20851441405707172,0.20851441405707172,0.20851441405707172,0.20851441405707172,0.20851441405707172,0.20851441405707172,0.20851441405707172,0.20851441405707172,0.20851441405707172,0.20851441405707172,0.20851441405707172,0.20851441405707172,0.20851441405707172,0.20851441405707172,0.20851441405707172,-4.795831523312723,0.20851441405707172,0.20851441405707172,0.20851441405707172,0.20851441405707172,0.20851441405707172,0.20851441405707172,0.20851441405707172,0.20851441405707172,0.20851441405707172,0.20851441405707172,0.20851441405707172,0.20851441405707172,0.20851441405707172,0.20851441405707172,0.20851441405707172,0.20851441405707172,0.20851441405707172,0.20851441405707172,0.20851441405707172,0.20851441405707172,0.20851441405707172,0.20851441405707172,0.20851441405707172,-4.795831523312723
139,-0.9901999417436512,-1.3283997771230571,-1.6086742169691484,-1.7310114455564358,-1.819558860082623,-1.6697674075706914,-0.9615389387453964,0.038277523741090225,0.4140383577866301,0.5214416953379848,0.5953569135966417,0.6033518249593128,0.6289958802735407,0.6033518249593128,0.6142128366218094,0.5366772811423202,0.5261179642482263,0.7545009039290562,1.2367599912207428,1.271454889587051,1.1046176826603682,0.798246645347445,0.2468994560915445,-0.38515108371207335,0.2085144140570721,0.2085144140570721,0.2085144140570721,0.2085144140570721,0.2085144140570721,0.2085144140570721,0.2085144140570721,0.2085144140570721,0.2085144140570721,0.2085144140570721,0.2085144140570721,0.2085144140570721,0.2085144140570721,0.2085144140570721,0.2085144140570721,0.2085144140570721,0.2085144140570721,0.2085144140570721,0.2085144140570721,0.2085144140570721,0.2085144140570721,0.2085144140570721,0.2085144140570721,-4.795831523312723,0.2085144140570721,0.2085144140570721,0.2085144140570721,0.2085144140570721,0.2085144140570721,0.2085144140570721,0.2085144140570721,0.2085144140570721,0.2085144140570721,0.2085144140570721,0.2085144140570721,0.2085144140570721,0.2085144140570721,0.2085144140570721,0.2085144140570721,0.2085144140570721,0.2085144140570721,0.2085144140570721,0.2085144140570721,0.2085144140570721,0.2085144140570721,0.2085144140570721,0.2085144140570721,-4.795831523312723,0.2085144140570721,0.2085144140570721,0.2085144140570721,0.2085144140570721,0.2085144140570721,0.2085144140570721,0.2085144140570721,0.2085144140570721,0.2085144140570721,0.2085144140570721,0.2085144140570721,0.2085144140570721,0.2085144140570721,0.2085144140570721,0.2085144140570721,0.2085144140570721,0.2085144140570721,0.2085144140570721,0.2085144140570721,0.2085144140570721,0.2085144140570721,0.2085144140570721,0.2085144140570721,-4.795831523312723
140,-1.1536841933383268,-1.5148629922450947,-1.7279930533561212,-1.8510914454928846,-1.7793967775450994,-1.469170792966003,-0.664146387246216,0.387074802747098,0.6945953281583535,0.608621847935852,0.5713466327344876,0.5690920834279535,0.48928103797664524,0.4171354601675531,0.39338754080539357,0.28652190367567576,0.2820128050626075,0.5663866242601125,1.1919489051797827,1.2970109028642731,1.1551245998397253,0.9063726596854594,0.46733675805971303,-0.12290425039092237,0.2085144140570783,0.2085144140570783,0.2085144140570783,0.2085144140570783,0.2085144140570783,0.2085144140570783,0.2085144140570783,0.2085144140570783,0.2085144140570783,0.2085144140570783,0.2085144140570783,0.2085144140570783,0.2085144140570783,0.2085144140570783,0.2085144140570783,0.2085144140570783,0.2085144140570783,0.2085144140570783,0.2085144140570783,0.2085144140570783,0.2085144140570783,0.2085144140570783,0.2085144140570783,-4.795831523312716,0.2085144140570783,0.2085144140570783,0.2085144140570783,0.2085144140570783,0.2085144140570783,0.2085144140570783,0.2085144140570783,0.2085144140570783,0.2085144140570783,0.2085144140570783,0.2085144140570783,0.2085144140570783,0.2085144140570783,0.2085144140570783,0.2085144140570783,0.2085144140570783,0.2085144140570783,0.2085144140570783,0.2085144140570783,0.2085144140570783,0.2085144140570783,0.2085144140570783,0.2085144140570783,-4.795831523312716,0.2085144140570783,0.2085144140570783,0.2085144140570783,0.2085144140570783,0.2085144140570783,0.2085144140570783,0.2085144140570783,0.2085144140570783,0.2085144140570783,0.2085144140570783,0.2085144140570783,0.2085144140570783,0.2085144140570783,0.2085144140570783,0.2085144140570783,0.2085144140570783,0.2085144140570783,0.2085144140570783,0.2085144140570783,0.2085144140570783,0.2085144140570783,0.2085144140570783,0.2085144140570783,-4.795831523312716
141,-1.0771794512239838,-1.5016180028697879,-1.7243661367103034,-1.8337117080491858,-1.7365371101985534,-1.3290992834252258,-0.348659752427294,0.9022458560873085,1.2534653767482424,1.0904129700167637,0.9068824174161657,0.7154310725454366,0.5118087541864572,0.3402559850187403,0.2824921584633942,0.15653224236277324,0.17913547884095216,0.5624245486931485,1.1081864551107163,1.0459792572818822,0.7708766184363541,0.4718184127250638,-0.06640908153311113,-0.6803670774959539,0.20851441405707452,0.20851441405707452,0.20851441405707452,0.20851441405707452,0.20851441405707452,0.20851441405707452,0.20851441405707452,0.20851441405707452,0.20851441405707452,0.20851441405707452,0.20851441405707452,0.20851441405707452,0.20851441405707452,0.20851441405707452,0.20851441405707452,0.20851441405707452,0.20851441405707452,0.20851441405707452,0.20851441405707452,0.20851441405707452,0.20851441405707452,0.20851441405707452,0.20851441405707452,-4.79583152331272,0.20851441405707452,0.20851441405707452,0.20851441405707452,0.20851441405707452,0.20851441405707452,0.20851441405707452,0.20851441405707452,0.20851441405707452,0.20851441405707452,0.20851441405707452,0.20851441405707452,0.20851441405707452,0.20851441405707452,0.20851441405707452,0.20851441405707452,0.20851441405707452,0.20851441405707452,0.20851441405707452,0.20851441405707452,0.20851441405707452,0.20851441405707452,0.20851441405707452,0.20851441405707452,-4.79583152331272,0.20851441405707452,0.20851441405707452,0.20851441405707452,0.20851441405707452,0.20851441405707452,0.20851441405707452,0.20851441405707452,0.20851441405707452,0.20851441405707452,0.20851441405707452,0.20851441405707452,0.20851441405707452,0.20851441405707452,0.20851441405707452,0.20851441405707452,0.20851441405707452,0.20851441405707452,0.20851441405707452,0.20851441405707452,0.20851441405707452,0.20851441405707452,0.20851441405707452,0.20851441405707452,-4.79583152331272
142,-0.7820520733338713,-1.2148460803565044,-1.5113398417546946,-1.6650170111240863,-1.6689992228156372,-1.4905237351852247,-1.1399080967064124,-0.6691020689917035,-0.2305157540540875,0.22671455198487994,0.542214323729108,0.6482859624222336,0.6321761060336872,0.4683623978130753,0.32789893087473854,0.2140438784208547,0.27124291908131143,0.7290162539873085,1.4306095501896197,1.5086246974195465,1.3453540180659642,1.109679489775095,0.7042179357262878,0.2138628687985115,-0.208514414057074,-0.208514414057074,-0.208514414057074,-0.208514414057074,-0.208514414057074,-0.208514414057074,-0.208514414057074,-0.208514414057074,-0.208514414057074,-0.208514414057074,-0.208514414057074,-0.208514414057074,-0.208514414057074,-0.208514414057074,-0.208514414057074,-0.208514414057074,-0.208514414057074,-0.208514414057074,-0.208514414057074,-0.208514414057074,-0.208514414057074,-0.208514414057074,-0.208514414057074,4.79583152331272,-0.208514414057074,-0.208514414057074,-0.208514414057074,-0.208514414057074,-0.208514414057074,-0.208514414057074,-0.208514414057074,-0.208514414057074,-0.208514414057074,-0.208514414057074,-0.208514414057074,-0.208514414057074,-0.208514414057074,-0.208514414057074,-0.208514414057074,-0.208514414057074,-0.208514414057074,-0.208514414057074,-0.208514414057074,-0.208514414057074,-0.208514414057074,-0.208514414057074,-0.208514414057074,4.79583152331272,-0.208514414057074,-0.208514414057074,-0.208514414057074,-0.208514414057074,-0.208514414057074,-0.208514414057074,-0.208514414057074,-0.208514414057074,-0.208514414057074,-0.208514414057074,-0.208514414057074,-0.208514414057074,-0.208514414057074,-0.208514414057074,-0.208514414057074,-0.208514414057074,-0.208514414057074,-0.208514414057074,-0.208514414057074,-0.208514414057074,-0.208514414057074,-0.208514414057074,-0.208514414057074,4.79583152331272
143,-0.7124152933008561,-1.1099878419038005,-1.341318299598697,-1.4168634859676945,-1.386560049627588,-1.1857464327540665,-0.8346960610676232,-0.2542358720176987,0.20906525681589908,0.5667311674216614,0.5494454044389246,0.30872514956822067,0.029805492550481226,-0.2040858189196354,-0.4678537577673217,-0.6101945467733142,-0.47382908324283557,0.31000557645583077,1.5791220265587356,1.8554808298012546,1.8591087059828166,1.4958942788640772,0.9743337266442186,0.26006892783903585,-0.20851441405707716,-0.20851441405707716,-0.20851441405707716,-0.20851441405707716,-0.20851441405707716,-0.20851441405707716,-0.20851441405707716,-0.20851441405707716,-0.20851441405707716,-0.20851441405707716,-0.20851441405707716,-0.20851441405707716,-0.20851441405707716,-0.20851441405707716,-0.20851441405707716,-0.20851441405707716,-0.20851441405707716,-0.20851441405707716,-0.20851441405707716,-0.20851441405707716,-0.20851441405707716,-0.20851441405707716,-0.20851441405707716,4.795831523312717,-0.20851441405707716,-0.20851441405707716,-0.20851441405707716,-0.20851441405707716,-0.20851441405707716,-0.20851441405707716,-0.20851441405707716,-0.20851441405707716,-0.20851441405707716,-0.20851441405707716,-0.20851441405707716,-0.20851441405707716,-0.20851441405707716,-0.20851441405707716,-0.20851441405707716,-0.20851441405707716,-0.20851441405707716,-0.20851441405707716,-0.20851441405707716,-0.20851441405707716,-0.20851441405707716,-0.20851441405707716,-0.20851441405707716,4.795831523312717,-0.20851441405707716,-0.20851441405707716,-0.20851441405707716,-0.20851441405707716,-0.20851441405707716,-0.20851441405707716,-0.20851441405707716,-0.20851441405707716,-0.20851441405707716,-0.20851441405707716,-0.20851441405707716,-0.20851441405707716,-0.20851441405707716,-0.20851441405707716,-0.20851441405707716,-0.20851441405707716,-0.20851441405707716,-0.20851441405707716,-0.20851441405707716,-0.20851441405707716,-0.20851441405707716,-0.20851441405707716,-0.20851441405707716,4.795831523312717
144,-1.1672569734998228,-1.4166954530545435,-1.5612974701877151,-1.6067709992598571,-1.5291425479567862,-1.1703012264921,-0.11698969116415632,1.133246959601725,1.534137025522241,1.4072297289066813,1.098808847626588,0.7367330073576074,0.374847432900644,0.0877363225664917,-0.17216677664918228,-0.3869768784167488,-0.48914961947005553,-0.011392165494537686,0.8900872518435761,1.1486584903751287,0.99530424588916,0.685361238112928,0.13853729437511905,-0.6025480434323848,-0.20851441405707358,-0.20851441405707358,-0.20851441405707358,-0.20851441405707358,-0.20851441405707358,-0.20851441405707358,-0.20851441405707358,-0.20851441405707358,-0.20851441405707358,-0.20851441405707358,-0.20851441405707358,-0.20851441405707358,-0.20851441405707358,-0.20851441405707358,-0.20851441405707358,-0.20851441405707358,-0.20851441405707358,-0.20851441405707358,-0.20851441405707358,-0.20851441405707358,-0.20851441405707358,-0.20851441405707358,-0.20851441405707358,4.79583152331272,-0.20851441405707358,-0.20851441405707358,-0.20851441405707358,-0.20851441405707358,-0.20851441405707358,-0.20851441405707358,-0.20851441405707358,-0.20851441405707358,-0.20851441405707358,-0.20851441405707358,-0.20851441405707358,-0.20851441405707358,-0.20851441405707358,-0.20851441405707358,-0.20851441405707358,-0.20851441405707358,-0.20851441405707358,-0.20851441405707358,-0.20851441405707358,-0.20851441405707358,-0.20851441405707358,-0.20851441405707358,-0.20851441405707358,4.79583152331272,-0.20851441405707358,-0.20851441405707358,-0.20851441405707358,-0.20851441405707358,-0.20851441405707358,-0.20851441405707358,-0.20851441405707358,-0.20851441405707358,-0.20851441405707358,-0.20851441405707358,-0.20851441405707358,-0.20851441405707358,-0.20851441405707358,-0.20851441405707358,-0.20851441405707358,-0.20851441405707358,-0.20851441405707358,-0.20851441405707358,-0.20851441405707358,-0.20851441405707358,-0.20851441405707358,-0.20851441405707358,-0.20851441405707358,4.79583152331272
145,-0.9372626678414739,-1.3643203444672893,-1.5181960127480618,-1.6284384435848345,-1.5980848871020519,-1.1965326294652414,-0.12404030040692537,1.1619808669642984,1.5694352050283165,1.3887893862384233,1.0734496605561825,0.71405512025657,0.3479153451830057,0.022036190166465536,-0.14996729656930213,-0.3223923604784418,-0.3818347419238909,0.0764196455314509,1.003046272603062,1.1396372767755834,0.9986197122826562,0.6489214469705992,-0.04372984887956327,-0.8795065950895128,-0.20851441405707505,-0.20851441405707505,-0.20851441405707505,-0.20851441405707505,-0.20851441405707505,-0.20851441405707505,-0.20851441405707505,-0.20851441405707505,-0.20851441405707505,-0.20851441405707505,-0.20851441405707505,-0.20851441405707505,-0.20851441405707505,-0.20851441405707505,-0.20851441405707505,-0.20851441405707505,-0.20851441405707505,-0.20851441405707505,-0.20851441405707505,-0.20851441405707505,-0.20851441405707505,-0.20851441405707505,-0.20851441405707505,4.795831523312719,-0.20851441405707505,-0.20851441405707505,-0.20851441405707505,-0.20851441405707505,-0.20851441405707505,-0.20851441405707505,-0.20851441405707505,-0.20851441405707505,-0.20851441405707505,-0.20851441405707505,-0.20851441405707505,-0.20851441405707505,-0.20851441405707505,-0.20851441405707505,-0.20851441405707505,-0.20851441405707505,-0.20851441405707505,-0.20851441405707505,-0.20851441405707505,-0.20851441405707505,-0.20851441405707505,-0.20851441405707505,-0.20851441405707505,4.795831523312719,-0.20851441405707505,-0.20851441405707505,-0.20851441405707505,-0.20851441405707505,-0.20851441405707505,-0.20851441405707505,-0.20851441405707505,-0.20851441405707505,-0.20851441405707505,-0.20851441405707505,-0.20851441405707505,-0.20851441405707505,-0.20851441405707505,-0.20851441405707505,-0.20851441405707505,-0.20851441405707505,-0.20851441405707505,-0.20851441405707505,-0.20851441405707505,-0.20851441405707505,-0.20851441405707505,-0.20851441405707505,-0.20851441405707505,4.795831523312719
146,-0.9238356463019899,-1.3383070550245866,-1.5579414767408344,-1.658312045804711,-1.7311299096353665,-1.4339543031913395,-0.5806076611110078,0.4738737291718377,0.9910773674068727,1.0953840372183523,1.1062083142742607,0.9684447881081554,0.8111975632414153,0.6334826144871396,0.49414464802199315,0.3256795360245845,0.2526648671565487,0.5785740090580777,1.1001073581154759,1.0042633049113427,0.6952793962245067,0.2721485658571836,-0.34778730189028995,-1.2306546995776444,0.20851441405707735,0.20851441405707735,0.20851441405707735,0.20851441405707735,0.20851441405707735,0.20851441405707735,0.20851441405707735,0.20851441405707735,0.20851441405707735,0.20851441405707735,0.20851441405707735,0.20851441405707735,0.20851441405707735,0.20851441405707735,0.20851441405707735,0.20851441405707735,0.20851441405707735,0.20851441405707735,0.20851441405707735,0.20851441405707735,0.20851441405707735,0.20851441405707735,0.20851441405707735,-4.7958315233127164,0.20851441405707735,0.20851441405707735,0.20851441405707735,0.20851441405707735,0.20851441405707735,0.20851441405707735,0.20851441405707735,0.20851441405707735,0.20851441405707735,0.20851441405707735,0.20851441405707735,0.20851441405707735,0.20851441405707735,0.20851441405707735,0.20851441405707735,0.20851441405707735,0.20851441405707735,0.20851441405707735,0.20851441405707735,0.20851441405707735,0.20851441405707735,0.20851441405707735,0.20851441405707735,-4.7958315233127164,0.20851441405707735,0.20851441405707735,0.20851441405707735,0.20851441405707735,0.20851441405707735,0.20851441405707735,0.20851441405707735,0.20851441405707735,0.20851441405707735,0.20851441405707735,0.20851441405707735,0.20851441405707735,0.20851441405707735,0.20851441405707735,0.20851441405707735,0.20851441405707735,0.20851441405707735,0.20851441405707735,0.20851441405707735,0.20851441405707735,0.20851441405707735,0.20851441405707735,0.20851441405707735,-4.7958315233127164
147,0.1097561917516146,-0.6186596312261272,-1.1124779361794626,-1.3516754055376807,-1.5153795559468688,-1.6230725342325825,-1.3830633087566326,-0.8294456364637426,-0.15785274172720656,0.7586199151916684,1.5866111552778088,1.9992538484579931,1.8009147703589274,1.0584285080071727,0.42092937021536014,-0.01660717724192381,-0.2917925011529057,-0.041771616891600624,0.5275400070107652,0.5545985442684822,0.4728817617501768,0.2991659525556336,-0.042312787636754966,-0.6045891918521143,0.20851441405707116,0.20851441405707116,0.20851441405707116,0.20851441405707116,0.20851441405707116,0.20851441405707116,0.20851441405707116,0.20851441405707116,0.20851441405707116,0.20851441405707116,0.20851441405707116,0.20851441405707116,0.20851441405707116,0.20851441405707116,0.20851441405707116,0.20851441405707116,0.20851441405707116,0.20851441405707116,0.20851441405707116,0.20851441405707116,0.20851441405707116,0.20851441405707116,0.20851441405707116,-4.7958315233127236,0.20851441405707116,0.20851441405707116,0.20851441405707116,0.20851441405707116,0.20851441405707116,0.20851441405707116,0.20851441405707116,0.20851441405707116,0.20851441405707116,0.20851441405707116,0.20851441405707116,0.20851441405707116,0.20851441405707116,0.20851441405707116,0.20851441405707116,0.20851441405707116,0.20851441405707116,0.20851441405707116,0.20851441405707116,0.20851441405707116,0.20851441405707116,0.20851441405707116,0.20851441405707116,-4.7958315233127236,0.20851441405707116,0.20851441405707116,0.20851441405707116,0.20851441405707116,0.20851441405707116,0.20851441405707116,0.20851441405707116,0.20851441405707116,0.20851441405707116,0.20851441405707116,0.20851441405707116,0.20851441405707116,0.20851441405707116,0.20851441405707116,0.20851441405707116,0.20851441405707116,0.20851441405707116,0.20851441405707116,0.20851441405707116,0.20851441405707116,0.20851441405707116,0.20851441405707116,0.20851441405707116,-4.7958315233127236
148,-1.096092330100404,-1.3023927181276338,-1.4618764258361843,-1.5364761197210306,-1.5591937219740293,-1.481831076463818,-1.1745294567982572,-0.7137305246124358,-0.37358048006753913,0.009702309295550705,0.34969885652792715,0.5408030106156512,0.6295244572523616,0.6224635808764296,0.5748794139951489,0.5609111585558052,0.6183191534383825,0.9943875691130202,1.4123607511056888,1.3775168611635897,1.2002274652026892,0.9715164695475014,0.6499395998175562,0.18745219719401207,0.20851441405707882,0.20851441405707882,0.20851441405707882,0.20851441405707882,0.20851441405707882,0.20851441405707882,0.20851441405707882,0.20851441405707882,0.20851441405707882,0.20851441405707882,0.20851441405707882,0.20851441405707882,0.20851441405707882,0.20851441405707882,0.20851441405707882,0.20851441405707882,0.20851441405707882,0.20851441405707882,0.20851441405707882,0.20851441405707882,0.20851441405707882,0.20851441405707882,0.20851441405707882,-4.795831523312716,0.20851441405707882,0.20851441405707882,0.20851441405707882,0.20851441405707882,0.20851441405707882,0.20851441405707882,0.20851441405707882,0.20851441405707882,0.20851441405707882,0.20851441405707882,0.20851441405707882,0.20851441405707882,0.20851441405707882,0.20851441405707882,0.20851441405707882,0.20851441405707882,0.20851441405707882,0.20851441405707882,0.20851441405707882,0.20851441405707882,0.20851441405707882,0.20851441405707882,0.20851441405707882,-4.795831523312716,0.20851441405707882,0.20851441405707882,0.20851441405707882,0.20851441405707882,0.20851441405707882,0.20851441405707882,0.20851441405707882,0.20851441405707882,0.20851441405707882,0.20851441405707882,0.20851441405707882,0.20851441405707882,0.20851441405707882,0.20851441405707882,0.20851441405707882,0.20851441405707882,0.20851441405707882,0.20851441405707882,0.20851441405707882,0.20851441405707882,0.20851441405707882,0.20851441405707882,0.20851441405707882,-4.795831523312716
149,-0.8158581295178166,-1.2314384624769568,-1.4703971539284624,-1.591937910035957,-1.6135414908366106,-1.4981025094590716,-1.214122615270326,-0.8057984468549168,-0.41495503847667775,0.04795527684725344,0.45726892224589866,0.6454344618912872,0.6860030182039651,0.6119571572918009,0.5196059721897697,0.45001275770216764,0.5019602993220602,0.8862071944787255,1.4348721816831143,1.423658109206439,1.2267521895424653,0.9975233550927809,0.6238308810906334,0.1431099800684534,-0.20851441405707952,-0.20851441405707952,-0.20851441405707952,-0.20851441405707952,-0.20851441405707952,-0.20851441405707952,-0.20851441405707952,-0.20851441405707952,-0.20851441405707952,-0.20851441405707952,-0.20851441405707952,-0.20851441405707952,-0.20851441405707952,-0.20851441405707952,-0.20851441405707952,-0.20851441405707952,-0.20851441405707952,-0.20851441405707952,-0.20851441405707952,-0.20851441405707952,-0.20851441405707952,-0.20851441405707952,-0.20851441405707952,4.795831523312715,-0.20851441405707952,-0.20851441405707952,-0.20851441405707952,-0.20851441405707952,-0.20851441405707952,-0.20851441405707952,-0.20851441405707952,-0.20851441405707952,-0.20851441405707952,-0.20851441405707952,-0.20851441405707952,-0.20851441405707952,-0.20851441405707952,-0.20851441405707952,-0.20851441405707952,-0.20851441405707952,-0.20851441405707952,-0.20851441405707952,-0.20851441405707952,-0.20851441405707952,-0.20851441405707952,-0.20851441405707952,-0.20851441405707952,4.795831523312715,-0.20851441405707952,-0.20851441405707952,-0.20851441405707952,-0.20851441405707952,-0.20851441405707952,-0.20851441405707952,-0.20851441405707952,-0.20851441405707952,-0.20851441405707952,-0.20851441405707952,-0.20851441405707952,-0.20851441405707952,-0.20851441405707952,-0.20851441405707952,-0.20851441405707952,-0.20851441405707952,-0.20851441405707952,-0.20851441405707952,-0.20851441405707952,-0.20851441405707952,-0.20851441405707952,-0.20851441405707952,-0.20851441405707952,4.795831523312715
150,-0.6653930115674822,-0.9819862250848227,-1.2020035831198908,-1.350379215633564,-1.4128901330002712,-1.40411050977461,-1.2820737469379202,-0.9542426156917335,-0.6362446624582873,-0.19006421013018832,0.11687141783892496,0.216256752753409,0.3031750226874542,0.33021626222249056,0.32284137871293517,0.3219634163903691,0.5019456925164223,1.0648951337458143,1.7219621359542936,1.7793808718501174,1.5892142327822973,1.1936044102340067,0.6508481024236352,-0.03378691671342012,-0.2085144140570885,-0.2085144140570885,-0.2085144140570885,-0.2085144140570885,-0.2085144140570885,-0.2085144140570885,-0.2085144140570885,-0.2085144140570885,-0.2085144140570885,-0.2085144140570885,-0.2085144140570885,-0.2085144140570885,-0.2085144140570885,-0.2085144140570885,-0.2085144140570885,-0.2085144140570885,-0.2085144140570885,-0.2085144140570885,-0.2085144140570885,-0.2085144140570885,-0.2085144140570885,-0.2085144140570885,-0.2085144140570885,4.795831523312706,-0.2085144140570885,-0.2085144140570885,-0.2085144140570885,-0.2085144140570885,-0.2085144140570885,-0.2085144140570885,-0.2085144140570885,-0.2085144140570885,-0.2085144140570885,-0.2085144140570885,-0.2085144140570885,-0.2085144140570885,-0.2085144140570885,-0.2085144140570885,-0.2085144140570885,-0.2085144140570885,-0.2085144140570885,-0.2085144140570885,-0.2085144140570885,-0.2085144140570885,-0.2085144140570885,-0.2085144140570885,-0.2085144140570885,4.795831523312706,-0.2085144140570885,-0.2085144140570885,-0.2085144140570885,-0.2085144140570885,-0.2085144140570885,-0.2085144140570885,-0.2085144140570885,-0.2085144140570885,-0.2085144140570885,-0.2085144140570885,-0.2085144140570885,-0.2085144140570885,-0.2085144140570885,-0.2085144140570885,-0.2085144140570885,-0.2085144140570885,-0.2085144140570885,-0.2085144140570885,-0.2085144140570885,-0.2085144140570885,-0.2085144140570885,-0.2085144140570885,-0.2085144140570885,4.795831523312706
151,-1.2977687061893701,-1.5550772013417915,-1.7131776591927417,-1.6976311141707316,-1.6947326057767975,-1.4208235625500263,-0.7644431617054982,0.1248719137060966,0.5099782789547027,0.5564861636391906,0.633033135315359,0.6776965146582524,0.6388301521032271,0.591663515511027,0.5430476247218599,0.48138844615998927,0.4968032408004569,0.8120819038315601,1.247121663684758,1.2228795934809455,1.0537121035804289,0.7570102443468124,0.2257927059676198,-0.42874318953531393,0.20851441405707308,0.20851441405707308,0.20851441405707308,0.20851441405707308,0.20851441405707308,0.20851441405707308,0.20851441405707308,0.20851441405707308,0.20851441405707308,0.20851441405707308,0.20851441405707308,0.20851441405707308,0.20851441405707308,0.20851441405707308,0.20851441405707308,0.20851441405707308,0.20851441405707308,0.20851441405707308,0.20851441405707308,0.20851441405707308,0.20851441405707308,0.20851441405707308,0.20851441405707308,-4.795831523312722,0.20851441405707308,0.20851441405707308,0.20851441405707308,0.20851441405707308,0.20851441405707308,0.20851441405707308,0.20851441405707308,0.20851441405707308,0.20851441405707308,0.20851441405707308,0.20851441405707308,0.20851441405707308,0.20851441405707308,0.20851441405707308,0.20851441405707308,0.20851441405707308,0.20851441405707308,0.20851441405707308,0.20851441405707308,0.20851441405707308,0.20851441405707308,0.20851441405707308,0.20851441405707308,-4.795831523312722,0.20851441405707308,0.20851441405707308,0.20851441405707308,0.20851441405707308,0.20851441405707308,0.20851441405707308,0.20851441405707308,0.20851441405707308,0.20851441405707308,0.20851441405707308,0.20851441405707308,0.20851441405707308,0.20851441405707308,0.20851441405707308,0.20851441405707308,0.20851441405707308,0.20851441405707308,0.20851441405707308,0.20851441405707308,0.20851441405707308,0.20851441405707308,0.20851441405707308,0.20851441405707308,-4.795831523312722
152,-1.165408382097898,-1.420649446454927,-1.6453375999009485,-1.7649178923660398,-1.7346573538082477,-1.5378907600942953,-0.8122225794137159,0.1914917091746923,0.5521330068658666,0.5326902453770437,0.5629507839348358,0.5663130659968127,0.5312283836109668,0.41968833085929835,0.35068845550046807,0.2435339880470304,0.2851970483802224,0.7000734175928502,1.3060151196317304,1.3792543941121838,1.2415470157477386,0.9586767640118561,0.4384001614650828,-0.1787978761725897,0.20851441405707088,0.20851441405707088,0.20851441405707088,0.20851441405707088,0.20851441405707088,0.20851441405707088,0.20851441405707088,0.20851441405707088,0.20851441405707088,0.20851441405707088,0.20851441405707088,0.20851441405707088,0.20851441405707088,0.20851441405707088,0.20851441405707088,0.20851441405707088,0.20851441405707088,0.20851441405707088,0.20851441405707088,0.20851441405707088,0.20851441405707088,0.20851441405707088,0.20851441405707088,-4.7958315233127236,0.20851441405707088,0.20851441405707088,0.20851441405707088,0.20851441405707088,0.20851441405707088,0.20851441405707088,0.20851441405707088,0.20851441405707088,0.20851441405707088,0.20851441405707088,0.20851441405707088,0.20851441405707088,0.20851441405707088,0.20851441405707088,0.20851441405707088,0.20851441405707088,0.20851441405707088,0.20851441405707088,0.20851441405707088,0.20851441405707088,0.20851441405707088,0.20851441405707088,0.20851441405707088,-4.7958315233127236,0.20851441405707088,0.20851441405707088,0.20851441405707088,0.20851441405707088,0.20851441405707088,0.20851441405707088,0.20851441405707088,0.20851441405707088,0.20851441405707088,0.20851441405707088,0.20851441405707088,0.20851441405707088,0.20851441405707088,0.20851441405707088,0.20851441405707088,0.20851441405707088,0.20851441405707088,0.20851441405707088,0.20851441405707088,0.20851441405707088,0.20851441405707088,0.20851441405707088,0.20851441405707088,-4.7958315233127236
153,-1.167965098249945,-1.497159530217572,-1.6947968839653222,-1.7803391584500357,-1.7281387581471945,-1.427005813047569,-0.6879024573145697,0.34086785963650645,0.6662905863799397,0.5919125593588398,0.5495185926389025,0.48087355755857697,0.4015168796415413,0.290779614259214,0.23344969485146963,0.1806458217127577,0.25909729037598683,0.6984255148900701,1.318493853747516,1.3821602379319058,1.253017051055513,1.0110244438712448,0.502447711440965,-0.17721356995874143,-0.20851441405707621,-0.20851441405707621,-0.20851441405707621,-0.20851441405707621,-0.20851441405707621,-0.20851441405707621,-0.20851441405707621,-0.20851441405707621,-0.20851441405707621,-0.20851441405707621,-0.20851441405707621,-0.20851441405707621,-0.20851441405707621,-0.20851441405707621,-0.20851441405707621,-0.20851441405707621,-0.20851441405707621,-0.20851441405707621,-0.20851441405707621,-0.20851441405707621,-0.20851441405707621,-0.20851441405707621,-0.20851441405707621,4.795831523312718,-0.20851441405707621,-0.20851441405707621,-0.20851441405707621,-0.20851441405707621,-0.20851441405707621,-0.20851441405707621,-0.20851441405707621,-0.20851441405707621,-0.20851441405707621,-0.20851441405707621,-0.20851441405707621,-0.20851441405707621,-0.20851441405707621,-0.20851441405707621,-0.20851441405707621,-0.20851441405707621,-0.20851441405707621,-0.20851441405707621,-0.20851441405707621,-0.20851441405707621,-0.20851441405707621,-0.20851441405707621,-0.20851441405707621,4.795831523312718,-0.20851441405707621,-0.20851441405707621,-0.20851441405707621,-0.20851441405707621,-0.20851441405707621,-0.20851441405707621,-0.20851441405707621,-0.20851441405707621,-0.20851441405707621,-0.20851441405707621,-0.20851441405707621,-0.20851441405707621,-0.20851441405707621,-0.20851441405707621,-0.20851441405707621,-0.20851441405707621,-0.20851441405707621,-0.20851441405707621,-0.20851441405707621,-0.20851441405707621,-0.20851441405707621,-0.20851441405707621,-0.20851441405707621,4.795831523312718
154,-1.0768332633515014,-1.4613843181378408,-1.6603484261844936,-1.715381051814419,-1.6141210206553565,-1.3008583824542432,-0.3790195703640487,0.8474459909822554,1.2238691502909445,1.0128825301836,0.7417833497727989,0.4867706291615143,0.20991418945404403,-0.027826753267233193,-0.19258596784544027,-0.31907634121637624,-0.3055298487536254,0.2339592135754268,1.0860335894824547,1.321234564866966,1.2907549568257766,1.109062626669131,0.6068264186126436,-0.1175722658329575,0.20851441405708068,0.20851441405708068,0.20851441405708068,0.20851441405708068,0.20851441405708068,0.20851441405708068,0.20851441405708068,0.20851441405708068,0.20851441405708068,0.20851441405708068,0.20851441405708068,0.20851441405708068,0.20851441405708068,0.20851441405708068,0.20851441405708068,0.20851441405708068,0.20851441405708068,0.20851441405708068,0.20851441405708068,0.20851441405708068,0.20851441405708068,0.20851441405708068,0.20851441405708068,-4.795831523312714,0.20851441405708068,0.20851441405708068,0.20851441405708068,0.20851441405708068,0.20851441405708068,0.20851441405708068,0.20851441405708068,0.20851441405708068,0.20851441405708068,0.20851441405708068,0.20851441405708068,0.20851441405708068,0.20851441405708068,0.20851441405708068,0.20851441405708068,0.20851441405708068,0.20851441405708068,0.20851441405708068,0.20851441405708068,0.20851441405708068,0.20851441405708068,0.20851441405708068,0.20851441405708068,-4.795831523312714,0.20851441405708068,0.20851441405708068,0.20851441405708068,0.20851441405708068,0.20851441405708068,0.20851441405708068,0.20851441405708068,0.20851441405708068,0.20851441405708068,0.20851441405708068,0.20851441405708068,0.20851441405708068,0.20851441405708068,0.20851441405708068,0.20851441405708068,0.20851441405708068,0.20851441405708068,0.20851441405708068,0.20851441405708068,0.20851441405708068,0.20851441405708068,0.20851441405708068,0.20851441405708068,-4.795831523312714
155,-0.7614257495232355,-1.2186288044220288,-1.4783103248699123,-1.5629624110631595,-1.4470258582332776,-1.0090433253203905,0.0816190605607203,1.5196821576551809,1.9042970710114555,1.5881808264347406,1.169623289145908,0.7056726041882325,0.26625875580830993,-0.13655431134313145,-0.39132846447546443,-0.6792273469877637,-0.7855536388246923,-0.2134363992867568,0.7520881200478149,0.8490086245299383,0.7502478573044834,0.5451607982420998,0.12967036552548614,-0.5780128961045334,-0.20851441405707724,-0.20851441405707724,-0.20851441405707724,-0.20851441405707724,-0.20851441405707724,-0.20851441405707724,-0.20851441405707724,-0.20851441405707724,-0.20851441405707724,-0.20851441405707724,-0.20851441405707724,-0.20851441405707724,-0.20851441405707724,-0.20851441405707724,-0.20851441405707724,-0.20851441405707724,-0.20851441405707724,-0.20851441405707724,-0.20851441405707724,-0.20851441405707724,-0.20851441405707724,-0.20851441405707724,-0.20851441405707724,4.795831523312717,-0.20851441405707724,-0.20851441405707724,-0.20851441405707724,-0.20851441405707724,-0.20851441405707724,-0.20851441405707724,-0.20851441405707724,-0.20851441405707724,-0.20851441405707724,-0.20851441405707724,-0.20851441405707724,-0.20851441405707724,-0.20851441405707724,-0.20851441405707724,-0.20851441405707724,-0.20851441405707724,-0.20851441405707724,-0.20851441405707724,-0.20851441405707724,-0.20851441405707724,-0.20851441405707724,-0.20851441405707724,-0.20851441405707724,4.795831523312717,-0.20851441405707724,-0.20851441405707724,-0.20851441405707724,-0.20851441405707724,-0.20851441405707724,-0.20851441405707724,-0.20851441405707724,-0.20851441405707724,-0.20851441405707724,-0.20851441405707724,-0.20851441405707724,-0.20851441405707724,-0.20851441405707724,-0.20851441405707724,-0.20851441405707724,-0.20851441405707724,-0.20851441405707724,-0.20851441405707724,-0.20851441405707724,-0.20851441405707724,-0.20851441405707724,-0.20851441405707724,-0.20851441405707724,4.795831523312717
156,-0.19665218421327885,-0.8750614499614858,-1.285453677192947,-1.4454130525616715,-1.4096774474261053,-1.031617434364918,-0.37674828945998096,0.49225087034457843,1.1561957244902943,1.542196983137163,1.389328005612797,0.8376950533217172,0.17233211960712969,-0.36625450065033055,-0.8614478861003178,-1.1694547684592445,-1.2318502694895979,-0.23295502117639358,1.1315211399919274,1.3297686637201869,1.2435494259327893,0.9800702420364329,0.45651526520901237,-0.2488375123477563,0.20851441405707477,0.20851441405707477,0.20851441405707477,0.20851441405707477,0.20851441405707477,0.20851441405707477,0.20851441405707477,0.20851441405707477,0.20851441405707477,0.20851441405707477,0.20851441405707477,0.20851441405707477,0.20851441405707477,0.20851441405707477,0.20851441405707477,0.20851441405707477,0.20851441405707477,0.20851441405707477,0.20851441405707477,0.20851441405707477,0.20851441405707477,0.20851441405707477,0.20851441405707477,-4.79583152331272,0.20851441405707477,0.20851441405707477,0.20851441405707477,0.20851441405707477,0.20851441405707477,0.20851441405707477,0.20851441405707477,0.20851441405707477,0.20851441405707477,0.20851441405707477,0.20851441405707477,0.20851441405707477,0.20851441405707477,0.20851441405707477,0.20851441405707477,0.20851441405707477,0.20851441405707477,0.20851441405707477,0.20851441405707477,0.20851441405707477,0.20851441405707477,0.20851441405707477,0.20851441405707477,-4.79583152331272,0.20851441405707477,0.20851441405707477,0.20851441405707477,0.20851441405707477,0.20851441405707477,0.20851441405707477,0.20851441405707477,0.20851441405707477,0.20851441405707477,0.20851441405707477,0.20851441405707477,0.20851441405707477,0.20851441405707477,0.20851441405707477,0.20851441405707477,0.20851441405707477,0.20851441405707477,0.20851441405707477,0.20851441405707477,0.20851441405707477,0.20851441405707477,0.20851441405707477,0.20851441405707477,-4.79583152331272
157,-0.31046815394922,-0.8586885900967925,-1.2246702255679658,-1.3768283438768714,-1.3868552379993693,-1.163756843773791,-0.9175965930664677,-0.38216044692507994,0.1470088903897466,0.505219682915984,0.43152201111562444,0.10188786683850606,-0.12271456150544684,-0.3094654645369702,-0.5102540193399906,-0.608016237034345,-0.3992061669333264,0.5849334911898423,1.8079639017815234,1.971903620684364,1.9107395665371267,1.5342296922373309,0.7681749812784914,-0.19290282036293213,-0.20851441405707444,-0.20851441405707444,-0.20851441405707444,-0.20851441405707444,-0.20851441405707444,-0.20851441405707444,-0.20851441405707444,-0.20851441405707444,-0.20851441405707444,-0.20851441405707444,-0.20851441405707444,-0.20851441405707444,-0.20851441405707444,-0.20851441405707444,-0.20851441405707444,-0.20851441405707444,-0.20851441405707444,-0.20851441405707444,-0.20851441405707444,-0.20851441405707444,-0.20851441405707444,-0.20851441405707444,-0.20851441405707444,4.79583152331272,-0.20851441405707444,-0.20851441405707444,-0.20851441405707444,-0.20851441405707444,-0.20851441405707444,-0.20851441405707444,-0.20851441405707444,-0.20851441405707444,-0.20851441405707444,-0.20851441405707444,-0.20851441405707444,-0.20851441405707444,-0.20851441405707444,-0.20851441405707444,-0.20851441405707444,-0.20851441405707444,-0.20851441405707444,-0.20851441405707444,-0.20851441405707444,-0.20851441405707444,-0.20851441405707444,-0.20851441405707444,-0.20851441405707444,4.79583152331272,-0.20851441405707444,-0.20851441405707444,-0.20851441405707444,-0.20851441405707444,-0.20851441405707444,-0.20851441405707444,-0.20851441405707444,-0.20851441405707444,-0.20851441405707444,-0.20851441405707444,-0.20851441405707444,-0.20851441405707444,-0.20851441405707444,-0.20851441405707444,-0.20851441405707444,-0.20851441405707444,-0.20851441405707444,-0.20851441405707444,-0.20851441405707444,-0.20851441405707444,-0.20851441405707444,-0.20851441405707444,-0.20851441405707444,4.79583152331272
158,-1.351329468952633,-1.6146234365122494,-1.7425249318178164,-1.7740147793605103,-1.6592918546124582,-1.3309373650373202,-0.5346742597727264,0.5264087528002486,0.9037320361312059,0.8460237692688242,0.7372658817204895,0.6067286723034193,0.4467824422737892,0.32318132262383226,0.25992418394776,0.14090088354409774,0.16614825029638974,0.5769034863048326,1.1524602151798846,1.2497041937148115,1.119444427888426,0.8425557243852676,0.40155913699221124,-0.2923272833097918,-0.20851441405707122,-0.20851441405707122,-0.20851441405707122,-0.20851441405707122,-0.20851441405707122,-0.20851441405707122,-0.20851441405707122,-0.20851441405707122,-0.20851441405707122,-0.20851441405707122,-0.20851441405707122,-0.20851441405707122,-0.20851441405707122,-0.20851441405707122,-0.20851441405707122,-0.20851441405707122,-0.20851441405707122,-0.20851441405707122,-0.20851441405707122,-0.20851441405707122,-0.20851441405707122,-0.20851441405707122,-0.20851441405707122,4.795831523312723,-0.20851441405707122,-0.20851441405707122,-0.20851441405707122,-0.20851441405707122,-0.20851441405707122,-0.20851441405707122,-0.20851441405707122,-0.20851441405707122,-0.20851441405707122,-0.20851441405707122,-0.20851441405707122,-0.20851441405707122,-0.20851441405707122,-0.20851441405707122,-0.20851441405707122,-0.20851441405707122,-0.20851441405707122,-0.20851441405707122,-0.20851441405707122,-0.20851441405707122,-0.20851441405707122,-0.20851441405707122,-0.20851441405707122,4.795831523312723,-0.20851441405707122,-0.20851441405707122,-0.20851441405707122,-0.20851441405707122,-0.20851441405707122,-0.20851441405707122,-0.20851441405707122,-0.20851441405707122,-0.20851441405707122,-0.20851441405707122,-0.20851441405707122,-0.20851441405707122,-0.20851441405707122,-0.20851441405707122,-0.20851441405707122,-0.20851441405707122,-0.20851441405707122,-0.20851441405707122,-0.20851441405707122,-0.20851441405707122,-0.20851441405707122,-0.20851441405707122,-0.20851441405707122,4.795831523312723
159,-1.0514851401884515,-1.4755595599021731,-1.6379368334993816,-1.6947420843287682,-1.6608018401225308,-1.3237216252953226,-0.3599973227024295,0.9456302820522425,1.3520200482058722,1.1130092758482648,0.8348779062213633,0.5924731094431323,0.3339913548829995,0.12409773939705895,0.03692490164630237,-0.07900782724763417,-0.11527029868903496,0.40830262640823467,1.1456990900047985,1.227691574692498,1.0896083706323856,0.7811094140841137,0.15875251506026958,-0.7456656766038301,-0.208514414057083,-0.208514414057083,-0.208514414057083,-0.208514414057083,-0.208514414057083,-0.208514414057083,-0.208514414057083,-0.208514414057083,-0.208514414057083,-0.208514414057083,-0.208514414057083,-0.208514414057083,-0.208514414057083,-0.208514414057083,-0.208514414057083,-0.208514414057083,-0.208514414057083,-0.208514414057083,-0.208514414057083,-0.208514414057083,-0.208514414057083,-0.208514414057083,-0.208514414057083,4.795831523312711,-0.208514414057083,-0.208514414057083,-0.208514414057083,-0.208514414057083,-0.208514414057083,-0.208514414057083,-0.208514414057083,-0.208514414057083,-0.208514414057083,-0.208514414057083,-0.208514414057083,-0.208514414057083,-0.208514414057083,-0.208514414057083,-0.208514414057083,-0.208514414057083,-0.208514414057083,-0.208514414057083,-0.208514414057083,-0.208514414057083,-0.208514414057083,-0.208514414057083,-0.208514414057083,4.795831523312711,-0.208514414057083,-0.208514414057083,-0.208514414057083,-0.208514414057083,-0.208514414057083,-0.208514414057083,-0.208514414057083,-0.208514414057083,-0.208514414057083,-0.208514414057083,-0.208514414057083,-0.208514414057083,-0.208514414057083,-0.208514414057083,-0.208514414057083,-0.208514414057083,-0.208514414057083,-0.208514414057083,-0.208514414057083,-0.208514414057083,-0.208514414057083,-0.208514414057083,-0.208514414057083,4.795831523312711
160,-1.0244007928018317,-1.4639535798452985,-1.6931178284678838,-1.7960489540379405,-1.7351955361520601,-1.4389751796662456,-0.5597019653096539,0.6543488675541091,0.9703507758595763,0.808410275369878,0.6917326476878594,0.5386770814900389,0.3976916147075997,0.28738431727258784,0.18110038630936967,0.07330769291922888,0.06878140563846093,0.5341507942092709,1.2679122545026555,1.34754138259024,1.181577515628748,0.8885423242664368,0.31856540742898937,-0.4986809071541154,0.208514414057083,0.208514414057083,0.208514414057083,0.208514414057083,0.208514414057083,0.208514414057083,0.208514414057083,0.208514414057083,0.208514414057083,0.208514414057083,0.208514414057083,0.208514414057083,0.208514414057083,0.208514414057083,0.208514414057083,0.208514414057083,0.208514414057083,0.208514414057083,0.208514414057083,0.208514414057083,0.208514414057083,0.208514414057083,0.208514414057083,-4.795831523312711,0.208514414057083,0.208514414057083,0.208514414057083,0.208514414057083,0.208514414057083,0.208514414057083,0.208514414057083,0.208514414057083,0.208514414057083,0.208514414057083,0.208514414057083,0.208514414057083,0.208514414057083,0.208514414057083,0.208514414057083,0.208514414057083,0.208514414057083,0.208514414057083,0.208514414057083,0.208514414057083,0.208514414057083,0.208514414057083,0.208514414057083,-4.795831523312711,0.208514414057083,0.208514414057083,0.208514414057083,0.208514414057083,0.208514414057083,0.208514414057083,0.208514414057083,0.208514414057083,0.208514414057083,0.208514414057083,0.208514414057083,0.208514414057083,0.208514414057083,0.208514414057083,0.208514414057083,0.208514414057083,0.208514414057083,0.208514414057083,0.208514414057083,0.208514414057083,0.208514414057083,0.208514414057083,0.208514414057083,-4.795831523312711
161,-1.1202099941019823,-1.4217464109739328,-1.622384739918352,-1.7350267036538418,-1.7687696707640328,-1.558206939728381,-0.693956924283542,0.45760453170248067,0.8198452080324705,0.7148119525669255,0.642198410599407,0.5510593180615876,0.44304874196867283,0.3765552479574144,0.33470735247271693,0.22090754182658312,0.2200805083189804,0.6335972621203387,1.296712728516197,1.338395217299374,1.1825821044670222,0.8843538216254825,0.29765625133211526,-0.49381481544368466,-0.20851441405708027,-0.20851441405708027,-0.20851441405708027,-0.20851441405708027,-0.20851441405708027,-0.20851441405708027,-0.20851441405708027,-0.20851441405708027,-0.20851441405708027,-0.20851441405708027,-0.20851441405708027,-0.20851441405708027,-0.20851441405708027,-0.20851441405708027,-0.20851441405708027,-0.20851441405708027,-0.20851441405708027,-0.20851441405708027,-0.20851441405708027,-0.20851441405708027,-0.20851441405708027,-0.20851441405708027,-0.20851441405708027,4.795831523312714,-0.20851441405708027,-0.20851441405708027,-0.20851441405708027,-0.20851441405708027,-0.20851441405708027,-0.20851441405708027,-0.20851441405708027,-0.20851441405708027,-0.20851441405708027,-0.20851441405708027,-0.20851441405708027,-0.20851441405708027,-0.20851441405708027,-0.20851441405708027,-0.20851441405708027,-0.20851441405708027,-0.20851441405708027,-0.20851441405708027,-0.20851441405708027,-0.20851441405708027,-0.20851441405708027,-0.20851441405708027,-0.20851441405708027,4.795831523312714,-0.20851441405708027,-0.20851441405708027,-0.20851441405708027,-0.20851441405708027,-0.20851441405708027,-0.20851441405708027,-0.20851441405708027,-0.20851441405708027,-0.20851441405708027,-0.20851441405708027,-0.20851441405708027,-0.20851441405708027,-0.20851441405708027,-0.20851441405708027,-0.20851441405708027,-0.20851441405708027,-0.20851441405708027,-0.20851441405708027,-0.20851441405708027,-0.20851441405708027,-0.20851441405708027,-0.20851441405708027,-0.20851441405708027,4.795831523312714
162,-1.0264437687258314,-1.432214462832307,-1.6317127423220519,-1.778372767821304,-1.7998806468494852,-1.5688826390192545,-0.7292285900293104,0.35107660934681983,0.7676859196564735,0.7458393338719428,0.7792019493723501,0.7336458906433676,0.6830092305691454,0.6184855934846015,0.591219699598482,0.4670836733964592,0.4211889079111274,0.8169677527052983,1.2295125819387602,1.1121506908637235,0.8178145195961716,0.5051881834857568,0.02541006311695649,-0.6987449819578723,-0.20851441405707072,-0.20851441405707072,-0.20851441405707072,-0.20851441405707072,-0.20851441405707072,-0.20851441405707072,-0.20851441405707072,-0.20851441405707072,-0.20851441405707072,-0.20851441405707072,-0.20851441405707072,-0.20851441405707072,-0.20851441405707072,-0.20851441405707072,-0.20851441405707072,-0.20851441405707072,-0.20851441405707072,-0.20851441405707072,-0.20851441405707072,-0.20851441405707072,-0.20851441405707072,-0.20851441405707072,-0.20851441405707072,4.7958315233127236,-0.20851441405707072,-0.20851441405707072,-0.20851441405707072,-0.20851441405707072,-0.20851441405707072,-0.20851441405707072,-0.20851441405707072,-0.20851441405707072,-0.20851441405707072,-0.20851441405707072,-0.20851441405707072,-0.20851441405707072,-0.20851441405707072,-0.20851441405707072,-0.20851441405707072,-0.20851441405707072,-0.20851441405707072,-0.20851441405707072,-0.20851441405707072,-0.20851441405707072,-0.20851441405707072,-0.20851441405707072,-0.20851441405707072,4.7958315233127236,-0.20851441405707072,-0.20851441405707072,-0.20851441405707072,-0.20851441405707072,-0.20851441405707072,-0.20851441405707072,-0.20851441405707072,-0.20851441405707072,-0.20851441405707072,-0.20851441405707072,-0.20851441405707072,-0.20851441405707072,-0.20851441405707072,-0.20851441405707072,-0.20851441405707072,-0.20851441405707072,-0.20851441405707072,-0.20851441405707072,-0.20851441405707072,-0.20851441405707072,-0.20851441405707072,-0.20851441405707072,-0.20851441405707072,4.7958315233127236
163,-0.45091633110388635,-1.0358488965947603,-1.437574075106666,-1.664965685585103,-1.7444603136385404,-1.6178235224371345,-1.2678622877739787,-0.7703738131418858,-0.2747340507901054,0.17246944981748757,0.5331532157064557,0.6753191900624868,0.685856850060268,0.5825138335907993,0.4983974248365808,0.4033736136285184,0.45920472449395583,0.953180645793455,1.5375585976002353,1.4379130056913916,1.170774081186236,0.8851480338779552,0.46308702028261206,-0.19339071045635553,0.20851441405707385,0.20851441405707385,0.20851441405707385,0.20851441405707385,0.20851441405707385,0.20851441405707385,0.20851441405707385,0.20851441405707385,0.20851441405707385,0.20851441405707385,0.20851441405707385,0.20851441405707385,0.20851441405707385,0.20851441405707385,0.20851441405707385,0.20851441405707385,0.20851441405707385,0.20851441405707385,0.20851441405707385,0.20851441405707385,0.20851441405707385,0.20851441405707385,0.20851441405707385,-4.795831523312721,0.20851441405707385,0.20851441405707385,0.20851441405707385,0.20851441405707385,0.20851441405707385,0.20851441405707385,0.20851441405707385,0.20851441405707385,0.20851441405707385,0.20851441405707385,0.20851441405707385,0.20851441405707385,0.20851441405707385,0.20851441405707385,0.20851441405707385,0.20851441405707385,0.20851441405707385,0.20851441405707385,0.20851441405707385,0.20851441405707385,0.20851441405707385,0.20851441405707385,0.20851441405707385,-4.795831523312721,0.20851441405707385,0.20851441405707385,0.20851441405707385,0.20851441405707385,0.20851441405707385,0.20851441405707385,0.20851441405707385,0.20851441405707385,0.20851441405707385,0.20851441405707385,0.20851441405707385,0.20851441405707385,0.20851441405707385,0.20851441405707385,0.20851441405707385,0.20851441405707385,0.20851441405707385,0.20851441405707385,0.20851441405707385,0.20851441405707385,0.20851441405707385,0.20851441405707385,0.20851441405707385,-4.795831523312721
164,-0.46709249033534295,-0.9118578606266672,-1.2259353241680064,-1.3846495419226503,-1.4748211512419873,-1.493099180158069,-1.401252084854758,-1.0666118387828267,-0.6585548432313,-0.25202101675611355,0.09099665923568863,0.28291596285454773,0.40583570731519797,0.4672194210917061,0.46691478727643804,0.4317295816129806,0.5540400584430948,1.1008577568492093,1.6271126727247316,1.621781580957541,1.470226257861696,1.1354336948821306,0.6341587518585867,0.04667243911419022,0.208514414057075,0.208514414057075,0.208514414057075,0.208514414057075,0.208514414057075,0.208514414057075,0.208514414057075,0.208514414057075,0.208514414057075,0.208514414057075,0.208514414057075,0.208514414057075,0.208514414057075,0.208514414057075,0.208514414057075,0.208514414057075,0.208514414057075,0.208514414057075,0.208514414057075,0.208514414057075,0.208514414057075,0.208514414057075,0.208514414057075,-4.795831523312719,0.208514414057075,0.208514414057075,0.208514414057075,0.208514414057075,0.208514414057075,0.208514414057075,0.208514414057075,0.208514414057075,0.208514414057075,0.208514414057075,0.208514414057075,0.208514414057075,0.208514414057075,0.208514414057075,0.208514414057075,0.208514414057075,0.208514414057075,0.208514414057075,0.208514414057075,0.208514414057075,0.208514414057075,0.208514414057075,0.208514414057075,-4.795831523312719,0.208514414057075,0.208514414057075,0.208514414057075,0.208514414057075,0.208514414057075,0.208514414057075,0.208514414057075,0.208514414057075,0.208514414057075,0.208514414057075,0.208514414057075,0.208514414057075,0.208514414057075,0.208514414057075,0.208514414057075,0.208514414057075,0.208514414057075,0.208514414057075,0.208514414057075,0.208514414057075,0.208514414057075,0.208514414057075,0.208514414057075,-4.795831523312719
165,-1.249988003418042,-1.5347046403309161,-1.7026321713256451,-1.765864142873043,-1.6962974565075999,-1.453965820559102,-0.8532045025422932,0.025823560936288802,0.44195673616533976,0.4681018318689087,0.49620493033441887,0.5207375531752126,0.5210830830743788,0.49977540595913533,0.4977022265641387,0.4512860434428247,0.48157749793638693,0.7870259287992275,1.223890897978245,1.2733016735589986,1.1552456246772447,0.927656597759834,0.5228107325702093,-0.03752358724416457,-0.20851441405709115,-0.20851441405709115,-0.20851441405709115,-0.20851441405709115,-0.20851441405709115,-0.20851441405709115,-0.20851441405709115,-0.20851441405709115,-0.20851441405709115,-0.20851441405709115,-0.20851441405709115,-0.20851441405709115,-0.20851441405709115,-0.20851441405709115,-0.20851441405709115,-0.20851441405709115,-0.20851441405709115,-0.20851441405709115,-0.20851441405709115,-0.20851441405709115,-0.20851441405709115,-0.20851441405709115,-0.20851441405709115,4.795831523312703,-0.20851441405709115,-0.20851441405709115,-0.20851441405709115,-0.20851441405709115,-0.20851441405709115,-0.20851441405709115,-0.20851441405709115,-0.20851441405709115,-0.20851441405709115,-0.20851441405709115,-0.20851441405709115,-0.20851441405709115,-0.20851441405709115,-0.20851441405709115,-0.20851441405709115,-0.20851441405709115,-0.20851441405709115,-0.20851441405709115,-0.20851441405709115,-0.20851441405709115,-0.20851441405709115,-0.20851441405709115,-0.20851441405709115,4.795831523312703,-0.20851441405709115,-0.20851441405709115,-0.20851441405709115,-0.20851441405709115,-0.20851441405709115,-0.20851441405709115,-0.20851441405709115,-0.20851441405709115,-0.20851441405709115,-0.20851441405709115,-0.20851441405709115,-0.20851441405709115,-0.20851441405709115,-0.20851441405709115,-0.20851441405709115,-0.20851441405709115,-0.20851441405709115,-0.20851441405709115,-0.20851441405709115,-0.20851441405709115,-0.20851441405709115,-0.20851441405709115,-0.20851441405709115,4.795831523312703
166,-1.079356421212986,-1.515241258741406,-1.734395310132519,-1.8372326293409265,-1.7613541360811147,-1.40255942443941,-0.6610402567746626,0.44760359684174894,0.8321455018051462,0.688869943673845,0.647371526202411,0.5402934927998423,0.42655147994930614,0.3767230881679128,0.30887166106133457,0.23193298925298253,0.2561656417910462,0.6714527246621118,1.2186563097872614,1.3237654401711123,1.1723113618082146,0.8589528736753792,0.334921762539753,-0.34540995746638364,0.20851441405707333,0.20851441405707333,0.20851441405707333,0.20851441405707333,0.20851441405707333,0.20851441405707333,0.20851441405707333,0.20851441405707333,0.20851441405707333,0.20851441405707333,0.20851441405707333,0.20851441405707333,0.20851441405707333,0.20851441405707333,0.20851441405707333,0.20851441405707333,0.20851441405707333,0.20851441405707333,0.20851441405707333,0.20851441405707333,0.20851441405707333,0.20851441405707333,0.20851441405707333,-4.795831523312721,0.20851441405707333,0.20851441405707333,0.20851441405707333,0.20851441405707333,0.20851441405707333,0.20851441405707333,0.20851441405707333,0.20851441405707333,0.20851441405707333,0.20851441405707333,0.20851441405707333,0.20851441405707333,0.20851441405707333,0.20851441405707333,0.20851441405707333,0.20851441405707333,0.20851441405707333,0.20851441405707333,0.20851441405707333,0.20851441405707333,0.20851441405707333,0.20851441405707333,0.20851441405707333,-4.795831523312721,0.20851441405707333,0.20851441405707333,0.20851441405707333,0.20851441405707333,0.20851441405707333,0.20851441405707333,0.20851441405707333,0.20851441405707333,0.20851441405707333,0.20851441405707333,0.20851441405707333,0.20851441405707333,0.20851441405707333,0.20851441405707333,0.20851441405707333,0.20851441405707333,0.20851441405707333,0.20851441405707333,0.20851441405707333,0.20851441405707333,0.20851441405707333,0.20851441405707333,0.20851441405707333,-4.795831523312721
167,-1.0324479796374826,-1.4330390521383827,-1.6656743644714234,-1.7754336045093064,-1.7485968672472967,-1.526063023434226,-0.8182063861019993,0.21048495287942406,0.5931346111433626,0.5142828494128504,0.4676954796714962,0.4453817880154431,0.39547751816305393,0.31722882918000267,0.31044426077106757,0.27938601427683146,0.27169683674670503,0.6701771546314921,1.3119973261167506,1.40577513834692,1.2973728119908239,1.0749897363646186,0.5599656100330133,-0.1260296402037559,0.20851441405708043,0.20851441405708043,0.20851441405708043,0.20851441405708043,0.20851441405708043,0.20851441405708043,0.20851441405708043,0.20851441405708043,0.20851441405708043,0.20851441405708043,0.20851441405708043,0.20851441405708043,0.20851441405708043,0.20851441405708043,0.20851441405708043,0.20851441405708043,0.20851441405708043,0.20851441405708043,0.20851441405708043,0.20851441405708043,0.20851441405708043,0.20851441405708043,0.20851441405708043,-4.795831523312714,0.20851441405708043,0.20851441405708043,0.20851441405708043,0.20851441405708043,0.20851441405708043,0.20851441405708043,0.20851441405708043,0.20851441405708043,0.20851441405708043,0.20851441405708043,0.20851441405708043,0.20851441405708043,0.20851441405708043,0.20851441405708043,0.20851441405708043,0.20851441405708043,0.20851441405708043,0.20851441405708043,0.20851441405708043,0.20851441405708043,0.20851441405708043,0.20851441405708043,0.20851441405708043,-4.795831523312714,0.20851441405708043,0.20851441405708043,0.20851441405708043,0.20851441405708043,0.20851441405708043,0.20851441405708043,0.20851441405708043,0.20851441405708043,0.20851441405708043,0.20851441405708043,0.20851441405708043,0.20851441405708043,0.20851441405708043,0.20851441405708043,0.20851441405708043,0.20851441405708043,0.20851441405708043,0.20851441405708043,0.20851441405708043,0.20851441405708043,0.20851441405708043,0.20851441405708043,0.20851441405708043,-4.795831523312714
168,-1.160698151313753,-1.5194678785977436,-1.709908820122142,-1.7657420134282793,-1.719306486322185,-1.4604560629004153,-0.753558083294248,0.26014605754861375,0.7018363689506296,0.677098394688752,0.589340776497175,0.4943967076820358,0.36324398380202544,0.24618775922207944,0.1929803844130131,0.13908200473629653,0.19187477662477276,0.6238910198796856,1.1894094035646194,1.3137902797416579,1.2377797443001344,1.1046922067907035,0.6777893995564022,0.08559822798017007,0.20851441405707474,0.20851441405707474,0.20851441405707474,0.20851441405707474,0.20851441405707474,0.20851441405707474,0.20851441405707474,0.20851441405707474,0.20851441405707474,0.20851441405707474,0.20851441405707474,0.20851441405707474,0.20851441405707474,0.20851441405707474,0.20851441405707474,0.20851441405707474,0.20851441405707474,0.20851441405707474,0.20851441405707474,0.20851441405707474,0.20851441405707474,0.20851441405707474,0.20851441405707474,-4.795831523312719,0.20851441405707474,0.20851441405707474,0.20851441405707474,0.20851441405707474,0.20851441405707474,0.20851441405707474,0.20851441405707474,0.20851441405707474,0.20851441405707474,0.20851441405707474,0.20851441405707474,0.20851441405707474,0.20851441405707474,0.20851441405707474,0.20851441405707474,0.20851441405707474,0.20851441405707474,0.20851441405707474,0.20851441405707474,0.20851441405707474,0.20851441405707474,0.20851441405707474,0.20851441405707474,-4.795831523312719,0.20851441405707474,0.20851441405707474,0.20851441405707474,0.20851441405707474,0.20851441405707474,0.20851441405707474,0.20851441405707474,0.20851441405707474,0.20851441405707474,0.20851441405707474,0.20851441405707474,0.20851441405707474,0.20851441405707474,0.20851441405707474,0.20851441405707474,0.20851441405707474,0.20851441405707474,0.20851441405707474,0.20851441405707474,0.20851441405707474,0.20851441405707474,0.20851441405707474,0.20851441405707474,-4.795831523312719
169,-1.010703811668106,-1.4801392029061327,-1.7212909542612314,-1.8155456928366132,-1.7318194091020984,-1.3606495963788314,-0.5215484573948045,0.6606466147368439,1.180217505217095,1.0849600566568687,0.905976324362128,0.6915635059362155,0.403284385293426,0.12135576122131812,-0.02470565990436193,-0.1991771972673024,-0.18798026910320564,0.3182211549124521,1.114540001209781,1.1658453287676571,1.0507007988413488,0.8730540131930674,0.5261163584368754,-0.042921557962370085,-0.20851441405707577,-0.20851441405707577,-0.20851441405707577,-0.20851441405707577,-0.20851441405707577,-0.20851441405707577,-0.20851441405707577,-0.20851441405707577,-0.20851441405707577,-0.20851441405707577,-0.20851441405707577,-0.20851441405707577,-0.20851441405707577,-0.20851441405707577,-0.20851441405707577,-0.20851441405707577,-0.20851441405707577,-0.20851441405707577,-0.20851441405707577,-0.20851441405707577,-0.20851441405707577,-0.20851441405707577,-0.20851441405707577,4.795831523312718,-0.20851441405707577,-0.20851441405707577,-0.20851441405707577,-0.20851441405707577,-0.20851441405707577,-0.20851441405707577,-0.20851441405707577,-0.20851441405707577,-0.20851441405707577,-0.20851441405707577,-0.20851441405707577,-0.20851441405707577,-0.20851441405707577,-0.20851441405707577,-0.20851441405707577,-0.20851441405707577,-0.20851441405707577,-0.20851441405707577,-0.20851441405707577,-0.20851441405707577,-0.20851441405707577,-0.20851441405707577,-0.20851441405707577,4.795831523312718,-0.20851441405707577,-0.20851441405707577,-0.20851441405707577,-0.20851441405707577,-0.20851441405707577,-0.20851441405707577,-0.20851441405707577,-0.20851441405707577,-0.20851441405707577,-0.20851441405707577,-0.20851441405707577,-0.20851441405707577,-0.20851441405707577,-0.20851441405707577,-0.20851441405707577,-0.20851441405707577,-0.20851441405707577,-0.20851441405707577,-0.20851441405707577,-0.20851441405707577,-0.20851441405707577,-0.20851441405707577,-0.20851441405707577,4.795831523312718
170,0.05976656997935487,-0.6611312895767834,-1.1392638494116223,-1.3340788924159606,-1.301198716381473,-0.9778769853756795,-0.41425596785117313,0.43761459290900695,1.232766850009696,1.5645826264910656,1.3853856671031088,0.8721809194981499,0.1827932286417289,-0.48467434485836713,-1.0362392978368948,-1.371343091921713,-1.3340788924159606,-0.4348060778727278,1.0223337233889762,1.2708530539163108,1.2209847869306714,1.0338417850010468,0.5439271620871832,-0.33808356003794376,-0.20851441405707358,-0.20851441405707358,-0.20851441405707358,-0.20851441405707358,-0.20851441405707358,-0.20851441405707358,-0.20851441405707358,-0.20851441405707358,-0.20851441405707358,-0.20851441405707358,-0.20851441405707358,-0.20851441405707358,-0.20851441405707358,-0.20851441405707358,-0.20851441405707358,-0.20851441405707358,-0.20851441405707358,-0.20851441405707358,-0.20851441405707358,-0.20851441405707358,-0.20851441405707358,-0.20851441405707358,-0.20851441405707358,4.79583152331272,-0.20851441405707358,-0.20851441405707358,-0.20851441405707358,-0.20851441405707358,-0.20851441405707358,-0.20851441405707358,-0.20851441405707358,-0.20851441405707358,-0.20851441405707358,-0.20851441405707358,-0.20851441405707358,-0.20851441405707358,-0.20851441405707358,-0.20851441405707358,-0.20851441405707358,-0.20851441405707358,-0.20851441405707358,-0.20851441405707358,-0.20851441405707358,-0.20851441405707358,-0.20851441405707358,-0.20851441405707358,-0.20851441405707358,4.79583152331272,-0.20851441405707358,-0.20851441405707358,-0.20851441405707358,-0.20851441405707358,-0.20851441405707358,-0.20851441405707358,-0.20851441405707358,-0.20851441405707358,-0.20851441405707358,-0.20851441405707358,-0.20851441405707358,-0.20851441405707358,-0.20851441405707358,-0.20851441405707358,-0.20851441405707358,-0.20851441405707358,-0.20851441405707358,-0.20851441405707358,-0.20851441405707358,-0.20851441405707358,-0.20851441405707358,-0.20851441405707358,-0.20851441405707358,4.79583152331272
171,0.12947018091376888,-0.6996998585845199,-1.0661425366942483,-1.3281989076893859,-1.3886494855408207,-1.153079192470281,-0.872638367386305,-0.19241356609928345,0.45820914809554064,0.9265453259857803,0.9037984590623024,0.38778734090778666,-0.08896206173497236,-0.39962817574466564,-0.7782232896080331,-0.9549010094109379,-0.7165263080895584,0.49217364802237773,1.825825571755063,1.8918849661081774,1.7127144389711928,1.2446898619977131,0.3846713317401869,-0.7187075145068782,0.20851441405708027,0.20851441405708027,0.20851441405708027,0.20851441405708027,0.20851441405708027,0.20851441405708027,0.20851441405708027,0.20851441405708027,0.20851441405708027,0.20851441405708027,0.20851441405708027,0.20851441405708027,0.20851441405708027,0.20851441405708027,0.20851441405708027,0.20851441405708027,0.20851441405708027,0.20851441405708027,0.20851441405708027,0.20851441405708027,0.20851441405708027,0.20851441405708027,0.20851441405708027,-4.795831523312714,0.20851441405708027,0.20851441405708027,0.20851441405708027,0.20851441405708027,0.20851441405708027,0.20851441405708027,0.20851441405708027,0.20851441405708027,0.20851441405708027,0.20851441405708027,0.20851441405708027,0.20851441405708027,0.20851441405708027,0.20851441405708027,0.20851441405708027,0.20851441405708027,0.20851441405708027,0.20851441405708027,0.20851441405708027,0.20851441405708027,0.20851441405708027,0.20851441405708027,0.20851441405708027,-4.795831523312714,0.20851441405708027,0.20851441405708027,0.20851441405708027,0.20851441405708027,0.20851441405708027,0.20851441405708027,0.20851441405708027,0.20851441405708027,0.20851441405708027,0.20851441405708027,0.20851441405708027,0.20851441405708027,0.20851441405708027,0.20851441405708027,0.20851441405708027,0.20851441405708027,0.20851441405708027,0.20851441405708027,0.20851441405708027,0.20851441405708027,0.20851441405708027,0.20851441405708027,0.20851441405708027,-4.795831523312714
172,-1.137484852571491,-1.4792457416066693,-1.6564975139676037,-1.7207834960274258,-1.6649448924565335,-1.529500484820472,-0.9582286175182678,-0.11420664815824422,0.45634933961099994,0.5952299690052701,0.7083389352129748,0.7492872444982956,0.6954531036196919,0.6338874637851186,0.5892165809284049,0.5008770465611216,0.4713828098031632,0.7840789898001592,1.2116022468839642,1.2081660251257555,1.0353527058691738,0.7512917071905841,0.2898357602444677,-0.4194576810124546,-0.20851441405707474,-0.20851441405707474,-0.20851441405707474,-0.20851441405707474,-0.20851441405707474,-0.20851441405707474,-0.20851441405707474,-0.20851441405707474,-0.20851441405707474,-0.20851441405707474,-0.20851441405707474,-0.20851441405707474,-0.20851441405707474,-0.20851441405707474,-0.20851441405707474,-0.20851441405707474,-0.20851441405707474,-0.20851441405707474,-0.20851441405707474,-0.20851441405707474,-0.20851441405707474,-0.20851441405707474,-0.20851441405707474,4.795831523312719,-0.20851441405707474,-0.20851441405707474,-0.20851441405707474,-0.20851441405707474,-0.20851441405707474,-0.20851441405707474,-0.20851441405707474,-0.20851441405707474,-0.20851441405707474,-0.20851441405707474,-0.20851441405707474,-0.20851441405707474,-0.20851441405707474,-0.20851441405707474,-0.20851441405707474,-0.20851441405707474,-0.20851441405707474,-0.20851441405707474,-0.20851441405707474,-0.20851441405707474,-0.20851441405707474,-0.20851441405707474,-0.20851441405707474,4.795831523312719,-0.20851441405707474,-0.20851441405707474,-0.20851441405707474,-0.20851441405707474,-0.20851441405707474,-0.20851441405707474,-0.20851441405707474,-0.20851441405707474,-0.20851441405707474,-0.20851441405707474,-0.20851441405707474,-0.20851441405707474,-0.20851441405707474,-0.20851441405707474,-0.20851441405707474,-0.20851441405707474,-0.20851441405707474,-0.20851441405707474,-0.20851441405707474,-0.20851441405707474,-0.20851441405707474,-0.20851441405707474,-0.20851441405707474,4.795831523312719
173,-0.9367960050184987,-1.3323508298987539,-1.6134111971411873,-1.7537845390396123,-1.7729192292201799,-1.6298795780342985,-0.9755359105480081,-0.053306580533773476,0.571550843067708,0.7196094293829185,0.7828166436679077,0.7723082482408747,0.6266022877675373,0.5039520605445558,0.43556906940744583,0.2908041592708576,0.27590419560566165,0.6355422659666549,1.2373439563177806,1.2858080486603654,1.138690512681904,0.8392796638728608,0.3455419205251039,-0.3933394355458246,0.20851441405707735,0.20851441405707735,0.20851441405707735,0.20851441405707735,0.20851441405707735,0.20851441405707735,0.20851441405707735,0.20851441405707735,0.20851441405707735,0.20851441405707735,0.20851441405707735,0.20851441405707735,0.20851441405707735,0.20851441405707735,0.20851441405707735,0.20851441405707735,0.20851441405707735,0.20851441405707735,0.20851441405707735,0.20851441405707735,0.20851441405707735,0.20851441405707735,0.20851441405707735,-4.7958315233127164,0.20851441405707735,0.20851441405707735,0.20851441405707735,0.20851441405707735,0.20851441405707735,0.20851441405707735,0.20851441405707735,0.20851441405707735,0.20851441405707735,0.20851441405707735,0.20851441405707735,0.20851441405707735,0.20851441405707735,0.20851441405707735,0.20851441405707735,0.20851441405707735,0.20851441405707735,0.20851441405707735,0.20851441405707735,0.20851441405707735,0.20851441405707735,0.20851441405707735,0.20851441405707735,-4.7958315233127164,0.20851441405707735,0.20851441405707735,0.20851441405707735,0.20851441405707735,0.20851441405707735,0.20851441405707735,0.20851441405707735,0.20851441405707735,0.20851441405707735,0.20851441405707735,0.20851441405707735,0.20851441405707735,0.20851441405707735,0.20851441405707735,0.20851441405707735,0.20851441405707735,0.20851441405707735,0.20851441405707735,0.20851441405707735,0.20851441405707735,0.20851441405707735,0.20851441405707735,0.20851441405707735,-4.7958315233127164
174,-0.7378356210423298,-1.1869637164137663,-1.520097303685967,-1.7370713835586487,-1.7895411610487724,-1.7053915179042343,-1.1668338017791906,-0.3253373703338097,0.24968519115386717,0.4853041919585738,0.6884183306074491,0.7872529114772104,0.8133228009219889,0.7242231787689486,0.6752183865847764,0.5643388567943263,0.537938968748981,0.8334527155565647,1.2601409060894577,1.2315960271404283,0.9765071089022794,0.6681234166725899,0.18781045354758916,-0.5142615691583119,0.20851441405706292,0.20851441405706292,0.20851441405706292,0.20851441405706292,0.20851441405706292,0.20851441405706292,0.20851441405706292,0.20851441405706292,0.20851441405706292,0.20851441405706292,0.20851441405706292,0.20851441405706292,0.20851441405706292,0.20851441405706292,0.20851441405706292,0.20851441405706292,0.20851441405706292,0.20851441405706292,0.20851441405706292,0.20851441405706292,0.20851441405706292,0.20851441405706292,0.20851441405706292,-4.7958315233127315,0.20851441405706292,0.20851441405706292,0.20851441405706292,0.20851441405706292,0.20851441405706292,0.20851441405706292,0.20851441405706292,0.20851441405706292,0.20851441405706292,0.20851441405706292,0.20851441405706292,0.20851441405706292,0.20851441405706292,0.20851441405706292,0.20851441405706292,0.20851441405706292,0.20851441405706292,0.20851441405706292,0.20851441405706292,0.20851441405706292,0.20851441405706292,0.20851441405706292,0.20851441405706292,-4.7958315233127315,0.20851441405706292,0.20851441405706292,0.20851441405706292,0.20851441405706292,0.20851441405706292,0.20851441405706292,0.20851441405706292,0.20851441405706292,0.20851441405706292,0.20851441405706292,0.20851441405706292,0.20851441405706292,0.20851441405706292,0.20851441405706292,0.20851441405706292,0.20851441405706292,0.20851441405706292,0.20851441405706292,0.20851441405706292,0.20851441405706292,0.20851441405706292,0.20851441405706292,0.20851441405706292,-4.7958315233127315
175,-0.36381727567968747,-1.0688641722230439,-1.5365177887099113,-1.7995450849227346,-1.8688683807889959,-1.7384692551241638,-1.2830753854946737,-0.5185129905709582,0.10628829017865539,0.5946720240789063,0.9132025378824018,1.0302273942482767,0.9161002962305093,0.6869544822417105,0.6169624729105015,0.5110828409604243,0.452236056045013,0.7725498057550361,1.2738619999776122,1.0607653091475622,0.7384454190426955,0.5108599364721084,0.24872425821254876,-0.2552627898698188,-0.20851441405706364,-0.20851441405706364,-0.20851441405706364,-0.20851441405706364,-0.20851441405706364,-0.20851441405706364,-0.20851441405706364,-0.20851441405706364,-0.20851441405706364,-0.20851441405706364,-0.20851441405706364,-0.20851441405706364,-0.20851441405706364,-0.20851441405706364,-0.20851441405706364,-0.20851441405706364,-0.20851441405706364,-0.20851441405706364,-0.20851441405706364,-0.20851441405706364,-0.20851441405706364,-0.20851441405706364,-0.20851441405706364,4.795831523312731,-0.20851441405706364,-0.20851441405706364,-0.20851441405706364,-0.20851441405706364,-0.20851441405706364,-0.20851441405706364,-0.20851441405706364,-0.20851441405706364,-0.20851441405706364,-0.20851441405706364,-0.20851441405706364,-0.20851441405706364,-0.20851441405706364,-0.20851441405706364,-0.20851441405706364,-0.20851441405706364,-0.20851441405706364,-0.20851441405706364,-0.20851441405706364,-0.20851441405706364,-0.20851441405706364,-0.20851441405706364,-0.20851441405706364,4.795831523312731,-0.20851441405706364,-0.20851441405706364,-0.20851441405706364,-0.20851441405706364,-0.20851441405706364,-0.20851441405706364,-0.20851441405706364,-0.20851441405706364,-0.20851441405706364,-0.20851441405706364,-0.20851441405706364,-0.20851441405706364,-0.20851441405706364,-0.20851441405706364,-0.20851441405706364,-0.20851441405706364,-0.20851441405706364,-0.20851441405706364,-0.20851441405706364,-0.20851441405706364,-0.20851441405706364,-0.20851441405706364,-0.20851441405706364,4.795831523312731
176,-0.24396125002368707,-0.9525335270713502,-1.4620686476449507,-1.7315528946528636,-1.7928322131309384,-1.6697910618560634,-1.300185093712713,-0.6946296237128375,-0.10379084043407445,0.4590621123586386,0.8848809986334515,1.0400093521035392,0.9548455748485766,0.5912710356892887,0.20212323763757584,-0.06591346641416192,-0.13877312854163698,0.29476598683277594,1.1283094724302143,1.2556932525736144,1.2163683355975268,1.0921208985258393,0.8043011074063764,0.23228038255788835,0.20851441405706364,0.20851441405706364,0.20851441405706364,0.20851441405706364,0.20851441405706364,0.20851441405706364,0.20851441405706364,0.20851441405706364,0.20851441405706364,0.20851441405706364,0.20851441405706364,0.20851441405706364,0.20851441405706364,0.20851441405706364,0.20851441405706364,0.20851441405706364,0.20851441405706364,0.20851441405706364,0.20851441405706364,0.20851441405706364,0.20851441405706364,0.20851441405706364,0.20851441405706364,-4.795831523312731,0.20851441405706364,0.20851441405706364,0.20851441405706364,0.20851441405706364,0.20851441405706364,0.20851441405706364,0.20851441405706364,0.20851441405706364,0.20851441405706364,0.20851441405706364,0.20851441405706364,0.20851441405706364,0.20851441405706364,0.20851441405706364,0.20851441405706364,0.20851441405706364,0.20851441405706364,0.20851441405706364,0.20851441405706364,0.20851441405706364,0.20851441405706364,0.20851441405706364,0.20851441405706364,-4.795831523312731,0.20851441405706364,0.20851441405706364,0.20851441405706364,0.20851441405706364,0.20851441405706364,0.20851441405706364,0.20851441405706364,0.20851441405706364,0.20851441405706364,0.20851441405706364,0.20851441405706364,0.20851441405706364,0.20851441405706364,0.20851441405706364,0.20851441405706364,0.20851441405706364,0.20851441405706364,0.20851441405706364,0.20851441405706364,0.20851441405706364,0.20851441405706364,0.20851441405706364,0.20851441405706364,-4.795831523312731
177,-0.8343852578383781,-1.219925187179181,-1.4307020209430643,-1.547103567583073,-1.5528914897916923,-1.4546575878620716,-1.2048122791900084,-0.9252234813903187,-0.5699093680278609,-0.14980268105224892,0.3031022317722053,0.587996624929796,0.729800719040967,0.7122761767982032,0.6762624386112391,0.6264219973703514,0.6693490870842773,0.9939550576176721,1.374510942834386,1.352806234552064,1.1884935540740404,0.9593882999828628,0.6040741866204049,0.1109753695694283,0.20851441405707502,0.20851441405707502,0.20851441405707502,0.20851441405707502,0.20851441405707502,0.20851441405707502,0.20851441405707502,0.20851441405707502,0.20851441405707502,0.20851441405707502,0.20851441405707502,0.20851441405707502,0.20851441405707502,0.20851441405707502,0.20851441405707502,0.20851441405707502,0.20851441405707502,0.20851441405707502,0.20851441405707502,0.20851441405707502,0.20851441405707502,0.20851441405707502,0.20851441405707502,-4.795831523312719,0.20851441405707502,0.20851441405707502,0.20851441405707502,0.20851441405707502,0.20851441405707502,0.20851441405707502,0.20851441405707502,0.20851441405707502,0.20851441405707502,0.20851441405707502,0.20851441405707502,0.20851441405707502,0.20851441405707502,0.20851441405707502,0.20851441405707502,0.20851441405707502,0.20851441405707502,0.20851441405707502,0.20851441405707502,0.20851441405707502,0.20851441405707502,0.20851441405707502,0.20851441405707502,-4.795831523312719,0.20851441405707502,0.20851441405707502,0.20851441405707502,0.20851441405707502,0.20851441405707502,0.20851441405707502,0.20851441405707502,0.20851441405707502,0.20851441405707502,0.20851441405707502,0.20851441405707502,0.20851441405707502,0.20851441405707502,0.20851441405707502,0.20851441405707502,0.20851441405707502,0.20851441405707502,0.20851441405707502,0.20851441405707502,0.20851441405707502,0.20851441405707502,0.20851441405707502,0.20851441405707502,-4.795831523312719
178,-0.6528824614105706,-0.9859319684716343,-1.2502376184688355,-1.3993096632769453,-1.45082944972392,-1.4107415685536409,-1.237129033751558,-1.0225140653570601,-0.7580559899561697,-0.38644285576171966,0.024191181777184455,0.23453823886838257,0.3752268864735825,0.43970283223414536,0.42888062857220693,0.420039955158229,0.485125602533549,0.9550531221075808,1.5324405512825507,1.6245054951108722,1.5077476358848882,1.260056354889818,0.8953023638613853,0.37126382597766133,-0.20851441405688215,-0.20851441405688215,-0.20851441405688215,-0.20851441405688215,-0.20851441405688215,-0.20851441405688215,-0.20851441405688215,-0.20851441405688215,-0.20851441405688215,-0.20851441405688215,-0.20851441405688215,-0.20851441405688215,-0.20851441405688215,-0.20851441405688215,-0.20851441405688215,-0.20851441405688215,-0.20851441405688215,-0.20851441405688215,-0.20851441405688215,-0.20851441405688215,-0.20851441405688215,-0.20851441405688215,-0.20851441405688215,4.795831523312912,-0.20851441405688215,-0.20851441405688215,-0.20851441405688215,-0.20851441405688215,-0.20851441405688215,-0.20851441405688215,-0.20851441405688215,-0.20851441405688215,-0.20851441405688215,-0.20851441405688215,-0.20851441405688215,-0.20851441405688215,-0.20851441405688215,-0.20851441405688215,-0.20851441405688215,-0.20851441405688215,-0.20851441405688215,-0.20851441405688215,-0.20851441405688215,-0.20851441405688215,-0.20851441405688215,-0.20851441405688215,-0.20851441405688215,4.795831523312912,-0.20851441405688215,-0.20851441405688215,-0.20851441405688215,-0.20851441405688215,-0.20851441405688215,-0.20851441405688215,-0.20851441405688215,-0.20851441405688215,-0.20851441405688215,-0.20851441405688215,-0.20851441405688215,-0.20851441405688215,-0.20851441405688215,-0.20851441405688215,-0.20851441405688215,-0.20851441405688215,-0.20851441405688215,-0.20851441405688215,-0.20851441405688215,-0.20851441405688215,-0.20851441405688215,-0.20851441405688215,-0.20851441405688215,4.795831523312912
179,-1.077415669990173,-1.4158282908292388,-1.6310565130404033,-1.7028451838291465,-1.7084945801868021,-1.47397573626657,-1.0140321986603804,-0.3573243196217049,0.17289219706751535,0.3899116912945221,0.6390362916516193,0.7539532809756343,0.7926723145488336,0.7303911644595593,0.6721059288671632,0.5846091804010367,0.5558110379925005,0.8268442730048956,1.255096074946189,1.2290537356389482,1.0496509537446226,0.7448591307413598,0.29028940918269613,-0.30620417209267664,0.20851441405707613,0.20851441405707613,0.20851441405707613,0.20851441405707613,0.20851441405707613,0.20851441405707613,0.20851441405707613,0.20851441405707613,0.20851441405707613,0.20851441405707613,0.20851441405707613,0.20851441405707613,0.20851441405707613,0.20851441405707613,0.20851441405707613,0.20851441405707613,0.20851441405707613,0.20851441405707613,0.20851441405707613,0.20851441405707613,0.20851441405707613,0.20851441405707613,0.20851441405707613,-4.795831523312718,0.20851441405707613,0.20851441405707613,0.20851441405707613,0.20851441405707613,0.20851441405707613,0.20851441405707613,0.20851441405707613,0.20851441405707613,0.20851441405707613,0.20851441405707613,0.20851441405707613,0.20851441405707613,0.20851441405707613,0.20851441405707613,0.20851441405707613,0.20851441405707613,0.20851441405707613,0.20851441405707613,0.20851441405707613,0.20851441405707613,0.20851441405707613,0.20851441405707613,0.20851441405707613,-4.795831523312718,0.20851441405707613,0.20851441405707613,0.20851441405707613,0.20851441405707613,0.20851441405707613,0.20851441405707613,0.20851441405707613,0.20851441405707613,0.20851441405707613,0.20851441405707613,0.20851441405707613,0.20851441405707613,0.20851441405707613,0.20851441405707613,0.20851441405707613,0.20851441405707613,0.20851441405707613,0.20851441405707613,0.20851441405707613,0.20851441405707613,0.20851441405707613,0.20851441405707613,0.20851441405707613,-4.795831523312718
180,-0.9779588041429708,-1.3688302370956413,-1.6394819539549783,-1.7445955277119767,-1.7164288664806853,-1.5318506898085908,-0.9754411137535816,-0.22611351161162616,0.27034356204605325,0.48230162170275503,0.6582252376613241,0.7199086522013591,0.6889095892820049,0.5896181745504689,0.4764794626772926,0.37231002281631514,0.39906048320357523,0.7274617233695266,1.3469709148086024,1.3708889735077996,1.1699458093046755,0.8634170043965426,0.3391079808062453,-0.29424850777447087,0.2085144140570701,0.2085144140570701,0.2085144140570701,0.2085144140570701,0.2085144140570701,0.2085144140570701,0.2085144140570701,0.2085144140570701,0.2085144140570701,0.2085144140570701,0.2085144140570701,0.2085144140570701,0.2085144140570701,0.2085144140570701,0.2085144140570701,0.2085144140570701,0.2085144140570701,0.2085144140570701,0.2085144140570701,0.2085144140570701,0.2085144140570701,0.2085144140570701,0.2085144140570701,-4.7958315233127236,0.2085144140570701,0.2085144140570701,0.2085144140570701,0.2085144140570701,0.2085144140570701,0.2085144140570701,0.2085144140570701,0.2085144140570701,0.2085144140570701,0.2085144140570701,0.2085144140570701,0.2085144140570701,0.2085144140570701,0.2085144140570701,0.2085144140570701,0.2085144140570701,0.2085144140570701,0.2085144140570701,0.2085144140570701,0.2085144140570701,0.2085144140570701,0.2085144140570701,0.2085144140570701,-4.7958315233127236,0.2085144140570701,0.2085144140570701,0.2085144140570701,0.2085144140570701,0.2085144140570701,0.2085144140570701,0.2085144140570701,0.2085144140570701,0.2085144140570701,0.2085144140570701,0.2085144140570701,0.2085144140570701,0.2085144140570701,0.2085144140570701,0.2085144140570701,0.2085144140570701,0.2085144140570701,0.2085144140570701,0.2085144140570701,0.2085144140570701,0.2085144140570701,0.2085144140570701,0.2085144140570701,-4.7958315233127236
181,-0.8872545524023565,-1.3342858992872562,-1.641311113212626,-1.7692931900473963,-1.7584221256058328,-1.564390096633684,-0.9928356479636021,-0.2122602784398218,0.3115273719264204,0.46767538845069634,0.6521540577620772,0.6943206107475357,0.6478715172244915,0.5406432906872515,0.4536747751547433,0.3754360537950059,0.3538586380094783,0.7458758102961627,1.34856103441254,1.403081069717957,1.1492581863172089,0.8801169848397121,0.3701652346718236,-0.23416712042054827,0.20851441405707785,0.20851441405707785,0.20851441405707785,0.20851441405707785,0.20851441405707785,0.20851441405707785,0.20851441405707785,0.20851441405707785,0.20851441405707785,0.20851441405707785,0.20851441405707785,0.20851441405707785,0.20851441405707785,0.20851441405707785,0.20851441405707785,0.20851441405707785,0.20851441405707785,0.20851441405707785,0.20851441405707785,0.20851441405707785,0.20851441405707785,0.20851441405707785,0.20851441405707785,-4.7958315233127164,0.20851441405707785,0.20851441405707785,0.20851441405707785,0.20851441405707785,0.20851441405707785,0.20851441405707785,0.20851441405707785,0.20851441405707785,0.20851441405707785,0.20851441405707785,0.20851441405707785,0.20851441405707785,0.20851441405707785,0.20851441405707785,0.20851441405707785,0.20851441405707785,0.20851441405707785,0.20851441405707785,0.20851441405707785,0.20851441405707785,0.20851441405707785,0.20851441405707785,0.20851441405707785,-4.7958315233127164,0.20851441405707785,0.20851441405707785,0.20851441405707785,0.20851441405707785,0.20851441405707785,0.20851441405707785,0.20851441405707785,0.20851441405707785,0.20851441405707785,0.20851441405707785,0.20851441405707785,0.20851441405707785,0.20851441405707785,0.20851441405707785,0.20851441405707785,0.20851441405707785,0.20851441405707785,0.20851441405707785,0.20851441405707785,0.20851441405707785,0.20851441405707785,0.20851441405707785,0.20851441405707785,-4.7958315233127164
182,-0.7770381799856527,-1.2796282939062051,-1.550406670156123,-1.747227956857605,-1.7593553290685044,-1.6187970970503753,-1.0084522988952742,-0.18717074802272585,0.4036907308427337,0.6838131479764593,0.8977320414015045,0.9384879644053468,0.767909515930729,0.5480263410904873,0.4150228655316069,0.2814229618312069,0.28042891492867417,0.7418654870843712,1.4977387517702654,1.381435264173935,0.9273546390969801,0.503294230476514,0.07883620309503488,-0.4189824856933604,-0.20851441405707363,-0.20851441405707363,-0.20851441405707363,-0.20851441405707363,-0.20851441405707363,-0.20851441405707363,-0.20851441405707363,-0.20851441405707363,-0.20851441405707363,-0.20851441405707363,-0.20851441405707363,-0.20851441405707363,-0.20851441405707363,-0.20851441405707363,-0.20851441405707363,-0.20851441405707363,-0.20851441405707363,-0.20851441405707363,-0.20851441405707363,-0.20851441405707363,-0.20851441405707363,-0.20851441405707363,-0.20851441405707363,4.795831523312721,-0.20851441405707363,-0.20851441405707363,-0.20851441405707363,-0.20851441405707363,-0.20851441405707363,-0.20851441405707363,-0.20851441405707363,-0.20851441405707363,-0.20851441405707363,-0.20851441405707363,-0.20851441405707363,-0.20851441405707363,-0.20851441405707363,-0.20851441405707363,-0.20851441405707363,-0.20851441405707363,-0.20851441405707363,-0.20851441405707363,-0.20851441405707363,-0.20851441405707363,-0.20851441405707363,-0.20851441405707363,-0.20851441405707363,4.795831523312721,-0.20851441405707363,-0.20851441405707363,-0.20851441405707363,-0.20851441405707363,-0.20851441405707363,-0.20851441405707363,-0.20851441405707363,-0.20851441405707363,-0.20851441405707363,-0.20851441405707363,-0.20851441405707363,-0.20851441405707363,-0.20851441405707363,-0.20851441405707363,-0.20851441405707363,-0.20851441405707363,-0.20851441405707363,-0.20851441405707363,-0.20851441405707363,-0.20851441405707363,-0.20851441405707363,-0.20851441405707363,-0.20851441405707363,4.795831523312721
183,-0.4617990456992677,-0.9272282866274498,-1.291266811688409,-1.4955767466771348,-1.4904817358295357,-1.3381409114863212,-1.0176647291723346,-0.6584664644165948,-0.3955639046804788,-0.12476407813058413,0.24844546645605342,0.48510872032703384,0.4817969632760944,0.25838073760887176,-0.07152121477317304,-0.2939184382708758,-0.26156511938862126,0.42040208256252465,1.6719914972752552,1.8813964431115802,1.7504546643282821,1.4337997401499951,0.9630207378318338,0.233160433913256,-0.20851441405715254,-0.20851441405715254,-0.20851441405715254,-0.20851441405715254,-0.20851441405715254,-0.20851441405715254,-0.20851441405715254,-0.20851441405715254,-0.20851441405715254,-0.20851441405715254,-0.20851441405715254,-0.20851441405715254,-0.20851441405715254,-0.20851441405715254,-0.20851441405715254,-0.20851441405715254,-0.20851441405715254,-0.20851441405715254,-0.20851441405715254,-0.20851441405715254,-0.20851441405715254,-0.20851441405715254,-0.20851441405715254,4.795831523312642,-0.20851441405715254,-0.20851441405715254,-0.20851441405715254,-0.20851441405715254,-0.20851441405715254,-0.20851441405715254,-0.20851441405715254,-0.20851441405715254,-0.20851441405715254,-0.20851441405715254,-0.20851441405715254,-0.20851441405715254,-0.20851441405715254,-0.20851441405715254,-0.20851441405715254,-0.20851441405715254,-0.20851441405715254,-0.20851441405715254,-0.20851441405715254,-0.20851441405715254,-0.20851441405715254,-0.20851441405715254,-0.20851441405715254,4.795831523312642,-0.20851441405715254,-0.20851441405715254,-0.20851441405715254,-0.20851441405715254,-0.20851441405715254,-0.20851441405715254,-0.20851441405715254,-0.20851441405715254,-0.20851441405715254,-0.20851441405715254,-0.20851441405715254,-0.20851441405715254,-0.20851441405715254,-0.20851441405715254,-0.20851441405715254,-0.20851441405715254,-0.20851441405715254,-0.20851441405715254,-0.20851441405715254,-0.20851441405715254,-0.20851441405715254,-0.20851441405715254,-0.20851441405715254,4.795831523312642
184,-0.49763057889217,-1.014101589872388,-1.3562636346467825,-1.5039743437871247,-1.4747937316667423,-1.2661394432307342,-0.9417956483351575,-0.2443015480063731,0.3488654081044072,0.7052304056807576,0.8681770096450163,0.7524875031854475,0.4085178098726224,-0.06147081011937594,-0.48446056811217447,-0.7785908088654085,-0.7599978524701207,-0.04778432832840017,1.4120209842071858,1.75340832246511,1.6028570227643764,1.343588575252307,0.9014893898532405,0.3346624553024512,0.20851441405700316,0.20851441405700316,0.20851441405700316,0.20851441405700316,0.20851441405700316,0.20851441405700316,0.20851441405700316,0.20851441405700316,0.20851441405700316,0.20851441405700316,0.20851441405700316,0.20851441405700316,0.20851441405700316,0.20851441405700316,0.20851441405700316,0.20851441405700316,0.20851441405700316,0.20851441405700316,0.20851441405700316,0.20851441405700316,0.20851441405700316,0.20851441405700316,0.20851441405700316,-4.795831523312791,0.20851441405700316,0.20851441405700316,0.20851441405700316,0.20851441405700316,0.20851441405700316,0.20851441405700316,0.20851441405700316,0.20851441405700316,0.20851441405700316,0.20851441405700316,0.20851441405700316,0.20851441405700316,0.20851441405700316,0.20851441405700316,0.20851441405700316,0.20851441405700316,0.20851441405700316,0.20851441405700316,0.20851441405700316,0.20851441405700316,0.20851441405700316,0.20851441405700316,0.20851441405700316,-4.795831523312791,0.20851441405700316,0.20851441405700316,0.20851441405700316,0.20851441405700316,0.20851441405700316,0.20851441405700316,0.20851441405700316,0.20851441405700316,0.20851441405700316,0.20851441405700316,0.20851441405700316,0.20851441405700316,0.20851441405700316,0.20851441405700316,0.20851441405700316,0.20851441405700316,0.20851441405700316,0.20851441405700316,0.20851441405700316,0.20851441405700316,0.20851441405700316,0.20851441405700316,0.20851441405700316,-4.795831523312791
185,-0.39720976313116824,-0.888056470013192,-1.2176063405327437,-1.3615126824086958,-1.387815805319557,-1.2706473487166294,-1.0004425406323267,-0.6324162010613497,-0.16656833000369825,0.13993913532121469,0.25254258712143096,0.16124249106720154,-0.013097216160160288,-0.15461236504421585,-0.30830086006883534,-0.43938171226097894,-0.3289520722715777,0.3997096467136054,1.5996537662834773,1.9587674774301131,1.9361598345976372,1.6113923500618783,1.0551139076743237,0.4520985113542466,0.20851441405708068,0.20851441405708068,0.20851441405708068,0.20851441405708068,0.20851441405708068,0.20851441405708068,0.20851441405708068,0.20851441405708068,0.20851441405708068,0.20851441405708068,0.20851441405708068,0.20851441405708068,0.20851441405708068,0.20851441405708068,0.20851441405708068,0.20851441405708068,0.20851441405708068,0.20851441405708068,0.20851441405708068,0.20851441405708068,0.20851441405708068,0.20851441405708068,0.20851441405708068,-4.795831523312714,0.20851441405708068,0.20851441405708068,0.20851441405708068,0.20851441405708068,0.20851441405708068,0.20851441405708068,0.20851441405708068,0.20851441405708068,0.20851441405708068,0.20851441405708068,0.20851441405708068,0.20851441405708068,0.20851441405708068,0.20851441405708068,0.20851441405708068,0.20851441405708068,0.20851441405708068,0.20851441405708068,0.20851441405708068,0.20851441405708068,0.20851441405708068,0.20851441405708068,0.20851441405708068,-4.795831523312714,0.20851441405708068,0.20851441405708068,0.20851441405708068,0.20851441405708068,0.20851441405708068,0.20851441405708068,0.20851441405708068,0.20851441405708068,0.20851441405708068,0.20851441405708068,0.20851441405708068,0.20851441405708068,0.20851441405708068,0.20851441405708068,0.20851441405708068,0.20851441405708068,0.20851441405708068,0.20851441405708068,0.20851441405708068,0.20851441405708068,0.20851441405708068,0.20851441405708068,0.20851441405708068,-4.795831523312714
186,-1.3985483729732986,-1.6133356479973278,-1.7033390401752753,-1.6992221657696593,-1.5558413675051057,-1.247075787083914,-0.4736712435737285,0.5634971842686752,0.9866834809287087,0.8959702828187586,0.7940421509831651,0.6161647844232785,0.40123554821284885,0.16998077556635616,0.006299527646524318,-0.14261775688765052,-0.14999973858047902,0.20887814064010632,1.0282781085440693,1.3315072026956398,1.303824771347533,1.0827912041218797,0.607505152052845,-0.01300719370395021,-0.20851441405707766,-0.20851441405707766,-0.20851441405707766,-0.20851441405707766,-0.20851441405707766,-0.20851441405707766,-0.20851441405707766,-0.20851441405707766,-0.20851441405707766,-0.20851441405707766,-0.20851441405707766,-0.20851441405707766,-0.20851441405707766,-0.20851441405707766,-0.20851441405707766,-0.20851441405707766,-0.20851441405707766,-0.20851441405707766,-0.20851441405707766,-0.20851441405707766,-0.20851441405707766,-0.20851441405707766,-0.20851441405707766,4.7958315233127164,-0.20851441405707766,-0.20851441405707766,-0.20851441405707766,-0.20851441405707766,-0.20851441405707766,-0.20851441405707766,-0.20851441405707766,-0.20851441405707766,-0.20851441405707766,-0.20851441405707766,-0.20851441405707766,-0.20851441405707766,-0.20851441405707766,-0.20851441405707766,-0.20851441405707766,-0.20851441405707766,-0.20851441405707766,-0.20851441405707766,-0.20851441405707766,-0.20851441405707766,-0.20851441405707766,-0.20851441405707766,-0.20851441405707766,4.7958315233127164,-0.20851441405707766,-0.20851441405707766,-0.20851441405707766,-0.20851441405707766,-0.20851441405707766,-0.20851441405707766,-0.20851441405707766,-0.20851441405707766,-0.20851441405707766,-0.20851441405707766,-0.20851441405707766,-0.20851441405707766,-0.20851441405707766,-0.20851441405707766,-0.20851441405707766,-0.20851441405707766,-0.20851441405707766,-0.20851441405707766,-0.20851441405707766,-0.20851441405707766,-0.20851441405707766,-0.20851441405707766,-0.20851441405707766,4.7958315233127164
187,-1.0819315767700421,-1.306040819323143,-1.435057009681812,-1.4567100765951553,-1.3580081799151664,-1.0088524759375093,0.02508146917462239,1.3338289218619332,1.7475829421310638,1.4614015744263795,1.0662331032578685,0.6477875851575136,0.2629043207728405,-0.14182758828239714,-0.4188064025489106,-0.6786432055090275,-0.702281136889427,-0.1717809975125217,0.8233578693798703,1.1726940155818053,1.0797662700787078,0.749556999650226,0.1068217967724925,-0.7170773992802114,-0.2085144140570771,-0.2085144140570771,-0.2085144140570771,-0.2085144140570771,-0.2085144140570771,-0.2085144140570771,-0.2085144140570771,-0.2085144140570771,-0.2085144140570771,-0.2085144140570771,-0.2085144140570771,-0.2085144140570771,-0.2085144140570771,-0.2085144140570771,-0.2085144140570771,-0.2085144140570771,-0.2085144140570771,-0.2085144140570771,-0.2085144140570771,-0.2085144140570771,-0.2085144140570771,-0.2085144140570771,-0.2085144140570771,4.7958315233127164,-0.2085144140570771,-0.2085144140570771,-0.2085144140570771,-0.2085144140570771,-0.2085144140570771,-0.2085144140570771,-0.2085144140570771,-0.2085144140570771,-0.2085144140570771,-0.2085144140570771,-0.2085144140570771,-0.2085144140570771,-0.2085144140570771,-0.2085144140570771,-0.2085144140570771,-0.2085144140570771,-0.2085144140570771,-0.2085144140570771,-0.2085144140570771,-0.2085144140570771,-0.2085144140570771,-0.2085144140570771,-0.2085144140570771,4.7958315233127164,-0.2085144140570771,-0.2085144140570771,-0.2085144140570771,-0.2085144140570771,-0.2085144140570771,-0.2085144140570771,-0.2085144140570771,-0.2085144140570771,-0.2085144140570771,-0.2085144140570771,-0.2085144140570771,-0.2085144140570771,-0.2085144140570771,-0.2085144140570771,-0.2085144140570771,-0.2085144140570771,-0.2085144140570771,-0.2085144140570771,-0.2085144140570771,-0.2085144140570771,-0.2085144140570771,-0.2085144140570771,-0.2085144140570771,4.7958315233127164
188,-0.9271235071959907,-1.1151527146217162,-1.2817289252270567,-1.3589176490807942,-1.4203321105666016,-1.0735086619703809,0.020594175869242948,1.4518455813860904,1.8893184577233486,1.548594390576061,1.1199551011648434,0.7064591036268387,0.264359110328321,-0.08688113173092003,-0.32307442025339167,-0.5098416866896828,-0.5348701829801317,-0.045657726076063,0.878083078189917,1.0692671380892285,0.8644120508043777,0.4601702871888919,-0.28248198509325184,-1.3134877734611559,-0.20851441405707927,-0.20851441405707927,-0.20851441405707927,-0.20851441405707927,-0.20851441405707927,-0.20851441405707927,-0.20851441405707927,-0.20851441405707927,-0.20851441405707927,-0.20851441405707927,-0.20851441405707927,-0.20851441405707927,-0.20851441405707927,-0.20851441405707927,-0.20851441405707927,-0.20851441405707927,-0.20851441405707927,-0.20851441405707927,-0.20851441405707927,-0.20851441405707927,-0.20851441405707927,-0.20851441405707927,-0.20851441405707927,4.795831523312716,-0.20851441405707927,-0.20851441405707927,-0.20851441405707927,-0.20851441405707927,-0.20851441405707927,-0.20851441405707927,-0.20851441405707927,-0.20851441405707927,-0.20851441405707927,-0.20851441405707927,-0.20851441405707927,-0.20851441405707927,-0.20851441405707927,-0.20851441405707927,-0.20851441405707927,-0.20851441405707927,-0.20851441405707927,-0.20851441405707927,-0.20851441405707927,-0.20851441405707927,-0.20851441405707927,-0.20851441405707927,-0.20851441405707927,4.795831523312716,-0.20851441405707927,-0.20851441405707927,-0.20851441405707927,-0.20851441405707927,-0.20851441405707927,-0.20851441405707927,-0.20851441405707927,-0.20851441405707927,-0.20851441405707927,-0.20851441405707927,-0.20851441405707927,-0.20851441405707927,-0.20851441405707927,-0.20851441405707927,-0.20851441405707927,-0.20851441405707927,-0.20851441405707927,-0.20851441405707927,-0.20851441405707927,-0.20851441405707927,-0.20851441405707927,-0.20851441405707927,-0.20851441405707927,4.795831523312716
189,-1.0627862976389133,-1.3518123829574356,-1.5418219608135242,-1.758637112513034,-1.7238081016008335,-1.409435249178668,-0.4995045452421213,0.7375635700896487,1.1985464998595063,1.0362542500592005,0.8958441013555649,0.775857247008822,0.5867594233650948,0.3812500238988647,0.16844659073374446,0.018371847379079573,0.04262450942788933,0.457655026894739,1.148764719864581,1.23848133436093,1.0285955146753658,0.6217707851197675,-0.052927332027571675,-0.9360524621206969,0.2085144140570885,0.2085144140570885,0.2085144140570885,0.2085144140570885,0.2085144140570885,0.2085144140570885,0.2085144140570885,0.2085144140570885,0.2085144140570885,0.2085144140570885,0.2085144140570885,0.2085144140570885,0.2085144140570885,0.2085144140570885,0.2085144140570885,0.2085144140570885,0.2085144140570885,0.2085144140570885,0.2085144140570885,0.2085144140570885,0.2085144140570885,0.2085144140570885,0.2085144140570885,-4.795831523312706,0.2085144140570885,0.2085144140570885,0.2085144140570885,0.2085144140570885,0.2085144140570885,0.2085144140570885,0.2085144140570885,0.2085144140570885,0.2085144140570885,0.2085144140570885,0.2085144140570885,0.2085144140570885,0.2085144140570885,0.2085144140570885,0.2085144140570885,0.2085144140570885,0.2085144140570885,0.2085144140570885,0.2085144140570885,0.2085144140570885,0.2085144140570885,0.2085144140570885,0.2085144140570885,-4.795831523312706,0.2085144140570885,0.2085144140570885,0.2085144140570885,0.2085144140570885,0.2085144140570885,0.2085144140570885,0.2085144140570885,0.2085144140570885,0.2085144140570885,0.2085144140570885,0.2085144140570885,0.2085144140570885,0.2085144140570885,0.2085144140570885,0.2085144140570885,0.2085144140570885,0.2085144140570885,0.2085144140570885,0.2085144140570885,0.2085144140570885,0.2085144140570885,0.2085144140570885,0.2085144140570885,-4.795831523312706
190,-0.9771542396880617,-1.3628528042014003,-1.668664412053588,-1.8269924076082669,-1.8130754490948988,-1.549918415387579,-0.6782107412320815,0.46532947323647184,0.9842332120920457,0.940494199621461,0.9406749393424139,0.898020365197546,0.7696951633210369,0.6377551670254713,0.4815960481222265,0.356885640664774,0.2939882177731893,0.5602178267367074,1.052010607449357,1.0312255395397816,0.7583085609010087,0.425928214068755,-0.03513881408191351,-0.6843558917444776,0.20851441405707455,0.20851441405707455,0.20851441405707455,0.20851441405707455,0.20851441405707455,0.20851441405707455,0.20851441405707455,0.20851441405707455,0.20851441405707455,0.20851441405707455,0.20851441405707455,0.20851441405707455,0.20851441405707455,0.20851441405707455,0.20851441405707455,0.20851441405707455,0.20851441405707455,0.20851441405707455,0.20851441405707455,0.20851441405707455,0.20851441405707455,0.20851441405707455,0.20851441405707455,-4.79583152331272,0.20851441405707455,0.20851441405707455,0.20851441405707455,0.20851441405707455,0.20851441405707455,0.20851441405707455,0.20851441405707455,0.20851441405707455,0.20851441405707455,0.20851441405707455,0.20851441405707455,0.20851441405707455,0.20851441405707455,0.20851441405707455,0.20851441405707455,0.20851441405707455,0.20851441405707455,0.20851441405707455,0.20851441405707455,0.20851441405707455,0.20851441405707455,0.20851441405707455,0.20851441405707455,-4.79583152331272,0.20851441405707455,0.20851441405707455,0.20851441405707455,0.20851441405707455,0.20851441405707455,0.20851441405707455,0.20851441405707455,0.20851441405707455,0.20851441405707455,0.20851441405707455,0.20851441405707455,0.20851441405707455,0.20851441405707455,0.20851441405707455,0.20851441405707455,0.20851441405707455,0.20851441405707455,0.20851441405707455,0.20851441405707455,0.20851441405707455,0.20851441405707455,0.20851441405707455,0.20851441405707455,-4.79583152331272
191,-0.8216378167180468,-1.2437469669668095,-1.509572934874611,-1.435205911828501,-1.5582407706909638,-1.4276567755797598,-1.2826169876518174,-0.8526374613139415,-0.37318699955878293,0.002342373836044803,0.3521725600011153,0.5087769821824485,0.49592738856756985,0.4098351113478831,0.34574776319367595,0.31057200067294577,0.39521869861095865,0.7792609277756435,1.3690572746985723,1.511527143903539,1.4132277527497175,1.1954271409775248,0.9296011730697233,0.48580833359585296,0.20851441405707444,0.20851441405707444,0.20851441405707444,0.20851441405707444,0.20851441405707444,0.20851441405707444,0.20851441405707444,0.20851441405707444,0.20851441405707444,0.20851441405707444,0.20851441405707444,0.20851441405707444,0.20851441405707444,0.20851441405707444,0.20851441405707444,0.20851441405707444,0.20851441405707444,0.20851441405707444,0.20851441405707444,0.20851441405707444,0.20851441405707444,0.20851441405707444,0.20851441405707444,-4.795831523312719,0.20851441405707444,0.20851441405707444,0.20851441405707444,0.20851441405707444,0.20851441405707444,0.20851441405707444,0.20851441405707444,0.20851441405707444,0.20851441405707444,0.20851441405707444,0.20851441405707444,0.20851441405707444,0.20851441405707444,0.20851441405707444,0.20851441405707444,0.20851441405707444,0.20851441405707444,0.20851441405707444,0.20851441405707444,0.20851441405707444,0.20851441405707444,0.20851441405707444,0.20851441405707444,-4.795831523312719,0.20851441405707444,0.20851441405707444,0.20851441405707444,0.20851441405707444,0.20851441405707444,0.20851441405707444,0.20851441405707444,0.20851441405707444,0.20851441405707444,0.20851441405707444,0.20851441405707444,0.20851441405707444,0.20851441405707444,0.20851441405707444,0.20851441405707444,0.20851441405707444,0.20851441405707444,0.20851441405707444,0.20851441405707444,0.20851441405707444,0.20851441405707444,0.20851441405707444,0.20851441405707444,-4.795831523312719
192,-1.157190633209994,-1.4226497097533617,-1.5677805663366016,-1.514065141878547,-1.4200985814149842,-1.2334410246570477,-0.92758908275604,-0.5531401344231103,-0.11151147317957917,0.25443371402542636,0.4483194677420986,0.433012697711835,0.3849664473390631,0.28136229093051973,0.12772767321935552,-0.028032884773789762,0.001588549821812934,0.3855333647475914,1.2631215131493707,1.600295641871566,1.5888155643488684,1.4197324472553086,1.0988571940283012,0.6477326661919215,-0.2085144140570753,-0.2085144140570753,-0.2085144140570753,-0.2085144140570753,-0.2085144140570753,-0.2085144140570753,-0.2085144140570753,-0.2085144140570753,-0.2085144140570753,-0.2085144140570753,-0.2085144140570753,-0.2085144140570753,-0.2085144140570753,-0.2085144140570753,-0.2085144140570753,-0.2085144140570753,-0.2085144140570753,-0.2085144140570753,-0.2085144140570753,-0.2085144140570753,-0.2085144140570753,-0.2085144140570753,-0.2085144140570753,4.795831523312718,-0.2085144140570753,-0.2085144140570753,-0.2085144140570753,-0.2085144140570753,-0.2085144140570753,-0.2085144140570753,-0.2085144140570753,-0.2085144140570753,-0.2085144140570753,-0.2085144140570753,-0.2085144140570753,-0.2085144140570753,-0.2085144140570753,-0.2085144140570753,-0.2085144140570753,-0.2085144140570753,-0.2085144140570753,-0.2085144140570753,-0.2085144140570753,-0.2085144140570753,-0.2085144140570753,-0.2085144140570753,-0.2085144140570753,4.795831523312718,-0.2085144140570753,-0.2085144140570753,-0.2085144140570753,-0.2085144140570753,-0.2085144140570753,-0.2085144140570753,-0.2085144140570753,-0.2085144140570753,-0.2085144140570753,-0.2085144140570753,-0.2085144140570753,-0.2085144140570753,-0.2085144140570753,-0.2085144140570753,-0.2085144140570753,-0.2085144140570753,-0.2085144140570753,-0.2085144140570753,-0.2085144140570753,-0.2085144140570753,-0.2085144140570753,-0.2085144140570753,-0.2085144140570753,4.795831523312718
193,-1.1467891756976252,-1.3441114496608775,-1.4187088946957656,-1.4101940498530736,-1.3202328630368068,-0.9961134430465113,0.03677425743655449,1.3593517878938135,1.8139704603644962,1.5540825873397248,1.2208930065387358,0.8616035752416694,0.40624448148031783,0.02603814872185596,-0.2767941591617096,-0.48522275248499486,-0.525575712826448,-0.1253780052199268,0.7299936908252788,1.0054304109540964,0.8399462524896051,0.44585702053110204,-0.20515839928949695,-1.0459067748439923,0.20851441405707527,0.20851441405707527,0.20851441405707527,0.20851441405707527,0.20851441405707527,0.20851441405707527,0.20851441405707527,0.20851441405707527,0.20851441405707527,0.20851441405707527,0.20851441405707527,0.20851441405707527,0.20851441405707527,0.20851441405707527,0.20851441405707527,0.20851441405707527,0.20851441405707527,0.20851441405707527,0.20851441405707527,0.20851441405707527,0.20851441405707527,0.20851441405707527,0.20851441405707527,-4.795831523312719,0.20851441405707527,0.20851441405707527,0.20851441405707527,0.20851441405707527,0.20851441405707527,0.20851441405707527,0.20851441405707527,0.20851441405707527,0.20851441405707527,0.20851441405707527,0.20851441405707527,0.20851441405707527,0.20851441405707527,0.20851441405707527,0.20851441405707527,0.20851441405707527,0.20851441405707527,0.20851441405707527,0.20851441405707527,0.20851441405707527,0.20851441405707527,0.20851441405707527,0.20851441405707527,-4.795831523312719,0.20851441405707527,0.20851441405707527,0.20851441405707527,0.20851441405707527,0.20851441405707527,0.20851441405707527,0.20851441405707527,0.20851441405707527,0.20851441405707527,0.20851441405707527,0.20851441405707527,0.20851441405707527,0.20851441405707527,0.20851441405707527,0.20851441405707527,0.20851441405707527,0.20851441405707527,0.20851441405707527,0.20851441405707527,0.20851441405707527,0.20851441405707527,0.20851441405707527,0.20851441405707527,-4.795831523312719
194,-1.1140410631720283,-1.4969003780177608,-1.60989826929212,-1.6558694610838625,-1.5693664169871868,-1.2765193975199423,-0.3800811575809653,0.9030765736137379,1.412619859732898,1.1734643848773831,0.8792136648974136,0.5925078351733407,0.2726395808361407,0.03243133059608206,-0.14425947144317217,-0.3690270160432562,-0.4274560498854327,-0.06354669196148702,0.8602637079756267,1.287515051536286,1.2376836833345501,0.9881759171976886,0.5507477449197732,-0.08337396170372706,-0.20851441405707474,-0.20851441405707474,-0.20851441405707474,-0.20851441405707474,-0.20851441405707474,-0.20851441405707474,-0.20851441405707474,-0.20851441405707474,-0.20851441405707474,-0.20851441405707474,-0.20851441405707474,-0.20851441405707474,-0.20851441405707474,-0.20851441405707474,-0.20851441405707474,-0.20851441405707474,-0.20851441405707474,-0.20851441405707474,-0.20851441405707474,-0.20851441405707474,-0.20851441405707474,-0.20851441405707474,-0.20851441405707474,4.79583152331272,-0.20851441405707474,-0.20851441405707474,-0.20851441405707474,-0.20851441405707474,-0.20851441405707474,-0.20851441405707474,-0.20851441405707474,-0.20851441405707474,-0.20851441405707474,-0.20851441405707474,-0.20851441405707474,-0.20851441405707474,-0.20851441405707474,-0.20851441405707474,-0.20851441405707474,-0.20851441405707474,-0.20851441405707474,-0.20851441405707474,-0.20851441405707474,-0.20851441405707474,-0.20851441405707474,-0.20851441405707474,-0.20851441405707474,4.79583152331272,-0.20851441405707474,-0.20851441405707474,-0.20851441405707474,-0.20851441405707474,-0.20851441405707474,-0.20851441405707474,-0.20851441405707474,-0.20851441405707474,-0.20851441405707474,-0.20851441405707474,-0.20851441405707474,-0.20851441405707474,-0.20851441405707474,-0.20851441405707474,-0.20851441405707474,-0.20851441405707474,-0.20851441405707474,-0.20851441405707474,-0.20851441405707474,-0.20851441405707474,-0.20851441405707474,-0.20851441405707474,-0.20851441405707474,4.79583152331272
195,-0.7634826985509934,-1.0806486442151095,-1.2245392316383399,-1.2531656857897335,-1.1748694899981733,-0.7210169652403168,0.36527165918011706,1.7109045834621832,2.179354704045585,1.753749475105991,1.2411274087128228,0.7819666672911316,0.3049854842122815,-0.062418940591697704,-0.375982882091069,-0.6669869027691433,-0.8061380110282356,-0.5200630486808647,0.332853621697413,0.7222492298229927,0.5730504257359278,0.2647947009003911,-0.3678309779287516,-1.2131644816444085,-0.20851441405707272,-0.20851441405707272,-0.20851441405707272,-0.20851441405707272,-0.20851441405707272,-0.20851441405707272,-0.20851441405707272,-0.20851441405707272,-0.20851441405707272,-0.20851441405707272,-0.20851441405707272,-0.20851441405707272,-0.20851441405707272,-0.20851441405707272,-0.20851441405707272,-0.20851441405707272,-0.20851441405707272,-0.20851441405707272,-0.20851441405707272,-0.20851441405707272,-0.20851441405707272,-0.20851441405707272,-0.20851441405707272,4.795831523312722,-0.20851441405707272,-0.20851441405707272,-0.20851441405707272,-0.20851441405707272,-0.20851441405707272,-0.20851441405707272,-0.20851441405707272,-0.20851441405707272,-0.20851441405707272,-0.20851441405707272,-0.20851441405707272,-0.20851441405707272,-0.20851441405707272,-0.20851441405707272,-0.20851441405707272,-0.20851441405707272,-0.20851441405707272,-0.20851441405707272,-0.20851441405707272,-0.20851441405707272,-0.20851441405707272,-0.20851441405707272,-0.20851441405707272,4.795831523312722,-0.20851441405707272,-0.20851441405707272,-0.20851441405707272,-0.20851441405707272,-0.20851441405707272,-0.20851441405707272,-0.20851441405707272,-0.20851441405707272,-0.20851441405707272,-0.20851441405707272,-0.20851441405707272,-0.20851441405707272,-0.20851441405707272,-0.20851441405707272,-0.20851441405707272,-0.20851441405707272,-0.20851441405707272,-0.20851441405707272,-0.20851441405707272,-0.20851441405707272,-0.20851441405707272,-0.20851441405707272,-0.20851441405707272,4.795831523312722
196,-0.611508127239451,-1.051142981087503,-1.305623925334164,-1.4174349049907118,-1.341766983030326,-0.9285524929952578,0.14432564072239235,1.5879343194638325,2.0801985380273487,1.6327432564906532,1.1890925073430276,0.8118097120936175,0.3478681235376203,-0.05181914022520011,-0.34836130366213136,-0.5430265442361968,-0.6499761769511556,-0.39697477307802176,0.5588083082204838,0.8864208195014841,0.7131032328883097,0.3404704216699848,-0.4119815397237966,-1.2346059874048632,0.2085144140570745,0.2085144140570745,0.2085144140570745,0.2085144140570745,0.2085144140570745,0.2085144140570745,0.2085144140570745,0.2085144140570745,0.2085144140570745,0.2085144140570745,0.2085144140570745,0.2085144140570745,0.2085144140570745,0.2085144140570745,0.2085144140570745,0.2085144140570745,0.2085144140570745,0.2085144140570745,0.2085144140570745,0.2085144140570745,0.2085144140570745,0.2085144140570745,0.2085144140570745,-4.79583152331272,0.2085144140570745,0.2085144140570745,0.2085144140570745,0.2085144140570745,0.2085144140570745,0.2085144140570745,0.2085144140570745,0.2085144140570745,0.2085144140570745,0.2085144140570745,0.2085144140570745,0.2085144140570745,0.2085144140570745,0.2085144140570745,0.2085144140570745,0.2085144140570745,0.2085144140570745,0.2085144140570745,0.2085144140570745,0.2085144140570745,0.2085144140570745,0.2085144140570745,0.2085144140570745,-4.79583152331272,0.2085144140570745,0.2085144140570745,0.2085144140570745,0.2085144140570745,0.2085144140570745,0.2085144140570745,0.2085144140570745,0.2085144140570745,0.2085144140570745,0.2085144140570745,0.2085144140570745,0.2085144140570745,0.2085144140570745,0.2085144140570745,0.2085144140570745,0.2085144140570745,0.2085144140570745,0.2085144140570745,0.2085144140570745,0.2085144140570745,0.2085144140570745,0.2085144140570745,0.2085144140570745,-4.79583152331272
197,-1.1222070103276567,-1.5206526449509374,-1.7154285243761573,-1.8328276845776597,-1.7912043459607634,-1.509268483961701,-0.8002487073508092,0.3369222489646526,0.8700211627887475,0.8109658276570827,0.798692279090562,0.7462184120307995,0.6048057872426262,0.5251166603179701,0.46552769263993476,0.3906412586326128,0.3470612673456914,0.5443274319873068,1.0105443999996369,1.1218957246756072,0.9593156755480721,0.7172243770113376,0.2798235665030128,-0.2372663709299682,0.20851441405707494,0.20851441405707494,0.20851441405707494,0.20851441405707494,0.20851441405707494,0.20851441405707494,0.20851441405707494,0.20851441405707494,0.20851441405707494,0.20851441405707494,0.20851441405707494,0.20851441405707494,0.20851441405707494,0.20851441405707494,0.20851441405707494,0.20851441405707494,0.20851441405707494,0.20851441405707494,0.20851441405707494,0.20851441405707494,0.20851441405707494,0.20851441405707494,0.20851441405707494,-4.79583152331272,0.20851441405707494,0.20851441405707494,0.20851441405707494,0.20851441405707494,0.20851441405707494,0.20851441405707494,0.20851441405707494,0.20851441405707494,0.20851441405707494,0.20851441405707494,0.20851441405707494,0.20851441405707494,0.20851441405707494,0.20851441405707494,0.20851441405707494,0.20851441405707494,0.20851441405707494,0.20851441405707494,0.20851441405707494,0.20851441405707494,0.20851441405707494,0.20851441405707494,0.20851441405707494,-4.79583152331272,0.20851441405707494,0.20851441405707494,0.20851441405707494,0.20851441405707494,0.20851441405707494,0.20851441405707494,0.20851441405707494,0.20851441405707494,0.20851441405707494,0.20851441405707494,0.20851441405707494,0.20851441405707494,0.20851441405707494,0.20851441405707494,0.20851441405707494,0.20851441405707494,0.20851441405707494,0.20851441405707494,0.20851441405707494,0.20851441405707494,0.20851441405707494,0.20851441405707494,0.20851441405707494,-4.79583152331272
198,-0.9551890114780169,-1.3636611307125472,-1.5935696110552395,-1.6496955511027322,-1.6203853379668194,-1.3794595434666561,-1.000921258924122,-0.376260333580731,0.26108089673635276,0.7290049376508198,0.9156756567717399,0.8684882923614405,0.6175845529639453,0.2862336328317106,0.0033173202219418476,-0.1480148440542607,-0.05779759227421687,0.37645088461175447,1.2597068818776673,1.5058295226785243,1.3671776633760147,1.1048408621169932,0.7140380203048217,0.13552509011159133,0.20851441405707602,0.20851441405707602,0.20851441405707602,0.20851441405707602,0.20851441405707602,0.20851441405707602,0.20851441405707602,0.20851441405707602,0.20851441405707602,0.20851441405707602,0.20851441405707602,0.20851441405707602,0.20851441405707602,0.20851441405707602,0.20851441405707602,0.20851441405707602,0.20851441405707602,0.20851441405707602,0.20851441405707602,0.20851441405707602,0.20851441405707602,0.20851441405707602,0.20851441405707602,-4.795831523312719,0.20851441405707602,0.20851441405707602,0.20851441405707602,0.20851441405707602,0.20851441405707602,0.20851441405707602,0.20851441405707602,0.20851441405707602,0.20851441405707602,0.20851441405707602,0.20851441405707602,0.20851441405707602,0.20851441405707602,0.20851441405707602,0.20851441405707602,0.20851441405707602,0.20851441405707602,0.20851441405707602,0.20851441405707602,0.20851441405707602,0.20851441405707602,0.20851441405707602,0.20851441405707602,-4.795831523312719,0.20851441405707602,0.20851441405707602,0.20851441405707602,0.20851441405707602,0.20851441405707602,0.20851441405707602,0.20851441405707602,0.20851441405707602,0.20851441405707602,0.20851441405707602,0.20851441405707602,0.20851441405707602,0.20851441405707602,0.20851441405707602,0.20851441405707602,0.20851441405707602,0.20851441405707602,0.20851441405707602,0.20851441405707602,0.20851441405707602,0.20851441405707602,0.20851441405707602,0.20851441405707602,-4.795831523312719
199,-0.9669541036535421,-1.2978586171108297,-1.4450707713903643,-1.492043070617716,-1.4547557815403338,-1.30931921245496,-0.9887453764909732,-0.4739870870201,-0.013626271224888275,0.34778602420480287,0.4485101297644845,0.3519828619364563,0.19266444496945978,0.07741282418482401,-0.06689382704971993,-0.1787556942818664,-0.11644879565039665,0.343104935965651,1.3170941233809061,1.7041716957080162,1.6557466449581693,1.4476803435696601,1.1324332631881564,0.785871316655085,-0.20851441405707424,-0.20851441405707424,-0.20851441405707424,-0.20851441405707424,-0.20851441405707424,-0.20851441405707424,-0.20851441405707424,-0.20851441405707424,-0.20851441405707424,-0.20851441405707424,-0.20851441405707424,-0.20851441405707424,-0.20851441405707424,-0.20851441405707424,-0.20851441405707424,-0.20851441405707424,-0.20851441405707424,-0.20851441405707424,-0.20851441405707424,-0.20851441405707424,-0.20851441405707424,-0.20851441405707424,-0.20851441405707424,4.795831523312721,-0.20851441405707424,-0.20851441405707424,-0.20851441405707424,-0.20851441405707424,-0.20851441405707424,-0.20851441405707424,-0.20851441405707424,-0.20851441405707424,-0.20851441405707424,-0.20851441405707424,-0.20851441405707424,-0.20851441405707424,-0.20851441405707424,-0.20851441405707424,-0.20851441405707424,-0.20851441405707424,-0.20851441405707424,-0.20851441405707424,-0.20851441405707424,-0.20851441405707424,-0.20851441405707424,-0.20851441405707424,-0.20851441405707424,4.795831523312721,-0.20851441405707424,-0.20851441405707424,-0.20851441405707424,-0.20851441405707424,-0.20851441405707424,-0.20851441405707424,-0.20851441405707424,-0.20851441405707424,-0.20851441405707424,-0.20851441405707424,-0.20851441405707424,-0.20851441405707424,-0.20851441405707424,-0.20851441405707424,-0.20851441405707424,-0.20851441405707424,-0.20851441405707424,-0.20851441405707424,-0.20851441405707424,-0.20851441405707424,-0.20851441405707424,-0.20851441405707424,-0.20851441405707424,4.795831523312721
200,-1.3554231949644073,-1.5751986876321404,-1.6528560788057274,-1.6070060722522588,-1.5002483079155848,-1.140723348778608,-0.3264204648603634,0.6804186089392362,1.2446613095142094,1.2708854830042005,1.1612515189944306,0.904085430576452,0.5372853781487034,0.1498443633610906,-0.08363537480786376,-0.3215140065944941,-0.36854833066041387,-0.04150750900781329,0.8054487006108719,1.2277424879077634,1.1269063111333453,0.8474073781948579,0.3342595188713517,-0.3171151129768181,-0.20851441405707452,-0.20851441405707452,-0.20851441405707452,-0.20851441405707452,-0.20851441405707452,-0.20851441405707452,-0.20851441405707452,-0.20851441405707452,-0.20851441405707452,-0.20851441405707452,-0.20851441405707452,-0.20851441405707452,-0.20851441405707452,-0.20851441405707452,-0.20851441405707452,-0.20851441405707452,-0.20851441405707452,-0.20851441405707452,-0.20851441405707452,-0.20851441405707452,-0.20851441405707452,-0.20851441405707452,-0.20851441405707452,4.79583152331272,-0.20851441405707452,-0.20851441405707452,-0.20851441405707452,-0.20851441405707452,-0.20851441405707452,-0.20851441405707452,-0.20851441405707452,-0.20851441405707452,-0.20851441405707452,-0.20851441405707452,-0.20851441405707452,-0.20851441405707452,-0.20851441405707452,-0.20851441405707452,-0.20851441405707452,-0.20851441405707452,-0.20851441405707452,-0.20851441405707452,-0.20851441405707452,-0.20851441405707452,-0.20851441405707452,-0.20851441405707452,-0.20851441405707452,4.79583152331272,-0.20851441405707452,-0.20851441405707452,-0.20851441405707452,-0.20851441405707452,-0.20851441405707452,-0.20851441405707452,-0.20851441405707452,-0.20851441405707452,-0.20851441405707452,-0.20851441405707452,-0.20851441405707452,-0.20851441405707452,-0.20851441405707452,-0.20851441405707452,-0.20851441405707452,-0.20851441405707452,-0.20851441405707452,-0.20851441405707452,-0.20851441405707452,-0.20851441405707452,-0.20851441405707452,-0.20851441405707452,-0.20851441405707452,4.79583152331272
201,-0.8839399379844988,-1.186695922321173,-1.3248717682872881,-1.371923026180922,-1.2627323433054003,-0.8877119797565622,0.059269033545691456,1.450953918922798,1.9244444255739248,1.6022326468339756,1.1970359491086298,0.7608688031494996,0.32529724273332666,-0.09061999476525226,-0.3568467324672066,-0.5849559954198879,-0.621683770568927,-0.23594286724685598,0.6969426215387394,1.0634262589718548,0.8913020370571685,0.45235549189757035,-0.3328247822345918,-1.2833793087945897,-0.20851441405707716,-0.20851441405707716,-0.20851441405707716,-0.20851441405707716,-0.20851441405707716,-0.20851441405707716,-0.20851441405707716,-0.20851441405707716,-0.20851441405707716,-0.20851441405707716,-0.20851441405707716,-0.20851441405707716,-0.20851441405707716,-0.20851441405707716,-0.20851441405707716,-0.20851441405707716,-0.20851441405707716,-0.20851441405707716,-0.20851441405707716,-0.20851441405707716,-0.20851441405707716,-0.20851441405707716,-0.20851441405707716,4.795831523312717,-0.20851441405707716,-0.20851441405707716,-0.20851441405707716,-0.20851441405707716,-0.20851441405707716,-0.20851441405707716,-0.20851441405707716,-0.20851441405707716,-0.20851441405707716,-0.20851441405707716,-0.20851441405707716,-0.20851441405707716,-0.20851441405707716,-0.20851441405707716,-0.20851441405707716,-0.20851441405707716,-0.20851441405707716,-0.20851441405707716,-0.20851441405707716,-0.20851441405707716,-0.20851441405707716,-0.20851441405707716,-0.20851441405707716,4.795831523312717,-0.20851441405707716,-0.20851441405707716,-0.20851441405707716,-0.20851441405707716,-0.20851441405707716,-0.20851441405707716,-0.20851441405707716,-0.20851441405707716,-0.20851441405707716,-0.20851441405707716,-0.20851441405707716,-0.20851441405707716,-0.20851441405707716,-0.20851441405707716,-0.20851441405707716,-0.20851441405707716,-0.20851441405707716,-0.20851441405707716,-0.20851441405707716,-0.20851441405707716,-0.20851441405707716,-0.20851441405707716,-0.20851441405707716,4.795831523312717
202,-0.9888843173159807,-1.3677090895486512,-1.5886737217073423,-1.721608576506483,-1.6646364958782798,-1.3396186886833568,-0.49413718658286876,0.7649853592453029,1.2294660721446817,1.0621105852993349,0.9244280571145104,0.7056394419242579,0.4599473442151315,0.2146508859548121,0.0710337660378832,-0.09098058824856968,-0.12500558084596883,0.23937835150524753,1.1394580975410968,1.3900956883603102,1.1730874506896891,0.7905041036933522,0.052043072495148786,-0.8355740309032811,-0.20851441405707477,-0.20851441405707477,-0.20851441405707477,-0.20851441405707477,-0.20851441405707477,-0.20851441405707477,-0.20851441405707477,-0.20851441405707477,-0.20851441405707477,-0.20851441405707477,-0.20851441405707477,-0.20851441405707477,-0.20851441405707477,-0.20851441405707477,-0.20851441405707477,-0.20851441405707477,-0.20851441405707477,-0.20851441405707477,-0.20851441405707477,-0.20851441405707477,-0.20851441405707477,-0.20851441405707477,-0.20851441405707477,4.79583152331272,-0.20851441405707477,-0.20851441405707477,-0.20851441405707477,-0.20851441405707477,-0.20851441405707477,-0.20851441405707477,-0.20851441405707477,-0.20851441405707477,-0.20851441405707477,-0.20851441405707477,-0.20851441405707477,-0.20851441405707477,-0.20851441405707477,-0.20851441405707477,-0.20851441405707477,-0.20851441405707477,-0.20851441405707477,-0.20851441405707477,-0.20851441405707477,-0.20851441405707477,-0.20851441405707477,-0.20851441405707477,-0.20851441405707477,4.79583152331272,-0.20851441405707477,-0.20851441405707477,-0.20851441405707477,-0.20851441405707477,-0.20851441405707477,-0.20851441405707477,-0.20851441405707477,-0.20851441405707477,-0.20851441405707477,-0.20851441405707477,-0.20851441405707477,-0.20851441405707477,-0.20851441405707477,-0.20851441405707477,-0.20851441405707477,-0.20851441405707477,-0.20851441405707477,-0.20851441405707477,-0.20851441405707477,-0.20851441405707477,-0.20851441405707477,-0.20851441405707477,-0.20851441405707477,4.79583152331272
203,-1.1719202172959469,-1.4583070528669868,-1.659118774475728,-1.7448643567925335,-1.7590132302165788,-1.4342710148815603,-0.5814178372851833,0.578789783486542,1.0567830495229684,0.9551839102370517,0.8769389355185354,0.7397119101407454,0.5331042644787808,0.34916890996619027,0.2542180365060299,0.15483498582869878,0.13233316303383136,0.4072986188529311,1.1009343533401703,1.272084581264768,1.065988340666323,0.7347683278600549,0.16386980861754707,-0.5670984955066313,-0.20851441405708274,-0.20851441405708274,-0.20851441405708274,-0.20851441405708274,-0.20851441405708274,-0.20851441405708274,-0.20851441405708274,-0.20851441405708274,-0.20851441405708274,-0.20851441405708274,-0.20851441405708274,-0.20851441405708274,-0.20851441405708274,-0.20851441405708274,-0.20851441405708274,-0.20851441405708274,-0.20851441405708274,-0.20851441405708274,-0.20851441405708274,-0.20851441405708274,-0.20851441405708274,-0.20851441405708274,-0.20851441405708274,4.795831523312712,-0.20851441405708274,-0.20851441405708274,-0.20851441405708274,-0.20851441405708274,-0.20851441405708274,-0.20851441405708274,-0.20851441405708274,-0.20851441405708274,-0.20851441405708274,-0.20851441405708274,-0.20851441405708274,-0.20851441405708274,-0.20851441405708274,-0.20851441405708274,-0.20851441405708274,-0.20851441405708274,-0.20851441405708274,-0.20851441405708274,-0.20851441405708274,-0.20851441405708274,-0.20851441405708274,-0.20851441405708274,-0.20851441405708274,4.795831523312712,-0.20851441405708274,-0.20851441405708274,-0.20851441405708274,-0.20851441405708274,-0.20851441405708274,-0.20851441405708274,-0.20851441405708274,-0.20851441405708274,-0.20851441405708274,-0.20851441405708274,-0.20851441405708274,-0.20851441405708274,-0.20851441405708274,-0.20851441405708274,-0.20851441405708274,-0.20851441405708274,-0.20851441405708274,-0.20851441405708274,-0.20851441405708274,-0.20851441405708274,-0.20851441405708274,-0.20851441405708274,-0.20851441405708274,4.795831523312712
204,-1.2822348000918773,-1.5978739254314738,-1.7362707516889948,-1.7738580715475716,-1.6867309786536322,-1.3865042271472596,-0.5702774904693793,0.4735176639296749,0.9733189296642228,1.003671869968429,1.0146807084207319,0.9034914400524735,0.7017151581338376,0.5172384794973918,0.37711169291165164,0.23667036808441716,0.19310682163744744,0.3714500045647531,0.9420223746355334,1.0816773538590319,0.8827319161138453,0.5983893458029382,0.1710891447328418,-0.40813302697903353,0.20851441405706325,0.20851441405706325,0.20851441405706325,0.20851441405706325,0.20851441405706325,0.20851441405706325,0.20851441405706325,0.20851441405706325,0.20851441405706325,0.20851441405706325,0.20851441405706325,0.20851441405706325,0.20851441405706325,0.20851441405706325,0.20851441405706325,0.20851441405706325,0.20851441405706325,0.20851441405706325,0.20851441405706325,0.20851441405706325,0.20851441405706325,0.20851441405706325,0.20851441405706325,-4.7958315233127315,0.20851441405706325,0.20851441405706325,0.20851441405706325,0.20851441405706325,0.20851441405706325,0.20851441405706325,0.20851441405706325,0.20851441405706325,0.20851441405706325,0.20851441405706325,0.20851441405706325,0.20851441405706325,0.20851441405706325,0.20851441405706325,0.20851441405706325,0.20851441405706325,0.20851441405706325,0.20851441405706325,0.20851441405706325,0.20851441405706325,0.20851441405706325,0.20851441405706325,0.20851441405706325,-4.7958315233127315,0.20851441405706325,0.20851441405706325,0.20851441405706325,0.20851441405706325,0.20851441405706325,0.20851441405706325,0.20851441405706325,0.20851441405706325,0.20851441405706325,0.20851441405706325,0.20851441405706325,0.20851441405706325,0.20851441405706325,0.20851441405706325,0.20851441405706325,0.20851441405706325,0.20851441405706325,0.20851441405706325,0.20851441405706325,0.20851441405706325,0.20851441405706325,0.20851441405706325,0.20851441405706325,-4.7958315233127315
205,-0.02724819351078783,-0.6402219822457735,-1.0267581231940979,-1.2384537366196484,-1.2054315796507602,-0.9483305003929885,-0.4757008787757773,0.3781577514197582,1.0586500575286313,1.499436884925843,1.5740315787930637,1.1880851192191837,0.5656764284930872,-0.1422360615274518,-0.8672493114068793,-1.364055869376312,-1.5362428307140858,-1.009067681960765,0.45894409971864525,1.277421847447515,1.2237608423730717,1.0144239544452989,0.5031702028019776,-0.26076201779078234,-0.20851441405708018,-0.20851441405708018,-0.20851441405708018,-0.20851441405708018,-0.20851441405708018,-0.20851441405708018,-0.20851441405708018,-0.20851441405708018,-0.20851441405708018,-0.20851441405708018,-0.20851441405708018,-0.20851441405708018,-0.20851441405708018,-0.20851441405708018,-0.20851441405708018,-0.20851441405708018,-0.20851441405708018,-0.20851441405708018,-0.20851441405708018,-0.20851441405708018,-0.20851441405708018,-0.20851441405708018,-0.20851441405708018,4.795831523312715,-0.20851441405708018,-0.20851441405708018,-0.20851441405708018,-0.20851441405708018,-0.20851441405708018,-0.20851441405708018,-0.20851441405708018,-0.20851441405708018,-0.20851441405708018,-0.20851441405708018,-0.20851441405708018,-0.20851441405708018,-0.20851441405708018,-0.20851441405708018,-0.20851441405708018,-0.20851441405708018,-0.20851441405708018,-0.20851441405708018,-0.20851441405708018,-0.20851441405708018,-0.20851441405708018,-0.20851441405708018,-0.20851441405708018,4.795831523312715,-0.20851441405708018,-0.20851441405708018,-0.20851441405708018,-0.20851441405708018,-0.20851441405708018,-0.20851441405708018,-0.20851441405708018,-0.20851441405708018,-0.20851441405708018,-0.20851441405708018,-0.20851441405708018,-0.20851441405708018,-0.20851441405708018,-0.20851441405708018,-0.20851441405708018,-0.20851441405708018,-0.20851441405708018,-0.20851441405708018,-0.20851441405708018,-0.20851441405708018,-0.20851441405708018,-0.20851441405708018,-0.20851441405708018,4.795831523312715
206,-0.04128350517950384,-0.44377799687238006,-0.6384114834656489,-0.7265949401745733,-0.69699049399372,-0.5181040532413306,-0.04632255984858523,0.6241866520560576,1.2833579909552673,1.5589312931706558,1.25690295394259,0.5599387050252698,-0.18237703591378282,-0.7499005680190747,-1.2456175710899566,-1.6109490345983577,-1.614413384683351,-0.8075347557966931,0.6591450938228097,1.6811283688958796,1.523028028653451,1.039593721338455,0.16563267716965085,-1.029568102153092,0.20851441405710808,0.20851441405710808,0.20851441405710808,0.20851441405710808,0.20851441405710808,0.20851441405710808,0.20851441405710808,0.20851441405710808,0.20851441405710808,0.20851441405710808,0.20851441405710808,0.20851441405710808,0.20851441405710808,0.20851441405710808,0.20851441405710808,0.20851441405710808,0.20851441405710808,0.20851441405710808,0.20851441405710808,0.20851441405710808,0.20851441405710808,0.20851441405710808,0.20851441405710808,-4.795831523312686,0.20851441405710808,0.20851441405710808,0.20851441405710808,0.20851441405710808,0.20851441405710808,0.20851441405710808,0.20851441405710808,0.20851441405710808,0.20851441405710808,0.20851441405710808,0.20851441405710808,0.20851441405710808,0.20851441405710808,0.20851441405710808,0.20851441405710808,0.20851441405710808,0.20851441405710808,0.20851441405710808,0.20851441405710808,0.20851441405710808,0.20851441405710808,0.20851441405710808,0.20851441405710808,-4.795831523312686,0.20851441405710808,0.20851441405710808,0.20851441405710808,0.20851441405710808,0.20851441405710808,0.20851441405710808,0.20851441405710808,0.20851441405710808,0.20851441405710808,0.20851441405710808,0.20851441405710808,0.20851441405710808,0.20851441405710808,0.20851441405710808,0.20851441405710808,0.20851441405710808,0.20851441405710808,0.20851441405710808,0.20851441405710808,0.20851441405710808,0.20851441405710808,0.20851441405710808,0.20851441405710808,-4.795831523312686
207,-1.2361310301192598,-1.4787145836068676,-1.6094350795994352,-1.6674720505093006,-1.6085196699636328,-1.2764090540945607,-0.26835996314907495,0.9817234355025373,1.4352173690789936,1.1772549337099072,0.9571904572630358,0.7248594916964137,0.5425098922445968,0.35540016268660796,0.20490681856071086,0.04141465760642121,-0.0016095952762865877,0.2590990690002066,0.887802406869222,1.1422862856222595,0.9526134090840244,0.5555087090729893,-0.11090950579108046,-0.9602265658884486,0.20851441405707105,0.20851441405707105,0.20851441405707105,0.20851441405707105,0.20851441405707105,0.20851441405707105,0.20851441405707105,0.20851441405707105,0.20851441405707105,0.20851441405707105,0.20851441405707105,0.20851441405707105,0.20851441405707105,0.20851441405707105,0.20851441405707105,0.20851441405707105,0.20851441405707105,0.20851441405707105,0.20851441405707105,0.20851441405707105,0.20851441405707105,0.20851441405707105,0.20851441405707105,-4.7958315233127236,0.20851441405707105,0.20851441405707105,0.20851441405707105,0.20851441405707105,0.20851441405707105,0.20851441405707105,0.20851441405707105,0.20851441405707105,0.20851441405707105,0.20851441405707105,0.20851441405707105,0.20851441405707105,0.20851441405707105,0.20851441405707105,0.20851441405707105,0.20851441405707105,0.20851441405707105,0.20851441405707105,0.20851441405707105,0.20851441405707105,0.20851441405707105,0.20851441405707105,0.20851441405707105,-4.7958315233127236,0.20851441405707105,0.20851441405707105,0.20851441405707105,0.20851441405707105,0.20851441405707105,0.20851441405707105,0.20851441405707105,0.20851441405707105,0.20851441405707105,0.20851441405707105,0.20851441405707105,0.20851441405707105,0.20851441405707105,0.20851441405707105,0.20851441405707105,0.20851441405707105,0.20851441405707105,0.20851441405707105,0.20851441405707105,0.20851441405707105,0.20851441405707105,0.20851441405707105,0.20851441405707105,-4.7958315233127236
208,-1.326218274079061,-1.6278120007432906,-1.736219560693627,-1.7747788963885371,-1.69402500143152,-1.4182673279770113,-0.7074512911769009,0.19862818294692952,0.6199246285024288,0.5942184047058221,0.634855011010559,0.6453711934728072,0.5857794928534007,0.515671609771746,0.4463427031687763,0.367666078821586,0.373638231824838,0.5724070633026406,1.0451159564513535,1.258685341024172,1.1423581868738708,0.9051598491142723,0.47724210348995,-0.09829168484518969,-0.20851441405707632,-0.20851441405707632,-0.20851441405707632,-0.20851441405707632,-0.20851441405707632,-0.20851441405707632,-0.20851441405707632,-0.20851441405707632,-0.20851441405707632,-0.20851441405707632,-0.20851441405707632,-0.20851441405707632,-0.20851441405707632,-0.20851441405707632,-0.20851441405707632,-0.20851441405707632,-0.20851441405707632,-0.20851441405707632,-0.20851441405707632,-0.20851441405707632,-0.20851441405707632,-0.20851441405707632,-0.20851441405707632,4.795831523312718,-0.20851441405707632,-0.20851441405707632,-0.20851441405707632,-0.20851441405707632,-0.20851441405707632,-0.20851441405707632,-0.20851441405707632,-0.20851441405707632,-0.20851441405707632,-0.20851441405707632,-0.20851441405707632,-0.20851441405707632,-0.20851441405707632,-0.20851441405707632,-0.20851441405707632,-0.20851441405707632,-0.20851441405707632,-0.20851441405707632,-0.20851441405707632,-0.20851441405707632,-0.20851441405707632,-0.20851441405707632,-0.20851441405707632,4.795831523312718,-0.20851441405707632,-0.20851441405707632,-0.20851441405707632,-0.20851441405707632,-0.20851441405707632,-0.20851441405707632,-0.20851441405707632,-0.20851441405707632,-0.20851441405707632,-0.20851441405707632,-0.20851441405707632,-0.20851441405707632,-0.20851441405707632,-0.20851441405707632,-0.20851441405707632,-0.20851441405707632,-0.20851441405707632,-0.20851441405707632,-0.20851441405707632,-0.20851441405707632,-0.20851441405707632,-0.20851441405707632,-0.20851441405707632,4.795831523312718
209,-1.1324150598260434,-1.469930553122006,-1.6189873209014947,-1.69712056475441,-1.6074182354382949,-1.2403931908159092,-0.2863628098650759,0.9666194461710537,1.4132867457937284,1.2239896807509356,1.0372076342870995,0.7818494145703826,0.4969816435272427,0.21127553295778403,-0.017591157727257684,-0.24109247544385887,-0.33213614800208424,-0.10025143502229474,0.7100875511174903,1.2068875544140316,1.1052808038241888,0.8524376026864284,0.2691209602737836,-0.5313256194554392,0.2085144140570696,0.2085144140570696,0.2085144140570696,0.2085144140570696,0.2085144140570696,0.2085144140570696,0.2085144140570696,0.2085144140570696,0.2085144140570696,0.2085144140570696,0.2085144140570696,0.2085144140570696,0.2085144140570696,0.2085144140570696,0.2085144140570696,0.2085144140570696,0.2085144140570696,0.2085144140570696,0.2085144140570696,0.2085144140570696,0.2085144140570696,0.2085144140570696,0.2085144140570696,-4.795831523312724,0.2085144140570696,0.2085144140570696,0.2085144140570696,0.2085144140570696,0.2085144140570696,0.2085144140570696,0.2085144140570696,0.2085144140570696,0.2085144140570696,0.2085144140570696,0.2085144140570696,0.2085144140570696,0.2085144140570696,0.2085144140570696,0.2085144140570696,0.2085144140570696,0.2085144140570696,0.2085144140570696,0.2085144140570696,0.2085144140570696,0.2085144140570696,0.2085144140570696,0.2085144140570696,-4.795831523312724,0.2085144140570696,0.2085144140570696,0.2085144140570696,0.2085144140570696,0.2085144140570696,0.2085144140570696,0.2085144140570696,0.2085144140570696,0.2085144140570696,0.2085144140570696,0.2085144140570696,0.2085144140570696,0.2085144140570696,0.2085144140570696,0.2085144140570696,0.2085144140570696,0.2085144140570696,0.2085144140570696,0.2085144140570696,0.2085144140570696,0.2085144140570696,0.2085144140570696,0.2085144140570696,-4.795831523312724
210,-0.8054468251245346,-1.1464265162501186,-1.3502072784020949,-1.4922485225159476,-1.4414042135433753,-0.973111986855517,0.07242455717571171,1.5339966770063216,1.9756561704228326,1.6496069509796705,1.2107721413949692,0.7422781515762673,0.2927498960568583,-0.08353834296634538,-0.3369528353058327,-0.6087277725520822,-0.7176798632075942,-0.4654759496531682,0.30082042129059994,0.8831088169050588,0.8843193956901201,0.6232379043785783,0.03469485170796957,-0.7824458282083709,-0.20851441405707427,-0.20851441405707427,-0.20851441405707427,-0.20851441405707427,-0.20851441405707427,-0.20851441405707427,-0.20851441405707427,-0.20851441405707427,-0.20851441405707427,-0.20851441405707427,-0.20851441405707427,-0.20851441405707427,-0.20851441405707427,-0.20851441405707427,-0.20851441405707427,-0.20851441405707427,-0.20851441405707427,-0.20851441405707427,-0.20851441405707427,-0.20851441405707427,-0.20851441405707427,-0.20851441405707427,-0.20851441405707427,4.795831523312719,-0.20851441405707427,-0.20851441405707427,-0.20851441405707427,-0.20851441405707427,-0.20851441405707427,-0.20851441405707427,-0.20851441405707427,-0.20851441405707427,-0.20851441405707427,-0.20851441405707427,-0.20851441405707427,-0.20851441405707427,-0.20851441405707427,-0.20851441405707427,-0.20851441405707427,-0.20851441405707427,-0.20851441405707427,-0.20851441405707427,-0.20851441405707427,-0.20851441405707427,-0.20851441405707427,-0.20851441405707427,-0.20851441405707427,4.795831523312719,-0.20851441405707427,-0.20851441405707427,-0.20851441405707427,-0.20851441405707427,-0.20851441405707427,-0.20851441405707427,-0.20851441405707427,-0.20851441405707427,-0.20851441405707427,-0.20851441405707427,-0.20851441405707427,-0.20851441405707427,-0.20851441405707427,-0.20851441405707427,-0.20851441405707427,-0.20851441405707427,-0.20851441405707427,-0.20851441405707427,-0.20851441405707427,-0.20851441405707427,-0.20851441405707427,-0.20851441405707427,-0.20851441405707427,4.795831523312719
211,-0.7750266089738026,-1.1445770005341158,-1.2941753284983848,-1.3320581092231867,-1.221308959451189,-0.782951068207052,0.32898585786328344,1.7482371785889002,2.1927800136248417,1.8257422554799492,1.336165298459932,0.8813786502688142,0.42949119448010503,0.047377635842689204,-0.21219672391960187,-0.48530064822646507,-0.6573193974360251,-0.5202842365488587,0.10613460186483104,0.4843825706323691,0.3345909631746062,0.07752923682773567,-0.3691396726366386,-0.9984577034527367,-0.20851441405707413,-0.20851441405707413,-0.20851441405707413,-0.20851441405707413,-0.20851441405707413,-0.20851441405707413,-0.20851441405707413,-0.20851441405707413,-0.20851441405707413,-0.20851441405707413,-0.20851441405707413,-0.20851441405707413,-0.20851441405707413,-0.20851441405707413,-0.20851441405707413,-0.20851441405707413,-0.20851441405707413,-0.20851441405707413,-0.20851441405707413,-0.20851441405707413,-0.20851441405707413,-0.20851441405707413,-0.20851441405707413,4.79583152331272,-0.20851441405707413,-0.20851441405707413,-0.20851441405707413,-0.20851441405707413,-0.20851441405707413,-0.20851441405707413,-0.20851441405707413,-0.20851441405707413,-0.20851441405707413,-0.20851441405707413,-0.20851441405707413,-0.20851441405707413,-0.20851441405707413,-0.20851441405707413,-0.20851441405707413,-0.20851441405707413,-0.20851441405707413,-0.20851441405707413,-0.20851441405707413,-0.20851441405707413,-0.20851441405707413,-0.20851441405707413,-0.20851441405707413,4.79583152331272,-0.20851441405707413,-0.20851441405707413,-0.20851441405707413,-0.20851441405707413,-0.20851441405707413,-0.20851441405707413,-0.20851441405707413,-0.20851441405707413,-0.20851441405707413,-0.20851441405707413,-0.20851441405707413,-0.20851441405707413,-0.20851441405707413,-0.20851441405707413,-0.20851441405707413,-0.20851441405707413,-0.20851441405707413,-0.20851441405707413,-0.20851441405707413,-0.20851441405707413,-0.20851441405707413,-0.20851441405707413,-0.20851441405707413,4.79583152331272
212,0.25718709842515775,-0.44788238565015936,-0.9672873690723639,-1.2596425132500666,-1.157128371785158,-0.8890728759546928,-0.33018096396822705,0.611810091492657,1.3954737506910708,1.7774338481492125,1.693144442944732,1.2333495343743448,0.5503016066137117,-0.11641999491362094,-0.6677182667915749,-1.047400272217163,-1.159026781812286,-0.6969537812093451,0.5681466608687143,1.2519539526401986,0.9599784904679213,0.3452733236838942,-0.37422407659759527,-1.5311151471293623,0.20851441405707477,0.20851441405707477,0.20851441405707477,0.20851441405707477,0.20851441405707477,0.20851441405707477,0.20851441405707477,0.20851441405707477,0.20851441405707477,0.20851441405707477,0.20851441405707477,0.20851441405707477,0.20851441405707477,0.20851441405707477,0.20851441405707477,0.20851441405707477,0.20851441405707477,0.20851441405707477,0.20851441405707477,0.20851441405707477,0.20851441405707477,0.20851441405707477,0.20851441405707477,-4.79583152331272,0.20851441405707477,0.20851441405707477,0.20851441405707477,0.20851441405707477,0.20851441405707477,0.20851441405707477,0.20851441405707477,0.20851441405707477,0.20851441405707477,0.20851441405707477,0.20851441405707477,0.20851441405707477,0.20851441405707477,0.20851441405707477,0.20851441405707477,0.20851441405707477,0.20851441405707477,0.20851441405707477,0.20851441405707477,0.20851441405707477,0.20851441405707477,0.20851441405707477,0.20851441405707477,-4.79583152331272,0.20851441405707477,0.20851441405707477,0.20851441405707477,0.20851441405707477,0.20851441405707477,0.20851441405707477,0.20851441405707477,0.20851441405707477,0.20851441405707477,0.20851441405707477,0.20851441405707477,0.20851441405707477,0.20851441405707477,0.20851441405707477,0.20851441405707477,0.20851441405707477,0.20851441405707477,0.20851441405707477,0.20851441405707477,0.20851441405707477,0.20851441405707477,0.20851441405707477,0.20851441405707477,-4.79583152331272
213,-0.6401470420135413,-1.0795556595568803,-1.3367704600700543,-1.4942943040950247,-1.5181554255262784,-1.4417189517888729,-1.224137878398798,-0.7477243013476675,-0.37140610657171097,0.08802158742666269,0.271630894711224,0.29933406111869637,0.29630086771641834,0.28780792619004,0.24291666383632565,0.15374077780935258,0.22896397418584685,0.6073042978966554,1.314644999307884,1.8719437337530942,1.7334279017157324,1.3819818928384555,0.8946488195391242,0.18124173132333973,0.0,0.0,0.0,0.0,0.0,0.0,0.0,0.0,0.0,0.0,0.0,0.0,0.0,0.0,0.0,0.0,0.0,0.0,0.0,0.0,0.0,0.0,0.0,0.0,0.0,0.0,0.0,0.0,0.0,0.0,0.0,0.0,0.0,0.0,0.0,0.0,0.0,0.0,0.0,0.0,0.0,0.0,0.0,0.0,0.0,0.0,0.0,0.0,0.0,0.0,0.0,0.0,0.0,0.0,0.0,0.0,0.0,0.0,0.0,0.0,0.0,0.0,0.0,0.0,0.0,0.0,0.0,0.0,0.0,0.0,0.0,0.0
214,-1.4015873594730337,-1.610511059908516,-1.72567455373746,-1.755086812952766,-1.7276077538736772,-1.3817030152147987,-0.5924050167420843,0.44061428461802354,0.8217308829008597,0.7936994809257092,0.775886422527707,0.6869592162617119,0.5600584358914487,0.4509707139191876,0.37640442295080656,0.2518510998888072,0.18860783828969888,0.30100961763833245,0.8333300837181635,1.2424780839761502,1.1603170781869157,0.9308186048731208,0.5015100889088681,-0.12167078357317539,-0.20851441405724513,-0.20851441405724513,-0.20851441405724513,-0.20851441405724513,-0.20851441405724513,-0.20851441405724513,-0.20851441405724513,-0.20851441405724513,-0.20851441405724513,-0.20851441405724513,-0.20851441405724513,-0.20851441405724513,-0.20851441405724513,-0.20851441405724513,-0.20851441405724513,-0.20851441405724513,-0.20851441405724513,-0.20851441405724513,-0.20851441405724513,-0.20851441405724513,-0.20851441405724513,-0.20851441405724513,-0.20851441405724513,4.795831523312549,-0.20851441405724513,-0.20851441405724513,-0.20851441405724513,-0.20851441405724513,-0.20851441405724513,-0.20851441405724513,-0.20851441405724513,-0.20851441405724513,-0.20851441405724513,-0.20851441405724513,-0.20851441405724513,-0.20851441405724513,-0.20851441405724513,-0.20851441405724513,-0.20851441405724513,-0.20851441405724513,-0.20851441405724513,-0.20851441405724513,-0.20851441405724513,-0.20851441405724513,-0.20851441405724513,-0.20851441405724513,-0.20851441405724513,4.795831523312549,-0.20851441405724513,-0.20851441405724513,-0.20851441405724513,-0.20851441405724513,-0.20851441405724513,-0.20851441405724513,-0.20851441405724513,-0.20851441405724513,-0.20851441405724513,-0.20851441405724513,-0.20851441405724513,-0.20851441405724513,-0.20851441405724513,-0.20851441405724513,-0.20851441405724513,-0.20851441405724513,-0.20851441405724513,-0.20851441405724513,-0.20851441405724513,-0.20851441405724513,-0.20851441405724513,-0.20851441405724513,-0.20851441405724513,4.795831523312549
215,-1.0775804760796834,-1.4514029993013358,-1.7013865192354627,-1.810075006163344,-1.749143581673471,-1.482856788700162,-0.658800442356044,0.4020650618703365,0.8106349650037811,0.7898853447720947,0.8261148404147218,0.8541103597749337,0.7666655316556837,0.6951946175243193,0.5947401068788534,0.43170737648703145,0.33191158394415865,0.4404353913463916,0.9087839622901709,1.2038896722519334,0.9703741048826369,0.6049502374690482,0.017867728532841087,-0.7180850715894337,0.2085144140570746,0.2085144140570746,0.2085144140570746,0.2085144140570746,0.2085144140570746,0.2085144140570746,0.2085144140570746,0.2085144140570746,0.2085144140570746,0.2085144140570746,0.2085144140570746,0.2085144140570746,0.2085144140570746,0.2085144140570746,0.2085144140570746,0.2085144140570746,0.2085144140570746,0.2085144140570746,0.2085144140570746,0.2085144140570746,0.2085144140570746,0.2085144140570746,0.2085144140570746,-4.79583152331272,0.2085144140570746,0.2085144140570746,0.2085144140570746,0.2085144140570746,0.2085144140570746,0.2085144140570746,0.2085144140570746,0.2085144140570746,0.2085144140570746,0.2085144140570746,0.2085144140570746,0.2085144140570746,0.2085144140570746,0.2085144140570746,0.2085144140570746,0.2085144140570746,0.2085144140570746,0.2085144140570746,0.2085144140570746,0.2085144140570746,0.2085144140570746,0.2085144140570746,0.2085144140570746,-4.79583152331272,0.2085144140570746,0.2085144140570746,0.2085144140570746,0.2085144140570746,0.2085144140570746,0.2085144140570746,0.2085144140570746,0.2085144140570746,0.2085144140570746,0.2085144140570746,0.2085144140570746,0.2085144140570746,0.2085144140570746,0.2085144140570746,0.2085144140570746,0.2085144140570746,0.2085144140570746,0.2085144140570746,0.2085144140570746,0.2085144140570746,0.2085144140570746,0.2085144140570746,0.2085144140570746,-4.79583152331272
216,-1.2591559677813466,-1.5165348196518689,-1.6960636768745476,-1.7637593243944114,-1.7212464577519369,-1.5113899504403592,-0.7749966967192807,0.21985853923263765,0.5917784267067694,0.572552862811128,0.5545458205708443,0.529363039693455,0.44853443655473757,0.39992896163547537,0.35795766017315983,0.3048842725175866,0.29567766445488514,0.4838715645601065,0.9530024018727626,1.3254638545270532,1.3020411604851805,1.1040990871370986,0.6849276376941019,0.11465950298676932,-0.20851441405707785,-0.20851441405707785,-0.20851441405707785,-0.20851441405707785,-0.20851441405707785,-0.20851441405707785,-0.20851441405707785,-0.20851441405707785,-0.20851441405707785,-0.20851441405707785,-0.20851441405707785,-0.20851441405707785,-0.20851441405707785,-0.20851441405707785,-0.20851441405707785,-0.20851441405707785,-0.20851441405707785,-0.20851441405707785,-0.20851441405707785,-0.20851441405707785,-0.20851441405707785,-0.20851441405707785,-0.20851441405707785,4.7958315233127164,-0.20851441405707785,-0.20851441405707785,-0.20851441405707785,-0.20851441405707785,-0.20851441405707785,-0.20851441405707785,-0.20851441405707785,-0.20851441405707785,-0.20851441405707785,-0.20851441405707785,-0.20851441405707785,-0.20851441405707785,-0.20851441405707785,-0.20851441405707785,-0.20851441405707785,-0.20851441405707785,-0.20851441405707785,-0.20851441405707785,-0.20851441405707785,-0.20851441405707785,-0.20851441405707785,-0.20851441405707785,-0.20851441405707785,4.7958315233127164,-0.20851441405707785,-0.20851441405707785,-0.20851441405707785,-0.20851441405707785,-0.20851441405707785,-0.20851441405707785,-0.20851441405707785,-0.20851441405707785,-0.20851441405707785,-0.20851441405707785,-0.20851441405707785,-0.20851441405707785,-0.20851441405707785,-0.20851441405707785,-0.20851441405707785,-0.20851441405707785,-0.20851441405707785,-0.20851441405707785,-0.20851441405707785,-0.20851441405707785,-0.20851441405707785,-0.20851441405707785,-0.20851441405707785,4.7958315233127164
217,-1.2210536070523221,-1.5307850670834762,-1.6603385393993793,-1.6791003406336424,-1.5725139008631304,-1.1699438726555365,-0.20888677839698974,1.047668685301201,1.4482978375190436,1.2522693625541566,0.986207612292408,0.7419807169153624,0.4041065550328137,0.1263995488325571,-0.07626025243064705,-0.30221056557086745,-0.4054004723593146,-0.22295812932268708,0.4448649508175922,1.0845453291064768,1.14293334846483,0.977473670338527,0.5237939077341474,-0.13108999914112288,-0.2085144140570731,-0.2085144140570731,-0.2085144140570731,-0.2085144140570731,-0.2085144140570731,-0.2085144140570731,-0.2085144140570731,-0.2085144140570731,-0.2085144140570731,-0.2085144140570731,-0.2085144140570731,-0.2085144140570731,-0.2085144140570731,-0.2085144140570731,-0.2085144140570731,-0.2085144140570731,-0.2085144140570731,-0.2085144140570731,-0.2085144140570731,-0.2085144140570731,-0.2085144140570731,-0.2085144140570731,-0.2085144140570731,4.795831523312721,-0.2085144140570731,-0.2085144140570731,-0.2085144140570731,-0.2085144140570731,-0.2085144140570731,-0.2085144140570731,-0.2085144140570731,-0.2085144140570731,-0.2085144140570731,-0.2085144140570731,-0.2085144140570731,-0.2085144140570731,-0.2085144140570731,-0.2085144140570731,-0.2085144140570731,-0.2085144140570731,-0.2085144140570731,-0.2085144140570731,-0.2085144140570731,-0.2085144140570731,-0.2085144140570731,-0.2085144140570731,-0.2085144140570731,4.795831523312721,-0.2085144140570731,-0.2085144140570731,-0.2085144140570731,-0.2085144140570731,-0.2085144140570731,-0.2085144140570731,-0.2085144140570731,-0.2085144140570731,-0.2085144140570731,-0.2085144140570731,-0.2085144140570731,-0.2085144140570731,-0.2085144140570731,-0.2085144140570731,-0.2085144140570731,-0.2085144140570731,-0.2085144140570731,-0.2085144140570731,-0.2085144140570731,-0.2085144140570731,-0.2085144140570731,-0.2085144140570731,-0.2085144140570731,4.795831523312721
218,-0.7633867141148265,-1.029071639545011,-1.1192967231621735,-1.13865918579683,-1.0927481919208404,-0.6234579893014837,0.4913807098176599,1.9343832086417045,2.247376419065844,1.8429604469234293,1.3183774386360327,0.7818176493375084,0.25244392864566084,-0.17752250965382627,-0.44739930843790543,-0.7705727827215032,-0.9404434600626654,-0.7775592383113278,-0.1433886837721121,0.45704727091909364,0.4031517563690186,0.221903137067285,-0.14997591332823237,-0.7773596252944756,-0.20851441405707477,-0.20851441405707477,-0.20851441405707477,-0.20851441405707477,-0.20851441405707477,-0.20851441405707477,-0.20851441405707477,-0.20851441405707477,-0.20851441405707477,-0.20851441405707477,-0.20851441405707477,-0.20851441405707477,-0.20851441405707477,-0.20851441405707477,-0.20851441405707477,-0.20851441405707477,-0.20851441405707477,-0.20851441405707477,-0.20851441405707477,-0.20851441405707477,-0.20851441405707477,-0.20851441405707477,-0.20851441405707477,4.79583152331272,-0.20851441405707477,-0.20851441405707477,-0.20851441405707477,-0.20851441405707477,-0.20851441405707477,-0.20851441405707477,-0.20851441405707477,-0.20851441405707477,-0.20851441405707477,-0.20851441405707477,-0.20851441405707477,-0.20851441405707477,-0.20851441405707477,-0.20851441405707477,-0.20851441405707477,-0.20851441405707477,-0.20851441405707477,-0.20851441405707477,-0.20851441405707477,-0.20851441405707477,-0.20851441405707477,-0.20851441405707477,-0.20851441405707477,4.79583152331272,-0.20851441405707477,-0.20851441405707477,-0.20851441405707477,-0.20851441405707477,-0.20851441405707477,-0.20851441405707477,-0.20851441405707477,-0.20851441405707477,-0.20851441405707477,-0.20851441405707477,-0.20851441405707477,-0.20851441405707477,-0.20851441405707477,-0.20851441405707477,-0.20851441405707477,-0.20851441405707477,-0.20851441405707477,-0.20851441405707477,-0.20851441405707477,-0.20851441405707477,-0.20851441405707477,-0.20851441405707477,-0.20851441405707477,4.79583152331272
219,0.1493144126672555,-0.4197275043194061,-0.6915439963379568,-0.851679364461929,-0.8434066886178863,-0.5571130138722605,0.1271554595135693,1.0593087555119687,1.6339642739642308,1.8904172251295592,1.640168780847263,1.0200135452527652,0.22731392776823092,-0.5243177632048049,-1.1034050722878044,-1.5315160472170217,-1.617492785453324,-1.3474490096870684,-0.21172879738347164,0.7969467501723242,0.861355440672372,0.6374022874657835,0.18506419042186925,-0.529045006544258,0.20851441405707255,0.20851441405707255,0.20851441405707255,0.20851441405707255,0.20851441405707255,0.20851441405707255,0.20851441405707255,0.20851441405707255,0.20851441405707255,0.20851441405707255,0.20851441405707255,0.20851441405707255,0.20851441405707255,0.20851441405707255,0.20851441405707255,0.20851441405707255,0.20851441405707255,0.20851441405707255,0.20851441405707255,0.20851441405707255,0.20851441405707255,0.20851441405707255,0.20851441405707255,-4.795831523312722,0.20851441405707255,0.20851441405707255,0.20851441405707255,0.20851441405707255,0.20851441405707255,0.20851441405707255,0.20851441405707255,0.20851441405707255,0.20851441405707255,0.20851441405707255,0.20851441405707255,0.20851441405707255,0.20851441405707255,0.20851441405707255,0.20851441405707255,0.20851441405707255,0.20851441405707255,0.20851441405707255,0.20851441405707255,0.20851441405707255,0.20851441405707255,0.20851441405707255,0.20851441405707255,-4.795831523312722,0.20851441405707255,0.20851441405707255,0.20851441405707255,0.20851441405707255,0.20851441405707255,0.20851441405707255,0.20851441405707255,0.20851441405707255,0.20851441405707255,0.20851441405707255,0.20851441405707255,0.20851441405707255,0.20851441405707255,0.20851441405707255,0.20851441405707255,0.20851441405707255,0.20851441405707255,0.20851441405707255,0.20851441405707255,0.20851441405707255,0.20851441405707255,0.20851441405707255,0.20851441405707255,-4.795831523312722
220,-0.284901214991124,-0.9866481894513223,-1.3053633944309104,-1.478239765255314,-1.3143759066539835,-1.023927217283125,-0.4876827400102706,0.5008259870022563,1.2390326700012506,1.5634831100318853,1.2242849227271309,0.6069278354466179,-0.08785492502302392,-0.503249806577397,-0.8010723695853154,-1.040313603143258,-0.9927930841488722,-0.4508133718249712,0.7158973014165028,1.426247128453271,1.4446818125459207,1.2754923785400467,0.7126200242444761,0.047742417969577164,0.20851441405707627,0.20851441405707627,0.20851441405707627,0.20851441405707627,0.20851441405707627,0.20851441405707627,0.20851441405707627,0.20851441405707627,0.20851441405707627,0.20851441405707627,0.20851441405707627,0.20851441405707627,0.20851441405707627,0.20851441405707627,0.20851441405707627,0.20851441405707627,0.20851441405707627,0.20851441405707627,0.20851441405707627,0.20851441405707627,0.20851441405707627,0.20851441405707627,0.20851441405707627,-4.795831523312718,0.20851441405707627,0.20851441405707627,0.20851441405707627,0.20851441405707627,0.20851441405707627,0.20851441405707627,0.20851441405707627,0.20851441405707627,0.20851441405707627,0.20851441405707627,0.20851441405707627,0.20851441405707627,0.20851441405707627,0.20851441405707627,0.20851441405707627,0.20851441405707627,0.20851441405707627,0.20851441405707627,0.20851441405707627,0.20851441405707627,0.20851441405707627,0.20851441405707627,0.20851441405707627,-4.795831523312718,0.20851441405707627,0.20851441405707627,0.20851441405707627,0.20851441405707627,0.20851441405707627,0.20851441405707627,0.20851441405707627,0.20851441405707627,0.20851441405707627,0.20851441405707627,0.20851441405707627,0.20851441405707627,0.20851441405707627,0.20851441405707627,0.20851441405707627,0.20851441405707627,0.20851441405707627,0.20851441405707627,0.20851441405707627,0.20851441405707627,0.20851441405707627,0.20851441405707627,0.20851441405707627,-4.795831523312718
221,-1.4975448541052845,-1.6930849333719027,-1.7569536456530703,-1.7434162555499968,-1.6198441817886073,-1.3224844162766494,-0.6323089293977279,0.21776974656194306,0.5447497844361815,0.5696261850529406,0.5820065332668626,0.5543532321161397,0.47208755379746187,0.43737629712291426,0.4049791242266698,0.35707759001579414,0.3636727287839582,0.5043690225047911,0.9296976209569144,1.310711515054532,1.2397848472495399,1.033599982602727,0.617296310885986,0.12647914150788284,0.20851441405707316,0.20851441405707316,0.20851441405707316,0.20851441405707316,0.20851441405707316,0.20851441405707316,0.20851441405707316,0.20851441405707316,0.20851441405707316,0.20851441405707316,0.20851441405707316,0.20851441405707316,0.20851441405707316,0.20851441405707316,0.20851441405707316,0.20851441405707316,0.20851441405707316,0.20851441405707316,0.20851441405707316,0.20851441405707316,0.20851441405707316,0.20851441405707316,0.20851441405707316,-4.795831523312721,0.20851441405707316,0.20851441405707316,0.20851441405707316,0.20851441405707316,0.20851441405707316,0.20851441405707316,0.20851441405707316,0.20851441405707316,0.20851441405707316,0.20851441405707316,0.20851441405707316,0.20851441405707316,0.20851441405707316,0.20851441405707316,0.20851441405707316,0.20851441405707316,0.20851441405707316,0.20851441405707316,0.20851441405707316,0.20851441405707316,0.20851441405707316,0.20851441405707316,0.20851441405707316,-4.795831523312721,0.20851441405707316,0.20851441405707316,0.20851441405707316,0.20851441405707316,0.20851441405707316,0.20851441405707316,0.20851441405707316,0.20851441405707316,0.20851441405707316,0.20851441405707316,0.20851441405707316,0.20851441405707316,0.20851441405707316,0.20851441405707316,0.20851441405707316,0.20851441405707316,0.20851441405707316,0.20851441405707316,0.20851441405707316,0.20851441405707316,0.20851441405707316,0.20851441405707316,0.20851441405707316,-4.795831523312721
222,-1.317941048320518,-1.5927619491199319,-1.7414664091415324,-1.7253810014982291,-1.6151788470058117,-1.2458989566414689,-0.33707342479484,0.8167978915753009,1.209008043899246,1.1030839233545158,0.9495880653115057,0.7613545716132772,0.5144264521527829,0.2916264441572433,0.11246238242811124,-0.05660551918447948,-0.1046906207564815,-0.004413505022697931,0.5991315243169858,1.2208154175948625,1.1696501315805257,0.8895244686859801,0.3867699191538025,-0.2828279543381687,-0.20851441405701734,-0.20851441405701734,-0.20851441405701734,-0.20851441405701734,-0.20851441405701734,-0.20851441405701734,-0.20851441405701734,-0.20851441405701734,-0.20851441405701734,-0.20851441405701734,-0.20851441405701734,-0.20851441405701734,-0.20851441405701734,-0.20851441405701734,-0.20851441405701734,-0.20851441405701734,-0.20851441405701734,-0.20851441405701734,-0.20851441405701734,-0.20851441405701734,-0.20851441405701734,-0.20851441405701734,-0.20851441405701734,4.795831523312777,-0.20851441405701734,-0.20851441405701734,-0.20851441405701734,-0.20851441405701734,-0.20851441405701734,-0.20851441405701734,-0.20851441405701734,-0.20851441405701734,-0.20851441405701734,-0.20851441405701734,-0.20851441405701734,-0.20851441405701734,-0.20851441405701734,-0.20851441405701734,-0.20851441405701734,-0.20851441405701734,-0.20851441405701734,-0.20851441405701734,-0.20851441405701734,-0.20851441405701734,-0.20851441405701734,-0.20851441405701734,-0.20851441405701734,4.795831523312777,-0.20851441405701734,-0.20851441405701734,-0.20851441405701734,-0.20851441405701734,-0.20851441405701734,-0.20851441405701734,-0.20851441405701734,-0.20851441405701734,-0.20851441405701734,-0.20851441405701734,-0.20851441405701734,-0.20851441405701734,-0.20851441405701734,-0.20851441405701734,-0.20851441405701734,-0.20851441405701734,-0.20851441405701734,-0.20851441405701734,-0.20851441405701734,-0.20851441405701734,-0.20851441405701734,-0.20851441405701734,-0.20851441405701734,4.795831523312777
223,-1.0708021500790486,-1.4174078059135145,-1.6012256368729165,-1.609014528015264,-1.465698930996069,-0.9712990657355587,0.027042056434837883,1.396523841538095,1.7456608869938237,1.4529933023201147,1.141437656626213,0.802426169655536,0.44588967761457715,0.12031402786444974,-0.10322714792092481,-0.31956359939962786,-0.4634633632544988,-0.32209498902089084,0.31776241832296004,0.9743659416228581,0.9451575998390548,0.6610577954219281,0.03229955795592248,-0.7191337150020569,-0.20851441405707563,-0.20851441405707563,-0.20851441405707563,-0.20851441405707563,-0.20851441405707563,-0.20851441405707563,-0.20851441405707563,-0.20851441405707563,-0.20851441405707563,-0.20851441405707563,-0.20851441405707563,-0.20851441405707563,-0.20851441405707563,-0.20851441405707563,-0.20851441405707563,-0.20851441405707563,-0.20851441405707563,-0.20851441405707563,-0.20851441405707563,-0.20851441405707563,-0.20851441405707563,-0.20851441405707563,-0.20851441405707563,4.795831523312719,-0.20851441405707563,-0.20851441405707563,-0.20851441405707563,-0.20851441405707563,-0.20851441405707563,-0.20851441405707563,-0.20851441405707563,-0.20851441405707563,-0.20851441405707563,-0.20851441405707563,-0.20851441405707563,-0.20851441405707563,-0.20851441405707563,-0.20851441405707563,-0.20851441405707563,-0.20851441405707563,-0.20851441405707563,-0.20851441405707563,-0.20851441405707563,-0.20851441405707563,-0.20851441405707563,-0.20851441405707563,-0.20851441405707563,4.795831523312719,-0.20851441405707563,-0.20851441405707563,-0.20851441405707563,-0.20851441405707563,-0.20851441405707563,-0.20851441405707563,-0.20851441405707563,-0.20851441405707563,-0.20851441405707563,-0.20851441405707563,-0.20851441405707563,-0.20851441405707563,-0.20851441405707563,-0.20851441405707563,-0.20851441405707563,-0.20851441405707563,-0.20851441405707563,-0.20851441405707563,-0.20851441405707563,-0.20851441405707563,-0.20851441405707563,-0.20851441405707563,-0.20851441405707563,4.795831523312719
224,-0.7458477041068814,-1.142611028187752,-1.3794654069185859,-1.4383566045340563,-1.3523840532705957,-0.8999535022466345,0.23251992927130005,1.6639629078079188,2.001190240138843,1.6140988280751116,1.1109444718057087,0.6533555677059396,0.25551758673427577,-0.14103080596843617,-0.3998081852714525,-0.6291399657667337,-0.7329518214173623,-0.47589389313961517,0.2791600383317274,0.9508205950775133,0.946092104758023,0.6086498410489402,-0.1006237068746097,-0.8782454330526107,0.20851441405707413,0.20851441405707413,0.20851441405707413,0.20851441405707413,0.20851441405707413,0.20851441405707413,0.20851441405707413,0.20851441405707413,0.20851441405707413,0.20851441405707413,0.20851441405707413,0.20851441405707413,0.20851441405707413,0.20851441405707413,0.20851441405707413,0.20851441405707413,0.20851441405707413,0.20851441405707413,0.20851441405707413,0.20851441405707413,0.20851441405707413,0.20851441405707413,0.20851441405707413,-4.79583152331272,0.20851441405707413,0.20851441405707413,0.20851441405707413,0.20851441405707413,0.20851441405707413,0.20851441405707413,0.20851441405707413,0.20851441405707413,0.20851441405707413,0.20851441405707413,0.20851441405707413,0.20851441405707413,0.20851441405707413,0.20851441405707413,0.20851441405707413,0.20851441405707413,0.20851441405707413,0.20851441405707413,0.20851441405707413,0.20851441405707413,0.20851441405707413,0.20851441405707413,0.20851441405707413,-4.79583152331272,0.20851441405707413,0.20851441405707413,0.20851441405707413,0.20851441405707413,0.20851441405707413,0.20851441405707413,0.20851441405707413,0.20851441405707413,0.20851441405707413,0.20851441405707413,0.20851441405707413,0.20851441405707413,0.20851441405707413,0.20851441405707413,0.20851441405707413,0.20851441405707413,0.20851441405707413,0.20851441405707413,0.20851441405707413,0.20851441405707413,0.20851441405707413,0.20851441405707413,0.20851441405707413,-4.79583152331272
225,-1.094929593752922,-1.545906295967372,-1.7437267732961559,-1.8162223868201546,-1.7745759705404107,-1.4132547478170763,-0.4756319590745067,0.7506236313846218,1.1638100669748597,1.142794051352211,0.9870056052687243,0.7862930156982915,0.5019019786028175,0.32683278424167145,0.24122626188886434,0.0821600885981755,-0.02157033713563129,0.07830393894264365,0.5213755343632533,1.130454372454509,1.0346290535145426,0.8084658762175996,0.41456018890502105,-0.08461838400357705,-0.2085144140570753,-0.2085144140570753,-0.2085144140570753,-0.2085144140570753,-0.2085144140570753,-0.2085144140570753,-0.2085144140570753,-0.2085144140570753,-0.2085144140570753,-0.2085144140570753,-0.2085144140570753,-0.2085144140570753,-0.2085144140570753,-0.2085144140570753,-0.2085144140570753,-0.2085144140570753,-0.2085144140570753,-0.2085144140570753,-0.2085144140570753,-0.2085144140570753,-0.2085144140570753,-0.2085144140570753,-0.2085144140570753,4.795831523312719,-0.2085144140570753,-0.2085144140570753,-0.2085144140570753,-0.2085144140570753,-0.2085144140570753,-0.2085144140570753,-0.2085144140570753,-0.2085144140570753,-0.2085144140570753,-0.2085144140570753,-0.2085144140570753,-0.2085144140570753,-0.2085144140570753,-0.2085144140570753,-0.2085144140570753,-0.2085144140570753,-0.2085144140570753,-0.2085144140570753,-0.2085144140570753,-0.2085144140570753,-0.2085144140570753,-0.2085144140570753,-0.2085144140570753,4.795831523312719,-0.2085144140570753,-0.2085144140570753,-0.2085144140570753,-0.2085144140570753,-0.2085144140570753,-0.2085144140570753,-0.2085144140570753,-0.2085144140570753,-0.2085144140570753,-0.2085144140570753,-0.2085144140570753,-0.2085144140570753,-0.2085144140570753,-0.2085144140570753,-0.2085144140570753,-0.2085144140570753,-0.2085144140570753,-0.2085144140570753,-0.2085144140570753,-0.2085144140570753,-0.2085144140570753,-0.2085144140570753,-0.2085144140570753,4.795831523312719
226,-0.5002953093260103,-1.058652267236655,-1.3779972482480811,-1.4813230909931114,-1.3992869136488428,-1.1440947910450454,-0.53606194719929,0.2678358183334734,0.9320733788372398,1.4532443878478873,1.4887271635158237,1.1268028517028739,0.5383565000258194,-0.06229592648100535,-0.5471325732076862,-0.8849285975664392,-0.9845642316420041,-0.6476197938992816,0.36576827917697746,1.4032846397074332,1.4021491908860593,1.1219771942120347,0.5883162481662736,-0.06428296191840978,-0.20851441405707621,-0.20851441405707621,-0.20851441405707621,-0.20851441405707621,-0.20851441405707621,-0.20851441405707621,-0.20851441405707621,-0.20851441405707621,-0.20851441405707621,-0.20851441405707621,-0.20851441405707621,-0.20851441405707621,-0.20851441405707621,-0.20851441405707621,-0.20851441405707621,-0.20851441405707621,-0.20851441405707621,-0.20851441405707621,-0.20851441405707621,-0.20851441405707621,-0.20851441405707621,-0.20851441405707621,-0.20851441405707621,4.795831523312718,-0.20851441405707621,-0.20851441405707621,-0.20851441405707621,-0.20851441405707621,-0.20851441405707621,-0.20851441405707621,-0.20851441405707621,-0.20851441405707621,-0.20851441405707621,-0.20851441405707621,-0.20851441405707621,-0.20851441405707621,-0.20851441405707621,-0.20851441405707621,-0.20851441405707621,-0.20851441405707621,-0.20851441405707621,-0.20851441405707621,-0.20851441405707621,-0.20851441405707621,-0.20851441405707621,-0.20851441405707621,-0.20851441405707621,4.795831523312718,-0.20851441405707621,-0.20851441405707621,-0.20851441405707621,-0.20851441405707621,-0.20851441405707621,-0.20851441405707621,-0.20851441405707621,-0.20851441405707621,-0.20851441405707621,-0.20851441405707621,-0.20851441405707621,-0.20851441405707621,-0.20851441405707621,-0.20851441405707621,-0.20851441405707621,-0.20851441405707621,-0.20851441405707621,-0.20851441405707621,-0.20851441405707621,-0.20851441405707621,-0.20851441405707621,-0.20851441405707621,-0.20851441405707621,4.795831523312718
227,-0.4065030738517101,-0.985756951341736,-1.3961980005021903,-1.5754130277605207,-1.605133596128403,-1.3905510925122928,-1.0995867281907252,-0.41779688983150537,0.1231174544639524,0.7478438015568382,0.944593964152219,0.8289809532011568,0.6111291870645796,0.3718786117031272,0.07259248823855251,-0.09681475145837658,-0.12683252550993768,0.24467457908859097,1.1639317587071902,1.9773837149361286,1.6688842152775105,1.0194897964392824,0.14540788073986413,-0.8193217684815951,-0.20851441405707621,-0.20851441405707621,-0.20851441405707621,-0.20851441405707621,-0.20851441405707621,-0.20851441405707621,-0.20851441405707621,-0.20851441405707621,-0.20851441405707621,-0.20851441405707621,-0.20851441405707621,-0.20851441405707621,-0.20851441405707621,-0.20851441405707621,-0.20851441405707621,-0.20851441405707621,-0.20851441405707621,-0.20851441405707621,-0.20851441405707621,-0.20851441405707621,-0.20851441405707621,-0.20851441405707621,-0.20851441405707621,4.795831523312718,-0.20851441405707621,-0.20851441405707621,-0.20851441405707621,-0.20851441405707621,-0.20851441405707621,-0.20851441405707621,-0.20851441405707621,-0.20851441405707621,-0.20851441405707621,-0.20851441405707621,-0.20851441405707621,-0.20851441405707621,-0.20851441405707621,-0.20851441405707621,-0.20851441405707621,-0.20851441405707621,-0.20851441405707621,-0.20851441405707621,-0.20851441405707621,-0.20851441405707621,-0.20851441405707621,-0.20851441405707621,-0.20851441405707621,4.795831523312718,-0.20851441405707621,-0.20851441405707621,-0.20851441405707621,-0.20851441405707621,-0.20851441405707621,-0.20851441405707621,-0.20851441405707621,-0.20851441405707621,-0.20851441405707621,-0.20851441405707621,-0.20851441405707621,-0.20851441405707621,-0.20851441405707621,-0.20851441405707621,-0.20851441405707621,-0.20851441405707621,-0.20851441405707621,-0.20851441405707621,-0.20851441405707621,-0.20851441405707621,-0.20851441405707621,-0.20851441405707621,-0.20851441405707621,4.795831523312718
228,-1.1262668615124172,-1.4647825165377528,-1.66799747576554,-1.7934453250550744,-1.7390787255733549,-1.4222041441281212,-0.6649425125121937,0.2823383017582881,0.7119927869827525,0.9236530432174088,1.023589057798693,0.9975493920275132,0.8506364128455199,0.6780356552676331,0.4764041892286338,0.27864348431778285,0.174132933857778,0.26967035624798447,0.6931668124049402,1.2028756755070178,1.096605688170582,0.7125206180456818,0.11765501012434104,-0.610751856718117,-0.20851441405707385,-0.20851441405707385,-0.20851441405707385,-0.20851441405707385,-0.20851441405707385,-0.20851441405707385,-0.20851441405707385,-0.20851441405707385,-0.20851441405707385,-0.20851441405707385,-0.20851441405707385,-0.20851441405707385,-0.20851441405707385,-0.20851441405707385,-0.20851441405707385,-0.20851441405707385,-0.20851441405707385,-0.20851441405707385,-0.20851441405707385,-0.20851441405707385,-0.20851441405707385,-0.20851441405707385,-0.20851441405707385,4.795831523312721,-0.20851441405707385,-0.20851441405707385,-0.20851441405707385,-0.20851441405707385,-0.20851441405707385,-0.20851441405707385,-0.20851441405707385,-0.20851441405707385,-0.20851441405707385,-0.20851441405707385,-0.20851441405707385,-0.20851441405707385,-0.20851441405707385,-0.20851441405707385,-0.20851441405707385,-0.20851441405707385,-0.20851441405707385,-0.20851441405707385,-0.20851441405707385,-0.20851441405707385,-0.20851441405707385,-0.20851441405707385,-0.20851441405707385,4.795831523312721,-0.20851441405707385,-0.20851441405707385,-0.20851441405707385,-0.20851441405707385,-0.20851441405707385,-0.20851441405707385,-0.20851441405707385,-0.20851441405707385,-0.20851441405707385,-0.20851441405707385,-0.20851441405707385,-0.20851441405707385,-0.20851441405707385,-0.20851441405707385,-0.20851441405707385,-0.20851441405707385,-0.20851441405707385,-0.20851441405707385,-0.20851441405707385,-0.20851441405707385,-0.20851441405707385,-0.20851441405707385,-0.20851441405707385,4.795831523312721
229,-1.08613368774103,-1.5014579073874983,-1.70629033571424,-1.805055347946653,-1.6986228116592283,-1.2911486761643196,-0.38619827757638825,0.8453521337357329,1.2497227475893273,1.1221132401023466,0.9784384441191507,0.8391450904531044,0.5735201499759125,0.37708548609037407,0.24016541367945043,0.10835702397186796,0.028030581490792753,0.15764825003980046,0.6116752101544233,1.1670230238531296,1.078298816930851,0.7215763882762579,0.08699749267576387,-0.7102424489489075,-0.20851441405708393,-0.20851441405708393,-0.20851441405708393,-0.20851441405708393,-0.20851441405708393,-0.20851441405708393,-0.20851441405708393,-0.20851441405708393,-0.20851441405708393,-0.20851441405708393,-0.20851441405708393,-0.20851441405708393,-0.20851441405708393,-0.20851441405708393,-0.20851441405708393,-0.20851441405708393,-0.20851441405708393,-0.20851441405708393,-0.20851441405708393,-0.20851441405708393,-0.20851441405708393,-0.20851441405708393,-0.20851441405708393,4.79583152331271,-0.20851441405708393,-0.20851441405708393,-0.20851441405708393,-0.20851441405708393,-0.20851441405708393,-0.20851441405708393,-0.20851441405708393,-0.20851441405708393,-0.20851441405708393,-0.20851441405708393,-0.20851441405708393,-0.20851441405708393,-0.20851441405708393,-0.20851441405708393,-0.20851441405708393,-0.20851441405708393,-0.20851441405708393,-0.20851441405708393,-0.20851441405708393,-0.20851441405708393,-0.20851441405708393,-0.20851441405708393,-0.20851441405708393,4.79583152331271,-0.20851441405708393,-0.20851441405708393,-0.20851441405708393,-0.20851441405708393,-0.20851441405708393,-0.20851441405708393,-0.20851441405708393,-0.20851441405708393,-0.20851441405708393,-0.20851441405708393,-0.20851441405708393,-0.20851441405708393,-0.20851441405708393,-0.20851441405708393,-0.20851441405708393,-0.20851441405708393,-0.20851441405708393,-0.20851441405708393,-0.20851441405708393,-0.20851441405708393,-0.20851441405708393,-0.20851441405708393,-0.20851441405708393,4.79583152331271
230,-1.1198336433512708,-1.5035128648587324,-1.708239271761237,-1.735292404101925,-1.6563265042966733,-1.2371857444507421,-0.20843554976565715,1.111684191886028,1.4401604001037072,1.2103915666425926,0.9254197198916958,0.680479197347628,0.40556087950712194,0.18017904047963262,0.04674129312353594,-0.11521191805112385,-0.18065125168603155,-0.06786893645491969,0.4410224178455915,1.142575944356138,1.1464145644855601,0.8837432727722574,0.3437773745669018,-0.4255917742300994,-0.20851441405707594,-0.20851441405707594,-0.20851441405707594,-0.20851441405707594,-0.20851441405707594,-0.20851441405707594,-0.20851441405707594,-0.20851441405707594,-0.20851441405707594,-0.20851441405707594,-0.20851441405707594,-0.20851441405707594,-0.20851441405707594,-0.20851441405707594,-0.20851441405707594,-0.20851441405707594,-0.20851441405707594,-0.20851441405707594,-0.20851441405707594,-0.20851441405707594,-0.20851441405707594,-0.20851441405707594,-0.20851441405707594,4.795831523312718,-0.20851441405707594,-0.20851441405707594,-0.20851441405707594,-0.20851441405707594,-0.20851441405707594,-0.20851441405707594,-0.20851441405707594,-0.20851441405707594,-0.20851441405707594,-0.20851441405707594,-0.20851441405707594,-0.20851441405707594,-0.20851441405707594,-0.20851441405707594,-0.20851441405707594,-0.20851441405707594,-0.20851441405707594,-0.20851441405707594,-0.20851441405707594,-0.20851441405707594,-0.20851441405707594,-0.20851441405707594,-0.20851441405707594,4.795831523312718,-0.20851441405707594,-0.20851441405707594,-0.20851441405707594,-0.20851441405707594,-0.20851441405707594,-0.20851441405707594,-0.20851441405707594,-0.20851441405707594,-0.20851441405707594,-0.20851441405707594,-0.20851441405707594,-0.20851441405707594,-0.20851441405707594,-0.20851441405707594,-0.20851441405707594,-0.20851441405707594,-0.20851441405707594,-0.20851441405707594,-0.20851441405707594,-0.20851441405707594,-0.20851441405707594,-0.20851441405707594,-0.20851441405707594,4.795831523312718
231,-1.011437689155575,-1.3568511587963028,-1.4900645289006358,-1.5569781572018904,-1.479423829598907,-0.9960905267011588,0.14942167889646807,1.548469008241051,1.838837321878606,1.490354419746995,1.126319726328242,0.7657637230658236,0.4080725234615628,0.13980412375836723,-0.0726006046107533,-0.26740725336547655,-0.34045974664849776,-0.24530733943111718,0.21203810171048626,0.9102316789700616,0.8824021577193869,0.5228692986205962,-0.15608916836277756,-1.0218737596245782,-0.20851441405709847,-0.20851441405709847,-0.20851441405709847,-0.20851441405709847,-0.20851441405709847,-0.20851441405709847,-0.20851441405709847,-0.20851441405709847,-0.20851441405709847,-0.20851441405709847,-0.20851441405709847,-0.20851441405709847,-0.20851441405709847,-0.20851441405709847,-0.20851441405709847,-0.20851441405709847,-0.20851441405709847,-0.20851441405709847,-0.20851441405709847,-0.20851441405709847,-0.20851441405709847,-0.20851441405709847,-0.20851441405709847,4.795831523312696,-0.20851441405709847,-0.20851441405709847,-0.20851441405709847,-0.20851441405709847,-0.20851441405709847,-0.20851441405709847,-0.20851441405709847,-0.20851441405709847,-0.20851441405709847,-0.20851441405709847,-0.20851441405709847,-0.20851441405709847,-0.20851441405709847,-0.20851441405709847,-0.20851441405709847,-0.20851441405709847,-0.20851441405709847,-0.20851441405709847,-0.20851441405709847,-0.20851441405709847,-0.20851441405709847,-0.20851441405709847,-0.20851441405709847,4.795831523312696,-0.20851441405709847,-0.20851441405709847,-0.20851441405709847,-0.20851441405709847,-0.20851441405709847,-0.20851441405709847,-0.20851441405709847,-0.20851441405709847,-0.20851441405709847,-0.20851441405709847,-0.20851441405709847,-0.20851441405709847,-0.20851441405709847,-0.20851441405709847,-0.20851441405709847,-0.20851441405709847,-0.20851441405709847,-0.20851441405709847,-0.20851441405709847,-0.20851441405709847,-0.20851441405709847,-0.20851441405709847,-0.20851441405709847,4.795831523312696
232,-0.7109531770658432,-1.2338738767691098,-1.5616216252859045,-1.7182360178233416,-1.693482375233838,-1.3907262851006768,-0.3796351916371007,1.085590037026217,1.4247625436612443,1.2707663248592356,1.1519964435884436,0.9853853876975529,0.8068735421001701,0.6264575701497486,0.5452941843514719,0.31513291142791305,0.088303859622172,0.02903792688384093,0.2925214109855779,0.8340073426309723,0.6619219234750953,0.24706039430677776,-0.40296073946182537,-1.2736225143887936,0.20851441405707202,0.20851441405707202,0.20851441405707202,0.20851441405707202,0.20851441405707202,0.20851441405707202,0.20851441405707202,0.20851441405707202,0.20851441405707202,0.20851441405707202,0.20851441405707202,0.20851441405707202,0.20851441405707202,0.20851441405707202,0.20851441405707202,0.20851441405707202,0.20851441405707202,0.20851441405707202,0.20851441405707202,0.20851441405707202,0.20851441405707202,0.20851441405707202,0.20851441405707202,-4.795831523312723,0.20851441405707202,0.20851441405707202,0.20851441405707202,0.20851441405707202,0.20851441405707202,0.20851441405707202,0.20851441405707202,0.20851441405707202,0.20851441405707202,0.20851441405707202,0.20851441405707202,0.20851441405707202,0.20851441405707202,0.20851441405707202,0.20851441405707202,0.20851441405707202,0.20851441405707202,0.20851441405707202,0.20851441405707202,0.20851441405707202,0.20851441405707202,0.20851441405707202,0.20851441405707202,-4.795831523312723,0.20851441405707202,0.20851441405707202,0.20851441405707202,0.20851441405707202,0.20851441405707202,0.20851441405707202,0.20851441405707202,0.20851441405707202,0.20851441405707202,0.20851441405707202,0.20851441405707202,0.20851441405707202,0.20851441405707202,0.20851441405707202,0.20851441405707202,0.20851441405707202,0.20851441405707202,0.20851441405707202,0.20851441405707202,0.20851441405707202,0.20851441405707202,0.20851441405707202,0.20851441405707202,-4.795831523312723
233,-0.46829601446249647,-1.1023252675267556,-1.510583956307985,-1.6123561795858274,-1.6866382046219537,-1.633412501643312,-1.191814636271065,-0.4130231690615993,0.1253752879915838,0.7298672003918714,0.9819581672467567,0.9392606252968574,0.7816306587831877,0.5105305122930733,0.2792034185782075,0.08706447980366039,0.029744491980507815,0.20492139354208125,0.7819231077006529,1.6633641449403562,1.515969890537964,1.0597495792924638,0.4017395149960694,-0.4738525438943327,0.20851441405707044,0.20851441405707044,0.20851441405707044,0.20851441405707044,0.20851441405707044,0.20851441405707044,0.20851441405707044,0.20851441405707044,0.20851441405707044,0.20851441405707044,0.20851441405707044,0.20851441405707044,0.20851441405707044,0.20851441405707044,0.20851441405707044,0.20851441405707044,0.20851441405707044,0.20851441405707044,0.20851441405707044,0.20851441405707044,0.20851441405707044,0.20851441405707044,0.20851441405707044,-4.7958315233127236,0.20851441405707044,0.20851441405707044,0.20851441405707044,0.20851441405707044,0.20851441405707044,0.20851441405707044,0.20851441405707044,0.20851441405707044,0.20851441405707044,0.20851441405707044,0.20851441405707044,0.20851441405707044,0.20851441405707044,0.20851441405707044,0.20851441405707044,0.20851441405707044,0.20851441405707044,0.20851441405707044,0.20851441405707044,0.20851441405707044,0.20851441405707044,0.20851441405707044,0.20851441405707044,-4.7958315233127236,0.20851441405707044,0.20851441405707044,0.20851441405707044,0.20851441405707044,0.20851441405707044,0.20851441405707044,0.20851441405707044,0.20851441405707044,0.20851441405707044,0.20851441405707044,0.20851441405707044,0.20851441405707044,0.20851441405707044,0.20851441405707044,0.20851441405707044,0.20851441405707044,0.20851441405707044,0.20851441405707044,0.20851441405707044,0.20851441405707044,0.20851441405707044,0.20851441405707044,0.20851441405707044,-4.7958315233127236
234,-0.7055161988097906,-1.0814535739929616,-1.2797205972590477,-1.4181225290341117,-1.4851098339822653,-1.4036856098642512,-1.2138882458444833,-0.8202415831462831,-0.5274608623815094,-0.04777016143093981,0.2353859465539269,0.33374948916457736,0.3568485598363544,0.353576191491186,0.26926458353919985,0.15627162950309056,0.2115169068597573,0.4965979374006054,1.0883191311092935,1.828259361628551,1.8272969003505601,1.5266239971062625,0.9911105420322319,0.3081480191700245,-0.20851441405706364,-0.20851441405706364,-0.20851441405706364,-0.20851441405706364,-0.20851441405706364,-0.20851441405706364,-0.20851441405706364,-0.20851441405706364,-0.20851441405706364,-0.20851441405706364,-0.20851441405706364,-0.20851441405706364,-0.20851441405706364,-0.20851441405706364,-0.20851441405706364,-0.20851441405706364,-0.20851441405706364,-0.20851441405706364,-0.20851441405706364,-0.20851441405706364,-0.20851441405706364,-0.20851441405706364,-0.20851441405706364,4.79583152331273,-0.20851441405706364,-0.20851441405706364,-0.20851441405706364,-0.20851441405706364,-0.20851441405706364,-0.20851441405706364,-0.20851441405706364,-0.20851441405706364,-0.20851441405706364,-0.20851441405706364,-0.20851441405706364,-0.20851441405706364,-0.20851441405706364,-0.20851441405706364,-0.20851441405706364,-0.20851441405706364,-0.20851441405706364,-0.20851441405706364,-0.20851441405706364,-0.20851441405706364,-0.20851441405706364,-0.20851441405706364,-0.20851441405706364,4.79583152331273,-0.20851441405706364,-0.20851441405706364,-0.20851441405706364,-0.20851441405706364,-0.20851441405706364,-0.20851441405706364,-0.20851441405706364,-0.20851441405706364,-0.20851441405706364,-0.20851441405706364,-0.20851441405706364,-0.20851441405706364,-0.20851441405706364,-0.20851441405706364,-0.20851441405706364,-0.20851441405706364,-0.20851441405706364,-0.20851441405706364,-0.20851441405706364,-0.20851441405706364,-0.20851441405706364,-0.20851441405706364,-0.20851441405706364,4.79583152331273
235,-1.419405581580314,-1.6509268483834174,-1.7557449343490015,-1.7688471950946993,-1.6791471022972284,-1.3282656799096892,-0.505414908902391,0.5148336586142697,0.8573641895375177,0.8693146031846928,0.845989699439604,0.7958843506538578,0.6627020298871472,0.5252002825009757,0.3920179617342652,0.23320704302542003,0.159776790494585,0.24083803005313426,0.6216674770022688,1.174986026955208,1.15194908498475,0.8857284243386442,0.4069919740150629,-0.23069937590467884,0.20851441405707477,0.20851441405707477,0.20851441405707477,0.20851441405707477,0.20851441405707477,0.20851441405707477,0.20851441405707477,0.20851441405707477,0.20851441405707477,0.20851441405707477,0.20851441405707477,0.20851441405707477,0.20851441405707477,0.20851441405707477,0.20851441405707477,0.20851441405707477,0.20851441405707477,0.20851441405707477,0.20851441405707477,0.20851441405707477,0.20851441405707477,0.20851441405707477,0.20851441405707477,-4.79583152331272,0.20851441405707477,0.20851441405707477,0.20851441405707477,0.20851441405707477,0.20851441405707477,0.20851441405707477,0.20851441405707477,0.20851441405707477,0.20851441405707477,0.20851441405707477,0.20851441405707477,0.20851441405707477,0.20851441405707477,0.20851441405707477,0.20851441405707477,0.20851441405707477,0.20851441405707477,0.20851441405707477,0.20851441405707477,0.20851441405707477,0.20851441405707477,0.20851441405707477,0.20851441405707477,-4.79583152331272,0.20851441405707477,0.20851441405707477,0.20851441405707477,0.20851441405707477,0.20851441405707477,0.20851441405707477,0.20851441405707477,0.20851441405707477,0.20851441405707477,0.20851441405707477,0.20851441405707477,0.20851441405707477,0.20851441405707477,0.20851441405707477,0.20851441405707477,0.20851441405707477,0.20851441405707477,0.20851441405707477,0.20851441405707477,0.20851441405707477,0.20851441405707477,0.20851441405707477,0.20851441405707477,-4.79583152331272
236,-1.187837730896461,-1.5374695633847644,-1.7460249514640374,-1.8467189192206688,-1.7575628019361513,-1.3586328810669972,-0.44259747994764215,0.6928318960581233,1.0349466441479283,0.9094288162846272,0.8370550269595485,0.7108379354312709,0.5625940384562302,0.4386495538391267,0.32938960618653185,0.20282288282576602,0.1446091827164635,0.28918194545037695,0.7041949306139932,1.229341943011425,1.1484021737903827,0.8312861017234915,0.261561030683801,-0.4502893802623848,0.20851441405708068,0.20851441405708068,0.20851441405708068,0.20851441405708068,0.20851441405708068,0.20851441405708068,0.20851441405708068,0.20851441405708068,0.20851441405708068,0.20851441405708068,0.20851441405708068,0.20851441405708068,0.20851441405708068,0.20851441405708068,0.20851441405708068,0.20851441405708068,0.20851441405708068,0.20851441405708068,0.20851441405708068,0.20851441405708068,0.20851441405708068,0.20851441405708068,0.20851441405708068,-4.795831523312714,0.20851441405708068,0.20851441405708068,0.20851441405708068,0.20851441405708068,0.20851441405708068,0.20851441405708068,0.20851441405708068,0.20851441405708068,0.20851441405708068,0.20851441405708068,0.20851441405708068,0.20851441405708068,0.20851441405708068,0.20851441405708068,0.20851441405708068,0.20851441405708068,0.20851441405708068,0.20851441405708068,0.20851441405708068,0.20851441405708068,0.20851441405708068,0.20851441405708068,0.20851441405708068,-4.795831523312714,0.20851441405708068,0.20851441405708068,0.20851441405708068,0.20851441405708068,0.20851441405708068,0.20851441405708068,0.20851441405708068,0.20851441405708068,0.20851441405708068,0.20851441405708068,0.20851441405708068,0.20851441405708068,0.20851441405708068,0.20851441405708068,0.20851441405708068,0.20851441405708068,0.20851441405708068,0.20851441405708068,0.20851441405708068,0.20851441405708068,0.20851441405708068,0.20851441405708068,0.20851441405708068,-4.795831523312714
237,-1.3254881018761817,-1.6091649623633195,-1.7475657910309115,-1.8297693069781853,-1.7293315565844254,-1.3583695082550913,-0.5914854349360692,0.45623574104645753,0.7986507502013747,0.8094119377435632,0.7955120705015696,0.7768294532408255,0.6603993824718686,0.5366457257367,0.4623636395079816,0.35654529534312723,0.27359447470542364,0.39480729549313104,0.7290019530533207,1.1721536344781698,1.0911458060355836,0.8485707035220827,0.3435421937296494,-0.31423539478662743,0.20851441405709484,0.20851441405709484,0.20851441405709484,0.20851441405709484,0.20851441405709484,0.20851441405709484,0.20851441405709484,0.20851441405709484,0.20851441405709484,0.20851441405709484,0.20851441405709484,0.20851441405709484,0.20851441405709484,0.20851441405709484,0.20851441405709484,0.20851441405709484,0.20851441405709484,0.20851441405709484,0.20851441405709484,0.20851441405709484,0.20851441405709484,0.20851441405709484,0.20851441405709484,-4.7958315233127,0.20851441405709484,0.20851441405709484,0.20851441405709484,0.20851441405709484,0.20851441405709484,0.20851441405709484,0.20851441405709484,0.20851441405709484,0.20851441405709484,0.20851441405709484,0.20851441405709484,0.20851441405709484,0.20851441405709484,0.20851441405709484,0.20851441405709484,0.20851441405709484,0.20851441405709484,0.20851441405709484,0.20851441405709484,0.20851441405709484,0.20851441405709484,0.20851441405709484,0.20851441405709484,-4.7958315233127,0.20851441405709484,0.20851441405709484,0.20851441405709484,0.20851441405709484,0.20851441405709484,0.20851441405709484,0.20851441405709484,0.20851441405709484,0.20851441405709484,0.20851441405709484,0.20851441405709484,0.20851441405709484,0.20851441405709484,0.20851441405709484,0.20851441405709484,0.20851441405709484,0.20851441405709484,0.20851441405709484,0.20851441405709484,0.20851441405709484,0.20851441405709484,0.20851441405709484,0.20851441405709484,-4.7958315233127
238,-1.166973056610226,-1.5360802185616502,-1.7537159117364325,-1.7910726788825735,-1.6931273242257758,-1.266591102333269,-0.320405522527277,0.9172000119311989,1.2561987346902108,1.100452610966498,0.9233332125074311,0.7207517389288549,0.5356405942643945,0.31558879177170257,0.2206171101215627,0.06226902251702426,-0.009099129642767715,0.10966193606063612,0.49958480905866626,1.1526777431459292,1.1534211613975938,0.8372825498772652,0.2678241691022584,-0.5354392518212335,-0.20851441405707613,-0.20851441405707613,-0.20851441405707613,-0.20851441405707613,-0.20851441405707613,-0.20851441405707613,-0.20851441405707613,-0.20851441405707613,-0.20851441405707613,-0.20851441405707613,-0.20851441405707613,-0.20851441405707613,-0.20851441405707613,-0.20851441405707613,-0.20851441405707613,-0.20851441405707613,-0.20851441405707613,-0.20851441405707613,-0.20851441405707613,-0.20851441405707613,-0.20851441405707613,-0.20851441405707613,-0.20851441405707613,4.795831523312718,-0.20851441405707613,-0.20851441405707613,-0.20851441405707613,-0.20851441405707613,-0.20851441405707613,-0.20851441405707613,-0.20851441405707613,-0.20851441405707613,-0.20851441405707613,-0.20851441405707613,-0.20851441405707613,-0.20851441405707613,-0.20851441405707613,-0.20851441405707613,-0.20851441405707613,-0.20851441405707613,-0.20851441405707613,-0.20851441405707613,-0.20851441405707613,-0.20851441405707613,-0.20851441405707613,-0.20851441405707613,-0.20851441405707613,4.795831523312718,-0.20851441405707613,-0.20851441405707613,-0.20851441405707613,-0.20851441405707613,-0.20851441405707613,-0.20851441405707613,-0.20851441405707613,-0.20851441405707613,-0.20851441405707613,-0.20851441405707613,-0.20851441405707613,-0.20851441405707613,-0.20851441405707613,-0.20851441405707613,-0.20851441405707613,-0.20851441405707613,-0.20851441405707613,-0.20851441405707613,-0.20851441405707613,-0.20851441405707613,-0.20851441405707613,-0.20851441405707613,-0.20851441405707613,4.795831523312718
239,-0.9485789962230748,-1.3110529377479334,-1.4677172227172328,-1.4840274770428037,-1.3404543172558703,-0.885698673625808,0.21846262249343243,1.5792958156308676,1.973317222759133,1.6969013336626155,1.3191901808599211,0.935255378380364,0.5609779633304213,0.20129393372967358,-0.07791186729095458,-0.3455288033960455,-0.5730139295158502,-0.5524115029993395,-0.2684843125686777,0.53543953879433,0.6043289024589124,0.39272481344558463,-0.041857620887061006,-0.7204500442746292,-0.20851441405707677,-0.20851441405707677,-0.20851441405707677,-0.20851441405707677,-0.20851441405707677,-0.20851441405707677,-0.20851441405707677,-0.20851441405707677,-0.20851441405707677,-0.20851441405707677,-0.20851441405707677,-0.20851441405707677,-0.20851441405707677,-0.20851441405707677,-0.20851441405707677,-0.20851441405707677,-0.20851441405707677,-0.20851441405707677,-0.20851441405707677,-0.20851441405707677,-0.20851441405707677,-0.20851441405707677,-0.20851441405707677,4.795831523312718,-0.20851441405707677,-0.20851441405707677,-0.20851441405707677,-0.20851441405707677,-0.20851441405707677,-0.20851441405707677,-0.20851441405707677,-0.20851441405707677,-0.20851441405707677,-0.20851441405707677,-0.20851441405707677,-0.20851441405707677,-0.20851441405707677,-0.20851441405707677,-0.20851441405707677,-0.20851441405707677,-0.20851441405707677,-0.20851441405707677,-0.20851441405707677,-0.20851441405707677,-0.20851441405707677,-0.20851441405707677,-0.20851441405707677,4.795831523312718,-0.20851441405707677,-0.20851441405707677,-0.20851441405707677,-0.20851441405707677,-0.20851441405707677,-0.20851441405707677,-0.20851441405707677,-0.20851441405707677,-0.20851441405707677,-0.20851441405707677,-0.20851441405707677,-0.20851441405707677,-0.20851441405707677,-0.20851441405707677,-0.20851441405707677,-0.20851441405707677,-0.20851441405707677,-0.20851441405707677,-0.20851441405707677,-0.20851441405707677,-0.20851441405707677,-0.20851441405707677,-0.20851441405707677,4.795831523312718
240,0.5980042193380207,0.031296845437566334,-0.27912300588944994,-0.42898086515076816,-0.3473236234716417,-0.1359934586765991,0.6267524617269266,1.425280768933665,1.839071959914407,1.9497832763482787,1.5139721550270981,0.8879333021537955,0.14965397101742378,-0.5069681184398215,-0.9268759567373519,-1.4308876956407242,-1.5758522370486114,-1.4929716659061274,-0.9430850721268415,0.270763587889836,0.3487508411788894,0.07747753267931949,-0.5084972802690186,-1.142181942288307,0.2085144140570717,0.2085144140570717,0.2085144140570717,0.2085144140570717,0.2085144140570717,0.2085144140570717,0.2085144140570717,0.2085144140570717,0.2085144140570717,0.2085144140570717,0.2085144140570717,0.2085144140570717,0.2085144140570717,0.2085144140570717,0.2085144140570717,0.2085144140570717,0.2085144140570717,0.2085144140570717,0.2085144140570717,0.2085144140570717,0.2085144140570717,0.2085144140570717,0.2085144140570717,-4.795831523312723,0.2085144140570717,0.2085144140570717,0.2085144140570717,0.2085144140570717,0.2085144140570717,0.2085144140570717,0.2085144140570717,0.2085144140570717,0.2085144140570717,0.2085144140570717,0.2085144140570717,0.2085144140570717,0.2085144140570717,0.2085144140570717,0.2085144140570717,0.2085144140570717,0.2085144140570717,0.2085144140570717,0.2085144140570717,0.2085144140570717,0.2085144140570717,0.2085144140570717,0.2085144140570717,-4.795831523312723,0.2085144140570717,0.2085144140570717,0.2085144140570717,0.2085144140570717,0.2085144140570717,0.2085144140570717,0.2085144140570717,0.2085144140570717,0.2085144140570717,0.2085144140570717,0.2085144140570717,0.2085144140570717,0.2085144140570717,0.2085144140570717,0.2085144140570717,0.2085144140570717,0.2085144140570717,0.2085144140570717,0.2085144140570717,0.2085144140570717,0.2085144140570717,0.2085144140570717,0.2085144140570717,-4.795831523312723
241,-0.4065065189592542,-1.0091760674162904,-1.346284274735039,-1.4635953526165155,-1.4013946986848533,-1.1803084365236092,-0.6930162668620912,-0.2012121326666702,0.153299366425704,0.5319821040925583,0.4601129547311042,0.26158651523937465,0.028575775381386878,-0.1480354078028141,-0.33367052005482095,-0.5270404286506615,-0.4052173862352819,0.15877818050258613,1.0057383801523674,2.073784841963393,2.203987247084592,1.697035803382497,0.8181695688144022,-0.2775932465620272,0.208514414057073,0.208514414057073,0.208514414057073,0.208514414057073,0.208514414057073,0.208514414057073,0.208514414057073,0.208514414057073,0.208514414057073,0.208514414057073,0.208514414057073,0.208514414057073,0.208514414057073,0.208514414057073,0.208514414057073,0.208514414057073,0.208514414057073,0.208514414057073,0.208514414057073,0.208514414057073,0.208514414057073,0.208514414057073,0.208514414057073,-4.795831523312721,0.208514414057073,0.208514414057073,0.208514414057073,0.208514414057073,0.208514414057073,0.208514414057073,0.208514414057073,0.208514414057073,0.208514414057073,0.208514414057073,0.208514414057073,0.208514414057073,0.208514414057073,0.208514414057073,0.208514414057073,0.208514414057073,0.208514414057073,0.208514414057073,0.208514414057073,0.208514414057073,0.208514414057073,0.208514414057073,0.208514414057073,-4.795831523312721,0.208514414057073,0.208514414057073,0.208514414057073,0.208514414057073,0.208514414057073,0.208514414057073,0.208514414057073,0.208514414057073,0.208514414057073,0.208514414057073,0.208514414057073,0.208514414057073,0.208514414057073,0.208514414057073,0.208514414057073,0.208514414057073,0.208514414057073,0.208514414057073,0.208514414057073,0.208514414057073,0.208514414057073,0.208514414057073,0.208514414057073,-4.795831523312721
242,-1.4958586907544529,-1.725029357763954,-1.8295209460096011,-1.7885773032684495,-1.6375976206604532,-1.227734696970384,-0.36123642437552683,0.6721640585599966,0.9894772898039214,0.9169729224497988,0.7995442804213571,0.6932045416353106,0.5979537060916594,0.49047664389613654,0.42152641219662784,0.3197359670484871,0.19903752021780075,0.2705467295886314,0.5072521641859139,1.089703915264032,1.1090384132251314,0.825418387986946,0.37262150558914126,-0.20911941835805398,0.20851441405707363,0.20851441405707363,0.20851441405707363,0.20851441405707363,0.20851441405707363,0.20851441405707363,0.20851441405707363,0.20851441405707363,0.20851441405707363,0.20851441405707363,0.20851441405707363,0.20851441405707363,0.20851441405707363,0.20851441405707363,0.20851441405707363,0.20851441405707363,0.20851441405707363,0.20851441405707363,0.20851441405707363,0.20851441405707363,0.20851441405707363,0.20851441405707363,0.20851441405707363,-4.795831523312721,0.20851441405707363,0.20851441405707363,0.20851441405707363,0.20851441405707363,0.20851441405707363,0.20851441405707363,0.20851441405707363,0.20851441405707363,0.20851441405707363,0.20851441405707363,0.20851441405707363,0.20851441405707363,0.20851441405707363,0.20851441405707363,0.20851441405707363,0.20851441405707363,0.20851441405707363,0.20851441405707363,0.20851441405707363,0.20851441405707363,0.20851441405707363,0.20851441405707363,0.20851441405707363,-4.795831523312721,0.20851441405707363,0.20851441405707363,0.20851441405707363,0.20851441405707363,0.20851441405707363,0.20851441405707363,0.20851441405707363,0.20851441405707363,0.20851441405707363,0.20851441405707363,0.20851441405707363,0.20851441405707363,0.20851441405707363,0.20851441405707363,0.20851441405707363,0.20851441405707363,0.20851441405707363,0.20851441405707363,0.20851441405707363,0.20851441405707363,0.20851441405707363,0.20851441405707363,0.20851441405707363,-4.795831523312721
243,-1.2732999663124112,-1.57613900254205,-1.7210899790010687,-1.7757595891242879,-1.7434864350566368,-1.4279885323608073,-0.7549819833121199,0.1300258019395853,0.4167282611353986,0.5003324231813393,0.5678000081934546,0.5850494526089232,0.5646005144712305,0.5401174320750814,0.4950463031185344,0.4167282611353986,0.4081035389276643,0.5242590718866668,0.7845309307684556,1.2691846754740421,1.3263582372059581,1.073737341572966,0.6440314238360094,0.02611181017865732,-0.20851441405707402,-0.20851441405707402,-0.20851441405707402,-0.20851441405707402,-0.20851441405707402,-0.20851441405707402,-0.20851441405707402,-0.20851441405707402,-0.20851441405707402,-0.20851441405707402,-0.20851441405707402,-0.20851441405707402,-0.20851441405707402,-0.20851441405707402,-0.20851441405707402,-0.20851441405707402,-0.20851441405707402,-0.20851441405707402,-0.20851441405707402,-0.20851441405707402,-0.20851441405707402,-0.20851441405707402,-0.20851441405707402,4.79583152331272,-0.20851441405707402,-0.20851441405707402,-0.20851441405707402,-0.20851441405707402,-0.20851441405707402,-0.20851441405707402,-0.20851441405707402,-0.20851441405707402,-0.20851441405707402,-0.20851441405707402,-0.20851441405707402,-0.20851441405707402,-0.20851441405707402,-0.20851441405707402,-0.20851441405707402,-0.20851441405707402,-0.20851441405707402,-0.20851441405707402,-0.20851441405707402,-0.20851441405707402,-0.20851441405707402,-0.20851441405707402,-0.20851441405707402,4.79583152331272,-0.20851441405707402,-0.20851441405707402,-0.20851441405707402,-0.20851441405707402,-0.20851441405707402,-0.20851441405707402,-0.20851441405707402,-0.20851441405707402,-0.20851441405707402,-0.20851441405707402,-0.20851441405707402,-0.20851441405707402,-0.20851441405707402,-0.20851441405707402,-0.20851441405707402,-0.20851441405707402,-0.20851441405707402,-0.20851441405707402,-0.20851441405707402,-0.20851441405707402,-0.20851441405707402,-0.20851441405707402,-0.20851441405707402,4.79583152331272
244,-0.9752750329817457,-1.402237968808461,-1.6327569000264424,-1.7185600284762341,-1.580002344974776,-1.193477725666264,-0.07536853747005338,1.2258420635903065,1.5458589948181185,1.319650747086849,1.0686047516464294,0.7684990727143824,0.4201547928596056,0.16541392585914713,-0.0012658356270513536,-0.20982080812702383,-0.3079401751102786,-0.16794559711324983,0.2413640634821686,1.0681942103619808,1.1617976232162992,0.8413701507040382,0.1574083708123962,-0.7195078127701653,-0.2085144140570885,-0.2085144140570885,-0.2085144140570885,-0.2085144140570885,-0.2085144140570885,-0.2085144140570885,-0.2085144140570885,-0.2085144140570885,-0.2085144140570885,-0.2085144140570885,-0.2085144140570885,-0.2085144140570885,-0.2085144140570885,-0.2085144140570885,-0.2085144140570885,-0.2085144140570885,-0.2085144140570885,-0.2085144140570885,-0.2085144140570885,-0.2085144140570885,-0.2085144140570885,-0.2085144140570885,-0.2085144140570885,4.795831523312706,-0.2085144140570885,-0.2085144140570885,-0.2085144140570885,-0.2085144140570885,-0.2085144140570885,-0.2085144140570885,-0.2085144140570885,-0.2085144140570885,-0.2085144140570885,-0.2085144140570885,-0.2085144140570885,-0.2085144140570885,-0.2085144140570885,-0.2085144140570885,-0.2085144140570885,-0.2085144140570885,-0.2085144140570885,-0.2085144140570885,-0.2085144140570885,-0.2085144140570885,-0.2085144140570885,-0.2085144140570885,-0.2085144140570885,4.795831523312706,-0.2085144140570885,-0.2085144140570885,-0.2085144140570885,-0.2085144140570885,-0.2085144140570885,-0.2085144140570885,-0.2085144140570885,-0.2085144140570885,-0.2085144140570885,-0.2085144140570885,-0.2085144140570885,-0.2085144140570885,-0.2085144140570885,-0.2085144140570885,-0.2085144140570885,-0.2085144140570885,-0.2085144140570885,-0.2085144140570885,-0.2085144140570885,-0.2085144140570885,-0.2085144140570885,-0.2085144140570885,-0.2085144140570885,4.795831523312706
245,-1.1271686184548988,-1.5379517304876045,-1.7371083470560345,-1.794758946589001,-1.7549999124283344,-1.4018673999285955,-0.5257228653335418,0.5564457553667842,0.9059638102155536,0.9468071816715111,0.9103011593967172,0.852831282746299,0.7380722523280113,0.5853614165745418,0.4577710614953116,0.317710827520236,0.19174697838394222,0.2784939620072148,0.5633132249036267,1.1212047633307989,1.1206625946831534,0.8027710442803688,0.16734938923989678,-0.6372288838659569,-0.2085144140570693,-0.2085144140570693,-0.2085144140570693,-0.2085144140570693,-0.2085144140570693,-0.2085144140570693,-0.2085144140570693,-0.2085144140570693,-0.2085144140570693,-0.2085144140570693,-0.2085144140570693,-0.2085144140570693,-0.2085144140570693,-0.2085144140570693,-0.2085144140570693,-0.2085144140570693,-0.2085144140570693,-0.2085144140570693,-0.2085144140570693,-0.2085144140570693,-0.2085144140570693,-0.2085144140570693,-0.2085144140570693,4.795831523312725,-0.2085144140570693,-0.2085144140570693,-0.2085144140570693,-0.2085144140570693,-0.2085144140570693,-0.2085144140570693,-0.2085144140570693,-0.2085144140570693,-0.2085144140570693,-0.2085144140570693,-0.2085144140570693,-0.2085144140570693,-0.2085144140570693,-0.2085144140570693,-0.2085144140570693,-0.2085144140570693,-0.2085144140570693,-0.2085144140570693,-0.2085144140570693,-0.2085144140570693,-0.2085144140570693,-0.2085144140570693,-0.2085144140570693,4.795831523312725,-0.2085144140570693,-0.2085144140570693,-0.2085144140570693,-0.2085144140570693,-0.2085144140570693,-0.2085144140570693,-0.2085144140570693,-0.2085144140570693,-0.2085144140570693,-0.2085144140570693,-0.2085144140570693,-0.2085144140570693,-0.2085144140570693,-0.2085144140570693,-0.2085144140570693,-0.2085144140570693,-0.2085144140570693,-0.2085144140570693,-0.2085144140570693,-0.2085144140570693,-0.2085144140570693,-0.2085144140570693,-0.2085144140570693,4.795831523312725
246,-0.9869369352107621,-1.3492777368347741,-1.609004985942468,-1.7260951392287232,-1.73120452773576,-1.3307562034967664,-0.27140965303784514,1.0610762913597411,1.459821486096389,1.3606141925847617,1.1979653251107631,1.0331875457588329,0.79219472117694,0.538854207703042,0.3602385011445543,0.10902689954858824,-0.10578030893474206,-0.0925810552915642,0.1384058834640487,0.7636673020126524,0.7845306384163852,0.4822251517500531,-0.07278217482679737,-0.8059794255865492,-0.20851441405708027,-0.20851441405708027,-0.20851441405708027,-0.20851441405708027,-0.20851441405708027,-0.20851441405708027,-0.20851441405708027,-0.20851441405708027,-0.20851441405708027,-0.20851441405708027,-0.20851441405708027,-0.20851441405708027,-0.20851441405708027,-0.20851441405708027,-0.20851441405708027,-0.20851441405708027,-0.20851441405708027,-0.20851441405708027,-0.20851441405708027,-0.20851441405708027,-0.20851441405708027,-0.20851441405708027,-0.20851441405708027,4.795831523312714,-0.20851441405708027,-0.20851441405708027,-0.20851441405708027,-0.20851441405708027,-0.20851441405708027,-0.20851441405708027,-0.20851441405708027,-0.20851441405708027,-0.20851441405708027,-0.20851441405708027,-0.20851441405708027,-0.20851441405708027,-0.20851441405708027,-0.20851441405708027,-0.20851441405708027,-0.20851441405708027,-0.20851441405708027,-0.20851441405708027,-0.20851441405708027,-0.20851441405708027,-0.20851441405708027,-0.20851441405708027,-0.20851441405708027,4.795831523312714,-0.20851441405708027,-0.20851441405708027,-0.20851441405708027,-0.20851441405708027,-0.20851441405708027,-0.20851441405708027,-0.20851441405708027,-0.20851441405708027,-0.20851441405708027,-0.20851441405708027,-0.20851441405708027,-0.20851441405708027,-0.20851441405708027,-0.20851441405708027,-0.20851441405708027,-0.20851441405708027,-0.20851441405708027,-0.20851441405708027,-0.20851441405708027,-0.20851441405708027,-0.20851441405708027,-0.20851441405708027,-0.20851441405708027,4.795831523312714
247,-0.3174837918529383,-1.1049267002314795,-1.5799179611654104,-1.7635035405447825,-1.7492570405576708,-1.501885995326912,-0.7678674619000398,-0.008593769405105922,0.7043787981317148,1.2603160817196897,1.3733167293447355,1.1146132409424103,0.8322735139251044,0.3715287529782853,0.04029762827793673,-0.1659528374445677,-0.21354909876514563,-0.06428463299108828,0.3190757302984647,1.2868663771502162,1.3713740248010382,0.9485120024563118,0.2721270371591191,-0.6574570869999237,-0.20851441405707485,-0.20851441405707485,-0.20851441405707485,-0.20851441405707485,-0.20851441405707485,-0.20851441405707485,-0.20851441405707485,-0.20851441405707485,-0.20851441405707485,-0.20851441405707485,-0.20851441405707485,-0.20851441405707485,-0.20851441405707485,-0.20851441405707485,-0.20851441405707485,-0.20851441405707485,-0.20851441405707485,-0.20851441405707485,-0.20851441405707485,-0.20851441405707485,-0.20851441405707485,-0.20851441405707485,-0.20851441405707485,4.795831523312719,-0.20851441405707485,-0.20851441405707485,-0.20851441405707485,-0.20851441405707485,-0.20851441405707485,-0.20851441405707485,-0.20851441405707485,-0.20851441405707485,-0.20851441405707485,-0.20851441405707485,-0.20851441405707485,-0.20851441405707485,-0.20851441405707485,-0.20851441405707485,-0.20851441405707485,-0.20851441405707485,-0.20851441405707485,-0.20851441405707485,-0.20851441405707485,-0.20851441405707485,-0.20851441405707485,-0.20851441405707485,-0.20851441405707485,4.795831523312719,-0.20851441405707485,-0.20851441405707485,-0.20851441405707485,-0.20851441405707485,-0.20851441405707485,-0.20851441405707485,-0.20851441405707485,-0.20851441405707485,-0.20851441405707485,-0.20851441405707485,-0.20851441405707485,-0.20851441405707485,-0.20851441405707485,-0.20851441405707485,-0.20851441405707485,-0.20851441405707485,-0.20851441405707485,-0.20851441405707485,-0.20851441405707485,-0.20851441405707485,-0.20851441405707485,-0.20851441405707485,-0.20851441405707485,4.795831523312719
248,-0.5504384028076401,-1.1900260124047763,-1.387977353688842,-1.2227903723414493,-1.14053817708376,-1.0101633281690823,-0.7159666795710399,-0.15828996981558602,0.4492158706768912,0.7604772900752841,0.7423886330269126,0.3891478774596575,0.09734029677366424,-0.13644706319113742,-0.3562413110996516,-0.5845679444083411,-0.5251825420231214,-0.14054260818322153,0.5710583341913937,2.030437533037367,2.379241448196531,1.6628623699978178,0.6703753002494335,-0.6333731888973435,-0.20851441405707294,-0.20851441405707294,-0.20851441405707294,-0.20851441405707294,-0.20851441405707294,-0.20851441405707294,-0.20851441405707294,-0.20851441405707294,-0.20851441405707294,-0.20851441405707294,-0.20851441405707294,-0.20851441405707294,-0.20851441405707294,-0.20851441405707294,-0.20851441405707294,-0.20851441405707294,-0.20851441405707294,-0.20851441405707294,-0.20851441405707294,-0.20851441405707294,-0.20851441405707294,-0.20851441405707294,-0.20851441405707294,4.795831523312721,-0.20851441405707294,-0.20851441405707294,-0.20851441405707294,-0.20851441405707294,-0.20851441405707294,-0.20851441405707294,-0.20851441405707294,-0.20851441405707294,-0.20851441405707294,-0.20851441405707294,-0.20851441405707294,-0.20851441405707294,-0.20851441405707294,-0.20851441405707294,-0.20851441405707294,-0.20851441405707294,-0.20851441405707294,-0.20851441405707294,-0.20851441405707294,-0.20851441405707294,-0.20851441405707294,-0.20851441405707294,-0.20851441405707294,4.795831523312721,-0.20851441405707294,-0.20851441405707294,-0.20851441405707294,-0.20851441405707294,-0.20851441405707294,-0.20851441405707294,-0.20851441405707294,-0.20851441405707294,-0.20851441405707294,-0.20851441405707294,-0.20851441405707294,-0.20851441405707294,-0.20851441405707294,-0.20851441405707294,-0.20851441405707294,-0.20851441405707294,-0.20851441405707294,-0.20851441405707294,-0.20851441405707294,-0.20851441405707294,-0.20851441405707294,-0.20851441405707294,-0.20851441405707294,4.795831523312721
249,-1.3654617327831573,-1.5849663461533292,-1.7270846324151703,-1.781757991399463,-1.6837677574928969,-1.3889858783401972,-0.5267042670597353,0.41458602619506035,0.7770201032600748,0.8081693166873276,0.8016798972233166,0.7896744712148962,0.7176419151643741,0.6420401784086459,0.5857444645583505,0.4903499984373888,0.4071231938114477,0.40258060018664,0.5610846705951087,1.1341004092672802,1.1577867903109202,0.7750732774208715,0.1616609025852316,-0.5675876096830046,0.2085144140570465,0.2085144140570465,0.2085144140570465,0.2085144140570465,0.2085144140570465,0.2085144140570465,0.2085144140570465,0.2085144140570465,0.2085144140570465,0.2085144140570465,0.2085144140570465,0.2085144140570465,0.2085144140570465,0.2085144140570465,0.2085144140570465,0.2085144140570465,0.2085144140570465,0.2085144140570465,0.2085144140570465,0.2085144140570465,0.2085144140570465,0.2085144140570465,0.2085144140570465,-4.795831523312748,0.2085144140570465,0.2085144140570465,0.2085144140570465,0.2085144140570465,0.2085144140570465,0.2085144140570465,0.2085144140570465,0.2085144140570465,0.2085144140570465,0.2085144140570465,0.2085144140570465,0.2085144140570465,0.2085144140570465,0.2085144140570465,0.2085144140570465,0.2085144140570465,0.2085144140570465,0.2085144140570465,0.2085144140570465,0.2085144140570465,0.2085144140570465,0.2085144140570465,0.2085144140570465,-4.795831523312748,0.2085144140570465,0.2085144140570465,0.2085144140570465,0.2085144140570465,0.2085144140570465,0.2085144140570465,0.2085144140570465,0.2085144140570465,0.2085144140570465,0.2085144140570465,0.2085144140570465,0.2085144140570465,0.2085144140570465,0.2085144140570465,0.2085144140570465,0.2085144140570465,0.2085144140570465,0.2085144140570465,0.2085144140570465,0.2085144140570465,0.2085144140570465,0.2085144140570465,0.2085144140570465,-4.795831523312748
250,-1.075479560444952,-1.464622129057888,-1.701450765756889,-1.8131476491604412,-1.793151563739945,-1.521798435807119,-0.7646029199231765,0.15412347349821112,0.48952656254356386,0.5845079682909203,0.6926118050954775,0.7611921293110852,0.7830628477397528,0.7661911506662092,0.7555682302865707,0.6426215915442371,0.5510770129785284,0.5026489936007644,0.6240314808798697,1.1731427328567745,1.1523655503495402,0.7780638263846288,0.22098538412299498,-0.4974677162587363,0.20851441405707477,0.20851441405707477,0.20851441405707477,0.20851441405707477,0.20851441405707477,0.20851441405707477,0.20851441405707477,0.20851441405707477,0.20851441405707477,0.20851441405707477,0.20851441405707477,0.20851441405707477,0.20851441405707477,0.20851441405707477,0.20851441405707477,0.20851441405707477,0.20851441405707477,0.20851441405707477,0.20851441405707477,0.20851441405707477,0.20851441405707477,0.20851441405707477,0.20851441405707477,-4.79583152331272,0.20851441405707477,0.20851441405707477,0.20851441405707477,0.20851441405707477,0.20851441405707477,0.20851441405707477,0.20851441405707477,0.20851441405707477,0.20851441405707477,0.20851441405707477,0.20851441405707477,0.20851441405707477,0.20851441405707477,0.20851441405707477,0.20851441405707477,0.20851441405707477,0.20851441405707477,0.20851441405707477,0.20851441405707477,0.20851441405707477,0.20851441405707477,0.20851441405707477,0.20851441405707477,-4.79583152331272,0.20851441405707477,0.20851441405707477,0.20851441405707477,0.20851441405707477,0.20851441405707477,0.20851441405707477,0.20851441405707477,0.20851441405707477,0.20851441405707477,0.20851441405707477,0.20851441405707477,0.20851441405707477,0.20851441405707477,0.20851441405707477,0.20851441405707477,0.20851441405707477,0.20851441405707477,0.20851441405707477,0.20851441405707477,0.20851441405707477,0.20851441405707477,0.20851441405707477,0.20851441405707477,-4.79583152331272
251,-1.0792288868101183,-1.4574380546591994,-1.6971101618167261,-1.812607581745322,-1.8100642447779824,-1.5247616802652462,-0.8376118749128613,0.05599704896473396,0.4424346599434429,0.5743889661312948,0.6617600713622533,0.7379105723255375,0.7462886235120677,0.689138345775379,0.6803114704181418,0.6071531305929042,0.5342940068814713,0.5975782149511554,0.798202619257175,1.1898765122274653,1.1321278022631673,0.826628150068617,0.29327542721182354,-0.3485431368991565,0.20851441405707477,0.20851441405707477,0.20851441405707477,0.20851441405707477,0.20851441405707477,0.20851441405707477,0.20851441405707477,0.20851441405707477,0.20851441405707477,0.20851441405707477,0.20851441405707477,0.20851441405707477,0.20851441405707477,0.20851441405707477,0.20851441405707477,0.20851441405707477,0.20851441405707477,0.20851441405707477,0.20851441405707477,0.20851441405707477,0.20851441405707477,0.20851441405707477,0.20851441405707477,-4.79583152331272,0.20851441405707477,0.20851441405707477,0.20851441405707477,0.20851441405707477,0.20851441405707477,0.20851441405707477,0.20851441405707477,0.20851441405707477,0.20851441405707477,0.20851441405707477,0.20851441405707477,0.20851441405707477,0.20851441405707477,0.20851441405707477,0.20851441405707477,0.20851441405707477,0.20851441405707477,0.20851441405707477,0.20851441405707477,0.20851441405707477,0.20851441405707477,0.20851441405707477,0.20851441405707477,-4.79583152331272,0.20851441405707477,0.20851441405707477,0.20851441405707477,0.20851441405707477,0.20851441405707477,0.20851441405707477,0.20851441405707477,0.20851441405707477,0.20851441405707477,0.20851441405707477,0.20851441405707477,0.20851441405707477,0.20851441405707477,0.20851441405707477,0.20851441405707477,0.20851441405707477,0.20851441405707477,0.20851441405707477,0.20851441405707477,0.20851441405707477,0.20851441405707477,0.20851441405707477,0.20851441405707477,-4.79583152331272
252,-1.0796551081253543,-1.4486825947716324,-1.7007808071848887,-1.8027275003184147,-1.7898620230699345,-1.5568177453158198,-0.8466108303712395,0.14565945918558856,0.5695687918158895,0.6938265024562735,0.8042416109938625,0.8255755036464055,0.7718336366590834,0.7014806471484073,0.6513215712935734,0.5117555712689218,0.41111171127448237,0.43619124920189933,0.618262180389251,1.0757194663510319,1.182226075471361,0.8718260800839797,0.3394558886247196,-0.38491933670742734,-0.20851441405708068,-0.20851441405708068,-0.20851441405708068,-0.20851441405708068,-0.20851441405708068,-0.20851441405708068,-0.20851441405708068,-0.20851441405708068,-0.20851441405708068,-0.20851441405708068,-0.20851441405708068,-0.20851441405708068,-0.20851441405708068,-0.20851441405708068,-0.20851441405708068,-0.20851441405708068,-0.20851441405708068,-0.20851441405708068,-0.20851441405708068,-0.20851441405708068,-0.20851441405708068,-0.20851441405708068,-0.20851441405708068,4.795831523312714,-0.20851441405708068,-0.20851441405708068,-0.20851441405708068,-0.20851441405708068,-0.20851441405708068,-0.20851441405708068,-0.20851441405708068,-0.20851441405708068,-0.20851441405708068,-0.20851441405708068,-0.20851441405708068,-0.20851441405708068,-0.20851441405708068,-0.20851441405708068,-0.20851441405708068,-0.20851441405708068,-0.20851441405708068,-0.20851441405708068,-0.20851441405708068,-0.20851441405708068,-0.20851441405708068,-0.20851441405708068,-0.20851441405708068,4.795831523312714,-0.20851441405708068,-0.20851441405708068,-0.20851441405708068,-0.20851441405708068,-0.20851441405708068,-0.20851441405708068,-0.20851441405708068,-0.20851441405708068,-0.20851441405708068,-0.20851441405708068,-0.20851441405708068,-0.20851441405708068,-0.20851441405708068,-0.20851441405708068,-0.20851441405708068,-0.20851441405708068,-0.20851441405708068,-0.20851441405708068,-0.20851441405708068,-0.20851441405708068,-0.20851441405708068,-0.20851441405708068,-0.20851441405708068,4.795831523312714
253,-0.8938865650993161,-1.365803151873311,-1.6703197372782772,-1.8013375775457456,-1.768530542101564,-1.447610438974507,-0.46403028017683584,0.6406835479531976,1.099982044171738,1.1805275222173888,1.1693815422267373,1.1096559135975863,0.9412044046822701,0.7782207350076507,0.6442586736105763,0.4190257571957151,0.2059903283177932,0.07223856842997649,0.11745339292035478,0.7269071667488027,0.8059805342296503,0.4541461092417299,-0.11219585518891545,-0.8419420923126953,-0.20851441405709115,-0.20851441405709115,-0.20851441405709115,-0.20851441405709115,-0.20851441405709115,-0.20851441405709115,-0.20851441405709115,-0.20851441405709115,-0.20851441405709115,-0.20851441405709115,-0.20851441405709115,-0.20851441405709115,-0.20851441405709115,-0.20851441405709115,-0.20851441405709115,-0.20851441405709115,-0.20851441405709115,-0.20851441405709115,-0.20851441405709115,-0.20851441405709115,-0.20851441405709115,-0.20851441405709115,-0.20851441405709115,4.795831523312703,-0.20851441405709115,-0.20851441405709115,-0.20851441405709115,-0.20851441405709115,-0.20851441405709115,-0.20851441405709115,-0.20851441405709115,-0.20851441405709115,-0.20851441405709115,-0.20851441405709115,-0.20851441405709115,-0.20851441405709115,-0.20851441405709115,-0.20851441405709115,-0.20851441405709115,-0.20851441405709115,-0.20851441405709115,-0.20851441405709115,-0.20851441405709115,-0.20851441405709115,-0.20851441405709115,-0.20851441405709115,-0.20851441405709115,4.795831523312703,-0.20851441405709115,-0.20851441405709115,-0.20851441405709115,-0.20851441405709115,-0.20851441405709115,-0.20851441405709115,-0.20851441405709115,-0.20851441405709115,-0.20851441405709115,-0.20851441405709115,-0.20851441405709115,-0.20851441405709115,-0.20851441405709115,-0.20851441405709115,-0.20851441405709115,-0.20851441405709115,-0.20851441405709115,-0.20851441405709115,-0.20851441405709115,-0.20851441405709115,-0.20851441405709115,-0.20851441405709115,-0.20851441405709115,4.795831523312703
254,-0.2938865542052005,-0.9530765126856784,-1.4368324294079402,-1.6887943917441497,-1.7689138753817601,-1.6100562785140842,-1.213879245630176,-0.7008382762679599,-0.16983949160765877,0.6015177439654739,1.0095745623542691,1.1048891204748748,0.9225482266789337,0.6711388125057423,0.4492907250540139,0.3172317140927111,0.25285985310111375,0.3788408342692185,0.7120273765690744,1.4162500103355196,1.4491266260350908,0.9349805603468387,0.25507004575318576,-0.6392291560914525,0.20851441405707302,0.20851441405707302,0.20851441405707302,0.20851441405707302,0.20851441405707302,0.20851441405707302,0.20851441405707302,0.20851441405707302,0.20851441405707302,0.20851441405707302,0.20851441405707302,0.20851441405707302,0.20851441405707302,0.20851441405707302,0.20851441405707302,0.20851441405707302,0.20851441405707302,0.20851441405707302,0.20851441405707302,0.20851441405707302,0.20851441405707302,0.20851441405707302,0.20851441405707302,-4.795831523312722,0.20851441405707302,0.20851441405707302,0.20851441405707302,0.20851441405707302,0.20851441405707302,0.20851441405707302,0.20851441405707302,0.20851441405707302,0.20851441405707302,0.20851441405707302,0.20851441405707302,0.20851441405707302,0.20851441405707302,0.20851441405707302,0.20851441405707302,0.20851441405707302,0.20851441405707302,0.20851441405707302,0.20851441405707302,0.20851441405707302,0.20851441405707302,0.20851441405707302,0.20851441405707302,-4.795831523312722,0.20851441405707302,0.20851441405707302,0.20851441405707302,0.20851441405707302,0.20851441405707302,0.20851441405707302,0.20851441405707302,0.20851441405707302,0.20851441405707302,0.20851441405707302,0.20851441405707302,0.20851441405707302,0.20851441405707302,0.20851441405707302,0.20851441405707302,0.20851441405707302,0.20851441405707302,0.20851441405707302,0.20851441405707302,0.20851441405707302,0.20851441405707302,0.20851441405707302,0.20851441405707302,-4.795831523312722
255,-0.7222861396645879,-1.1268635330714205,-1.431454719519885,-1.568115403934025,-1.582013100654107,-1.4432291570188434,-1.1990543465896244,-0.9110631867790355,-0.542581200131305,-0.08858977394195856,0.2105967526709185,0.40381334179317013,0.5561089350174024,0.5682694196474741,0.5173111983405068,0.6225090415689054,0.7620650794663958,0.915132766952855,1.1122098273862404,1.5627268293955663,1.579905926730112,1.0988912013628285,0.35285512048620266,0.35285512048620266,1.0,1.0,1.0,1.0,1.0,1.0,1.0,1.0,1.0,1.0,1.0,1.0,1.0,1.0,1.0,1.0,1.0,1.0,1.0,1.0,1.0,1.0,1.0,1.0,1.0,1.0,1.0,1.0,1.0,1.0,1.0,1.0,1.0,1.0,1.0,1.0,1.0,1.0,1.0,1.0,1.0,1.0,1.0,1.0,1.0,1.0,1.0,1.0,1.0,1.0,1.0,1.0,1.0,1.0,1.0,1.0,1.0,1.0,1.0,1.0,1.0,1.0,1.0,1.0,1.0,1.0,1.0,1.0,1.0,1.0,1.0,1.0
256,-1.2521031288980038,-1.5219706441299314,-1.6727914218733637,-1.7802582869133936,-1.7522971314890494,-1.4694375642417696,-0.9626063176863595,-0.02491908527400974,0.489961584812651,0.5583110758499368,0.6546217223115667,0.7370930090177131,0.7613824975681535,0.780588139677804,0.7961221149135508,0.7605351898280218,0.714498135947536,0.7197232003450145,0.7136508282074043,0.712662302510584,0.9535801366213474,0.9364927638620261,0.40791395197657043,-0.26075307294398326,0.0,0.0,0.0,0.0,0.0,0.0,0.0,0.0,0.0,0.0,0.0,0.0,0.0,0.0,0.0,0.0,0.0,0.0,0.0,0.0,0.0,0.0,0.0,0.0,0.0,0.0,0.0,0.0,0.0,0.0,0.0,0.0,0.0,0.0,0.0,0.0,0.0,0.0,0.0,0.0,0.0,0.0,0.0,0.0,0.0,0.0,0.0,0.0,0.0,0.0,0.0,0.0,0.0,0.0,0.0,0.0,0.0,0.0,0.0,0.0,0.0,0.0,0.0,0.0,0.0,0.0,0.0,0.0,0.0,0.0,0.0,0.0
257,-1.0199332845831486,-1.4177956139782881,-1.63527994429532,-1.7838525165972061,-1.8131547384882618,-1.618935488868651,-1.0096259703501138,-0.060175082141431864,0.3594798544892666,0.3708179001456048,0.4756580106301863,0.5375018960283945,0.6120090531986168,0.6793010904057147,0.7750118654267513,0.8043140873178071,0.7750118654267513,0.8459850862885044,0.8219837688601522,0.8284626520923455,1.0795193773398335,1.0643529006826538,0.5291087972957805,-0.19976556632595893,-1.0,-1.0,-1.0,-1.0,-1.0,-1.0,-1.0,-1.0,-1.0,-1.0,-1.0,-1.0,-1.0,-1.0,-1.0,-1.0,-1.0,-1.0,-1.0,-1.0,-1.0,-1.0,-1.0,-1.0,-1.0,-1.0,-1.0,-1.0,-1.0,-1.0,-1.0,-1.0,-1.0,-1.0,-1.0,-1.0,-1.0,-1.0,-1.0,-1.0,-1.0,-1.0,-1.0,-1.0,-1.0,-1.0,-1.0,-1.0,-1.0,-1.0,-1.0,-1.0,-1.0,-1.0,-1.0,-1.0,-1.0,-1.0,-1.0,-1.0,-1.0,-1.0,-1.0,-1.0,-1.0,-1.0,-1.0,-1.0,-1.0,-1.0,-1.0,-1.0
258,-0.9175709300814061,-1.3767315263281927,-1.7127945224403684,-1.8851639013522636,-1.909226863080705,-1.6252184372382183,-0.9223180449802142,0.14201785405600917,0.6101815992488112,0.6037975481780002,0.6858080503953408,0.6792603057073295,0.7002130887089655,0.6938290376381545,0.7525950462130552,0.6921921014661517,0.6208216843668295,0.6037975481780002,0.5836632332623658,0.6067440332876053,1.0104124933034968,1.057228867822777,0.532427131078678,-0.22596539741022123,0.0,0.0,0.0,0.0,0.0,0.0,0.0,0.0,0.0,0.0,0.0,0.0,0.0,0.0,0.0,0.0,0.0,0.0,0.0,0.0,0.0,0.0,0.0,0.0,0.0,0.0,0.0,0.0,0.0,0.0,0.0,0.0,0.0,0.0,0.0,0.0,0.0,0.0,0.0,0.0,0.0,0.0,0.0,0.0,0.0,0.0,0.0,0.0,0.0,0.0,0.0,0.0,0.0,0.0,0.0,0.0,0.0,0.0,0.0,0.0,0.0,0.0,0.0,0.0,0.0,0.0,0.0,0.0,0.0,0.0,0.0,0.0
259,-1.027773213393966,-1.4637734272310763,-1.763394427261318,-1.8761827922152308,-1.8632680939380653,-1.5267971548236443,-0.7457162030206697,0.41402370226880014,0.858805910934383,0.8111076252973848,0.7816621132254472,0.7777016057537831,0.7570380885103182,0.769608394833426,0.7857948166741402,0.7260428126451207,0.5774376844692021,0.5080427057265656,0.43899211893798695,0.4209115413499551,0.8407253333463511,0.8717206092115486,0.3437677436410193,-0.4164774949414616,0.0,0.0,0.0,0.0,0.0,0.0,0.0,0.0,0.0,0.0,0.0,0.0,0.0,0.0,0.0,0.0,0.0,0.0,0.0,0.0,0.0,0.0,0.0,0.0,0.0,0.0,0.0,0.0,0.0,0.0,0.0,0.0,0.0,0.0,0.0,0.0,0.0,0.0,0.0,0.0,0.0,0.0,0.0,0.0,0.0,0.0,0.0,0.0,0.0,0.0,0.0,0.0,0.0,0.0,0.0,0.0,0.0,0.0,0.0,0.0,0.0,0.0,0.0,0.0,0.0,0.0,0.0,0.0,0.0,0.0,0.0,0.0
260,-1.0745305141511845,-1.5020875945590781,-1.7589518611334602,-1.8684079404660128,-1.8075378929979935,-1.4734860059897679,-0.6566906401161976,0.5520931639700984,1.026219497561356,1.0137521384414003,1.0297030243742848,0.962232610313348,0.8652438901007512,0.7598213681305372,0.6675995793461589,0.5346755299054544,0.36929967804957103,0.31062975277919114,0.3065961954168525,0.34913189123787797,0.7193024509906811,0.7262695046165388,0.29889576772511517,-0.34977359354552273,0.0,0.0,0.0,0.0,0.0,0.0,0.0,0.0,0.0,0.0,0.0,0.0,0.0,0.0,0.0,0.0,0.0,0.0,0.0,0.0,0.0,0.0,0.0,0.0,0.0,0.0,0.0,0.0,0.0,0.0,0.0,0.0,0.0,0.0,0.0,0.0,0.0,0.0,0.0,0.0,0.0,0.0,0.0,0.0,0.0,0.0,0.0,0.0,0.0,0.0,0.0,0.0,0.0,0.0,0.0,0.0,0.0,0.0,0.0,0.0,0.0,0.0,0.0,0.0,0.0,0.0,0.0,0.0,0.0,0.0,0.0,0.0
261,-0.3200214241186802,-1.0241084235499847,-1.4901228404397688,-1.7580248482169878,-1.834005459666409,-1.6716320789022754,-1.2278490261032478,-0.423861593099556,0.2374511361824445,0.8610549694117693,1.2738829582869584,1.2876720322166684,1.0273680855843914,0.6798271406212976,0.36661817564646076,0.11109819343877717,0.03736885936563498,0.023579785435925177,0.07451493607424096,0.25911968092913135,1.12389160309236,1.3214411928608556,0.9187439521789225,0.145992992771104,0.0,0.0,0.0,0.0,0.0,0.0,0.0,0.0,0.0,0.0,0.0,0.0,0.0,0.0,0.0,0.0,0.0,0.0,0.0,0.0,0.0,0.0,0.0,0.0,0.0,0.0,0.0,0.0,0.0,0.0,0.0,0.0,0.0,0.0,0.0,0.0,0.0,0.0,0.0,0.0,0.0,0.0,0.0,0.0,0.0,0.0,0.0,0.0,0.0,0.0,0.0,0.0,0.0,0.0,0.0,0.0,0.0,0.0,0.0,0.0,0.0,0.0,0.0,0.0,0.0,0.0,0.0,0.0,0.0,0.0,0.0,0.0
262,-0.5479082559162607,-1.1209920231969286,-1.5009194232325802,-1.5727544358443633,-1.6249013338884721,-1.4485064695862053,-1.019358783131369,-0.35209133264858583,0.17203820381516335,0.6911126838358612,0.8342505978548952,0.6703603468591239,0.4545892534215094,0.3707817387077627,0.0858361886810239,-0.15121935293785962,-0.24114614650372115,-0.14749457450613754,0.08769857789688494,0.501947150624833,1.5616466144497634,2.0142071939039954,1.5581878916203071,0.7246356897213598,0.0,0.0,0.0,0.0,0.0,0.0,0.0,0.0,0.0,0.0,0.0,0.0,0.0,0.0,0.0,0.0,0.0,0.0,0.0,0.0,0.0,0.0,0.0,0.0,0.0,0.0,0.0,0.0,0.0,0.0,0.0,0.0,0.0,0.0,0.0,0.0,0.0,0.0,0.0,0.0,0.0,0.0,0.0,0.0,0.0,0.0,0.0,0.0,0.0,0.0,0.0,0.0,0.0,0.0,0.0,0.0,0.0,0.0,0.0,0.0,0.0,0.0,0.0,0.0,0.0,0.0,0.0,0.0,0.0,0.0,0.0,0.0
263,-1.1770663617172805,-1.4285048521621178,-1.517669860322583,-1.4324335785753184,-1.289462099973193,-0.9328020673313314,0.07363515121553034,1.3697732391879653,1.872821034269518,1.7160136061252513,1.3962494389290998,1.0894671503156979,0.7966916254363154,0.523559732622936,0.234029677389241,-0.015700671136813293,-0.2886617497583145,-0.4251422890690651,-0.438807424419328,-0.30540154056238655,0.27143798541058567,0.4839308401071736,0.04972116435257029,-0.625678150334173,0.0,0.0,0.0,0.0,0.0,0.0,0.0,0.0,0.0,0.0,0.0,0.0,0.0,0.0,0.0,0.0,0.0,0.0,0.0,0.0,0.0,0.0,0.0,0.0,0.0,0.0,0.0,0.0,0.0,0.0,0.0,0.0,0.0,0.0,0.0,0.0,0.0,0.0,0.0,0.0,0.0,0.0,0.0,0.0,0.0,0.0,0.0,0.0,0.0,0.0,0.0,0.0,0.0,0.0,0.0,0.0,0.0,0.0,0.0,0.0,0.0,0.0,0.0,0.0,0.0,0.0,0.0,0.0,0.0,0.0,0.0,0.0
264,-0.9868491605554975,-1.3596280860949281,-1.5609861195821233,-1.6192200111405382,-1.577800130525046,-1.112339095885603,-0.08381374357219046,1.313594604915829,1.775979905846201,1.5904106387322379,1.2941149580917113,1.0187342666728691,0.7423283306843363,0.48683738391748793,0.30249841028715346,0.06874264839774152,-0.13569111879852486,-0.21422485283680973,-0.23021866812398004,-0.13118004269188707,0.4679728838351845,0.6576431292279091,0.06095078966809447,-0.7678569204696274,-1.0,-1.0,-1.0,-1.0,-1.0,-1.0,-1.0,-1.0,-1.0,-1.0,-1.0,-1.0,-1.0,-1.0,-1.0,-1.0,-1.0,-1.0,-1.0,-1.0,-1.0,-1.0,-1.0,-1.0,-1.0,-1.0,-1.0,-1.0,-1.0,-1.0,-1.0,-1.0,-1.0,-1.0,-1.0,-1.0,-1.0,-1.0,-1.0,-1.0,-1.0,-1.0,-1.0,-1.0,-1.0,-1.0,-1.0,-1.0,-1.0,-1.0,-1.0,-1.0,-1.0,-1.0,-1.0,-1.0,-1.0,-1.0,-1.0,-1.0,-1.0,-1.0,-1.0,-1.0,-1.0,-1.0,-1.0,-1.0,-1.0,-1.0,-1.0,-1.0
265,-1.183478673996852,-1.5311345880228548,-1.7028103893776,-1.841707204552751,-1.7855856070028389,-1.5423920176198873,-0.808838039025021,0.2546579570240472,0.6978364721895758,0.7117427087506158,0.74783270363522,0.7721686176170403,0.7395551818726961,0.7137293139736216,0.7150537174556254,0.6395627189814076,0.559601858755427,0.559601858755427,0.5945330005932777,0.6773082182185165,0.9683458833888562,0.9496386842055522,0.4140830261702571,-0.3193054019893587,0.0,0.0,0.0,0.0,0.0,0.0,0.0,0.0,0.0,0.0,0.0,0.0,0.0,0.0,0.0,0.0,0.0,0.0,0.0,0.0,0.0,0.0,0.0,0.0,0.0,0.0,0.0,0.0,0.0,0.0,0.0,0.0,0.0,0.0,0.0,0.0,0.0,0.0,0.0,0.0,0.0,0.0,0.0,0.0,0.0,0.0,0.0,0.0,0.0,0.0,0.0,0.0,0.0,0.0,0.0,0.0,0.0,0.0,0.0,0.0,0.0,0.0,0.0,0.0,0.0,0.0,0.0,0.0,0.0,0.0,0.0,0.0
266,-1.0451139904394804,-1.433257937348485,-1.680072426016216,-1.8365930941409114,-1.8476877979883544,-1.5605909999668304,-0.9111241055126693,0.11283171573056659,0.599803870757563,0.762639985687726,0.8915092380695634,0.9908495094420527,0.9672945997351738,0.8744404629196512,0.8425218533893153,0.6820753669801402,0.5591801859007719,0.4967084688520931,0.45301240446831775,0.44789177192334406,0.7141646642619751,0.8232341374699145,0.37569085303921523,-0.2794087372144169,0.0,0.0,0.0,0.0,0.0,0.0,0.0,0.0,0.0,0.0,0.0,0.0,0.0,0.0,0.0,0.0,0.0,0.0,0.0,0.0,0.0,0.0,0.0,0.0,0.0,0.0,0.0,0.0,0.0,0.0,0.0,0.0,0.0,0.0,0.0,0.0,0.0,0.0,0.0,0.0,0.0,0.0,0.0,0.0,0.0,0.0,0.0,0.0,0.0,0.0,0.0,0.0,0.0,0.0,0.0,0.0,0.0,0.0,0.0,0.0,0.0,0.0,0.0,0.0,0.0,0.0,0.0,0.0,0.0,0.0,0.0,0.0
267,-0.5308114905474779,-1.1115867336243643,-1.490066734469848,-1.6050016670283411,-1.566201976419423,-1.269225728173805,-0.5315435601816084,0.6690506397924595,1.2969223626650768,1.6585647619255581,1.709809636314695,1.5287444134730777,1.1788151283586845,0.7129748178402913,0.3537726506935782,0.026537524237231682,-0.23700754404975882,-0.3514544301854982,-0.4334462292081175,-0.4414989951835533,0.16099431370587222,0.5638766356890401,0.19003307585971654,-0.4822508714834861,-1.0,-1.0,-1.0,-1.0,-1.0,-1.0,-1.0,-1.0,-1.0,-1.0,-1.0,-1.0,-1.0,-1.0,-1.0,-1.0,-1.0,-1.0,-1.0,-1.0,-1.0,-1.0,-1.0,-1.0,-1.0,-1.0,-1.0,-1.0,-1.0,-1.0,-1.0,-1.0,-1.0,-1.0,-1.0,-1.0,-1.0,-1.0,-1.0,-1.0,-1.0,-1.0,-1.0,-1.0,-1.0,-1.0,-1.0,-1.0,-1.0,-1.0,-1.0,-1.0,-1.0,-1.0,-1.0,-1.0,-1.0,-1.0,-1.0,-1.0,-1.0,-1.0,-1.0,-1.0,-1.0,-1.0,-1.0,-1.0,-1.0,-1.0,-1.0,-1.0
268,-0.19898596962003087,-0.9610598958243973,-1.384688960566574,-1.6173220538289594,-1.6581951917256348,-1.5321378505489727,-0.9725196541131848,0.007289679578143507,0.7304004276006326,1.4134020216123655,1.6681906475664068,1.4420514173343342,0.9611235611482202,0.44963634952533965,0.004997727920386014,-0.28990005204441144,-0.3999137316167711,-0.31090960890718844,-0.12487953268587193,0.004997727920386014,0.9611235611482202,1.3843706339474373,0.783879299614974,-0.36095055343489374,-1.0,-1.0,-1.0,-1.0,-1.0,-1.0,-1.0,-1.0,-1.0,-1.0,-1.0,-1.0,-1.0,-1.0,-1.0,-1.0,-1.0,-1.0,-1.0,-1.0,-1.0,-1.0,-1.0,-1.0,-1.0,-1.0,-1.0,-1.0,-1.0,-1.0,-1.0,-1.0,-1.0,-1.0,-1.0,-1.0,-1.0,-1.0,-1.0,-1.0,-1.0,-1.0,-1.0,-1.0,-1.0,-1.0,-1.0,-1.0,-1.0,-1.0,-1.0,-1.0,-1.0,-1.0,-1.0,-1.0,-1.0,-1.0,-1.0,-1.0,-1.0,-1.0,-1.0,-1.0,-1.0,-1.0,-1.0,-1.0,-1.0,-1.0,-1.0,-1.0
269,-0.25759136364063556,-0.8895766525727193,-1.4148753159969614,-1.635444439114347,-1.7286779124320504,-1.5788160543139969,-1.174282896596579,-0.6521128732165552,0.012410272175398246,0.6938280738061302,0.9794729098432552,0.8996925887156901,0.7091584100227996,0.4413468222377185,0.10188937744003981,-0.15903920224776114,-0.1931413787297399,-0.04327952061168636,0.20669881892135075,0.5639895119710734,1.435941492294696,1.9165006030866172,1.384318931565095,0.3815897973931502,-1.0,-1.0,-1.0,-1.0,-1.0,-1.0,-1.0,-1.0,-1.0,-1.0,-1.0,-1.0,-1.0,-1.0,-1.0,-1.0,-1.0,-1.0,-1.0,-1.0,-1.0,-1.0,-1.0,-1.0,-1.0,-1.0,-1.0,-1.0,-1.0,-1.0,-1.0,-1.0,-1.0,-1.0,-1.0,-1.0,-1.0,-1.0,-1.0,-1.0,-1.0,-1.0,-1.0,-1.0,-1.0,-1.0,-1.0,-1.0,-1.0,-1.0,-1.0,-1.0,-1.0,-1.0,-1.0,-1.0,-1.0,-1.0,-1.0,-1.0,-1.0,-1.0,-1.0,-1.0,-1.0,-1.0,-1.0,-1.0,-1.0,-1.0,-1.0,-1.0
270,-1.4354869437454025,-1.640610694991581,-1.7301779736316447,-1.7729059704910848,-1.7209275825589823,-1.4070016125057758,-0.7188018830205658,0.25983075982537507,0.7302792200922009,0.8625744955917047,0.9148465467324631,0.9174895156103666,0.8359979752083416,0.7658124683395704,0.7274894196099695,0.6551014386762787,0.5354336811489806,0.4590812468984346,0.3881615820080236,0.4032852372538048,0.7136872488031399,0.9006038811126498,0.48727291492940544,-0.13103497089568938,0.0,0.0,0.0,0.0,0.0,0.0,0.0,0.0,0.0,0.0,0.0,0.0,0.0,0.0,0.0,0.0,0.0,0.0,0.0,0.0,0.0,0.0,0.0,0.0,0.0,0.0,0.0,0.0,0.0,0.0,0.0,0.0,0.0,0.0,0.0,0.0,0.0,0.0,0.0,0.0,0.0,0.0,0.0,0.0,0.0,0.0,0.0,0.0,0.0,0.0,0.0,0.0,0.0,0.0,0.0,0.0,0.0,0.0,0.0,0.0,0.0,0.0,0.0,0.0,0.0,0.0,0.0,0.0,0.0,0.0,0.0,0.0
271,-1.0779035176353324,-1.540144800215605,-1.7858753503493672,-1.8230088686602495,-1.7193190989506273,-1.299081304295779,-0.4178197194642935,0.8597356427505424,1.2710451597787304,1.1401647263879158,1.0358662104764758,0.9400901413904843,0.8051513999875514,0.6773146976058254,0.595539791161642,0.4319899782732752,0.20939178380858728,0.10265828308987641,0.06795974958626508,0.13329850858136946,0.6984178992688406,0.9398872259898784,0.32302440814789923,-0.5683829467138819,0.0,0.0,0.0,0.0,0.0,0.0,0.0,0.0,0.0,0.0,0.0,0.0,0.0,0.0,0.0,0.0,0.0,0.0,0.0,0.0,0.0,0.0,0.0,0.0,0.0,0.0,0.0,0.0,0.0,0.0,0.0,0.0,0.0,0.0,0.0,0.0,0.0,0.0,0.0,0.0,0.0,0.0,0.0,0.0,0.0,0.0,0.0,0.0,0.0,0.0,0.0,0.0,0.0,0.0,0.0,0.0,0.0,0.0,0.0,0.0,0.0,0.0,0.0,0.0,0.0,0.0,0.0,0.0,0.0,0.0,0.0,0.0
272,-1.1303528424792344,-1.465617125315506,-1.713026008733839,-1.835047396814309,-1.8411063898776152,-1.5421960654211804,-0.7658034265036499,0.28846136651161386,0.6890281301412957,0.7783982778250609,0.8118910450361142,0.8383149870066436,0.8329292153948159,0.7770518349221041,0.7491131446857481,0.6462785679724138,0.5548887559342132,0.5463051824278629,0.5308210890438584,0.5813126979047426,0.9027759409857059,0.8849355725215268,0.3174098889251875,-0.436766442093554,0.0,0.0,0.0,0.0,0.0,0.0,0.0,0.0,0.0,0.0,0.0,0.0,0.0,0.0,0.0,0.0,0.0,0.0,0.0,0.0,0.0,0.0,0.0,0.0,0.0,0.0,0.0,0.0,0.0,0.0,0.0,0.0,0.0,0.0,0.0,0.0,0.0,0.0,0.0,0.0,0.0,0.0,0.0,0.0,0.0,0.0,0.0,0.0,0.0,0.0,0.0,0.0,0.0,0.0,0.0,0.0,0.0,0.0,0.0,0.0,0.0,0.0,0.0,0.0,0.0,0.0,0.0,0.0,0.0,0.0,0.0,0.0
273,-1.0908280680817637,-1.3942907517761747,-1.6459030894081768,-1.7925144127570565,-1.8058427148796818,-1.5916146392989463,-1.031825950148678,-0.027002002318550617,0.45980610569685404,0.6031666236499715,0.7205206984369906,0.8598177096454052,0.9046788241069249,0.8983397535851885,0.8985022938549766,0.8076422830434202,0.6909383693355536,0.6516036240468298,0.6013786806823023,0.5956897712397182,0.7517284302363086,0.867944723134811,0.37040895731339074,-0.30234521933961755,0.0,0.0,0.0,0.0,0.0,0.0,0.0,0.0,0.0,0.0,0.0,0.0,0.0,0.0,0.0,0.0,0.0,0.0,0.0,0.0,0.0,0.0,0.0,0.0,0.0,0.0,0.0,0.0,0.0,0.0,0.0,0.0,0.0,0.0,0.0,0.0,0.0,0.0,0.0,0.0,0.0,0.0,0.0,0.0,0.0,0.0,0.0,0.0,0.0,0.0,0.0,0.0,0.0,0.0,0.0,0.0,0.0,0.0,0.0,0.0,0.0,0.0,0.0,0.0,0.0,0.0,0.0,0.0,0.0,0.0,0.0,0.0
274,-0.8440665055168046,-1.3210141017623613,-1.5951343694818658,-1.785176642043135,-1.7656740143002454,-1.6285055325085882,-0.8156793473577097,0.4890464486416077,1.0401040303101452,1.1653542395922587,1.1993754902104106,1.2091268040818555,1.083659898935932,0.8931842346470431,0.7271952029686712,0.49749758733019317,0.2422298597621487,0.10202763587715312,0.011448764804621205,0.004514497162704885,0.4184035970395852,0.7367298209763061,0.32760803010324335,-0.3922556294731945,0.0,0.0,0.0,0.0,0.0,0.0,0.0,0.0,0.0,0.0,0.0,0.0,0.0,0.0,0.0,0.0,0.0,0.0,0.0,0.0,0.0,0.0,0.0,0.0,0.0,0.0,0.0,0.0,0.0,0.0,0.0,0.0,0.0,0.0,0.0,0.0,0.0,0.0,0.0,0.0,0.0,0.0,0.0,0.0,0.0,0.0,0.0,0.0,0.0,0.0,0.0,0.0,0.0,0.0,0.0,0.0,0.0,0.0,0.0,0.0,0.0,0.0,0.0,0.0,0.0,0.0,0.0,0.0,0.0,0.0,0.0,0.0
275,-0.4998762779394738,-1.1540271682932552,-1.564825967320293,-1.8175596229154742,-1.8300683752733908,-1.5699431841939864,-0.9268795970665401,-0.1547484287914987,0.4362901201200665,1.0642863464527494,1.3414689271111313,1.3397631881532335,1.0839023444685734,0.7401959444521796,0.43032003376742445,0.10395531315632446,-0.09931191265982231,-0.07685301638083547,0.015256887345642232,0.13238429578795338,0.7220013955679372,1.334361681453224,0.8911538422261293,0.05875323077203448,0.0,0.0,0.0,0.0,0.0,0.0,0.0,0.0,0.0,0.0,0.0,0.0,0.0,0.0,0.0,0.0,0.0,0.0,0.0,0.0,0.0,0.0,0.0,0.0,0.0,0.0,0.0,0.0,0.0,0.0,0.0,0.0,0.0,0.0,0.0,0.0,0.0,0.0,0.0,0.0,0.0,0.0,0.0,0.0,0.0,0.0,0.0,0.0,0.0,0.0,0.0,0.0,0.0,0.0,0.0,0.0,0.0,0.0,0.0,0.0,0.0,0.0,0.0,0.0,0.0,0.0,0.0,0.0,0.0,0.0,0.0,0.0
276,-0.39585491768109154,-1.127697805616196,-1.4640930340159712,-1.5504317609176084,-1.550839019063371,-1.4575769036837722,-1.0600929534196308,-0.17715729340666134,0.48911703306069026,1.121181675283997,1.2478389586161156,0.8853792088875442,0.47649203054205463,0.28304441130489566,-0.02280645616269663,-0.34576216575231145,-0.3856734640370305,-0.05538710782369182,0.2138105265252809,0.5229194591589728,1.3097421967720064,2.128331069754511,1.1431736151551686,-0.22765730348120386,0.0,0.0,0.0,0.0,0.0,0.0,0.0,0.0,0.0,0.0,0.0,0.0,0.0,0.0,0.0,0.0,0.0,0.0,0.0,0.0,0.0,0.0,0.0,0.0,0.0,0.0,0.0,0.0,0.0,0.0,0.0,0.0,0.0,0.0,0.0,0.0,0.0,0.0,0.0,0.0,0.0,0.0,0.0,0.0,0.0,0.0,0.0,0.0,0.0,0.0,0.0,0.0,0.0,0.0,0.0,0.0,0.0,0.0,0.0,0.0,0.0,0.0,0.0,0.0,0.0,0.0,0.0,0.0,0.0,0.0,0.0,0.0
277,-1.3495108162923928,-1.6052020046042539,-1.7565178659069471,-1.7880006411732994,-1.7419109926977836,-1.4962886198990353,-0.7951587058591899,0.18520357079078,0.5905088487693152,0.6914806325064451,0.7399811241329878,0.7392720526179798,0.7153054354107117,0.6903461180824324,0.6951678043844863,0.6229843241566786,0.5770364899841645,0.5940542063443549,0.6297914107007547,0.6256787959137088,0.8216661626619017,1.0315513311042503,0.62043166670265,-0.03787032783071611,0.0,0.0,0.0,0.0,0.0,0.0,0.0,0.0,0.0,0.0,0.0,0.0,0.0,0.0,0.0,0.0,0.0,0.0,0.0,0.0,0.0,0.0,0.0,0.0,0.0,0.0,0.0,0.0,0.0,0.0,0.0,0.0,0.0,0.0,0.0,0.0,0.0,0.0,0.0,0.0,0.0,0.0,0.0,0.0,0.0,0.0,0.0,0.0,0.0,0.0,0.0,0.0,0.0,0.0,0.0,0.0,0.0,0.0,0.0,0.0,0.0,0.0,0.0,0.0,0.0,0.0,0.0,0.0,0.0,0.0,0.0,0.0
278,-1.126232772626191,-1.5716910427121684,-1.814863052274133,-1.9044903274577645,-1.8430724337064313,-1.4226098180541358,-0.5781137789733047,0.557938715037547,0.8846676265635345,0.8612788356291605,0.8223570308681413,0.7784360952203856,0.6759539120422889,0.6495299344981107,0.5902545254125217,0.5277653893283164,0.41010727310119854,0.41778450982011517,0.4900933672889813,0.5154461025002874,0.8393183678052827,1.0485677034929644,0.4772384592945162,-0.28566462209922405,1.0,1.0,1.0,1.0,1.0,1.0,1.0,1.0,1.0,1.0,1.0,1.0,1.0,1.0,1.0,1.0,1.0,1.0,1.0,1.0,1.0,1.0,1.0,1.0,1.0,1.0,1.0,1.0,1.0,1.0,1.0,1.0,1.0,1.0,1.0,1.0,1.0,1.0,1.0,1.0,1.0,1.0,1.0,1.0,1.0,1.0,1.0,1.0,1.0,1.0,1.0,1.0,1.0,1.0,1.0,1.0,1.0,1.0,1.0,1.0,1.0,1.0,1.0,1.0,1.0,1.0,1.0,1.0,1.0,1.0,1.0,1.0
279,-0.8880581425218291,-1.4255648063567254,-1.7182501135830968,-1.864409380412306,-1.8620253522206125,-1.633342032602013,-0.8823731522185599,0.25920957803467426,0.6775148322848955,0.743167300948455,0.8068025149882738,0.8324766647449731,0.7959826947336649,0.7734261203045648,0.7494024516036534,0.6509237486083141,0.565465507275301,0.5603306773239611,0.594990779495505,0.62139847638811,0.7528868004992054,0.9313221413082652,0.4202231743659738,-0.4615004829926688,0.0,0.0,0.0,0.0,0.0,0.0,0.0,0.0,0.0,0.0,0.0,0.0,0.0,0.0,0.0,0.0,0.0,0.0,0.0,0.0,0.0,0.0,0.0,0.0,0.0,0.0,0.0,0.0,0.0,0.0,0.0,0.0,0.0,0.0,0.0,0.0,0.0,0.0,0.0,0.0,0.0,0.0,0.0,0.0,0.0,0.0,0.0,0.0,0.0,0.0,0.0,0.0,0.0,0.0,0.0,0.0,0.0,0.0,0.0,0.0,0.0,0.0,0.0,0.0,0.0,0.0,0.0,0.0,0.0,0.0,0.0,0.0
280,-1.1937621580722686,-1.563468209930675,-1.7478394295368653,-1.818664959019731,-1.7634178339809423,-1.5644318225767002,-0.8394739085502686,0.19881871754208413,0.5796063148297823,0.6187932291014813,0.6444895663288249,0.6716313225252065,0.6512348548510025,0.6738797520325991,0.6825522658468276,0.6875309311846254,0.670988914094523,0.7246300180566028,0.7296086833944005,0.7005397019059681,0.8709385381447905,1.0043988896193063,0.5269288235137278,-0.14551220130432027,0.0,0.0,0.0,0.0,0.0,0.0,0.0,0.0,0.0,0.0,0.0,0.0,0.0,0.0,0.0,0.0,0.0,0.0,0.0,0.0,0.0,0.0,0.0,0.0,0.0,0.0,0.0,0.0,0.0,0.0,0.0,0.0,0.0,0.0,0.0,0.0,0.0,0.0,0.0,0.0,0.0,0.0,0.0,0.0,0.0,0.0,0.0,0.0,0.0,0.0,0.0,0.0,0.0,0.0,0.0,0.0,0.0,0.0,0.0,0.0,0.0,0.0,0.0,0.0,0.0,0.0,0.0,0.0,0.0,0.0,0.0,0.0
281,-0.9662911570735042,-1.4774231734777772,-1.7289992440005049,-1.8535272989420553,-1.8119479483882155,-1.4463436589223817,-0.648566119760577,0.6147741475722521,1.04190747598897,1.1303160950958717,1.1345160294952494,1.0738269774242408,0.9474089520029705,0.8300207855403622,0.6977228519599629,0.5066258367882749,0.4089773620027421,0.34345838537244905,0.24265995978738292,0.08411243621087262,0.3346385231337558,0.6670633308445052,0.28066936610175164,-0.40559991475657375,-1.0,-1.0,-1.0,-1.0,-1.0,-1.0,-1.0,-1.0,-1.0,-1.0,-1.0,-1.0,-1.0,-1.0,-1.0,-1.0,-1.0,-1.0,-1.0,-1.0,-1.0,-1.0,-1.0,-1.0,-1.0,-1.0,-1.0,-1.0,-1.0,-1.0,-1.0,-1.0,-1.0,-1.0,-1.0,-1.0,-1.0,-1.0,-1.0,-1.0,-1.0,-1.0,-1.0,-1.0,-1.0,-1.0,-1.0,-1.0,-1.0,-1.0,-1.0,-1.0,-1.0,-1.0,-1.0,-1.0,-1.0,-1.0,-1.0,-1.0,-1.0,-1.0,-1.0,-1.0,-1.0,-1.0,-1.0,-1.0,-1.0,-1.0,-1.0,-1.0
282,-0.25500383703329366,-0.909688806912748,-1.484356724918047,-1.5971080252861751,-1.5866007356461345,-1.2224827369662652,-0.7209617199166337,-0.0214187058046982,0.756524854082925,1.5465922097090568,1.7413811945744253,1.5890254947938363,1.1582266195521704,0.7326813891305252,0.214187058046982,-0.18670645437302957,-0.44171029140632323,-0.47808167862184847,-0.4772734255726146,-0.4396896587832385,0.40574303071541495,1.308157560185058,0.7096461772273592,-0.3410827867767034,0.0,0.0,0.0,0.0,0.0,0.0,0.0,0.0,0.0,0.0,0.0,0.0,0.0,0.0,0.0,0.0,0.0,0.0,0.0,0.0,0.0,0.0,0.0,0.0,0.0,0.0,0.0,0.0,0.0,0.0,0.0,0.0,0.0,0.0,0.0,0.0,0.0,0.0,0.0,0.0,0.0,0.0,0.0,0.0,0.0,0.0,0.0,0.0,0.0,0.0,0.0,0.0,0.0,0.0,0.0,0.0,0.0,0.0,0.0,0.0,0.0,0.0,0.0,0.0,0.0,0.0,0.0,0.0,0.0,0.0,0.0,0.0
283,-0.3956816611823639,-1.0013175065708337,-1.3932744308992,-1.5779195057127577,-1.611282960610104,-1.576391408541887,-1.403461745371672,-1.0036096523271398,-0.6264243339838582,0.036260472450455584,0.4002022819795234,0.537221661634274,0.5660008250190078,0.646225926489726,0.6635443610929287,0.5856114053785166,0.6044579371525902,0.7506458998325657,0.9363097060933707,1.0514263596323061,1.3285213132835487,1.5704700320047624,0.9195006372137916,-0.007035614057551084,1.0,1.0,1.0,1.0,1.0,1.0,1.0,1.0,1.0,1.0,1.0,1.0,1.0,1.0,1.0,1.0,1.0,1.0,1.0,1.0,1.0,1.0,1.0,1.0,1.0,1.0,1.0,1.0,1.0,1.0,1.0,1.0,1.0,1.0,1.0,1.0,1.0,1.0,1.0,1.0,1.0,1.0,1.0,1.0,1.0,1.0,1.0,1.0,1.0,1.0,1.0,1.0,1.0,1.0,1.0,1.0,1.0,1.0,1.0,1.0,1.0,1.0,1.0,1.0,1.0,1.0,1.0,1.0,1.0,1.0,1.0,1.0
284,-1.2325426679428664,-1.5911790526505618,-1.7242387907932808,-1.818432282399467,-1.7634098706359829,-1.4997290607998957,-0.8441850358837046,0.12030754483465325,0.5307655915910594,0.6496505809969252,0.7814909859149688,0.9000711420146658,0.8919930594011902,0.8363609810253684,0.8192903158799107,0.6786097450829695,0.5501225065327837,0.48016326276702415,0.4728472634189709,0.49555734472855295,0.6810484115323205,1.0027999661935807,0.5998103354383122,-0.017172276247514696,0.0,0.0,0.0,0.0,0.0,0.0,0.0,0.0,0.0,0.0,0.0,0.0,0.0,0.0,0.0,0.0,0.0,0.0,0.0,0.0,0.0,0.0,0.0,0.0,0.0,0.0,0.0,0.0,0.0,0.0,0.0,0.0,0.0,0.0,0.0,0.0,0.0,0.0,0.0,0.0,0.0,0.0,0.0,0.0,0.0,0.0,0.0,0.0,0.0,0.0,0.0,0.0,0.0,0.0,0.0,0.0,0.0,0.0,0.0,0.0,0.0,0.0,0.0,0.0,0.0,0.0,0.0,0.0,0.0,0.0,0.0,0.0
285,-1.021367253666746,-1.504580952790617,-1.7472587546999017,-1.8033766577009895,-1.6958530420271494,-1.4231885743920927,-0.33381584666868486,0.924553161466396,1.2899621023818764,1.150524106757036,1.0717020139921491,0.9965211592082491,0.84487430682363,0.72642697720683,0.5852754578262312,0.3858641307498465,0.22350775489173733,0.14704175729101837,0.026666713448990225,0.056010807766352956,0.4381266053004779,0.9408316371461009,0.3438827987337655,-0.6223304090445068,-1.0,-1.0,-1.0,-1.0,-1.0,-1.0,-1.0,-1.0,-1.0,-1.0,-1.0,-1.0,-1.0,-1.0,-1.0,-1.0,-1.0,-1.0,-1.0,-1.0,-1.0,-1.0,-1.0,-1.0,-1.0,-1.0,-1.0,-1.0,-1.0,-1.0,-1.0,-1.0,-1.0,-1.0,-1.0,-1.0,-1.0,-1.0,-1.0,-1.0,-1.0,-1.0,-1.0,-1.0,-1.0,-1.0,-1.0,-1.0,-1.0,-1.0,-1.0,-1.0,-1.0,-1.0,-1.0,-1.0,-1.0,-1.0,-1.0,-1.0,-1.0,-1.0,-1.0,-1.0,-1.0,-1.0,-1.0,-1.0,-1.0,-1.0,-1.0,-1.0
286,-1.1350571864766654,-1.5420792071843439,-1.7250716177288454,-1.8278739902429761,-1.7131373300846389,-1.4248300654166999,-0.4192093012917102,0.8542001276918808,1.2474034995483727,1.153185439199373,1.0365644178340556,0.8920967252989229,0.7386259736637746,0.6418954317054683,0.5851552220286262,0.4589030211609667,0.342910120197976,0.2897292594676517,0.21351731731868312,0.19132372976980763,0.4649748517167911,0.9197340230012961,0.38059734433757586,-0.6235578055153184,-1.0,-1.0,-1.0,-1.0,-1.0,-1.0,-1.0,-1.0,-1.0,-1.0,-1.0,-1.0,-1.0,-1.0,-1.0,-1.0,-1.0,-1.0,-1.0,-1.0,-1.0,-1.0,-1.0,-1.0,-1.0,-1.0,-1.0,-1.0,-1.0,-1.0,-1.0,-1.0,-1.0,-1.0,-1.0,-1.0,-1.0,-1.0,-1.0,-1.0,-1.0,-1.0,-1.0,-1.0,-1.0,-1.0,-1.0,-1.0,-1.0,-1.0,-1.0,-1.0,-1.0,-1.0,-1.0,-1.0,-1.0,-1.0,-1.0,-1.0,-1.0,-1.0,-1.0,-1.0,-1.0,-1.0,-1.0,-1.0,-1.0,-1.0,-1.0,-1.0
287,-1.1640573938395344,-1.4768680678421244,-1.6731927586387292,-1.8179121021402265,-1.8661518833073922,-1.6023288940559548,-0.692878135927683,0.44094369739670847,0.8393893317658176,0.8326581995099341,0.8571520418855105,0.8706143063972777,0.7976937069585388,0.8003113695024935,0.8107820196783124,0.6899955908644013,0.5966946187620149,0.5351795489790787,0.41607590322913857,0.3289451356946454,0.5254568023872469,0.9197889670444273,0.39513460287750074,-0.3634266071813806,-1.0,-1.0,-1.0,-1.0,-1.0,-1.0,-1.0,-1.0,-1.0,-1.0,-1.0,-1.0,-1.0,-1.0,-1.0,-1.0,-1.0,-1.0,-1.0,-1.0,-1.0,-1.0,-1.0,-1.0,-1.0,-1.0,-1.0,-1.0,-1.0,-1.0,-1.0,-1.0,-1.0,-1.0,-1.0,-1.0,-1.0,-1.0,-1.0,-1.0,-1.0,-1.0,-1.0,-1.0,-1.0,-1.0,-1.0,-1.0,-1.0,-1.0,-1.0,-1.0,-1.0,-1.0,-1.0,-1.0,-1.0,-1.0,-1.0,-1.0,-1.0,-1.0,-1.0,-1.0,-1.0,-1.0,-1.0,-1.0,-1.0,-1.0,-1.0,-1.0
288,-0.9092123429891249,-1.411280968145694,-1.664770845858303,-1.8047380585148185,-1.8804827984274535,-1.6266151414634096,-0.8786122236229231,0.15215846391635324,0.5994490976149067,0.7397940895228566,0.8349944608843731,0.8871279975823464,0.9184836754514173,0.9043169535226202,0.9377504172745813,0.906772518656945,0.7924942950979817,0.6689604798788712,0.5526044704370177,0.3839260346714737,0.382226028040018,0.7067384050223301,0.24282548426065462,-0.43491049281299826,0.0,0.0,0.0,0.0,0.0,0.0,0.0,0.0,0.0,0.0,0.0,0.0,0.0,0.0,0.0,0.0,0.0,0.0,0.0,0.0,0.0,0.0,0.0,0.0,0.0,0.0,0.0,0.0,0.0,0.0,0.0,0.0,0.0,0.0,0.0,0.0,0.0,0.0,0.0,0.0,0.0,0.0,0.0,0.0,0.0,0.0,0.0,0.0,0.0,0.0,0.0,0.0,0.0,0.0,0.0,0.0,0.0,0.0,0.0,0.0,0.0,0.0,0.0,0.0,0.0,0.0,0.0,0.0,0.0,0.0,0.0,0.0
289,-0.20383804005874284,-0.9158064099269392,-1.358536993818689,-1.6220156827689014,-1.7263993163693951,-1.6733676312528225,-1.4612408907865315,-1.1413710434544433,-0.6218524992129046,0.07403839145705472,0.5762796446198909,0.7867266484535304,0.847677091981175,0.804723826660512,0.8148022464564217,0.7476127811503568,0.7514521791678461,0.807363412797536,0.8524763395030368,0.7723289058879449,0.8387984840657308,1.2731303847942226,0.7924857454797645,-0.015467574825667638,0.0,0.0,0.0,0.0,0.0,0.0,0.0,0.0,0.0,0.0,0.0,0.0,0.0,0.0,0.0,0.0,0.0,0.0,0.0,0.0,0.0,0.0,0.0,0.0,0.0,0.0,0.0,0.0,0.0,0.0,0.0,0.0,0.0,0.0,0.0,0.0,0.0,0.0,0.0,0.0,0.0,0.0,0.0,0.0,0.0,0.0,0.0,0.0,0.0,0.0,0.0,0.0,0.0,0.0,0.0,0.0,0.0,0.0,0.0,0.0,0.0,0.0,0.0,0.0,0.0,0.0,0.0,0.0,0.0,0.0,0.0,0.0
290,-0.44462730001156975,-0.8899930235844263,-1.205909886326418,-1.3564712399356502,-1.441999951556043,-1.4812969271654126,-1.3778919442874242,-1.231799658492591,-0.9206600751384051,-0.4030187376016489,-0.03177789743313283,0.19244602222032955,0.3594966950068266,0.5042020287213291,0.6071446942392075,0.6809613660701411,0.7828252910810954,0.9441740497595663,1.0800953536319744,1.1338782731914647,1.2813575110666287,1.617770443440174,1.164699430532147,0.4363954825718285,0.0,0.0,0.0,0.0,0.0,0.0,0.0,0.0,0.0,0.0,0.0,0.0,0.0,0.0,0.0,0.0,0.0,0.0,0.0,0.0,0.0,0.0,0.0,0.0,0.0,0.0,0.0,0.0,0.0,0.0,0.0,0.0,0.0,0.0,0.0,0.0,0.0,0.0,0.0,0.0,0.0,0.0,0.0,0.0,0.0,0.0,0.0,0.0,0.0,0.0,0.0,0.0,0.0,0.0,0.0,0.0,0.0,0.0,0.0,0.0,0.0,0.0,0.0,0.0,0.0,0.0,0.0,0.0,0.0,0.0,0.0,0.0
291,-1.102312975543033,-1.4219211037863524,-1.6146226450109697,-1.7198260353298036,-1.7203971720850633,-1.5016517948206043,-1.0198408280835347,-0.39627371869101147,0.008662240788104656,0.2283214368609792,0.42627743623398573,0.5991034183755662,0.7293225985747742,0.8591990967208264,0.9605187571038943,0.9902178683773979,0.9678293075712183,0.9424708356376883,0.8965514405148097,0.7962598262912092,0.8193337512037004,0.9147135893320677,0.4835053391110061,-0.1254406693468692,0.0,0.0,0.0,0.0,0.0,0.0,0.0,0.0,0.0,0.0,0.0,0.0,0.0,0.0,0.0,0.0,0.0,0.0,0.0,0.0,0.0,0.0,0.0,0.0,0.0,0.0,0.0,0.0,0.0,0.0,0.0,0.0,0.0,0.0,0.0,0.0,0.0,0.0,0.0,0.0,0.0,0.0,0.0,0.0,0.0,0.0,0.0,0.0,0.0,0.0,0.0,0.0,0.0,0.0,0.0,0.0,0.0,0.0,0.0,0.0,0.0,0.0,0.0,0.0,0.0,0.0,0.0,0.0,0.0,0.0,0.0,0.0
292,-0.8356891033942382,-1.2625176846108592,-1.5940549864296174,-1.8253088617017805,-1.8649523831770085,-1.6699649886618133,-1.0756058222480251,-0.2535166491376499,0.16464908849734722,0.36448180230395927,0.5333338382169672,0.6905864734020382,0.7914572113778959,0.8926216050683851,0.971468164446894,0.8936494000695947,0.8592916814577304,0.8177393978373989,0.7664964756342338,0.7083526441372329,0.7281744048748469,0.9626584930079545,0.49163472673932,-0.2549849277108065,0.0,0.0,0.0,0.0,0.0,0.0,0.0,0.0,0.0,0.0,0.0,0.0,0.0,0.0,0.0,0.0,0.0,0.0,0.0,0.0,0.0,0.0,0.0,0.0,0.0,0.0,0.0,0.0,0.0,0.0,0.0,0.0,0.0,0.0,0.0,0.0,0.0,0.0,0.0,0.0,0.0,0.0,0.0,0.0,0.0,0.0,0.0,0.0,0.0,0.0,0.0,0.0,0.0,0.0,0.0,0.0,0.0,0.0,0.0,0.0,0.0,0.0,0.0,0.0,0.0,0.0,0.0,0.0,0.0,0.0,0.0,0.0
293,-1.0044990719545912,-1.37534753704055,-1.5827964777828558,-1.7331002296836657,-1.7720899158203116,-1.630566284080044,-1.0501854599085998,-0.2836363252144691,0.14629193146022385,0.33930575939621443,0.5272598570701975,0.6665512548713441,0.7671505977277278,0.8460228635766677,0.9495985183518793,0.9484079935843481,0.9009358184790428,0.8652200754531078,0.8050985746927838,0.7431912867811631,0.825486311336755,0.9516819366950588,0.45225679671573393,-0.3022382747071436,1.0,1.0,1.0,1.0,1.0,1.0,1.0,1.0,1.0,1.0,1.0,1.0,1.0,1.0,1.0,1.0,1.0,1.0,1.0,1.0,1.0,1.0,1.0,1.0,1.0,1.0,1.0,1.0,1.0,1.0,1.0,1.0,1.0,1.0,1.0,1.0,1.0,1.0,1.0,1.0,1.0,1.0,1.0,1.0,1.0,1.0,1.0,1.0,1.0,1.0,1.0,1.0,1.0,1.0,1.0,1.0,1.0,1.0,1.0,1.0,1.0,1.0,1.0,1.0,1.0,1.0,1.0,1.0,1.0,1.0,1.0,1.0
294,-0.930878917805614,-1.3711799225493537,-1.6480856426290327,-1.820143565785338,-1.8322413885072657,-1.595064320823053,-0.9995826023992777,-0.1661770371109238,0.28741663704332904,0.48232600311883117,0.6373573609627937,0.7787973377240968,0.856163660810005,0.9067952892388135,0.9789341580621603,0.9383093706502549,0.876774766188104,0.8203182601524414,0.6775340808664796,0.6052458562070597,0.640045766012111,0.7985123080857568,0.39764124406533713,-0.31881870157771547,-1.0,-1.0,-1.0,-1.0,-1.0,-1.0,-1.0,-1.0,-1.0,-1.0,-1.0,-1.0,-1.0,-1.0,-1.0,-1.0,-1.0,-1.0,-1.0,-1.0,-1.0,-1.0,-1.0,-1.0,-1.0,-1.0,-1.0,-1.0,-1.0,-1.0,-1.0,-1.0,-1.0,-1.0,-1.0,-1.0,-1.0,-1.0,-1.0,-1.0,-1.0,-1.0,-1.0,-1.0,-1.0,-1.0,-1.0,-1.0,-1.0,-1.0,-1.0,-1.0,-1.0,-1.0,-1.0,-1.0,-1.0,-1.0,-1.0,-1.0,-1.0,-1.0,-1.0,-1.0,-1.0,-1.0,-1.0,-1.0,-1.0,-1.0,-1.0,-1.0
295,-0.9122240837413003,-1.3591007038470309,-1.6525337893813956,-1.7557377649088624,-1.7429649956604136,-1.6150669995859457,-1.0205371669681464,-0.16884891348157718,0.34955521441546683,0.6140366896533477,0.7805936006531208,0.8952079167092017,0.9529408337121905,0.9897264091477233,0.9985821958266478,0.9851282122182816,0.9193910264862649,0.8306628561070403,0.6830096435949715,0.4798374607496451,0.36386071597372954,0.6073948496441544,0.25418520402704875,-0.47709841134414277,0.0,0.0,0.0,0.0,0.0,0.0,0.0,0.0,0.0,0.0,0.0,0.0,0.0,0.0,0.0,0.0,0.0,0.0,0.0,0.0,0.0,0.0,0.0,0.0,0.0,0.0,0.0,0.0,0.0,0.0,0.0,0.0,0.0,0.0,0.0,0.0,0.0,0.0,0.0,0.0,0.0,0.0,0.0,0.0,0.0,0.0,0.0,0.0,0.0,0.0,0.0,0.0,0.0,0.0,0.0,0.0,0.0,0.0,0.0,0.0,0.0,0.0,0.0,0.0,0.0,0.0,0.0,0.0,0.0,0.0,0.0,0.0
296,-0.34206946131828947,-0.844255930728068,-1.2465574653423177,-1.5379268834325008,-1.6532318427241137,-1.633208825841139,-1.509618480253123,-1.273715120424973,-0.6960395758701865,0.0061469127499942195,0.4383678978790337,0.6093690650520243,0.6880802348678557,0.6731205096104609,0.6781838012360407,0.7345704579754522,0.8853184586461235,1.0257097264462907,1.1295072047706767,1.024558978349568,0.8770330723497202,1.2224876509858695,0.7417050961751328,0.0024645188404816363,0.0,0.0,0.0,0.0,0.0,0.0,0.0,0.0,0.0,0.0,0.0,0.0,0.0,0.0,0.0,0.0,0.0,0.0,0.0,0.0,0.0,0.0,0.0,0.0,0.0,0.0,0.0,0.0,0.0,0.0,0.0,0.0,0.0,0.0,0.0,0.0,0.0,0.0,0.0,0.0,0.0,0.0,0.0,0.0,0.0,0.0,0.0,0.0,0.0,0.0,0.0,0.0,0.0,0.0,0.0,0.0,0.0,0.0,0.0,0.0,0.0,0.0,0.0,0.0,0.0,0.0,0.0,0.0,0.0,0.0,0.0,0.0
297,-0.5437258351566957,-0.9261110053514705,-1.157911554915119,-1.3016372487266081,-1.3998446100077773,-1.3909591820823382,-1.303196095731071,-1.2893223573913504,-0.9993768145612316,-0.4999222343312853,-0.10537805750169905,0.1265783767623959,0.31473121020108047,0.49010149820316834,0.6240064558865404,0.7445053293315306,0.9060018789938977,1.0963370982388305,1.2023386945423147,1.181606029382957,1.232580326428897,1.5002343570951948,1.0961812135383842,0.40218252715145497,0.0,0.0,0.0,0.0,0.0,0.0,0.0,0.0,0.0,0.0,0.0,0.0,0.0,0.0,0.0,0.0,0.0,0.0,0.0,0.0,0.0,0.0,0.0,0.0,0.0,0.0,0.0,0.0,0.0,0.0,0.0,0.0,0.0,0.0,0.0,0.0,0.0,0.0,0.0,0.0,0.0,0.0,0.0,0.0,0.0,0.0,0.0,0.0,0.0,0.0,0.0,0.0,0.0,0.0,0.0,0.0,0.0,0.0,0.0,0.0,0.0,0.0,0.0,0.0,0.0,0.0,0.0,0.0,0.0,0.0,0.0,0.0
298,-1.1081117621957137,-1.3891699005699198,-1.5639692557743983,-1.6418087773687418,-1.6617649500191036,-1.5306393129709144,-1.0667366607844924,-0.5037845234015099,-0.1452003111709242,0.08560170654975292,0.27983482150798683,0.4615300269476688,0.6365383473107897,0.7893963608578023,0.9280447436171225,0.9903163608925972,0.9975256588657646,1.0226014779028685,1.0133025283432757,0.9387019667078917,0.874027250108028,0.9682705366558101,0.6033128870866271,0.02218078090174432,0.0,0.0,0.0,0.0,0.0,0.0,0.0,0.0,0.0,0.0,0.0,0.0,0.0,0.0,0.0,0.0,0.0,0.0,0.0,0.0,0.0,0.0,0.0,0.0,0.0,0.0,0.0,0.0,0.0,0.0,0.0,0.0,0.0,0.0,0.0,0.0,0.0,0.0,0.0,0.0,0.0,0.0,0.0,0.0,0.0,0.0,0.0,0.0,0.0,0.0,0.0,0.0,0.0,0.0,0.0,0.0,0.0,0.0,0.0,0.0,0.0,0.0,0.0,0.0,0.0,0.0,0.0,0.0,0.0,0.0,0.0,0.0
299,-0.8897584979217792,-1.2626944215697826,-1.5235015533334195,-1.696981372209232,-1.740057625203226,-1.616572366620443,-1.1201511843896568,-0.44646469438358555,-0.059039485637602376,0.20294245302587074,0.45696181159045407,0.6917926574577127,0.8755846702320875,0.9965897809152163,1.0839170938030407,1.0763461160040964,0.9950233717154348,0.9758348590181101,0.8467366341361097,0.7225987050534176,0.6910094528578219,0.7775535611457555,0.319117802009673,-0.3567877676960888,0.0,0.0,0.0,0.0,0.0,0.0,0.0,0.0,0.0,0.0,0.0,0.0,0.0,0.0,0.0,0.0,0.0,0.0,0.0,0.0,0.0,0.0,0.0,0.0,0.0,0.0,0.0,0.0,0.0,0.0,0.0,0.0,0.0,0.0,0.0,0.0,0.0,0.0,0.0,0.0,0.0,0.0,0.0,0.0,0.0,0.0,0.0,0.0,0.0,0.0,0.0,0.0,0.0,0.0,0.0,0.0,0.0,0.0,0.0,0.0,0.0,0.0,0.0,0.0,0.0,0.0,0.0,0.0,0.0,0.0,0.0,0.0
300,-0.7956874746179821,-1.2819302305640956,-1.6264092534385957,-1.8188518089609307,-1.8768927576460477,-1.6067198460675383,-1.1283528530698477,-0.24797952522656763,0.22747685972496656,0.41512547258304416,0.5211058479107358,0.6454059327054112,0.7378605412303765,0.7090968852448317,0.7486469122249558,0.7515575202711121,0.7630287402177282,0.837506063751728,0.9224273338042885,0.9159212687599392,0.9030803509092495,1.0520349979772492,0.5185376643405979,-0.2859886420646089,-1.0,-1.0,-1.0,-1.0,-1.0,-1.0,-1.0,-1.0,-1.0,-1.0,-1.0,-1.0,-1.0,-1.0,-1.0,-1.0,-1.0,-1.0,-1.0,-1.0,-1.0,-1.0,-1.0,-1.0,-1.0,-1.0,-1.0,-1.0,-1.0,-1.0,-1.0,-1.0,-1.0,-1.0,-1.0,-1.0,-1.0,-1.0,-1.0,-1.0,-1.0,-1.0,-1.0,-1.0,-1.0,-1.0,-1.0,-1.0,-1.0,-1.0,-1.0,-1.0,-1.0,-1.0,-1.0,-1.0,-1.0,-1.0,-1.0,-1.0,-1.0,-1.0,-1.0,-1.0,-1.0,-1.0,-1.0,-1.0,-1.0,-1.0,-1.0,-1.0
301,-0.9495776371530739,-1.3534177947432007,-1.632906773546046,-1.761541308330306,-1.765021535077851,-1.5821757759568325,-1.0834325120586512,-0.3341129223372292,0.10760816485117604,0.30598108946124164,0.4668746490977456,0.6331224037304727,0.7509146936473807,0.8116848068545128,0.914886915406713,0.9435318586365066,0.9326896137691548,0.9614684118738539,0.9280046931474596,0.8209207932229977,0.7506469838975696,0.8696439676886278,0.47490594159208027,-0.21069872767428688,-1.0,-1.0,-1.0,-1.0,-1.0,-1.0,-1.0,-1.0,-1.0,-1.0,-1.0,-1.0,-1.0,-1.0,-1.0,-1.0,-1.0,-1.0,-1.0,-1.0,-1.0,-1.0,-1.0,-1.0,-1.0,-1.0,-1.0,-1.0,-1.0,-1.0,-1.0,-1.0,-1.0,-1.0,-1.0,-1.0,-1.0,-1.0,-1.0,-1.0,-1.0,-1.0,-1.0,-1.0,-1.0,-1.0,-1.0,-1.0,-1.0,-1.0,-1.0,-1.0,-1.0,-1.0,-1.0,-1.0,-1.0,-1.0,-1.0,-1.0,-1.0,-1.0,-1.0,-1.0,-1.0,-1.0,-1.0,-1.0,-1.0,-1.0,-1.0,-1.0
302,-0.7084650832786402,-1.2724227056710409,-1.5923430751646452,-1.7936292764607324,-1.826226953307798,-1.7058114912935014,-1.0246447357570077,-0.13096962787871524,0.3825773794988245,0.621627009710638,0.8343134914341144,1.0103053205319323,1.0669504639055216,1.050384431409472,1.0564408303865223,0.9673761395475455,0.8111566718159804,0.701785231465717,0.556431656016507,0.3590643011173346,0.32272590725503214,0.5664069013904725,0.20907936174449784,-0.46211214841803067,0.0,0.0,0.0,0.0,0.0,0.0,0.0,0.0,0.0,0.0,0.0,0.0,0.0,0.0,0.0,0.0,0.0,0.0,0.0,0.0,0.0,0.0,0.0,0.0,0.0,0.0,0.0,0.0,0.0,0.0,0.0,0.0,0.0,0.0,0.0,0.0,0.0,0.0,0.0,0.0,0.0,0.0,0.0,0.0,0.0,0.0,0.0,0.0,0.0,0.0,0.0,0.0,0.0,0.0,0.0,0.0,0.0,0.0,0.0,0.0,0.0,0.0,0.0,0.0,0.0,0.0,0.0,0.0,0.0,0.0,0.0,0.0
303,-0.28284963336161517,-0.986511394448746,-1.3823064017738023,-1.5098377293276173,-1.6668356297912788,-1.7644289192686897,-1.471177585669899,-1.1331370612481415,-0.5756295017938485,0.12143174696147682,0.5643732709422872,0.8319297529636921,0.8984063414483054,0.8451307776273033,0.7628601060630122,0.6711601311675705,0.732214870236772,0.8232076473823776,0.9406024738552055,0.9189150761935585,0.9054783189466686,1.0928857226532913,0.7371652544856262,-0.07304763424350912,0.0,0.0,0.0,0.0,0.0,0.0,0.0,0.0,0.0,0.0,0.0,0.0,0.0,0.0,0.0,0.0,0.0,0.0,0.0,0.0,0.0,0.0,0.0,0.0,0.0,0.0,0.0,0.0,0.0,0.0,0.0,0.0,0.0,0.0,0.0,0.0,0.0,0.0,0.0,0.0,0.0,0.0,0.0,0.0,0.0,0.0,0.0,0.0,0.0,0.0,0.0,0.0,0.0,0.0,0.0,0.0,0.0,0.0,0.0,0.0,0.0,0.0,0.0,0.0,0.0,0.0,0.0,0.0,0.0,0.0,0.0,0.0
304,-0.4778009682413676,-0.9930410997047762,-1.2206662285123322,-1.372416314384036,-1.4051210742701792,-1.4581962274568343,-1.362885212931503,-1.3649409406957747,-0.9431429803356322,-0.33595575250660986,0.07874060284968455,0.3244935128512741,0.49231565215273976,0.552492410343243,0.6728459267242496,0.7395636368919816,0.8038518506110285,0.9548543991139063,1.0957651931376313,1.1454764281645688,1.2086433358303768,1.4601896604403688,1.075955452863739,0.32897873706423086,1.0,1.0,1.0,1.0,1.0,1.0,1.0,1.0,1.0,1.0,1.0,1.0,1.0,1.0,1.0,1.0,1.0,1.0,1.0,1.0,1.0,1.0,1.0,1.0,1.0,1.0,1.0,1.0,1.0,1.0,1.0,1.0,1.0,1.0,1.0,1.0,1.0,1.0,1.0,1.0,1.0,1.0,1.0,1.0,1.0,1.0,1.0,1.0,1.0,1.0,1.0,1.0,1.0,1.0,1.0,1.0,1.0,1.0,1.0,1.0,1.0,1.0,1.0,1.0,1.0,1.0,1.0,1.0,1.0,1.0,1.0,1.0
305,-1.0821599029922249,-1.4794329493479286,-1.6750757042789401,-1.7671340778692783,-1.7858451294120299,-1.6220860063098672,-0.9465422014103607,-0.13448256445493795,0.3825412117743764,0.5958471993617456,0.7844545989126824,0.8691782402982621,0.9110909957540257,0.8860930308929096,0.8786086102758088,0.7958309182506754,0.6636560501526776,0.5958471993617456,0.5965956414234556,0.5856683873224886,0.6775770725004848,0.901211560539453,0.5383668490224124,-0.1698090297676531,0.0,0.0,0.0,0.0,0.0,0.0,0.0,0.0,0.0,0.0,0.0,0.0,0.0,0.0,0.0,0.0,0.0,0.0,0.0,0.0,0.0,0.0,0.0,0.0,0.0,0.0,0.0,0.0,0.0,0.0,0.0,0.0,0.0,0.0,0.0,0.0,0.0,0.0,0.0,0.0,0.0,0.0,0.0,0.0,0.0,0.0,0.0,0.0,0.0,0.0,0.0,0.0,0.0,0.0,0.0,0.0,0.0,0.0,0.0,0.0,0.0,0.0,0.0,0.0,0.0,0.0,0.0,0.0,0.0,0.0,0.0,0.0
306,-1.0534759181748032,-1.4176347350159506,-1.661676527670902,-1.8055054139803097,-1.8205633118249769,-1.6023103327200876,-0.9986097846488318,-0.10396295753291397,0.4315443520234122,0.5528729312086044,0.6934133110921651,0.8076456395689509,0.862857931666064,0.8510885402472437,0.9310511701809937,0.8424345759686993,0.7501833167594162,0.7340869432013236,0.6529127582685773,0.5732962869059691,0.5639500054851412,0.9000699780638048,0.5217186598058446,-0.2053874188774541,-1.0,-1.0,-1.0,-1.0,-1.0,-1.0,-1.0,-1.0,-1.0,-1.0,-1.0,-1.0,-1.0,-1.0,-1.0,-1.0,-1.0,-1.0,-1.0,-1.0,-1.0,-1.0,-1.0,-1.0,-1.0,-1.0,-1.0,-1.0,-1.0,-1.0,-1.0,-1.0,-1.0,-1.0,-1.0,-1.0,-1.0,-1.0,-1.0,-1.0,-1.0,-1.0,-1.0,-1.0,-1.0,-1.0,-1.0,-1.0,-1.0,-1.0,-1.0,-1.0,-1.0,-1.0,-1.0,-1.0,-1.0,-1.0,-1.0,-1.0,-1.0,-1.0,-1.0,-1.0,-1.0,-1.0,-1.0,-1.0,-1.0,-1.0,-1.0,-1.0
307,-0.8059462117902997,-1.3459419589905792,-1.635577510916021,-1.8387426274172936,-1.896281833045339,-1.6864900102779152,-1.027051923304811,-0.21455308428182235,0.28972309987408074,0.4542593676531542,0.5648122234104099,0.6735871823645518,0.7282171023147747,0.7691087287863911,0.812748013953729,0.8371536882510179,0.7933527761015788,0.8143642837747415,0.8114549980969189,0.7611890066634299,0.7390461101155585,0.9688796786635374,0.5948748420812426,-0.16218594208101703,0.0,0.0,0.0,0.0,0.0,0.0,0.0,0.0,0.0,0.0,0.0,0.0,0.0,0.0,0.0,0.0,0.0,0.0,0.0,0.0,0.0,0.0,0.0,0.0,0.0,0.0,0.0,0.0,0.0,0.0,0.0,0.0,0.0,0.0,0.0,0.0,0.0,0.0,0.0,0.0,0.0,0.0,0.0,0.0,0.0,0.0,0.0,0.0,0.0,0.0,0.0,0.0,0.0,0.0,0.0,0.0,0.0,0.0,0.0,0.0,0.0,0.0,0.0,0.0,0.0,0.0,0.0,0.0,0.0,0.0,0.0,0.0
308,-0.9286547931628802,-1.398979242139254,-1.705180893320246,-1.856592219521672,-1.8483860796319027,-1.6091207851988314,-0.9367000283489283,-0.11399427822364623,0.37016797527273043,0.5133731615843872,0.6171566954844081,0.7413751267569912,0.7830494450207206,0.8239192397658451,0.8746042214379484,0.8866720742170205,0.83309080787794,0.8353434737300335,0.7658326417225776,0.6240755977444095,0.5650235714788162,0.8525602770281765,0.5384742953648574,-0.227110284939483,0.0,0.0,0.0,0.0,0.0,0.0,0.0,0.0,0.0,0.0,0.0,0.0,0.0,0.0,0.0,0.0,0.0,0.0,0.0,0.0,0.0,0.0,0.0,0.0,0.0,0.0,0.0,0.0,0.0,0.0,0.0,0.0,0.0,0.0,0.0,0.0,0.0,0.0,0.0,0.0,0.0,0.0,0.0,0.0,0.0,0.0,0.0,0.0,0.0,0.0,0.0,0.0,0.0,0.0,0.0,0.0,0.0,0.0,0.0,0.0,0.0,0.0,0.0,0.0,0.0,0.0,0.0,0.0,0.0,0.0,0.0,0.0
309,-0.8992454287665663,-1.3000125085228478,-1.5886200418389143,-1.7262494716020784,-1.7725862472859977,-1.622528741925491,-1.0942588125223986,-0.42283586420176766,0.09837614572629062,0.31195492636210376,0.4658482575242593,0.612376803147249,0.7013679617455044,0.8282570792640515,0.9569873931673899,1.0131438829035304,1.0608615558760432,1.1045899700148412,0.9956525172480113,0.800945999556311,0.572023915713902,0.7058175196754172,0.41859088364794433,-0.22045769490676947,0.0,0.0,0.0,0.0,0.0,0.0,0.0,0.0,0.0,0.0,0.0,0.0,0.0,0.0,0.0,0.0,0.0,0.0,0.0,0.0,0.0,0.0,0.0,0.0,0.0,0.0,0.0,0.0,0.0,0.0,0.0,0.0,0.0,0.0,0.0,0.0,0.0,0.0,0.0,0.0,0.0,0.0,0.0,0.0,0.0,0.0,0.0,0.0,0.0,0.0,0.0,0.0,0.0,0.0,0.0,0.0,0.0,0.0,0.0,0.0,0.0,0.0,0.0,0.0,0.0,0.0,0.0,0.0,0.0,0.0,0.0,0.0
310,-0.09636104756783047,-0.7536983444187283,-1.1795149082627492,-1.4270151114693166,-1.5706487583778967,-1.5563035521759019,-1.4971068784815946,-1.4288309603556448,-0.9009636890999654,-0.2812144641960664,0.14460209964795445,0.42878245035835644,0.5807690021440475,0.7213157059458692,0.8714864088452318,1.0038617926585756,1.1683777017599328,1.2568095425241284,1.156574683998798,0.9717212673705621,0.7863230960764277,0.9065322923513709,0.6593952589220692,0.035106411802349094,-1.0,-1.0,-1.0,-1.0,-1.0,-1.0,-1.0,-1.0,-1.0,-1.0,-1.0,-1.0,-1.0,-1.0,-1.0,-1.0,-1.0,-1.0,-1.0,-1.0,-1.0,-1.0,-1.0,-1.0,-1.0,-1.0,-1.0,-1.0,-1.0,-1.0,-1.0,-1.0,-1.0,-1.0,-1.0,-1.0,-1.0,-1.0,-1.0,-1.0,-1.0,-1.0,-1.0,-1.0,-1.0,-1.0,-1.0,-1.0,-1.0,-1.0,-1.0,-1.0,-1.0,-1.0,-1.0,-1.0,-1.0,-1.0,-1.0,-1.0,-1.0,-1.0,-1.0,-1.0,-1.0,-1.0,-1.0,-1.0,-1.0,-1.0,-1.0,-1.0
311,-0.2584898599818862,-0.8013075616926774,-1.17017006090906,-1.389198676195542,-1.513678765429901,-1.5011779361008495,-1.465788264338323,-1.432863544837863,-1.0115327760432076,-0.32803672737590583,0.09470258556850203,0.31496367698601735,0.46955139742133184,0.6102297443778424,0.6734381630979767,0.7399918741737727,0.8238002510840343,0.9090171721440482,0.9234547496790093,0.9599008295538499,1.035786145621755,1.4291220994400835,1.2872112763525396,0.6010742074044525,-1.0,-1.0,-1.0,-1.0,-1.0,-1.0,-1.0,-1.0,-1.0,-1.0,-1.0,-1.0,-1.0,-1.0,-1.0,-1.0,-1.0,-1.0,-1.0,-1.0,-1.0,-1.0,-1.0,-1.0,-1.0,-1.0,-1.0,-1.0,-1.0,-1.0,-1.0,-1.0,-1.0,-1.0,-1.0,-1.0,-1.0,-1.0,-1.0,-1.0,-1.0,-1.0,-1.0,-1.0,-1.0,-1.0,-1.0,-1.0,-1.0,-1.0,-1.0,-1.0,-1.0,-1.0,-1.0,-1.0,-1.0,-1.0,-1.0,-1.0,-1.0,-1.0,-1.0,-1.0,-1.0,-1.0,-1.0,-1.0,-1.0,-1.0,-1.0,-1.0
312,-1.1309920712541244,-1.4828044340132998,-1.6916968779369042,-1.7720970393526008,-1.7193190192821741,-1.512276272323655,-0.9877022130255363,-0.3137959520795519,0.143449137689471,0.39130853101086693,0.6069831971397831,0.7597681664558077,0.8470738632078219,0.9036745903394241,0.9188421054531215,0.8528695803650883,0.782457782560851,0.7487932977963031,0.7732092977354257,0.7519994392024505,0.7434908331630593,0.8866573782606417,0.5479162073880673,-0.04780952850032256,0.0,0.0,0.0,0.0,0.0,0.0,0.0,0.0,0.0,0.0,0.0,0.0,0.0,0.0,0.0,0.0,0.0,0.0,0.0,0.0,0.0,0.0,0.0,0.0,0.0,0.0,0.0,0.0,0.0,0.0,0.0,0.0,0.0,0.0,0.0,0.0,0.0,0.0,0.0,0.0,0.0,0.0,0.0,0.0,0.0,0.0,0.0,0.0,0.0,0.0,0.0,0.0,0.0,0.0,0.0,0.0,0.0,0.0,0.0,0.0,0.0,0.0,0.0,0.0,0.0,0.0,0.0,0.0,0.0,0.0,0.0,0.0
313,-0.9795544455461862,-1.367458065862627,-1.5641044828307022,-1.679673174897811,-1.7097330108655253,-1.5553619807365064,-1.1114105387750843,-0.5062617294330111,-0.06722045988065786,0.1608031563843941,0.3509825170088177,0.5364912258294928,0.682119753864316,0.7913411498904334,0.9303828612789445,0.9690654390381944,0.9883468477664893,1.0484665197019178,1.0243946988672143,0.9235565240273121,0.8231973903980508,0.8842751447547612,0.5314612931177638,-0.10410663310000451,0.0,0.0,0.0,0.0,0.0,0.0,0.0,0.0,0.0,0.0,0.0,0.0,0.0,0.0,0.0,0.0,0.0,0.0,0.0,0.0,0.0,0.0,0.0,0.0,0.0,0.0,0.0,0.0,0.0,0.0,0.0,0.0,0.0,0.0,0.0,0.0,0.0,0.0,0.0,0.0,0.0,0.0,0.0,0.0,0.0,0.0,0.0,0.0,0.0,0.0,0.0,0.0,0.0,0.0,0.0,0.0,0.0,0.0,0.0,0.0,0.0,0.0,0.0,0.0,0.0,0.0,0.0,0.0,0.0,0.0,0.0,0.0
314,-0.8837587408010318,-1.2320395869277319,-1.5039142716565153,-1.6450078580416252,-1.6901249932229103,-1.544343912273511,-1.1687584103098254,-0.635204341529588,-0.2077048372663976,0.02198239638378145,0.2417087040848456,0.48229436259699743,0.7028409818468122,0.9189344812605521,1.0442077734911854,1.0642468127535225,1.078543671174605,1.0923717801392587,1.0466687081374373,0.9251454115582355,0.8017471171533179,0.7940127511222405,0.46518500743734126,-0.16903300711101032,0.0,0.0,0.0,0.0,0.0,0.0,0.0,0.0,0.0,0.0,0.0,0.0,0.0,0.0,0.0,0.0,0.0,0.0,0.0,0.0,0.0,0.0,0.0,0.0,0.0,0.0,0.0,0.0,0.0,0.0,0.0,0.0,0.0,0.0,0.0,0.0,0.0,0.0,0.0,0.0,0.0,0.0,0.0,0.0,0.0,0.0,0.0,0.0,0.0,0.0,0.0,0.0,0.0,0.0,0.0,0.0,0.0,0.0,0.0,0.0,0.0,0.0,0.0,0.0,0.0,0.0,0.0,0.0,0.0,0.0,0.0,0.0
315,-0.7987826691147774,-1.166301100839676,-1.4577591962597696,-1.7057542423628316,-1.742953499278291,-1.5788165718575013,-1.2101476476506814,-0.6076730846178301,-0.10299038254829974,0.1465386535306575,0.38098345484664503,0.6330691408854277,0.7954164133343394,0.9546957058314607,1.0758809139271837,1.110267855886835,1.1238181006739096,1.0684666290436902,0.9820518604015922,0.7938824233584442,0.6312794859135499,0.6695014028129394,0.35222114279860944,-0.34689478871564117,1.0,1.0,1.0,1.0,1.0,1.0,1.0,1.0,1.0,1.0,1.0,1.0,1.0,1.0,1.0,1.0,1.0,1.0,1.0,1.0,1.0,1.0,1.0,1.0,1.0,1.0,1.0,1.0,1.0,1.0,1.0,1.0,1.0,1.0,1.0,1.0,1.0,1.0,1.0,1.0,1.0,1.0,1.0,1.0,1.0,1.0,1.0,1.0,1.0,1.0,1.0,1.0,1.0,1.0,1.0,1.0,1.0,1.0,1.0,1.0,1.0,1.0,1.0,1.0,1.0,1.0,1.0,1.0,1.0,1.0,1.0,1.0
316,-0.7551128981471955,-1.1514952185816916,-1.4737184834425565,-1.6652599037838065,-1.7217826927297906,-1.6578873660951998,-1.2090299244653275,-0.579183910558289,-0.03303788335131378,0.27660869957016343,0.5212034793568766,0.7267671772627312,0.8480526502184359,0.9336319112312811,1.0388712727470772,1.0713971743144595,1.118957270384098,1.1143313643834036,1.0125614323681282,0.7830008470836718,0.543031973297653,0.5238055514822672,0.19608902324557764,-0.46180154579067023,-1.0,-1.0,-1.0,-1.0,-1.0,-1.0,-1.0,-1.0,-1.0,-1.0,-1.0,-1.0,-1.0,-1.0,-1.0,-1.0,-1.0,-1.0,-1.0,-1.0,-1.0,-1.0,-1.0,-1.0,-1.0,-1.0,-1.0,-1.0,-1.0,-1.0,-1.0,-1.0,-1.0,-1.0,-1.0,-1.0,-1.0,-1.0,-1.0,-1.0,-1.0,-1.0,-1.0,-1.0,-1.0,-1.0,-1.0,-1.0,-1.0,-1.0,-1.0,-1.0,-1.0,-1.0,-1.0,-1.0,-1.0,-1.0,-1.0,-1.0,-1.0,-1.0,-1.0,-1.0,-1.0,-1.0,-1.0,-1.0,-1.0,-1.0,-1.0,-1.0
317,-0.14460644183815202,-0.877599537973627,-1.2561666514542629,-1.5902969931493613,-1.7233936701800816,-1.6475520644884192,-1.4708731689757295,-1.2527484382399907,-0.7620212036660514,-0.040350938802852766,0.4988721957485721,0.7522472502564921,0.8735938193631518,0.9173896761710133,0.9037168233139248,0.9017940783808968,0.8988031418184087,0.9588355113940625,0.9270034008361535,0.8043750017741417,0.6764056445648297,0.9225169959924214,0.7144332665736068,0.01562230258085299,1.0,1.0,1.0,1.0,1.0,1.0,1.0,1.0,1.0,1.0,1.0,1.0,1.0,1.0,1.0,1.0,1.0,1.0,1.0,1.0,1.0,1.0,1.0,1.0,1.0,1.0,1.0,1.0,1.0,1.0,1.0,1.0,1.0,1.0,1.0,1.0,1.0,1.0,1.0,1.0,1.0,1.0,1.0,1.0,1.0,1.0,1.0,1.0,1.0,1.0,1.0,1.0,1.0,1.0,1.0,1.0,1.0,1.0,1.0,1.0,1.0,1.0,1.0,1.0,1.0,1.0,1.0,1.0,1.0,1.0,1.0,1.0
318,-0.28108728992531345,-0.8483898204806879,-1.2011764849012514,-1.4272149175598752,-1.5235631865781387,-1.4625181001009182,-1.4438858648709232,-1.3806343294848875,-0.8819768760926526,-0.19797771435994094,0.1945250304192961,0.3156345594142637,0.43036990267265407,0.49975046280539864,0.515195605167105,0.5404471871235457,0.6372857781215461,0.8419952046616228,0.9969369502584234,1.0278272349818363,1.1089755226282618,1.6250394063011502,1.4340589951937013,0.48038274460579855,0.0,0.0,0.0,0.0,0.0,0.0,0.0,0.0,0.0,0.0,0.0,0.0,0.0,0.0,0.0,0.0,0.0,0.0,0.0,0.0,0.0,0.0,0.0,0.0,0.0,0.0,0.0,0.0,0.0,0.0,0.0,0.0,0.0,0.0,0.0,0.0,0.0,0.0,0.0,0.0,0.0,0.0,0.0,0.0,0.0,0.0,0.0,0.0,0.0,0.0,0.0,0.0,0.0,0.0,0.0,0.0,0.0,0.0,0.0,0.0,0.0,0.0,0.0,0.0,0.0,0.0,0.0,0.0,0.0,0.0,0.0,0.0
319,-1.1892217466147532,-1.5322879463951047,-1.7411233744729846,-1.798733147735848,-1.7628710638797154,-1.4856240300521855,-0.8579655503532888,-0.10198130071136394,0.39706336017819016,0.5755096328599095,0.7278874831401833,0.8174706805639358,0.8743603316610133,0.9054696092229596,0.9239047366670758,0.8117097032376495,0.7026832073376804,0.6766147849362348,0.6482419716042745,0.6171326940423283,0.6613481950215759,0.8020600662161198,0.509546442473931,-0.18119473894780108,0.0,0.0,0.0,0.0,0.0,0.0,0.0,0.0,0.0,0.0,0.0,0.0,0.0,0.0,0.0,0.0,0.0,0.0,0.0,0.0,0.0,0.0,0.0,0.0,0.0,0.0,0.0,0.0,0.0,0.0,0.0,0.0,0.0,0.0,0.0,0.0,0.0,0.0,0.0,0.0,0.0,0.0,0.0,0.0,0.0,0.0,0.0,0.0,0.0,0.0,0.0,0.0,0.0,0.0,0.0,0.0,0.0,0.0,0.0,0.0,0.0,0.0,0.0,0.0,0.0,0.0,0.0,0.0,0.0,0.0,0.0,0.0
320,-1.0428563770021102,-1.3696391317742194,-1.635682749575884,-1.7601050122985031,-1.774670009429171,-1.611665998988081,-1.0826776989444677,-0.29306891832869364,0.2187202893584928,0.4345611510927498,0.600044309981613,0.7539064605215391,0.8143357039360116,0.8358733060760416,0.8935135074867692,0.856016387214199,0.8295204881786227,0.8574109082160716,0.8581856421060007,0.7830364547828745,0.6801517942002855,0.8087576199285219,0.5270643775502885,-0.1807325042889691,-1.0,-1.0,-1.0,-1.0,-1.0,-1.0,-1.0,-1.0,-1.0,-1.0,-1.0,-1.0,-1.0,-1.0,-1.0,-1.0,-1.0,-1.0,-1.0,-1.0,-1.0,-1.0,-1.0,-1.0,-1.0,-1.0,-1.0,-1.0,-1.0,-1.0,-1.0,-1.0,-1.0,-1.0,-1.0,-1.0,-1.0,-1.0,-1.0,-1.0,-1.0,-1.0,-1.0,-1.0,-1.0,-1.0,-1.0,-1.0,-1.0,-1.0,-1.0,-1.0,-1.0,-1.0,-1.0,-1.0,-1.0,-1.0,-1.0,-1.0,-1.0,-1.0,-1.0,-1.0,-1.0,-1.0,-1.0,-1.0,-1.0,-1.0,-1.0,-1.0
321,-0.864414862943716,-1.3847816471674859,-1.6306350979752657,-1.8336713747659603,-1.832462825499349,-1.6085359113858024,-1.0702135380580935,-0.2295811981823351,0.32289846655424875,0.47707482299480164,0.6360853765017996,0.758494152219999,0.8342874562260492,0.8891901229092471,0.9832843158096966,0.9288995988121891,0.8505165463776863,0.8078720222558312,0.735704366049615,0.6642273094243194,0.5530407768960819,0.7479625086109579,0.5088424037171553,-0.24408378938167044,0.0,0.0,0.0,0.0,0.0,0.0,0.0,0.0,0.0,0.0,0.0,0.0,0.0,0.0,0.0,0.0,0.0,0.0,0.0,0.0,0.0,0.0,0.0,0.0,0.0,0.0,0.0,0.0,0.0,0.0,0.0,0.0,0.0,0.0,0.0,0.0,0.0,0.0,0.0,0.0,0.0,0.0,0.0,0.0,0.0,0.0,0.0,0.0,0.0,0.0,0.0,0.0,0.0,0.0,0.0,0.0,0.0,0.0,0.0,0.0,0.0,0.0,0.0,0.0,0.0,0.0,0.0,0.0,0.0,0.0,0.0,0.0
322,-0.9220694025482212,-1.3819472809226276,-1.6149308088380347,-1.7494726345415181,-1.7828181301361314,-1.5750611945401276,-1.0618305232143397,-0.37781292227788005,0.10047746888137817,0.30852436530863964,0.4695976070721849,0.6398046150203417,0.7781159315301727,0.8949701465269481,0.9976162807921056,1.037485895090013,1.0284971093210302,0.9748543555383914,0.842052294822453,0.6873581913465728,0.6034145306975245,0.7372314543228642,0.5465822077710532,-0.18063955702277512,1.0,1.0,1.0,1.0,1.0,1.0,1.0,1.0,1.0,1.0,1.0,1.0,1.0,1.0,1.0,1.0,1.0,1.0,1.0,1.0,1.0,1.0,1.0,1.0,1.0,1.0,1.0,1.0,1.0,1.0,1.0,1.0,1.0,1.0,1.0,1.0,1.0,1.0,1.0,1.0,1.0,1.0,1.0,1.0,1.0,1.0,1.0,1.0,1.0,1.0,1.0,1.0,1.0,1.0,1.0,1.0,1.0,1.0,1.0,1.0,1.0,1.0,1.0,1.0,1.0,1.0,1.0,1.0,1.0,1.0,1.0,1.0
323,-0.8125926976644663,-1.2455276941943054,-1.558714712960572,-1.745820928216154,-1.7786364798148255,-1.5497911857714597,-1.1400285743617349,-0.5317894469232043,0.02348422881220773,0.33551982471536307,0.6032256403887344,0.7759390698554255,0.8884906547245526,0.9876569488100111,1.0930121407846927,1.0744454471170233,1.0380316990711294,1.0102536224985699,0.8532283295417697,0.6550396692287417,0.4967190255509415,0.5270878035655013,0.30874924314802593,-0.30798162790595035,0.0,0.0,0.0,0.0,0.0,0.0,0.0,0.0,0.0,0.0,0.0,0.0,0.0,0.0,0.0,0.0,0.0,0.0,0.0,0.0,0.0,0.0,0.0,0.0,0.0,0.0,0.0,0.0,0.0,0.0,0.0,0.0,0.0,0.0,0.0,0.0,0.0,0.0,0.0,0.0,0.0,0.0,0.0,0.0,0.0,0.0,0.0,0.0,0.0,0.0,0.0,0.0,0.0,0.0,0.0,0.0,0.0,0.0,0.0,0.0,0.0,0.0,0.0,0.0,0.0,0.0,0.0,0.0,0.0,0.0,0.0,0.0
324,-0.3668052985042054,-0.8597546600416335,-1.238437096786568,-1.465892956515022,-1.5924797653821778,-1.576001920432317,-1.4192313955822382,-1.3000365171598798,-0.8352688904432419,-0.27933412157410253,0.16895566019267438,0.44276508375204554,0.6420392086597094,0.8021977016303202,0.8986007945145532,0.9691321308419952,1.0564493092211649,1.1620923151613947,1.1818041296808544,1.062609251258496,0.8297634422473772,0.8502452495215034,0.6956307043844907,0.17095764135480704,0.0,0.0,0.0,0.0,0.0,0.0,0.0,0.0,0.0,0.0,0.0,0.0,0.0,0.0,0.0,0.0,0.0,0.0,0.0,0.0,0.0,0.0,0.0,0.0,0.0,0.0,0.0,0.0,0.0,0.0,0.0,0.0,0.0,0.0,0.0,0.0,0.0,0.0,0.0,0.0,0.0,0.0,0.0,0.0,0.0,0.0,0.0,0.0,0.0,0.0,0.0,0.0,0.0,0.0,0.0,0.0,0.0,0.0,0.0,0.0,0.0,0.0,0.0,0.0,0.0,0.0,0.0,0.0,0.0,0.0,0.0,0.0
325,-0.323024154749844,-0.7523931730034727,-1.06508310310937,-1.2402897252689067,-1.3332820812362718,-1.3968226802597947,-1.4070994635338163,-1.425898457327758,-1.0744826000063408,-0.6127793124271323,-0.23629813004712621,0.03540999358797804,0.25122244234242896,0.45287298243877705,0.6125391030619887,0.781855373832757,0.9792448086691451,1.181521981891958,1.319882576215369,1.3302846861146833,1.2074645933275976,1.2126029849646083,1.024487720399898,0.47806363412265895,0.0,0.0,0.0,0.0,0.0,0.0,0.0,0.0,0.0,0.0,0.0,0.0,0.0,0.0,0.0,0.0,0.0,0.0,0.0,0.0,0.0,0.0,0.0,0.0,0.0,0.0,0.0,0.0,0.0,0.0,0.0,0.0,0.0,0.0,0.0,0.0,0.0,0.0,0.0,0.0,0.0,0.0,0.0,0.0,0.0,0.0,0.0,0.0,0.0,0.0,0.0,0.0,0.0,0.0,0.0,0.0,0.0,0.0,0.0,0.0,0.0,0.0,0.0,0.0,0.0,0.0,0.0,0.0,0.0,0.0,0.0,0.0
326,-0.926512174606696,-1.24614602672944,-1.4600842225725517,-1.5995260823631512,-1.648735505811758,-1.492375064207035,-1.1605525563687393,-0.7398620139476547,-0.3460047061242392,-0.0722147531107333,0.19857351603252488,0.42697437052319376,0.6185363775153677,0.8070967006372939,0.9730079545564416,1.099533477693248,1.1596581152154828,1.1714829304619134,1.1264576724081972,0.9968395052838631,0.8197401569392464,0.7646183258674243,0.5345801892657112,-0.005086186557920222,0.0,0.0,0.0,0.0,0.0,0.0,0.0,0.0,0.0,0.0,0.0,0.0,0.0,0.0,0.0,0.0,0.0,0.0,0.0,0.0,0.0,0.0,0.0,0.0,0.0,0.0,0.0,0.0,0.0,0.0,0.0,0.0,0.0,0.0,0.0,0.0,0.0,0.0,0.0,0.0,0.0,0.0,0.0,0.0,0.0,0.0,0.0,0.0,0.0,0.0,0.0,0.0,0.0,0.0,0.0,0.0,0.0,0.0,0.0,0.0,0.0,0.0,0.0,0.0,0.0,0.0,0.0,0.0,0.0,0.0,0.0,0.0
327,-0.8241330459505442,-1.1713624945581314,-1.4022836415325133,-1.516642168429885,-1.5499578845682596,-1.4873955473923808,-1.2837712467196698,-0.8862715190534156,-0.48911088264556746,-0.19316898687186454,0.07996902177404515,0.3365763315726698,0.5784331716306401,0.7955363498249837,0.9899204137061354,1.1135191773950666,1.1937990328226509,1.2171963296526542,1.1648067302289509,1.034680459815707,0.8619982364725296,0.8066415885377751,0.5639370203337901,0.06708355395462297,0.0,0.0,0.0,0.0,0.0,0.0,0.0,0.0,0.0,0.0,0.0,0.0,0.0,0.0,0.0,0.0,0.0,0.0,0.0,0.0,0.0,0.0,0.0,0.0,0.0,0.0,0.0,0.0,0.0,0.0,0.0,0.0,0.0,0.0,0.0,0.0,0.0,0.0,0.0,0.0,0.0,0.0,0.0,0.0,0.0,0.0,0.0,0.0,0.0,0.0,0.0,0.0,0.0,0.0,0.0,0.0,0.0,0.0,0.0,0.0,0.0,0.0,0.0,0.0,0.0,0.0,0.0,0.0,0.0,0.0,0.0,0.0
328,-0.6901543215684071,-1.0665161255644344,-1.3893565238689034,-1.5666799689884106,-1.6307434697404277,-1.5116268058949052,-1.2473536023707614,-0.8927968155083319,-0.5264364863132522,-0.22720317267408371,0.06076721889194541,0.33720437825507976,0.5681393324427307,0.7812338180665289,1.0182056984853827,1.113715277665605,1.1755261940029942,1.2296783233306487,1.176967848028356,1.048930949900907,0.8582722050468027,0.7879915713104125,0.5562456867334955,0.03598879033103865,0.0,0.0,0.0,0.0,0.0,0.0,0.0,0.0,0.0,0.0,0.0,0.0,0.0,0.0,0.0,0.0,0.0,0.0,0.0,0.0,0.0,0.0,0.0,0.0,0.0,0.0,0.0,0.0,0.0,0.0,0.0,0.0,0.0,0.0,0.0,0.0,0.0,0.0,0.0,0.0,0.0,0.0,0.0,0.0,0.0,0.0,0.0,0.0,0.0,0.0,0.0,0.0,0.0,0.0,0.0,0.0,0.0,0.0,0.0,0.0,0.0,0.0,0.0,0.0,0.0,0.0,0.0,0.0,0.0,0.0,0.0,0.0
329,-0.6389583878743144,-1.056885770841283,-1.3516562618552137,-1.5424838356880795,-1.6711706033071978,-1.6093109772120644,-1.300387753561217,-0.8886463332037615,-0.4314474603370036,-0.10152945449629265,0.20242625372570325,0.5037576141739663,0.7511023918482946,0.9422111457997747,1.0896432546598425,1.2038961095234295,1.2405432516494856,1.2027713890489724,1.0866440000612905,0.8681670478980242,0.6495026423223484,0.5872681094023962,0.35969966673726944,-0.09515603847436982,0.0,0.0,0.0,0.0,0.0,0.0,0.0,0.0,0.0,0.0,0.0,0.0,0.0,0.0,0.0,0.0,0.0,0.0,0.0,0.0,0.0,0.0,0.0,0.0,0.0,0.0,0.0,0.0,0.0,0.0,0.0,0.0,0.0,0.0,0.0,0.0,0.0,0.0,0.0,0.0,0.0,0.0,0.0,0.0,0.0,0.0,0.0,0.0,0.0,0.0,0.0,0.0,0.0,0.0,0.0,0.0,0.0,0.0,0.0,0.0,0.0,0.0,0.0,0.0,0.0,0.0,0.0,0.0,0.0,0.0,0.0,0.0
330,-0.45460322835265843,-0.9782821773676673,-1.367906417671057,-1.580973504365021,-1.6801828666068983,-1.5931804728735295,-1.2902257089805491,-0.8928333978081087,-0.3705970905259236,0.039335106477984556,0.375137712902951,0.6688817641940569,0.9130211343642242,1.1004535871903207,1.2193050714867977,1.27190600851437,1.233287599051089,1.1344111541321713,0.9779400123412914,0.7177096382280903,0.43373116174379117,0.3691452010896833,0.13477140572632268,-0.3802516928917439,0.0,0.0,0.0,0.0,0.0,0.0,0.0,0.0,0.0,0.0,0.0,0.0,0.0,0.0,0.0,0.0,0.0,0.0,0.0,0.0,0.0,0.0,0.0,0.0,0.0,0.0,0.0,0.0,0.0,0.0,0.0,0.0,0.0,0.0,0.0,0.0,0.0,0.0,0.0,0.0,0.0,0.0,0.0,0.0,0.0,0.0,0.0,0.0,0.0,0.0,0.0,0.0,0.0,0.0,0.0,0.0,0.0,0.0,0.0,0.0,0.0,0.0,0.0,0.0,0.0,0.0,0.0,0.0,0.0,0.0,0.0,0.0
331,-0.31099408728956585,-0.7381119772882749,-1.064235409246783,-1.2958522498486145,-1.4326381057595934,-1.4728628791974465,-1.4301510901975756,-1.3521885588838873,-1.0542873469987117,-0.5932162880228901,-0.12522483791797542,0.2894579742706446,0.6136350462240953,0.8597414557524653,1.0355626428759845,1.1547231276300547,1.2452288678652241,1.2863186901942139,1.2688014501486973,1.1024958008276808,0.8071897356159152,0.6698632241479759,0.4826882703282885,0.05405654477009031,0.0,0.0,0.0,0.0,0.0,0.0,0.0,0.0,0.0,0.0,0.0,0.0,0.0,0.0,0.0,0.0,0.0,0.0,0.0,0.0,0.0,0.0,0.0,0.0,0.0,0.0,0.0,0.0,0.0,0.0,0.0,0.0,0.0,0.0,0.0,0.0,0.0,0.0,0.0,0.0,0.0,0.0,0.0,0.0,0.0,0.0,0.0,0.0,0.0,0.0,0.0,0.0,0.0,0.0,0.0,0.0,0.0,0.0,0.0,0.0,0.0,0.0,0.0,0.0,0.0,0.0,0.0,0.0,0.0,0.0,0.0,0.0
332,-0.3464555311136412,-0.7351188226420453,-1.023515506197592,-1.2231019175354423,-1.3461865165578357,-1.3603885856758042,-1.4122734781867825,-1.414261767863298,-1.1786021009658076,-0.6707361093072548,-0.2116305549537271,0.18167207915321337,0.5347355174259099,0.8115811847655088,1.0178899088191975,1.1590584758518043,1.2478687480695005,1.315565277531817,1.315186555688671,1.1718403380579758,0.8868521510907417,0.6734423924780687,0.5067101010331186,0.09986816103371493,0.0,0.0,0.0,0.0,0.0,0.0,0.0,0.0,0.0,0.0,0.0,0.0,0.0,0.0,0.0,0.0,0.0,0.0,0.0,0.0,0.0,0.0,0.0,0.0,0.0,0.0,0.0,0.0,0.0,0.0,0.0,0.0,0.0,0.0,0.0,0.0,0.0,0.0,0.0,0.0,0.0,0.0,0.0,0.0,0.0,0.0,0.0,0.0,0.0,0.0,0.0,0.0,0.0,0.0,0.0,0.0,0.0,0.0,0.0,0.0,0.0,0.0,0.0,0.0,0.0,0.0,0.0,0.0,0.0,0.0,0.0,0.0
333,-0.4687394191925219,-0.8519955072739569,-1.0707200008541897,-1.232973215213931,-1.3507980168151874,-1.3759415690905938,-1.3880658062719384,-1.368862316508198,-1.1258079778459376,-0.6772925728555192,-0.19484557790120338,0.23202521574533755,0.5746773148771682,0.8196031800842,0.990400319974419,1.1096897945237574,1.1927692989677372,1.2586795816314236,1.261202073930898,1.1380068048533412,0.937753464562808,0.8152091612399542,0.6108872849825268,0.16513848444959667,0.0,0.0,0.0,0.0,0.0,0.0,0.0,0.0,0.0,0.0,0.0,0.0,0.0,0.0,0.0,0.0,0.0,0.0,0.0,0.0,0.0,0.0,0.0,0.0,0.0,0.0,0.0,0.0,0.0,0.0,0.0,0.0,0.0,0.0,0.0,0.0,0.0,0.0,0.0,0.0,0.0,0.0,0.0,0.0,0.0,0.0,0.0,0.0,0.0,0.0,0.0,0.0,0.0,0.0,0.0,0.0,0.0,0.0,0.0,0.0,0.0,0.0,0.0,0.0,0.0,0.0,0.0,0.0,0.0,0.0,0.0,0.0
334,-0.8107617430848855,-1.1400596503879001,-1.3849360095928998,-1.5239968458856195,-1.5689395843443623,-1.470127125130277,-1.205088099013992,-0.8851019577272581,-0.5013186757174113,-0.1615546512390729,0.13519055337892777,0.4244709538351167,0.6823530027653345,0.9189180336252241,1.1100785855627535,1.2179719405613108,1.2579124906642005,1.2377498237529152,1.1417847640644694,0.9818686501650385,0.7495362402216402,0.595161011885616,0.34874551780189245,-0.14985722616076996,0.0,0.0,0.0,0.0,0.0,0.0,0.0,0.0,0.0,0.0,0.0,0.0,0.0,0.0,0.0,0.0,0.0,0.0,0.0,0.0,0.0,0.0,0.0,0.0,0.0,0.0,0.0,0.0,0.0,0.0,0.0,0.0,0.0,0.0,0.0,0.0,0.0,0.0,0.0,0.0,0.0,0.0,0.0,0.0,0.0,0.0,0.0,0.0,0.0,0.0,0.0,0.0,0.0,0.0,0.0,0.0,0.0,0.0,0.0,0.0,0.0,0.0,0.0,0.0,0.0,0.0,0.0,0.0,0.0,0.0,0.0,0.0
335,-0.7260077436659729,-1.115812722945272,-1.3227092119473616,-1.531927120180891,-1.606792890394831,-1.5095834600782811,-1.2609014249102717,-0.9400619419650024,-0.49657414295865343,-0.16267667683653417,0.203914110128365,0.5338458183967743,0.7978105301717636,1.0015150677306233,1.1672063653746527,1.2318192006497326,1.2306584910340126,1.1929354285231129,1.0403021140559332,0.8604888494206435,0.673614601289724,0.5559960268967642,0.3546129085693447,-0.17167217635836415,0.0,0.0,0.0,0.0,0.0,0.0,0.0,0.0,0.0,0.0,0.0,0.0,0.0,0.0,0.0,0.0,0.0,0.0,0.0,0.0,0.0,0.0,0.0,0.0,0.0,0.0,0.0,0.0,0.0,0.0,0.0,0.0,0.0,0.0,0.0,0.0,0.0,0.0,0.0,0.0,0.0,0.0,0.0,0.0,0.0,0.0,0.0,0.0,0.0,0.0,0.0,0.0,0.0,0.0,0.0,0.0,0.0,0.0,0.0,0.0,0.0,0.0,0.0,0.0,0.0,0.0,0.0,0.0,0.0,0.0,0.0,0.0
336,-0.7116074857899549,-1.0803149633139293,-1.3690046699378688,-1.5536902359488491,-1.596258931605384,-1.508846153442076,-1.2777047725720712,-0.9092817184043768,-0.4433962608181568,-0.10483765905983539,0.20774360949160278,0.489986386706535,0.715913339378078,0.9342556692154944,1.1186568118701947,1.2253155704750986,1.2420017407101769,1.2409588550704846,1.1105981501089355,0.9147252654176187,0.7209381520056868,0.5496204837398545,0.3135490980276674,-0.22932028132493648,0.0,0.0,0.0,0.0,0.0,0.0,0.0,0.0,0.0,0.0,0.0,0.0,0.0,0.0,0.0,0.0,0.0,0.0,0.0,0.0,0.0,0.0,0.0,0.0,0.0,0.0,0.0,0.0,0.0,0.0,0.0,0.0,0.0,0.0,0.0,0.0,0.0,0.0,0.0,0.0,0.0,0.0,0.0,0.0,0.0,0.0,0.0,0.0,0.0,0.0,0.0,0.0,0.0,0.0,0.0,0.0,0.0,0.0,0.0,0.0,0.0,0.0,0.0,0.0,0.0,0.0,0.0,0.0,0.0,0.0,0.0,0.0
337,-0.6357977676024161,-1.0397511874426406,-1.3443500376406665,-1.5151827149391235,-1.60442823792708,-1.4931266131480494,-1.3218854895201282,-0.9436641884361565,-0.4250394615988207,-0.051719516468421066,0.28310436210996526,0.5990375979506263,0.8377744775225284,1.033930827247774,1.2144641048710088,1.2960512591815092,1.301871619376376,1.2372349877386453,1.0542510321386245,0.779468763991495,0.49345422178409637,0.35131489913050873,0.17558086587847982,-0.28259380419813485,0.0,0.0,0.0,0.0,0.0,0.0,0.0,0.0,0.0,0.0,0.0,0.0,0.0,0.0,0.0,0.0,0.0,0.0,0.0,0.0,0.0,0.0,0.0,0.0,0.0,0.0,0.0,0.0,0.0,0.0,0.0,0.0,0.0,0.0,0.0,0.0,0.0,0.0,0.0,0.0,0.0,0.0,0.0,0.0,0.0,0.0,0.0,0.0,0.0,0.0,0.0,0.0,0.0,0.0,0.0,0.0,0.0,0.0,0.0,0.0,0.0,0.0,0.0,0.0,0.0,0.0,0.0,0.0,0.0,0.0,0.0,0.0
338,-0.09199511641415965,-0.6486908558978215,-1.074946827205142,-1.3638902434289149,-1.5229666237186135,-1.5348508177456566,-1.4787230580034767,-1.4056996971144162,-1.0538989173018243,-0.43964358747031473,0.08225866829561825,0.532855759899292,0.7944512115548091,0.9994893542864459,1.1134630704976072,1.1664408029073177,1.1820477565090972,1.1737431389962238,1.1283541087965527,0.9274682748213527,0.6723160608913411,0.5823970988553998,0.41172289065979156,-0.1517024526705092,0.0,0.0,0.0,0.0,0.0,0.0,0.0,0.0,0.0,0.0,0.0,0.0,0.0,0.0,0.0,0.0,0.0,0.0,0.0,0.0,0.0,0.0,0.0,0.0,0.0,0.0,0.0,0.0,0.0,0.0,0.0,0.0,0.0,0.0,0.0,0.0,0.0,0.0,0.0,0.0,0.0,0.0,0.0,0.0,0.0,0.0,0.0,0.0,0.0,0.0,0.0,0.0,0.0,0.0,0.0,0.0,0.0,0.0,0.0,0.0,0.0,0.0,0.0,0.0,0.0,0.0,0.0,0.0,0.0,0.0,0.0,0.0
339,-0.4727721116927032,-0.8116728816557299,-1.021958558653661,-1.2128447924626904,-1.3250614610747362,-1.3511060174001681,-1.3871182434303948,-1.400837186680005,-1.1469295573180789,-0.6521901663790115,-0.21865012384250196,0.0982789010723209,0.3734080207734877,0.6041649334016966,0.7811178654728406,0.940064684528871,1.1313796353144507,1.2816449355953372,1.366852434684713,1.3134771711041984,1.1072643053834952,0.9394216090640456,0.8033039690093196,0.26076263518489157,0.0,0.0,0.0,0.0,0.0,0.0,0.0,0.0,0.0,0.0,0.0,0.0,0.0,0.0,0.0,0.0,0.0,0.0,0.0,0.0,0.0,0.0,0.0,0.0,0.0,0.0,0.0,0.0,0.0,0.0,0.0,0.0,0.0,0.0,0.0,0.0,0.0,0.0,0.0,0.0,0.0,0.0,0.0,0.0,0.0,0.0,0.0,0.0,0.0,0.0,0.0,0.0,0.0,0.0,0.0,0.0,0.0,0.0,0.0,0.0,0.0,0.0,0.0,0.0,0.0,0.0,0.0,0.0,0.0,0.0,0.0,0.0
340,-0.9129486544582576,-1.197632738050989,-1.3997607412924429,-1.509579527248096,-1.5358438802528747,-1.4402324197530227,-1.2183677535810775,-0.8760864046269894,-0.4731359361589392,-0.1543542714722846,0.1439995630995422,0.4389743581035027,0.6687490487184077,0.8890777878140502,1.0795327452756025,1.177678485451354,1.2293624315689444,1.2600041767411863,1.1651606797794858,1.0068065982126628,0.7725777190764798,0.5810476126615155,0.38345059429515505,-0.07847947390292427,0.0,0.0,0.0,0.0,0.0,0.0,0.0,0.0,0.0,0.0,0.0,0.0,0.0,0.0,0.0,0.0,0.0,0.0,0.0,0.0,0.0,0.0,0.0,0.0,0.0,0.0,0.0,0.0,0.0,0.0,0.0,0.0,0.0,0.0,0.0,0.0,0.0,0.0,0.0,0.0,0.0,0.0,0.0,0.0,0.0,0.0,0.0,0.0,0.0,0.0,0.0,0.0,0.0,0.0,0.0,0.0,0.0,0.0,0.0,0.0,0.0,0.0,0.0,0.0,0.0,0.0,0.0,0.0,0.0,0.0,0.0,0.0
341,-0.5792103204068415,-1.0051024462134843,-1.3242594208455425,-1.5463272501066132,-1.6470860715985345,-1.5520938840109375,-1.2736178903766582,-0.9484845860619365,-0.5225924602552937,-0.15677817494279336,0.15849942778999218,0.4514444301296672,0.6750849777282809,0.8814256236139217,1.060505818315484,1.1753142569561226,1.2382229904578423,1.24776414837227,1.186428133208093,1.0247526881086733,0.7678753596433175,0.5550341446291657,0.3369505351565372,-0.2037500292907441,0.0,0.0,0.0,0.0,0.0,0.0,0.0,0.0,0.0,0.0,0.0,0.0,0.0,0.0,0.0,0.0,0.0,0.0,0.0,0.0,0.0,0.0,0.0,0.0,0.0,0.0,0.0,0.0,0.0,0.0,0.0,0.0,0.0,0.0,0.0,0.0,0.0,0.0,0.0,0.0,0.0,0.0,0.0,0.0,0.0,0.0,0.0,0.0,0.0,0.0,0.0,0.0,0.0,0.0,0.0,0.0,0.0,0.0,0.0,0.0,0.0,0.0,0.0,0.0,0.0,0.0,0.0,0.0,0.0,0.0,0.0,0.0
342,-0.6316940965341328,-1.0706421380436495,-1.339637591706275,-1.5036440576807164,-1.5563604217439297,-1.5142938281985374,-1.3233079435789497,-0.9696468142996484,-0.5653105269730493,-0.24945608303201203,0.010398317602817196,0.2989183505481143,0.5189248598287637,0.7459424680336453,0.9500630696252119,1.1069696885877727,1.2128461571524418,1.2795847190641194,1.251185331016597,1.1298666952010876,0.8989441711396717,0.7118632023766185,0.5461705227368554,0.06231594887719394,0.0,0.0,0.0,0.0,0.0,0.0,0.0,0.0,0.0,0.0,0.0,0.0,0.0,0.0,0.0,0.0,0.0,0.0,0.0,0.0,0.0,0.0,0.0,0.0,0.0,0.0,0.0,0.0,0.0,0.0,0.0,0.0,0.0,0.0,0.0,0.0,0.0,0.0,0.0,0.0,0.0,0.0,0.0,0.0,0.0,0.0,0.0,0.0,0.0,0.0,0.0,0.0,0.0,0.0,0.0,0.0,0.0,0.0,0.0,0.0,0.0,0.0,0.0,0.0,0.0,0.0,0.0,0.0,0.0,0.0,0.0,0.0
343,-0.7610502169321788,-1.0848437619013171,-1.3072298535802378,-1.4518601558138273,-1.515032011961832,-1.439543155153391,-1.2699010294927806,-1.009657162777795,-0.6480058427725917,-0.3432545319533302,-0.0643462531946161,0.22884370117650574,0.4683073520533318,0.6971164195367743,0.9505594883410894,1.130931761816313,1.223195920137741,1.2804737514298312,1.2515325780988673,1.1352389338264044,0.9612140717344729,0.8000351612515857,0.6028875862633751,0.16438724986759673,0.0,0.0,0.0,0.0,0.0,0.0,0.0,0.0,0.0,0.0,0.0,0.0,0.0,0.0,0.0,0.0,0.0,0.0,0.0,0.0,0.0,0.0,0.0,0.0,0.0,0.0,0.0,0.0,0.0,0.0,0.0,0.0,0.0,0.0,0.0,0.0,0.0,0.0,0.0,0.0,0.0,0.0,0.0,0.0,0.0,0.0,0.0,0.0,0.0,0.0,0.0,0.0,0.0,0.0,0.0,0.0,0.0,0.0,0.0,0.0,0.0,0.0,0.0,0.0,0.0,0.0,0.0,0.0,0.0,0.0,0.0,0.0
344,-0.7354543595270534,-1.0380079980012746,-1.2458867692965903,-1.3851491776572629,-1.452914383418098,-1.435563871798174,-1.338728374870372,-1.1001424716892287,-0.7275975240765218,-0.3711590891374046,-0.019565702726115197,0.30963570265115914,0.5777502124005502,0.821770426768311,1.0357382455377884,1.191565481973332,1.295406657177858,1.3207449515058225,1.2316353427710431,1.0862838869362084,0.8583701852420375,0.649116467742879,0.43901159306991294,0.033140568421201,0.0,0.0,0.0,0.0,0.0,0.0,0.0,0.0,0.0,0.0,0.0,0.0,0.0,0.0,0.0,0.0,0.0,0.0,0.0,0.0,0.0,0.0,0.0,0.0,0.0,0.0,0.0,0.0,0.0,0.0,0.0,0.0,0.0,0.0,0.0,0.0,0.0,0.0,0.0,0.0,0.0,0.0,0.0,0.0,0.0,0.0,0.0,0.0,0.0,0.0,0.0,0.0,0.0,0.0,0.0,0.0,0.0,0.0,0.0,0.0,0.0,0.0,0.0,0.0,0.0,0.0,0.0,0.0,0.0,0.0,0.0,0.0
345,-0.398788395468787,-0.8257135694816161,-1.0782334969120186,-1.2787925931211654,-1.41490360895041,-1.4470235887307057,-1.436686921371604,-1.3308227979488583,-1.0090680112944057,-0.6010818318388569,-0.12358329873351034,0.28093420040019235,0.5872186728192109,0.815596585209564,0.989516216546932,1.1256966059826135,1.2263577089225899,1.2747804862155627,1.2627788523019747,1.1580940801886568,0.9433827682663777,0.7067493967100306,0.48856940446590524,0.08502313582231952,0.0,0.0,0.0,0.0,0.0,0.0,0.0,0.0,0.0,0.0,0.0,0.0,0.0,0.0,0.0,0.0,0.0,0.0,0.0,0.0,0.0,0.0,0.0,0.0,0.0,0.0,0.0,0.0,0.0,0.0,0.0,0.0,0.0,0.0,0.0,0.0,0.0,0.0,0.0,0.0,0.0,0.0,0.0,0.0,0.0,0.0,0.0,0.0,0.0,0.0,0.0,0.0,0.0,0.0,0.0,0.0,0.0,0.0,0.0,0.0,0.0,0.0,0.0,0.0,0.0,0.0,0.0,0.0,0.0,0.0,0.0,0.0
346,0.14045042573150707,-0.42946235909896024,-0.8349193156154714,-1.1425575957515017,-1.377050430689417,-1.5081876830366354,-1.6046464175409227,-1.5606425839755227,-1.1782075006488566,-0.723792636589384,-0.19594091121546897,0.24973146935418913,0.6289609754012565,0.910080388951516,1.0789074590103795,1.1524414590302643,1.2197585819018364,1.2700764313209914,1.2312209491440378,1.060839659798096,0.7999250969798525,0.5864142224174923,0.36969777057553344,-0.14309745545481203,0.0,0.0,0.0,0.0,0.0,0.0,0.0,0.0,0.0,0.0,0.0,0.0,0.0,0.0,0.0,0.0,0.0,0.0,0.0,0.0,0.0,0.0,0.0,0.0,0.0,0.0,0.0,0.0,0.0,0.0,0.0,0.0,0.0,0.0,0.0,0.0,0.0,0.0,0.0,0.0,0.0,0.0,0.0,0.0,0.0,0.0,0.0,0.0,0.0,0.0,0.0,0.0,0.0,0.0,0.0,0.0,0.0,0.0,0.0,0.0,0.0,0.0,0.0,0.0,0.0,0.0,0.0,0.0,0.0,0.0,0.0,0.0
347,-0.8220951110790545,-1.1119765056057989,-1.3343898656227056,-1.4605131935179698,-1.5224190881378104,-1.4337860278127879,-1.2565199071627426,-0.994665918834946,-0.6302374026656399,-0.28466237365593516,0.040397749785467674,0.3643743394820659,0.6622738837203648,0.8855540707331151,1.0607253594765378,1.1645278922288258,1.2228220076993173,1.2431924421016451,1.190677173270112,1.0573302870761498,0.8295714939182068,0.6631407107162086,0.4594363666929294,0.007241617194444586,0.0,0.0,0.0,0.0,0.0,0.0,0.0,0.0,0.0,0.0,0.0,0.0,0.0,0.0,0.0,0.0,0.0,0.0,0.0,0.0,0.0,0.0,0.0,0.0,0.0,0.0,0.0,0.0,0.0,0.0,0.0,0.0,0.0,0.0,0.0,0.0,0.0,0.0,0.0,0.0,0.0,0.0,0.0,0.0,0.0,0.0,0.0,0.0,0.0,0.0,0.0,0.0,0.0,0.0,0.0,0.0,0.0,0.0,0.0,0.0,0.0,0.0,0.0,0.0,0.0,0.0,0.0,0.0,0.0,0.0,0.0,0.0
348,-0.665595893206477,-1.072566177031792,-1.2902021703776014,-1.4827357837898196,-1.5758442845238918,-1.5079201976447625,-1.2789635231524314,-1.0217051457937967,-0.6149809637325364,-0.23860933257137032,0.11717178433054282,0.48624239649141604,0.7658140004576877,0.9912432163318996,1.1323415610566612,1.1988710712728132,1.230946334521291,1.212816837902586,1.1079774864152343,0.9521950697685354,0.7354614495575936,0.5695888605846473,0.3653243964191495,-0.11687099328558773,0.0,0.0,0.0,0.0,0.0,0.0,0.0,0.0,0.0,0.0,0.0,0.0,0.0,0.0,0.0,0.0,0.0,0.0,0.0,0.0,0.0,0.0,0.0,0.0,0.0,0.0,0.0,0.0,0.0,0.0,0.0,0.0,0.0,0.0,0.0,0.0,0.0,0.0,0.0,0.0,0.0,0.0,0.0,0.0,0.0,0.0,0.0,0.0,0.0,0.0,0.0,0.0,0.0,0.0,0.0,0.0,0.0,0.0,0.0,0.0,0.0,0.0,0.0,0.0,0.0,0.0,0.0,0.0,0.0,0.0,0.0,0.0
349,-0.8187124022028823,-1.113304765670365,-1.288422819959327,-1.4182138522145442,-1.4851061534537715,-1.4254022786163716,-1.2414318103325666,-0.992166468898829,-0.6546432255315437,-0.36451034881334293,-0.03264466326231081,0.3191888734049086,0.6144468319095975,0.874162015427473,1.0769688232642147,1.2075585695640794,1.280441226138163,1.2614052080740645,1.212217734824523,1.0932093421720472,0.8657755179586744,0.6367442656560065,0.4249519248169804,-0.03251154425486956,0.0,0.0,0.0,0.0,0.0,0.0,0.0,0.0,0.0,0.0,0.0,0.0,0.0,0.0,0.0,0.0,0.0,0.0,0.0,0.0,0.0,0.0,0.0,0.0,0.0,0.0,0.0,0.0,0.0,0.0,0.0,0.0,0.0,0.0,0.0,0.0,0.0,0.0,0.0,0.0,0.0,0.0,0.0,0.0,0.0,0.0,0.0,0.0,0.0,0.0,0.0,0.0,0.0,0.0,0.0,0.0,0.0,0.0,0.0,0.0,0.0,0.0,0.0,0.0,0.0,0.0,0.0,0.0,0.0,0.0,0.0,0.0
350,-0.5818699172497853,-0.9994942812655518,-1.2557774341471697,-1.474203990002898,-1.5780842949370355,-1.523853217451535,-1.3297630453981644,-1.0706256252804676,-0.6455651439917584,-0.29208668049208264,0.005808684199739314,0.35530619602804175,0.6378035401041745,0.8762850789081419,1.0778864805301414,1.1837948174478088,1.238701905594486,1.2552266106454695,1.2052769340140874,1.0369502793811138,0.8138667611928357,0.5971677881378922,0.3962423971770692,0.07100615685543811,0.0,0.0,0.0,0.0,0.0,0.0,0.0,0.0,0.0,0.0,0.0,0.0,0.0,0.0,0.0,0.0,0.0,0.0,0.0,0.0,0.0,0.0,0.0,0.0,0.0,0.0,0.0,0.0,0.0,0.0,0.0,0.0,0.0,0.0,0.0,0.0,0.0,0.0,0.0,0.0,0.0,0.0,0.0,0.0,0.0,0.0,0.0,0.0,0.0,0.0,0.0,0.0,0.0,0.0,0.0,0.0,0.0,0.0,0.0,0.0,0.0,0.0,0.0,0.0,0.0,0.0,0.0,0.0,0.0,0.0,0.0,0.0
351,-0.38328689516019643,-0.7976302159156675,-1.234074745630638,-1.3924063573568892,-1.4960284190358546,-1.4921154181053202,-1.3405953265174066,-1.0942936568343276,-0.7771956555006547,-0.4250255717525629,-0.07466706250934801,0.2683002227539686,0.5792388707710596,0.8278593558203813,1.0606104482069802,1.2361882492196605,1.358723148729542,1.3906068600153774,1.3239409182359032,1.1143779795117301,0.8034393314946391,0.4920659055963776,0.24532945803212805,-0.1933614240688901,0.0,0.0,0.0,0.0,0.0,0.0,0.0,0.0,0.0,0.0,0.0,0.0,0.0,0.0,0.0,0.0,0.0,0.0,0.0,0.0,0.0,0.0,0.0,0.0,0.0,0.0,0.0,0.0,0.0,0.0,0.0,0.0,0.0,0.0,0.0,0.0,0.0,0.0,0.0,0.0,0.0,0.0,0.0,0.0,0.0,0.0,0.0,0.0,0.0,0.0,0.0,0.0,0.0,0.0,0.0,0.0,0.0,0.0,0.0,0.0,0.0,0.0,0.0,0.0,0.0,0.0,0.0,0.0,0.0,0.0,0.0,0.0
352,-0.17422242172727956,-0.6537604999920165,-1.011201292343929,-1.2510493588458202,-1.4041253736116073,-1.458180094365246,-1.4679794881860813,-1.3760706574309907,-1.0490554023453806,-0.6486237209730303,-0.23080601830564995,0.1713642651962034,0.4866834695924296,0.7268476455724123,0.9244160693795717,1.105704855065021,1.2478750928366527,1.364835599730491,1.3774009514846264,1.2271699220216625,0.9524707855601883,0.6550117666761293,0.44867130485193213,0.036622600159720804,0.0,0.0,0.0,0.0,0.0,0.0,0.0,0.0,0.0,0.0,0.0,0.0,0.0,0.0,0.0,0.0,0.0,0.0,0.0,0.0,0.0,0.0,0.0,0.0,0.0,0.0,0.0,0.0,0.0,0.0,0.0,0.0,0.0,0.0,0.0,0.0,0.0,0.0,0.0,0.0,0.0,0.0,0.0,0.0,0.0,0.0,0.0,0.0,0.0,0.0,0.0,0.0,0.0,0.0,0.0,0.0,0.0,0.0,0.0,0.0,0.0,0.0,0.0,0.0,0.0,0.0,0.0,0.0,0.0,0.0,0.0,0.0
353,-0.41111081674260347,-0.7625761944739157,-1.0130065451512835,-1.183330092989195,-1.3047137934332262,-1.3860440924575297,-1.4483780033486822,-1.4261618884133023,-1.1316856750814426,-0.725806914392461,-0.2902422725869287,0.09554539285614409,0.43335912894600553,0.690872878588277,0.8634502351877487,1.020637297672566,1.1556726397580481,1.2649501674256989,1.3050679633814715,1.232946083011543,1.062558140637587,0.8827042014650778,0.7237784865070569,0.3515136736333456,0.0,0.0,0.0,0.0,0.0,0.0,0.0,0.0,0.0,0.0,0.0,0.0,0.0,0.0,0.0,0.0,0.0,0.0,0.0,0.0,0.0,0.0,0.0,0.0,0.0,0.0,0.0,0.0,0.0,0.0,0.0,0.0,0.0,0.0,0.0,0.0,0.0,0.0,0.0,0.0,0.0,0.0,0.0,0.0,0.0,0.0,0.0,0.0,0.0,0.0,0.0,0.0,0.0,0.0,0.0,0.0,0.0,0.0,0.0,0.0,0.0,0.0,0.0,0.0,0.0,0.0,0.0,0.0,0.0,0.0,0.0,0.0
354,-0.728606718897369,-1.041657399344745,-1.2643756797117296,-1.4343047726899625,-1.5344200065343343,-1.4818849187238676,-1.2998860957770875,-1.0143416946790853,-0.6216943213338679,-0.25147123577232017,0.12065759662636663,0.4847187674144981,0.7544454697642462,0.9732887315623814,1.099449172180987,1.200834903916785,1.2546404896186776,1.2586425579766698,1.1907979705745193,1.0294447383634122,0.7627672309530867,0.5103192999267328,0.25488569885552764,-0.22224978426952127,0.0,0.0,0.0,0.0,0.0,0.0,0.0,0.0,0.0,0.0,0.0,0.0,0.0,0.0,0.0,0.0,0.0,0.0,0.0,0.0,0.0,0.0,0.0,0.0,0.0,0.0,0.0,0.0,0.0,0.0,0.0,0.0,0.0,0.0,0.0,0.0,0.0,0.0,0.0,0.0,0.0,0.0,0.0,0.0,0.0,0.0,0.0,0.0,0.0,0.0,0.0,0.0,0.0,0.0,0.0,0.0,0.0,0.0,0.0,0.0,0.0,0.0,0.0,0.0,0.0,0.0,0.0,0.0,0.0,0.0,0.0,0.0
355,-0.510725334016454,-0.8983433647994152,-1.2021582856555124,-1.4394349123034977,-1.5584551905770203,-1.549822782717644,-1.3693061475698047,-1.0725957747749642,-0.6941449027807208,-0.3143953499580759,0.015393187466055714,0.3452581178800933,0.594757622913036,0.8234782346915512,1.0141551374968865,1.1535723440753067,1.2620503897418036,1.3327139054048385,1.2813014231981115,1.1112506276673917,0.8486115283706198,0.5894865066095232,0.36993305361972606,-0.1325800339818347,0.0,0.0,0.0,0.0,0.0,0.0,0.0,0.0,0.0,0.0,0.0,0.0,0.0,0.0,0.0,0.0,0.0,0.0,0.0,0.0,0.0,0.0,0.0,0.0,0.0,0.0,0.0,0.0,0.0,0.0,0.0,0.0,0.0,0.0,0.0,0.0,0.0,0.0,0.0,0.0,0.0,0.0,0.0,0.0,0.0,0.0,0.0,0.0,0.0,0.0,0.0,0.0,0.0,0.0,0.0,0.0,0.0,0.0,0.0,0.0,0.0,0.0,0.0,0.0,0.0,0.0,0.0,0.0,0.0,0.0,0.0,0.0
356,-0.6634414663574342,-0.9822913937777064,-1.242659157854107,-1.4185367203428016,-1.5026676948829412,-1.456974014432447,-1.3197492822619377,-1.0537775762434953,-0.733921813090036,-0.41112038814652924,-0.13006114613028208,0.17513815348245257,0.47430243869606536,0.7333769854012258,0.9629949142059102,1.1211985059543192,1.2446289194982643,1.302751855794569,1.2779651895124613,1.1612882444627717,0.9595463345492692,0.7779929847090196,0.5704315966249351,0.1535845306284459,0.0,0.0,0.0,0.0,0.0,0.0,0.0,0.0,0.0,0.0,0.0,0.0,0.0,0.0,0.0,0.0,0.0,0.0,0.0,0.0,0.0,0.0,0.0,0.0,0.0,0.0,0.0,0.0,0.0,0.0,0.0,0.0,0.0,0.0,0.0,0.0,0.0,0.0,0.0,0.0,0.0,0.0,0.0,0.0,0.0,0.0,0.0,0.0,0.0,0.0,0.0,0.0,0.0,0.0,0.0,0.0,0.0,0.0,0.0,0.0,0.0,0.0,0.0,0.0,0.0,0.0,0.0,0.0,0.0,0.0,0.0,0.0
357,-0.4434854814679758,-0.8674390325419697,-1.205631615080243,-1.4416181727959845,-1.5760565079406663,-1.5255701851401557,-1.3036441505496381,-1.0761267968216044,-0.6569423120707858,-0.3068270637245743,0.0681202196147221,0.42086667696682334,0.6972258478666864,0.9522886708751288,1.1503693738497702,1.2705827353063606,1.3231246901427225,1.31375100805924,1.2048025101591155,1.0135465055435007,0.7169599154108598,0.4323782163675912,0.18677130072406525,-0.3474463527529981,0.0,0.0,0.0,0.0,0.0,0.0,0.0,0.0,0.0,0.0,0.0,0.0,0.0,0.0,0.0,0.0,0.0,0.0,0.0,0.0,0.0,0.0,0.0,0.0,0.0,0.0,0.0,0.0,0.0,0.0,0.0,0.0,0.0,0.0,0.0,0.0,0.0,0.0,0.0,0.0,0.0,0.0,0.0,0.0,0.0,0.0,0.0,0.0,0.0,0.0,0.0,0.0,0.0,0.0,0.0,0.0,0.0,0.0,0.0,0.0,0.0,0.0,0.0,0.0,0.0,0.0,0.0,0.0,0.0,0.0,0.0,0.0
358,-0.5592831622695865,-0.9348854938439395,-1.2057870608468402,-1.4024867151925227,-1.5050346196288524,-1.4662831371966494,-1.314578259675025,-1.126202997851816,-0.7571310086873342,-0.3991103682164807,-0.04015682168707423,0.27251023193720086,0.546425803129273,0.7907036664611602,1.0074249200634808,1.171616386368815,1.3005727084626462,1.3620009843181384,1.3096147210301603,1.1558287453779175,0.8714359215282498,0.5955827762145676,0.38237786083294684,-0.05515508062842688,0.0,0.0,0.0,0.0,0.0,0.0,0.0,0.0,0.0,0.0,0.0,0.0,0.0,0.0,0.0,0.0,0.0,0.0,0.0,0.0,0.0,0.0,0.0,0.0,0.0,0.0,0.0,0.0,0.0,0.0,0.0,0.0,0.0,0.0,0.0,0.0,0.0,0.0,0.0,0.0,0.0,0.0,0.0,0.0,0.0,0.0,0.0,0.0,0.0,0.0,0.0,0.0,0.0,0.0,0.0,0.0,0.0,0.0,0.0,0.0,0.0,0.0,0.0,0.0,0.0,0.0,0.0,0.0,0.0,0.0,0.0,0.0
359,-0.47270072170593946,-0.8032608962357064,-1.049623636903894,-1.2460843159142456,-1.3660197571391897,-1.415921818797026,-1.4205120215776417,-1.3273964794565805,-1.0199840418062043,-0.6365053866484821,-0.17676379100710235,0.24507584453147938,0.5716359852095669,0.8410153141062704,1.0485580541155368,1.2027232932187866,1.308035659871198,1.3293473156383422,1.2736747133420177,1.12344393376501,0.8685565307899645,0.6262593982988935,0.44442179386107494,0.052025030443871016,0.0,0.0,0.0,0.0,0.0,0.0,0.0,0.0,0.0,0.0,0.0,0.0,0.0,0.0,0.0,0.0,0.0,0.0,0.0,0.0,0.0,0.0,0.0,0.0,0.0,0.0,0.0,0.0,0.0,0.0,0.0,0.0,0.0,0.0,0.0,0.0,0.0,0.0,0.0,0.0,0.0,0.0,0.0,0.0,0.0,0.0,0.0,0.0,0.0,0.0,0.0,0.0,0.0,0.0,0.0,0.0,0.0,0.0,0.0,0.0,0.0,0.0,0.0,0.0,0.0,0.0,0.0,0.0,0.0,0.0,0.0,0.0
360,-0.3355048132358315,-0.6387046927723004,-0.9305686894366466,-1.1542774396969953,-1.3126999015641925,-1.3887622761444238,-1.4772801269668638,-1.476930254038712,-1.1734504761597215,-0.7198052375179195,-0.28715237456523374,0.13745341103995745,0.4917347380866092,0.8014422540867042,1.017593749098971,1.1660798198066533,1.269642206539627,1.3196040606797235,1.2988216087474984,1.1497757413547731,0.9327845513149415,0.7090058264689624,0.4930642552135866,0.10813405966082511,0.0,0.0,0.0,0.0,0.0,0.0,0.0,0.0,0.0,0.0,0.0,0.0,0.0,0.0,0.0,0.0,0.0,0.0,0.0,0.0,0.0,0.0,0.0,0.0,0.0,0.0,0.0,0.0,0.0,0.0,0.0,0.0,0.0,0.0,0.0,0.0,0.0,0.0,0.0,0.0,0.0,0.0,0.0,0.0,0.0,0.0,0.0,0.0,0.0,0.0,0.0,0.0,0.0,0.0,0.0,0.0,0.0,0.0,0.0,0.0,0.0,0.0,0.0,0.0,0.0,0.0,0.0,0.0,0.0,0.0,0.0,0.0
361,-0.6547900972788776,-0.9984928914413836,-1.236805396143353,-1.4025462161809656,-1.4807478707057549,-1.432893126892078,-1.3115741422166587,-1.0424341196203697,-0.6525930358699283,-0.28568378057539534,0.07985231133854433,0.4339911471935595,0.725033125710312,0.9653367173141416,1.1511257227084166,1.274435794285696,1.3435745704985693,1.3205054257046018,1.2092791918765435,1.022734946622942,0.7288093250069436,0.43467772888385614,0.14967766924171425,-0.34047299946106846,0.0,0.0,0.0,0.0,0.0,0.0,0.0,0.0,0.0,0.0,0.0,0.0,0.0,0.0,0.0,0.0,0.0,0.0,0.0,0.0,0.0,0.0,0.0,0.0,0.0,0.0,0.0,0.0,0.0,0.0,0.0,0.0,0.0,0.0,0.0,0.0,0.0,0.0,0.0,0.0,0.0,0.0,0.0,0.0,0.0,0.0,0.0,0.0,0.0,0.0,0.0,0.0,0.0,0.0,0.0,0.0,0.0,0.0,0.0,0.0,0.0,0.0,0.0,0.0,0.0,0.0,0.0,0.0,0.0,0.0,0.0,0.0
362,-0.374375802673556,-0.8544869449340723,-1.1924245999796632,-1.4416835795877587,-1.5723528062053873,-1.5347722215875514,-1.3599074605086414,-1.040376622418725,-0.6307290763166512,-0.24025529787673852,0.1524234638443227,0.5328310142616007,0.8628115557273949,1.1174391902808956,1.293646115096157,1.313778571141426,1.2971932621136566,1.211103045310553,1.0779412288968435,0.8723984395584755,0.5862299572007197,0.30255406463904483,0.070263869411962,-0.4492493653942955,0.0,0.0,0.0,0.0,0.0,0.0,0.0,0.0,0.0,0.0,0.0,0.0,0.0,0.0,0.0,0.0,0.0,0.0,0.0,0.0,0.0,0.0,0.0,0.0,0.0,0.0,0.0,0.0,0.0,0.0,0.0,0.0,0.0,0.0,0.0,0.0,0.0,0.0,0.0,0.0,0.0,0.0,0.0,0.0,0.0,0.0,0.0,0.0,0.0,0.0,0.0,0.0,0.0,0.0,0.0,0.0,0.0,0.0,0.0,0.0,0.0,0.0,0.0,0.0,0.0,0.0,0.0,0.0,0.0,0.0,0.0,0.0
363,-0.596238322876591,-0.9876918893421976,-1.2668873430965035,-1.4358958670308606,-1.5231340904146244,-1.4735085483378205,-1.278568814603731,-1.0451879264061408,-0.655391306253616,-0.37677578370888887,-0.06303299932682481,0.2499641592143524,0.5390184435314956,0.7826723988701939,1.023509545476653,1.187298688524802,1.3005509690239523,1.3717168131708213,1.3034506250718456,1.127151537359928,0.8580634561154219,0.5871527339265258,0.4014090522300411,-0.029645531118223854,0.0,0.0,0.0,0.0,0.0,0.0,0.0,0.0,0.0,0.0,0.0,0.0,0.0,0.0,0.0,0.0,0.0,0.0,0.0,0.0,0.0,0.0,0.0,0.0,0.0,0.0,0.0,0.0,0.0,0.0,0.0,0.0,0.0,0.0,0.0,0.0,0.0,0.0,0.0,0.0,0.0,0.0,0.0,0.0,0.0,0.0,0.0,0.0,0.0,0.0,0.0,0.0,0.0,0.0,0.0,0.0,0.0,0.0,0.0,0.0,0.0,0.0,0.0,0.0,0.0,0.0,0.0,0.0,0.0,0.0,0.0,0.0
364,-0.5797393951388168,-0.9842349767949269,-1.275258471345479,-1.456009742418179,-1.522222305176086,-1.4691373880703043,-1.3290818185191928,-1.0575856968761768,-0.7026469775568397,-0.3354010904386351,-0.003681894366494511,0.3229503390154475,0.5765600434574427,0.7843050359023253,1.0130542613906082,1.1829752248003047,1.3032572780879026,1.3323842418785554,1.2634641022048978,1.0893587017435864,0.826723740915755,0.6193889873975014,0.42452549724876687,-0.023947697341962906,0.0,0.0,0.0,0.0,0.0,0.0,0.0,0.0,0.0,0.0,0.0,0.0,0.0,0.0,0.0,0.0,0.0,0.0,0.0,0.0,0.0,0.0,0.0,0.0,0.0,0.0,0.0,0.0,0.0,0.0,0.0,0.0,0.0,0.0,0.0,0.0,0.0,0.0,0.0,0.0,0.0,0.0,0.0,0.0,0.0,0.0,0.0,0.0,0.0,0.0,0.0,0.0,0.0,0.0,0.0,0.0,0.0,0.0,0.0,0.0,0.0,0.0,0.0,0.0,0.0,0.0,0.0,0.0,0.0,0.0,0.0,0.0
365,-0.4601094426700103,-0.8808142848261125,-1.165322441298833,-1.3951247712774644,-1.5153261547506365,-1.4774674512945192,-1.3231932347108417,-1.1075879185282544,-0.7432925445217669,-0.3110407978115489,0.07189998764707634,0.424269870064887,0.72250180654045,0.9503165545876352,1.1595805379413229,1.2708851261023073,1.3420594885998076,1.372535744881982,1.2706011858263866,1.0272643693621932,0.6681745670809219,0.32508006700986,0.11042121841367557,-0.33631148236850716,0.0,0.0,0.0,0.0,0.0,0.0,0.0,0.0,0.0,0.0,0.0,0.0,0.0,0.0,0.0,0.0,0.0,0.0,0.0,0.0,0.0,0.0,0.0,0.0,0.0,0.0,0.0,0.0,0.0,0.0,0.0,0.0,0.0,0.0,0.0,0.0,0.0,0.0,0.0,0.0,0.0,0.0,0.0,0.0,0.0,0.0,0.0,0.0,0.0,0.0,0.0,0.0,0.0,0.0,0.0,0.0,0.0,0.0,0.0,0.0,0.0,0.0,0.0,0.0,0.0,0.0,0.0,0.0,0.0,0.0,0.0,0.0
366,-0.08015773108677458,-0.6214047767869613,-0.9936640880928848,-1.206661577775438,-1.3862262423080471,-1.4468916232164912,-1.4780145440833483,-1.4585627185415626,-1.2117676819801568,-0.7186639044958897,-0.1524942073202901,0.2771479893339012,0.6212021536042355,0.8687266336234583,1.0254354031444692,1.1455504258649958,1.2428095535739243,1.295694204265654,1.2538727793508149,1.0861007840529133,0.8163282785702731,0.6317790837425814,0.453430158306334,0.03643164825430336,0.0,0.0,0.0,0.0,0.0,0.0,0.0,0.0,0.0,0.0,0.0,0.0,0.0,0.0,0.0,0.0,0.0,0.0,0.0,0.0,0.0,0.0,0.0,0.0,0.0,0.0,0.0,0.0,0.0,0.0,0.0,0.0,0.0,0.0,0.0,0.0,0.0,0.0,0.0,0.0,0.0,0.0,0.0,0.0,0.0,0.0,0.0,0.0,0.0,0.0,0.0,0.0,0.0,0.0,0.0,0.0,0.0,0.0,0.0,0.0,0.0,0.0,0.0,0.0,0.0,0.0,0.0,0.0,0.0,0.0,0.0,0.0
367,-0.28537497765053504,-0.7228196943545655,-0.9462079760741111,-1.166946474152837,-1.3132606143198422,-1.3873393482784127,-1.4195975839057837,-1.477662408035052,-1.249550598955784,-0.7570364657164557,-0.23537471242810964,0.197692100869349,0.5266108962841519,0.7698149513176542,0.9493089909870984,1.0987337467324572,1.202420932677579,1.3063385345914678,1.324656604108439,1.19481720570827,0.9464287913775117,0.7147455347823563,0.5600212117553579,0.16958135267978264,0.0,0.0,0.0,0.0,0.0,0.0,0.0,0.0,0.0,0.0,0.0,0.0,0.0,0.0,0.0,0.0,0.0,0.0,0.0,0.0,0.0,0.0,0.0,0.0,0.0,0.0,0.0,0.0,0.0,0.0,0.0,0.0,0.0,0.0,0.0,0.0,0.0,0.0,0.0,0.0,0.0,0.0,0.0,0.0,0.0,0.0,0.0,0.0,0.0,0.0,0.0,0.0,0.0,0.0,0.0,0.0,0.0,0.0,0.0,0.0,0.0,0.0,0.0,0.0,0.0,0.0,0.0,0.0,0.0,0.0,0.0,0.0
368,-0.4401956949516102,-0.8210415808717386,-1.1007128551356324,-1.2879554566683886,-1.3532518415978052,-1.3736259038664969,-1.3835644708268342,-1.3960870651968593,-1.1409640513249988,-0.6942254664578337,-0.1893462648726948,0.22797416179187177,0.5568413425094356,0.7891056523725202,0.9387804707952011,1.0497942637421696,1.1589197289666742,1.2352479232220652,1.2535348864290858,1.1386450523675857,0.9383829281167876,0.7928823078174484,0.6929003241964543,0.4079616094435817,0.0,0.0,0.0,0.0,0.0,0.0,0.0,0.0,0.0,0.0,0.0,0.0,0.0,0.0,0.0,0.0,0.0,0.0,0.0,0.0,0.0,0.0,0.0,0.0,0.0,0.0,0.0,0.0,0.0,0.0,0.0,0.0,0.0,0.0,0.0,0.0,0.0,0.0,0.0,0.0,0.0,0.0,0.0,0.0,0.0,0.0,0.0,0.0,0.0,0.0,0.0,0.0,0.0,0.0,0.0,0.0,0.0,0.0,0.0,0.0,0.0,0.0,0.0,0.0,0.0,0.0,0.0,0.0,0.0,0.0,0.0,0.0
369,-0.9354618340221122,-1.1545941249203828,-1.316498293941625,-1.4157533178220962,-1.4535328201549784,-1.3926720538228652,-1.232444489934739,-0.9983345265139649,-0.6736319990671524,-0.36351593627844964,-0.056250102216044214,0.2389441748879255,0.5315676574544506,0.7640010157421087,0.9626228371785926,1.116423414723107,1.2205964803273857,1.262679269168599,1.2512224674256391,1.1421313600975533,0.9437330860121516,0.7521530061347551,0.5835983034188194,0.22301642612332281,0.0,0.0,0.0,0.0,0.0,0.0,0.0,0.0,0.0,0.0,0.0,0.0,0.0,0.0,0.0,0.0,0.0,0.0,0.0,0.0,0.0,0.0,0.0,0.0,0.0,0.0,0.0,0.0,0.0,0.0,0.0,0.0,0.0,0.0,0.0,0.0,0.0,0.0,0.0,0.0,0.0,0.0,0.0,0.0,0.0,0.0,0.0,0.0,0.0,0.0,0.0,0.0,0.0,0.0,0.0,0.0,0.0,0.0,0.0,0.0,0.0,0.0,0.0,0.0,0.0,0.0,0.0,0.0,0.0,0.0,0.0,0.0
370,-0.4772955379335326,-0.8912000326610872,-1.2074663220818387,-1.4366731844593656,-1.5437147482226825,-1.536583868059826,-1.320071539598593,-1.1186045846677821,-0.7824345198474094,-0.4065352655482653,-0.02319168580438101,0.312586572413637,0.5999375345806084,0.8220918781157498,1.0306113518889461,1.159123917461303,1.230197635128454,1.2779980406157332,1.2707887991324058,1.1221373741990148,0.875926105279292,0.6328492891784071,0.45810354452819,-0.04858075363696861,0.0,0.0,0.0,0.0,0.0,0.0,0.0,0.0,0.0,0.0,0.0,0.0,0.0,0.0,0.0,0.0,0.0,0.0,0.0,0.0,0.0,0.0,0.0,0.0,0.0,0.0,0.0,0.0,0.0,0.0,0.0,0.0,0.0,0.0,0.0,0.0,0.0,0.0,0.0,0.0,0.0,0.0,0.0,0.0,0.0,0.0,0.0,0.0,0.0,0.0,0.0,0.0,0.0,0.0,0.0,0.0,0.0,0.0,0.0,0.0,0.0,0.0,0.0,0.0,0.0,0.0,0.0,0.0,0.0,0.0,0.0,0.0
371,-0.5121027365284748,-0.9485985950730346,-1.245415778883335,-1.456931314405182,-1.5564375736835605,-1.5149334759473745,-1.323393174630109,-1.050250342469683,-0.7158501254152065,-0.38551893755055244,-0.05185854398513473,0.2981519486884775,0.5800986803687008,0.8115894500951292,1.0166685212621664,1.1585666664636012,1.2597745197668144,1.3043858761570466,1.2494169909199944,1.1080367221609004,0.8846100284652106,0.65119571766723,0.42969256504309233,0.00910291151329192,0.0,0.0,0.0,0.0,0.0,0.0,0.0,0.0,0.0,0.0,0.0,0.0,0.0,0.0,0.0,0.0,0.0,0.0,0.0,0.0,0.0,0.0,0.0,0.0,0.0,0.0,0.0,0.0,0.0,0.0,0.0,0.0,0.0,0.0,0.0,0.0,0.0,0.0,0.0,0.0,0.0,0.0,0.0,0.0,0.0,0.0,0.0,0.0,0.0,0.0,0.0,0.0,0.0,0.0,0.0,0.0,0.0,0.0,0.0,0.0,0.0,0.0,0.0,0.0,0.0,0.0,0.0,0.0,0.0,0.0,0.0,0.0
372,-0.4850161250097547,-0.8973391380027917,-1.2002365185065351,-1.3975490836283173,-1.5170662747917785,-1.4711270897825086,-1.2892531032294154,-1.0884009615577388,-0.7464929288657958,-0.31955974883702365,0.10255358227274305,0.4708954738798562,0.7367402658187459,0.9765277495392628,1.1822750502693042,1.3060096092368951,1.3597810487395487,1.3429868876623894,1.2188757779980013,0.9765277495392628,0.6497570548585709,0.3409101733454302,0.09758311307501878,-0.34938256402336937,0.0,0.0,0.0,0.0,0.0,0.0,0.0,0.0,0.0,0.0,0.0,0.0,0.0,0.0,0.0,0.0,0.0,0.0,0.0,0.0,0.0,0.0,0.0,0.0,0.0,0.0,0.0,0.0,0.0,0.0,0.0,0.0,0.0,0.0,0.0,0.0,0.0,0.0,0.0,0.0,0.0,0.0,0.0,0.0,0.0,0.0,0.0,0.0,0.0,0.0,0.0,0.0,0.0,0.0,0.0,0.0,0.0,0.0,0.0,0.0,0.0,0.0,0.0,0.0,0.0,0.0,0.0,0.0,0.0,0.0,0.0,0.0
373,-0.07338242803259187,-0.5428230313525878,-0.9149428094802237,-1.1808861150949939,-1.36174217016635,-1.4524897313682315,-1.492385791977107,-1.4439079700473292,-1.1733998977725046,-0.7278786717511938,-0.24017900179098017,0.17393662960915632,0.5088079117907481,0.7487320474432082,0.9634586711321679,1.108344364922295,1.2535952400452264,1.3624192772209236,1.3749267378694727,1.232506018075775,0.9259362891865205,0.6112412756423692,0.38848066263171377,-0.04836750673549368,0.0,0.0,0.0,0.0,0.0,0.0,0.0,0.0,0.0,0.0,0.0,0.0,0.0,0.0,0.0,0.0,0.0,0.0,0.0,0.0,0.0,0.0,0.0,0.0,0.0,0.0,0.0,0.0,0.0,0.0,0.0,0.0,0.0,0.0,0.0,0.0,0.0,0.0,0.0,0.0,0.0,0.0,0.0,0.0,0.0,0.0,0.0,0.0,0.0,0.0,0.0,0.0,0.0,0.0,0.0,0.0,0.0,0.0,0.0,0.0,0.0,0.0,0.0,0.0,0.0,0.0,0.0,0.0,0.0,0.0,0.0,0.0
374,-0.3725130372385393,-0.7071297689677846,-0.9819907121857373,-1.1850192377181994,-1.3108828080077328,-1.3938508188278738,-1.428825991631071,-1.4060842873419965,-1.140633704519523,-0.7775506325939533,-0.3485166182300675,0.0628729703922949,0.43481746502360735,0.7208140013762104,0.9356838970729838,1.0929153353474474,1.1958019423380193,1.2776720777786876,1.3233907453667237,1.2139168860993166,1.00500688531968,0.8185249101492686,0.6643518390033357,0.30722866199490284,0.0,0.0,0.0,0.0,0.0,0.0,0.0,0.0,0.0,0.0,0.0,0.0,0.0,0.0,0.0,0.0,0.0,0.0,0.0,0.0,0.0,0.0,0.0,0.0,0.0,0.0,0.0,0.0,0.0,0.0,0.0,0.0,0.0,0.0,0.0,0.0,0.0,0.0,0.0,0.0,0.0,0.0,0.0,0.0,0.0,0.0,0.0,0.0,0.0,0.0,0.0,0.0,0.0,0.0,0.0,0.0,0.0,0.0,0.0,0.0,0.0,0.0,0.0,0.0,0.0,0.0,0.0,0.0,0.0,0.0,0.0,0.0
375,-0.8308112533075058,-1.1003567320755734,-1.2961618621066686,-1.4178847252459057,-1.471166971048896,-1.4071143033670126,-1.2465837296482714,-1.0450229773432702,-0.738151433333536,-0.3949225921876436,-0.036763324945084476,0.2890276903016475,0.5734466088072342,0.8099969856288511,1.016629523897987,1.1453047228532294,1.2193869897450873,1.2476522238822885,1.2323228932715886,1.1271260742851505,0.9221461404312945,0.7144308613383544,0.5342969800728447,0.15317221009380963,0.0,0.0,0.0,0.0,0.0,0.0,0.0,0.0,0.0,0.0,0.0,0.0,0.0,0.0,0.0,0.0,0.0,0.0,0.0,0.0,0.0,0.0,0.0,0.0,0.0,0.0,0.0,0.0,0.0,0.0,0.0,0.0,0.0,0.0,0.0,0.0,0.0,0.0,0.0,0.0,0.0,0.0,0.0,0.0,0.0,0.0,0.0,0.0,0.0,0.0,0.0,0.0,0.0,0.0,0.0,0.0,0.0,0.0,0.0,0.0,0.0,0.0,0.0,0.0,0.0,0.0,0.0,0.0,0.0,0.0,0.0,0.0
376,-0.4383658502832728,-0.8766782043475793,-1.208140777063093,-1.4235522187676017,-1.5537976798776787,-1.5366788898084462,-1.3529372097320178,-1.112703522427122,-0.7350202165246805,-0.3805186055076581,-0.04106726409316915,0.32299233804584143,0.6202173306228903,0.8416916771435854,1.0313536054522903,1.151399120812783,1.2576069475339795,1.2922724974241753,1.266380327444461,1.1295013351825565,0.8848452937764423,0.6083768341583379,0.37063963707187186,-0.11781650623689474,0.0,0.0,0.0,0.0,0.0,0.0,0.0,0.0,0.0,0.0,0.0,0.0,0.0,0.0,0.0,0.0,0.0,0.0,0.0,0.0,0.0,0.0,0.0,0.0,0.0,0.0,0.0,0.0,0.0,0.0,0.0,0.0,0.0,0.0,0.0,0.0,0.0,0.0,0.0,0.0,0.0,0.0,0.0,0.0,0.0,0.0,0.0,0.0,0.0,0.0,0.0,0.0,0.0,0.0,0.0,0.0,0.0,0.0,0.0,0.0,0.0,0.0,0.0,0.0,0.0,0.0,0.0,0.0,0.0,0.0,0.0,0.0
377,-0.5940807413529812,-0.9880316687002285,-1.2619801377606727,-1.4343036678605219,-1.5283170223240685,-1.4663271810147716,-1.2758318500886352,-0.9895402710329768,-0.6152011740114585,-0.26163964548188373,0.14554583869356524,0.5413482325400947,0.8787951452425845,1.149246399804385,1.331444417900405,1.4004972610402968,1.3446789747286068,1.1798984562924997,1.0084663730256382,0.7920505111095526,0.5390167562076653,0.3171836404603468,0.09528195187972152,-0.30820059929716326,0.0,0.0,0.0,0.0,0.0,0.0,0.0,0.0,0.0,0.0,0.0,0.0,0.0,0.0,0.0,0.0,0.0,0.0,0.0,0.0,0.0,0.0,0.0,0.0,0.0,0.0,0.0,0.0,0.0,0.0,0.0,0.0,0.0,0.0,0.0,0.0,0.0,0.0,0.0,0.0,0.0,0.0,0.0,0.0,0.0,0.0,0.0,0.0,0.0,0.0,0.0,0.0,0.0,0.0,0.0,0.0,0.0,0.0,0.0,0.0,0.0,0.0,0.0,0.0,0.0,0.0,0.0,0.0,0.0,0.0,0.0,0.0
378,-0.4781541625427559,-0.9279298143405386,-1.2289038854043652,-1.439344955892193,-1.5297174369636246,-1.4900691193354831,-1.2793070098385206,-1.0115604762201404,-0.6607450989881442,-0.29163049823546705,0.09787007959726653,0.498928061758851,0.8134660309586208,1.0326554144453703,1.213560896092801,1.327449484583353,1.353694423580119,1.3131632486768567,1.1826608914635817,0.9018320182229603,0.5670685914477014,0.3274129711286117,0.10348826225712462,-0.39588791645197663,0.0,0.0,0.0,0.0,0.0,0.0,0.0,0.0,0.0,0.0,0.0,0.0,0.0,0.0,0.0,0.0,0.0,0.0,0.0,0.0,0.0,0.0,0.0,0.0,0.0,0.0,0.0,0.0,0.0,0.0,0.0,0.0,0.0,0.0,0.0,0.0,0.0,0.0,0.0,0.0,0.0,0.0,0.0,0.0,0.0,0.0,0.0,0.0,0.0,0.0,0.0,0.0,0.0,0.0,0.0,0.0,0.0,0.0,0.0,0.0,0.0,0.0,0.0,0.0,0.0,0.0,0.0,0.0,0.0,0.0,0.0,0.0
379,-0.4826297472668663,-0.9168653483385871,-1.2080892245064478,-1.4448943534056966,-1.5505744462242634,-1.494112674314168,-1.2688227752123729,-1.0623844216660863,-0.6458859890727014,-0.23105912209507598,0.15191513342668975,0.5179880032779993,0.824813158526281,1.0484314920123168,1.2428902919789941,1.3300902982677765,1.3506134094390447,1.2812434363850294,1.1361886868396855,0.895111779144607,0.5529051516960846,0.312942621078179,0.08440245550129603,-0.4242178154717182,0.0,0.0,0.0,0.0,0.0,0.0,0.0,0.0,0.0,0.0,0.0,0.0,0.0,0.0,0.0,0.0,0.0,0.0,0.0,0.0,0.0,0.0,0.0,0.0,0.0,0.0,0.0,0.0,0.0,0.0,0.0,0.0,0.0,0.0,0.0,0.0,0.0,0.0,0.0,0.0,0.0,0.0,0.0,0.0,0.0,0.0,0.0,0.0,0.0,0.0,0.0,0.0,0.0,0.0,0.0,0.0,0.0,0.0,0.0,0.0,0.0,0.0,0.0,0.0,0.0,0.0,0.0,0.0,0.0,0.0,0.0,0.0
380,-0.4109420350161253,-0.8243618808021722,-1.0536746240324424,-1.2274959307177322,-1.3483324233811012,-1.3737443896493633,-1.3443564014479716,-1.293100292614368,-1.101386887229996,-0.7069827985154375,-0.27273205521016897,0.12391935024920162,0.4554850053684314,0.7247308384488279,0.9511912181183748,1.1129115884854444,1.2641732924631952,1.359597818858302,1.3735138956242552,1.2657291271326807,0.9633785896960108,0.7183346292520544,0.5276584469806725,0.11648591793943786,0.0,0.0,0.0,0.0,0.0,0.0,0.0,0.0,0.0,0.0,0.0,0.0,0.0,0.0,0.0,0.0,0.0,0.0,0.0,0.0,0.0,0.0,0.0,0.0,0.0,0.0,0.0,0.0,0.0,0.0,0.0,0.0,0.0,0.0,0.0,0.0,0.0,0.0,0.0,0.0,0.0,0.0,0.0,0.0,0.0,0.0,0.0,0.0,0.0,0.0,0.0,0.0,0.0,0.0,0.0,0.0,0.0,0.0,0.0,0.0,0.0,0.0,0.0,0.0,0.0,0.0,0.0,0.0,0.0,0.0,0.0,0.0
381,-0.5060384729853252,-0.8061968865856515,-0.9839731143832695,-1.14927381742316,-1.261621342007696,-1.3320673758298642,-1.3753927036569726,-1.3924787484338603,-1.1610713245310111,-0.7680244928976045,-0.38141882893802465,-0.014746883884813858,0.2994464950679559,0.56360217145984,0.7724316076218017,0.9196292394099898,1.0763869200614364,1.2366024907272533,1.3223717234366303,1.310235207503841,1.1705635716292822,1.0348922398889946,0.8912202998801645,0.5349220248700641,0.0,0.0,0.0,0.0,0.0,0.0,0.0,0.0,0.0,0.0,0.0,0.0,0.0,0.0,0.0,0.0,0.0,0.0,0.0,0.0,0.0,0.0,0.0,0.0,0.0,0.0,0.0,0.0,0.0,0.0,0.0,0.0,0.0,0.0,0.0,0.0,0.0,0.0,0.0,0.0,0.0,0.0,0.0,0.0,0.0,0.0,0.0,0.0,0.0,0.0,0.0,0.0,0.0,0.0,0.0,0.0,0.0,0.0,0.0,0.0,0.0,0.0,0.0,0.0,0.0,0.0,0.0,0.0,0.0,0.0,0.0,0.0
382,-0.7065788321908429,-1.007214394716918,-1.2230188271364695,-1.3954591035910247,-1.4836780583823137,-1.4731758018595411,-1.3376628144689282,-1.106680927461628,-0.7328005952509266,-0.36474732149802136,-0.005231365950724798,0.36146677792827425,0.6518711099063581,0.8678788118069954,1.0502792928347606,1.1486617216803459,1.2050351244348407,1.243995108309642,1.2381680498518457,1.1389047865882216,0.9052803963268046,0.6597308631750137,0.4116065832628011,-0.0466305835985571,0.0,0.0,0.0,0.0,0.0,0.0,0.0,0.0,0.0,0.0,0.0,0.0,0.0,0.0,0.0,0.0,0.0,0.0,0.0,0.0,0.0,0.0,0.0,0.0,0.0,0.0,0.0,0.0,0.0,0.0,0.0,0.0,0.0,0.0,0.0,0.0,0.0,0.0,0.0,0.0,0.0,0.0,0.0,0.0,0.0,0.0,0.0,0.0,0.0,0.0,0.0,0.0,0.0,0.0,0.0,0.0,0.0,0.0,0.0,0.0,0.0,0.0,0.0,0.0,0.0,0.0,0.0,0.0,0.0,0.0,0.0,0.0
383,-0.630648481094613,-0.9769329490273182,-1.246493104456096,-1.4152244670153404,-1.5176063836197713,-1.4804556638810276,-1.3005418104305226,-1.078258741492019,-0.7155732869187982,-0.3971207963154528,-0.016170606619839507,0.35918833763014346,0.680995575500867,0.9152687596727779,1.0979782358460979,1.2022239009324056,1.2586333549838762,1.2687597217354067,1.222911509081238,1.074308630126263,0.8311515781907394,0.5792349083903949,0.3429737258378155,-0.058601947057234136,0.0,0.0,0.0,0.0,0.0,0.0,0.0,0.0,0.0,0.0,0.0,0.0,0.0,0.0,0.0,0.0,0.0,0.0,0.0,0.0,0.0,0.0,0.0,0.0,0.0,0.0,0.0,0.0,0.0,0.0,0.0,0.0,0.0,0.0,0.0,0.0,0.0,0.0,0.0,0.0,0.0,0.0,0.0,0.0,0.0,0.0,0.0,0.0,0.0,0.0,0.0,0.0,0.0,0.0,0.0,0.0,0.0,0.0,0.0,0.0,0.0,0.0,0.0,0.0,0.0,0.0,0.0,0.0,0.0,0.0,0.0,0.0
384,-0.6120753275814435,-0.9565001774944626,-1.2127358367057324,-1.3833053492606127,-1.4708491100902932,-1.4327687476382405,-1.2872536492082085,-1.0990228283358123,-0.8241870537203811,-0.5212457419485043,-0.1792852606379292,0.17552514267110425,0.511676755133061,0.798893048203628,1.0239720472268548,1.1708366808439394,1.2671817581109202,1.3066116557500256,1.275161618347406,1.1452541877328533,0.9215247238966792,0.7186837177383645,0.5256415105469109,0.13826623641986624,0.0,0.0,0.0,0.0,0.0,0.0,0.0,0.0,0.0,0.0,0.0,0.0,0.0,0.0,0.0,0.0,0.0,0.0,0.0,0.0,0.0,0.0,0.0,0.0,0.0,0.0,0.0,0.0,0.0,0.0,0.0,0.0,0.0,0.0,0.0,0.0,0.0,0.0,0.0,0.0,0.0,0.0,0.0,0.0,0.0,0.0,0.0,0.0,0.0,0.0,0.0,0.0,0.0,0.0,0.0,0.0,0.0,0.0,0.0,0.0,0.0,0.0,0.0,0.0,0.0,0.0,0.0,0.0,0.0,0.0,0.0,0.0
385,-0.5432074614160292,-0.9176106050321584,-1.1971172366374758,-1.4028908826427149,-1.5159275601484414,-1.5053766475646646,-1.3505065271829104,-1.1336883586484545,-0.8151865413533887,-0.4188794564083659,0.006242109101708454,0.3997726381036321,0.724814787175776,0.9793941165363808,1.1557979707879487,1.2293458526584868,1.2518051051760002,1.215154566727091,1.1432109171792324,1.012280879151311,0.7780012587969203,0.5852465751026573,0.363122099654723,-0.04379759911725675,0.0,0.0,0.0,0.0,0.0,0.0,0.0,0.0,0.0,0.0,0.0,0.0,0.0,0.0,0.0,0.0,0.0,0.0,0.0,0.0,0.0,0.0,0.0,0.0,0.0,0.0,0.0,0.0,0.0,0.0,0.0,0.0,0.0,0.0,0.0,0.0,0.0,0.0,0.0,0.0,0.0,0.0,0.0,0.0,0.0,0.0,0.0,0.0,0.0,0.0,0.0,0.0,0.0,0.0,0.0,0.0,0.0,0.0,0.0,0.0,0.0,0.0,0.0,0.0,0.0,0.0,0.0,0.0,0.0,0.0,0.0,0.0
386,-0.3757469910933414,-0.8274614966801006,-1.1724279049326904,-1.3941409879500446,-1.5333279314620674,-1.5322561634165435,-1.3618450441782612,-1.1425613020640941,-0.8218883028433769,-0.4065424596013916,-0.015990183812523304,0.3774201400977418,0.7065243812765796,0.9421704488857431,1.1292296984311616,1.2248314080918834,1.274632896607222,1.2943534286448597,1.2138993740275408,1.0552777032900202,0.7664719406228768,0.5153209619551358,0.27381589569710896,-0.18975950959344678,0.0,0.0,0.0,0.0,0.0,0.0,0.0,0.0,0.0,0.0,0.0,0.0,0.0,0.0,0.0,0.0,0.0,0.0,0.0,0.0,0.0,0.0,0.0,0.0,0.0,0.0,0.0,0.0,0.0,0.0,0.0,0.0,0.0,0.0,0.0,0.0,0.0,0.0,0.0,0.0,0.0,0.0,0.0,0.0,0.0,0.0,0.0,0.0,0.0,0.0,0.0,0.0,0.0,0.0,0.0,0.0,0.0,0.0,0.0,0.0,0.0,0.0,0.0,0.0,0.0,0.0,0.0,0.0,0.0,0.0,0.0,0.0
387,-0.22581726053620715,-0.6426124847664219,-0.9899182024050049,-1.2291606465276221,-1.391255556801571,-1.4646449846815084,-1.4747847800311036,-1.4648577076608704,-1.1602384012142897,-0.6171566349027527,-0.08903638480635277,0.38526495151142637,0.7477449083445086,0.9767766494577432,1.1334116699280639,1.2114810033539682,1.253316522628522,1.2498420472989404,1.1709218219555875,0.9955671793013987,0.7576719807147417,0.5571451188360335,0.338253173072394,-0.027913982069631936,0.0,0.0,0.0,0.0,0.0,0.0,0.0,0.0,0.0,0.0,0.0,0.0,0.0,0.0,0.0,0.0,0.0,0.0,0.0,0.0,0.0,0.0,0.0,0.0,0.0,0.0,0.0,0.0,0.0,0.0,0.0,0.0,0.0,0.0,0.0,0.0,0.0,0.0,0.0,0.0,0.0,0.0,0.0,0.0,0.0,0.0,0.0,0.0,0.0,0.0,0.0,0.0,0.0,0.0,0.0,0.0,0.0,0.0,0.0,0.0,0.0,0.0,0.0,0.0,0.0,0.0,0.0,0.0,0.0,0.0,0.0,0.0
388,-0.2543634668056249,-0.6471327144675268,-0.9281683800604179,-1.1565596424360887,-1.304572242403074,-1.3919025729119703,-1.413771362143883,-1.4347711928632694,-1.244614105038757,-0.8027487014191174,-0.32815252716098586,0.0853993115921708,0.4328378901839491,0.7064874084203664,0.9002651567137383,1.0597914569716973,1.2137419401076124,1.3322099506487024,1.353354607786843,1.2308314575206303,1.0048298310544068,0.8348760286461319,0.6086571625517768,0.14347470551268063,0.0,0.0,0.0,0.0,0.0,0.0,0.0,0.0,0.0,0.0,0.0,0.0,0.0,0.0,0.0,0.0,0.0,0.0,0.0,0.0,0.0,0.0,0.0,0.0,0.0,0.0,0.0,0.0,0.0,0.0,0.0,0.0,0.0,0.0,0.0,0.0,0.0,0.0,0.0,0.0,0.0,0.0,0.0,0.0,0.0,0.0,0.0,0.0,0.0,0.0,0.0,0.0,0.0,0.0,0.0,0.0,0.0,0.0,0.0,0.0,0.0,0.0,0.0,0.0,0.0,0.0,0.0,0.0,0.0,0.0,0.0,0.0
389,-0.6356217304813152,-0.9648425730182204,-1.2245782792530282,-1.4092940446626347,-1.505919728445494,-1.4665092528653214,-1.2981311634576476,-1.0620684163276812,-0.7186437983278713,-0.36615010303719253,0.01148360797890918,0.4037212008089834,0.7134702009272585,0.9518669017717868,1.1627229487844857,1.249946133317253,1.2744193051242296,1.2664838624947194,1.2027335838912596,1.039090086304554,0.7852226065520732,0.5518272350958917,0.2728864240098325,-0.2341150071848384,0.0,0.0,0.0,0.0,0.0,0.0,0.0,0.0,0.0,0.0,0.0,0.0,0.0,0.0,0.0,0.0,0.0,0.0,0.0,0.0,0.0,0.0,0.0,0.0,0.0,0.0,0.0,0.0,0.0,0.0,0.0,0.0,0.0,0.0,0.0,0.0,0.0,0.0,0.0,0.0,0.0,0.0,0.0,0.0,0.0,0.0,0.0,0.0,0.0,0.0,0.0,0.0,0.0,0.0,0.0,0.0,0.0,0.0,0.0,0.0,0.0,0.0,0.0,0.0,0.0,0.0,0.0,0.0,0.0,0.0,0.0,0.0
390,-0.5902651480145508,-0.9447099746828161,-1.2209015920921478,-1.4150734557304978,-1.5025482050016874,-1.4693636490420898,-1.2804519596360833,-1.0679019563958427,-0.7558632256994311,-0.40174310114427336,-0.028725313606252776,0.3314342702527065,0.6524997196935097,0.914209622858242,1.1320847407534473,1.26449826247873,1.3122294731055486,1.3100864391590383,1.2262483535546538,1.0560395058636454,0.7736785483052692,0.5555436687195778,0.30734137346012197,-0.15834639715881005,0.0,0.0,0.0,0.0,0.0,0.0,0.0,0.0,0.0,0.0,0.0,0.0,0.0,0.0,0.0,0.0,0.0,0.0,0.0,0.0,0.0,0.0,0.0,0.0,0.0,0.0,0.0,0.0,0.0,0.0,0.0,0.0,0.0,0.0,0.0,0.0,0.0,0.0,0.0,0.0,0.0,0.0,0.0,0.0,0.0,0.0,0.0,0.0,0.0,0.0,0.0,0.0,0.0,0.0,0.0,0.0,0.0,0.0,0.0,0.0,0.0,0.0,0.0,0.0,0.0,0.0,0.0,0.0,0.0,0.0,0.0,0.0
391,-0.5651143618669567,-0.9707239815789753,-1.2537004770135547,-1.450182834763741,-1.5501449177623128,-1.501660314631269,-1.2929819841799095,-1.0064888585799614,-0.6671714585810673,-0.35291940125022825,0.02350967028106965,0.3958983582181139,0.7176326073901634,0.9596066915349094,1.1463621998915223,1.2680226392296043,1.2990737353706276,1.2805927215228379,1.1822767207293325,0.9998608836406216,0.716659922450806,0.5283331538075389,0.2852367408866113,-0.1919774547457914,0.0,0.0,0.0,0.0,0.0,0.0,0.0,0.0,0.0,0.0,0.0,0.0,0.0,0.0,0.0,0.0,0.0,0.0,0.0,0.0,0.0,0.0,0.0,0.0,0.0,0.0,0.0,0.0,0.0,0.0,0.0,0.0,0.0,0.0,0.0,0.0,0.0,0.0,0.0,0.0,0.0,0.0,0.0,0.0,0.0,0.0,0.0,0.0,0.0,0.0,0.0,0.0,0.0,0.0,0.0,0.0,0.0,0.0,0.0,0.0,0.0,0.0,0.0,0.0,0.0,0.0,0.0,0.0,0.0,0.0,0.0,0.0
392,-0.4873686978735109,-0.9150579207000212,-1.2123881251295068,-1.44224029862552,-1.5496140996729435,-1.49100179543146,-1.2732989511059505,-1.0047002683634663,-0.6856982875757851,-0.33041249940051903,0.044656993707796855,0.4150473532842296,0.7361015856209824,1.0034689174340234,1.2511346343759777,1.3536651217675921,1.3487397180498204,1.299649860996029,1.1651863395008613,0.9308192125968907,0.6123097721809867,0.42046529737377847,0.14817256184296568,-0.33763642485325085,0.0,0.0,0.0,0.0,0.0,0.0,0.0,0.0,0.0,0.0,0.0,0.0,0.0,0.0,0.0,0.0,0.0,0.0,0.0,0.0,0.0,0.0,0.0,0.0,0.0,0.0,0.0,0.0,0.0,0.0,0.0,0.0,0.0,0.0,0.0,0.0,0.0,0.0,0.0,0.0,0.0,0.0,0.0,0.0,0.0,0.0,0.0,0.0,0.0,0.0,0.0,0.0,0.0,0.0,0.0,0.0,0.0,0.0,0.0,0.0,0.0,0.0,0.0,0.0,0.0,0.0,0.0,0.0,0.0,0.0,0.0,0.0
393,-0.5139820181384948,-0.9251535726180203,-1.2415042762081354,-1.4378104328092547,-1.5527090083531845,-1.4810028488727585,-1.2503620959086585,-1.0221677883856555,-0.660093863103316,-0.2875592745555965,0.11416393891003758,0.5136937874974469,0.8365402255346123,1.0769667602630997,1.2548823959621804,1.3406767067758196,1.3566207822367613,1.2903136747642732,1.1260643894602855,0.8659819310153989,0.5219610858846019,0.33012601922755613,0.08927768356094853,-0.34492420213993735,0.0,0.0,0.0,0.0,0.0,0.0,0.0,0.0,0.0,0.0,0.0,0.0,0.0,0.0,0.0,0.0,0.0,0.0,0.0,0.0,0.0,0.0,0.0,0.0,0.0,0.0,0.0,0.0,0.0,0.0,0.0,0.0,0.0,0.0,0.0,0.0,0.0,0.0,0.0,0.0,0.0,0.0,0.0,0.0,0.0,0.0,0.0,0.0,0.0,0.0,0.0,0.0,0.0,0.0,0.0,0.0,0.0,0.0,0.0,0.0,0.0,0.0,0.0,0.0,0.0,0.0,0.0,0.0,0.0,0.0,0.0,0.0
394,-0.3324741054696168,-0.7517997785838731,-1.0375651154560939,-1.249379259442624,-1.3883178642581644,-1.4330471312278124,-1.366356600916353,-1.3358797456664926,-1.0753026332801858,-0.6496126756872822,-0.19263912255849244,0.24721360894464045,0.5931259160305564,0.8570196273705245,1.0604078172585638,1.197822579311611,1.3145310073566647,1.3639214404233504,1.3120211486890292,1.1210926143296094,0.8114836201148506,0.603434264129774,0.37548531442272953,-0.04518492583490295,0.0,0.0,0.0,0.0,0.0,0.0,0.0,0.0,0.0,0.0,0.0,0.0,0.0,0.0,0.0,0.0,0.0,0.0,0.0,0.0,0.0,0.0,0.0,0.0,0.0,0.0,0.0,0.0,0.0,0.0,0.0,0.0,0.0,0.0,0.0,0.0,0.0,0.0,0.0,0.0,0.0,0.0,0.0,0.0,0.0,0.0,0.0,0.0,0.0,0.0,0.0,0.0,0.0,0.0,0.0,0.0,0.0,0.0,0.0,0.0,0.0,0.0,0.0,0.0,0.0,0.0,0.0,0.0,0.0,0.0,0.0,0.0
395,-0.4473044273737536,-0.7476725188146824,-1.0000801725112565,-1.1823745890698931,-1.3045506342102562,-1.358851098717084,-1.3556437910607742,-1.4003969211488192,-1.167978998891572,-0.768035193004743,-0.34116492051494013,0.0619116044780521,0.4317962246557443,0.7433525986186844,0.9732345101709424,1.1092840256385992,1.2129621103425703,1.2968742292576547,1.315595955344487,1.203563953024081,0.9853924438448612,0.8453897352194271,0.654815989594502,0.23987988512817784,0.0,0.0,0.0,0.0,0.0,0.0,0.0,0.0,0.0,0.0,0.0,0.0,0.0,0.0,0.0,0.0,0.0,0.0,0.0,0.0,0.0,0.0,0.0,0.0,0.0,0.0,0.0,0.0,0.0,0.0,0.0,0.0,0.0,0.0,0.0,0.0,0.0,0.0,0.0,0.0,0.0,0.0,0.0,0.0,0.0,0.0,0.0,0.0,0.0,0.0,0.0,0.0,0.0,0.0,0.0,0.0,0.0,0.0,0.0,0.0,0.0,0.0,0.0,0.0,0.0,0.0,0.0,0.0,0.0,0.0,0.0,0.0
396,-0.7812026699096399,-1.057627861896535,-1.2804526011435888,-1.4237061920970928,-1.4807523882273523,-1.440488238609686,-1.247909469122971,-1.0099617449957476,-0.7228802725236699,-0.3861545712044537,-0.04662122712267432,0.28378727798077497,0.5711239907039948,0.8267471022228086,1.0391069911730364,1.1799357997406903,1.2545297631369692,1.2912205492386462,1.2488506675490576,1.1211029218524362,0.8718608166121748,0.7027003401677476,0.45977543114325337,0.027015585331821714,0.0,0.0,0.0,0.0,0.0,0.0,0.0,0.0,0.0,0.0,0.0,0.0,0.0,0.0,0.0,0.0,0.0,0.0,0.0,0.0,0.0,0.0,0.0,0.0,0.0,0.0,0.0,0.0,0.0,0.0,0.0,0.0,0.0,0.0,0.0,0.0,0.0,0.0,0.0,0.0,0.0,0.0,0.0,0.0,0.0,0.0,0.0,0.0,0.0,0.0,0.0,0.0,0.0,0.0,0.0,0.0,0.0,0.0,0.0,0.0,0.0,0.0,0.0,0.0,0.0,0.0,0.0,0.0,0.0,0.0,0.0,0.0
397,-0.6605779154384173,-0.9925447286342804,-1.2399973400431024,-1.4121950261841987,-1.4884442361788308,-1.4487971326934395,-1.2450930492684975,-1.0108768532866166,-0.8056191999758835,-0.4588624014672882,-0.11123560382264976,0.24776332538598023,0.553133022137098,0.8253806089231476,1.0438746776608216,1.1982995243084666,1.2848022955493206,1.2946208572275208,1.257521608354827,1.133298160286963,0.8975905372147224,0.7125914352147066,0.45500954815052597,-0.029642113420896052,0.0,0.0,0.0,0.0,0.0,0.0,0.0,0.0,0.0,0.0,0.0,0.0,0.0,0.0,0.0,0.0,0.0,0.0,0.0,0.0,0.0,0.0,0.0,0.0,0.0,0.0,0.0,0.0,0.0,0.0,0.0,0.0,0.0,0.0,0.0,0.0,0.0,0.0,0.0,0.0,0.0,0.0,0.0,0.0,0.0,0.0,0.0,0.0,0.0,0.0,0.0,0.0,0.0,0.0,0.0,0.0,0.0,0.0,0.0,0.0,0.0,0.0,0.0,0.0,0.0,0.0,0.0,0.0,0.0,0.0,0.0,0.0
398,-0.626562495319784,-0.9477124592262145,-1.217693613145216,-1.4038530000921459,-1.504876995360725,-1.4752891626907325,-1.282561652212409,-1.048236026035259,-0.7810072286436984,-0.46173387146052325,-0.12056676917270243,0.2523149867381337,0.5601410429094513,0.8248676980033379,1.0339842405314248,1.1690373710483672,1.2542353162841597,1.295207896408568,1.2715000981381088,1.1438908409567459,0.9091273398775027,0.7317254509724312,0.44842038931831674,-0.024359397827145315,0.0,0.0,0.0,0.0,0.0,0.0,0.0,0.0,0.0,0.0,0.0,0.0,0.0,0.0,0.0,0.0,0.0,0.0,0.0,0.0,0.0,0.0,0.0,0.0,0.0,0.0,0.0,0.0,0.0,0.0,0.0,0.0,0.0,0.0,0.0,0.0,0.0,0.0,0.0,0.0,0.0,0.0,0.0,0.0,0.0,0.0,0.0,0.0,0.0,0.0,0.0,0.0,0.0,0.0,0.0,0.0,0.0,0.0,0.0,0.0,0.0,0.0,0.0,0.0,0.0,0.0,0.0,0.0,0.0,0.0,0.0,0.0
399,-0.5530532755800329,-0.9190575060674568,-1.2006040701431109,-1.4014116262534833,-1.5050298378810578,-1.4769823292592388,-1.283233921386268,-1.057656318335727,-0.8027076163688545,-0.4441407027744072,-0.03691608882929852,0.38026696637928753,0.7501789396409874,1.0131322114841996,1.2069436474664328,1.2929770166097656,1.2995319399730672,1.249424593109368,1.1627609428734098,1.000967786396534,0.7342328279975712,0.5419340666376382,0.23530231507550328,-0.18685996076482145,0.0,0.0,0.0,0.0,0.0,0.0,0.0,0.0,0.0,0.0,0.0,0.0,0.0,0.0,0.0,0.0,0.0,0.0,0.0,0.0,0.0,0.0,0.0,0.0,0.0,0.0,0.0,0.0,0.0,0.0,0.0,0.0,0.0,0.0,0.0,0.0,0.0,0.0,0.0,0.0,0.0,0.0,0.0,0.0,0.0,0.0,0.0,0.0,0.0,0.0,0.0,0.0,0.0,0.0,0.0,0.0,0.0,0.0,0.0,0.0,0.0,0.0,0.0,0.0,0.0,0.0,0.0,0.0,0.0,0.0,0.0,0.0
400,-0.3592847550926928,-0.8148577725797718,-1.1460914740346997,-1.3614050733330076,-1.5025828171162212,-1.4827041176878835,-1.3130725492327358,-1.0965896146739373,-0.7915490230539954,-0.3560885720473523,0.06479416604517671,0.4841957461410844,0.8351522356562845,1.1157926981739923,1.3072518581582953,1.3868446115556785,1.365874532550883,1.2904913860912655,1.1161824765941557,0.8689850025264748,0.515923709542392,0.3084056786473536,0.008276295121471667,-0.44394462795220135,0.0,0.0,0.0,0.0,0.0,0.0,0.0,0.0,0.0,0.0,0.0,0.0,0.0,0.0,0.0,0.0,0.0,0.0,0.0,0.0,0.0,0.0,0.0,0.0,0.0,0.0,0.0,0.0,0.0,0.0,0.0,0.0,0.0,0.0,0.0,0.0,0.0,0.0,0.0,0.0,0.0,0.0,0.0,0.0,0.0,0.0,0.0,0.0,0.0,0.0,0.0,0.0,0.0,0.0,0.0,0.0,0.0,0.0,0.0,0.0,0.0,0.0,0.0,0.0,0.0,0.0,0.0,0.0,0.0,0.0,0.0,0.0
401,-0.16009151266097843,-0.613289044133884,-0.9327358811331095,-1.2003256126791975,-1.3686182632553934,-1.4288679155876587,-1.3994498302113474,-1.3663213556884741,-1.1677271937486902,-0.7151480604668782,-0.2035560712349881,0.25997754428905395,0.6241257362444763,0.8736935776501212,1.048611923130892,1.17865222845801,1.3086925337851285,1.396593419519152,1.3590478150598957,1.151796078444801,0.7962171185659618,0.5711201770078792,0.24345747832698117,-0.25585488968176395,0.0,0.0,0.0,0.0,0.0,0.0,0.0,0.0,0.0,0.0,0.0,0.0,0.0,0.0,0.0,0.0,0.0,0.0,0.0,0.0,0.0,0.0,0.0,0.0,0.0,0.0,0.0,0.0,0.0,0.0,0.0,0.0,0.0,0.0,0.0,0.0,0.0,0.0,0.0,0.0,0.0,0.0,0.0,0.0,0.0,0.0,0.0,0.0,0.0,0.0,0.0,0.0,0.0,0.0,0.0,0.0,0.0,0.0,0.0,0.0,0.0,0.0,0.0,0.0,0.0,0.0,0.0,0.0,0.0,0.0,0.0,0.0
402,-0.38231994649737555,-0.701892301179124,-0.9621826072985208,-1.1642436881223834,-1.2991670390853316,-1.3545617402009718,-1.3648470136537294,-1.380315417035436,-1.1810078739863272,-0.7812589782161523,-0.34304154000456055,0.06480599627959686,0.4232518254284612,0.7599932979998525,1.0004419348599922,1.1921367558259575,1.308757179227305,1.3699829015130125,1.3312713998561763,1.1671119566377515,0.9116808348267442,0.8002435413543454,0.5338792548494619,0.05128126662124614,0.0,0.0,0.0,0.0,0.0,0.0,0.0,0.0,0.0,0.0,0.0,0.0,0.0,0.0,0.0,0.0,0.0,0.0,0.0,0.0,0.0,0.0,0.0,0.0,0.0,0.0,0.0,0.0,0.0,0.0,0.0,0.0,0.0,0.0,0.0,0.0,0.0,0.0,0.0,0.0,0.0,0.0,0.0,0.0,0.0,0.0,0.0,0.0,0.0,0.0,0.0,0.0,0.0,0.0,0.0,0.0,0.0,0.0,0.0,0.0,0.0,0.0,0.0,0.0,0.0,0.0,0.0,0.0,0.0,0.0,0.0,0.0
403,-0.8416362591980835,-1.0957122987838281,-1.2719128425613377,-1.3964750517938327,-1.4493352149270857,-1.3925523389579102,-1.2282485472237725,-0.9962297289941175,-0.7204823086590951,-0.40415731784100395,-0.08423114802600018,0.23556640825339958,0.5113138285884219,0.7763863254683105,1.0070547015741234,1.172901855735509,1.2755997639153205,1.3222221705717783,1.285567312924632,1.1568894705528086,0.9131668205831875,0.7536860364342007,0.4634052865759239,0.007213075788459191,0.0,0.0,0.0,0.0,0.0,0.0,0.0,0.0,0.0,0.0,0.0,0.0,0.0,0.0,0.0,0.0,0.0,0.0,0.0,0.0,0.0,0.0,0.0,0.0,0.0,0.0,0.0,0.0,0.0,0.0,0.0,0.0,0.0,0.0,0.0,0.0,0.0,0.0,0.0,0.0,0.0,0.0,0.0,0.0,0.0,0.0,0.0,0.0,0.0,0.0,0.0,0.0,0.0,0.0,0.0,0.0,0.0,0.0,0.0,0.0,0.0,0.0,0.0,0.0,0.0,0.0,0.0,0.0,0.0,0.0,0.0,0.0
404,-0.7510453755528652,-1.0178068655071861,-1.2390989701157356,-1.3982709285476678,-1.4603328552808206,-1.4159696393608745,-1.2199447732159163,-1.0247931987229257,-0.7817852417021192,-0.4986058686908103,-0.14131314414919804,0.23577419117034287,0.572631891055917,0.8561023612845483,1.0835657269003345,1.2254465106233112,1.2993852038232212,1.3018886398921945,1.2236999273193765,1.0916000100984349,0.8703661249333499,0.7255161495936837,0.45287449584944867,0.010115628301956189,0.0,0.0,0.0,0.0,0.0,0.0,0.0,0.0,0.0,0.0,0.0,0.0,0.0,0.0,0.0,0.0,0.0,0.0,0.0,0.0,0.0,0.0,0.0,0.0,0.0,0.0,0.0,0.0,0.0,0.0,0.0,0.0,0.0,0.0,0.0,0.0,0.0,0.0,0.0,0.0,0.0,0.0,0.0,0.0,0.0,0.0,0.0,0.0,0.0,0.0,0.0,0.0,0.0,0.0,0.0,0.0,0.0,0.0,0.0,0.0,0.0,0.0,0.0,0.0,0.0,0.0,0.0,0.0,0.0,0.0,0.0,0.0
405,-0.6432964142697081,-0.9726471040945264,-1.2290052414808506,-1.4110292757572962,-1.5048158636022453,-1.4595690182310148,-1.2492504607035573,-1.0075884011264873,-0.7618407099592928,-0.4637725426081148,-0.0880773750445699,0.31170472502791835,0.6593492876443393,0.9475387636880519,1.1581012395193975,1.2646325587424965,1.3057327929476303,1.2868901039722795,1.1872494768340176,1.0277878856672151,0.799114475772183,0.6412383535806527,0.3215834163353838,-0.1200306728539024,0.0,0.0,0.0,0.0,0.0,0.0,0.0,0.0,0.0,0.0,0.0,0.0,0.0,0.0,0.0,0.0,0.0,0.0,0.0,0.0,0.0,0.0,0.0,0.0,0.0,0.0,0.0,0.0,0.0,0.0,0.0,0.0,0.0,0.0,0.0,0.0,0.0,0.0,0.0,0.0,0.0,0.0,0.0,0.0,0.0,0.0,0.0,0.0,0.0,0.0,0.0,0.0,0.0,0.0,0.0,0.0,0.0,0.0,0.0,0.0,0.0,0.0,0.0,0.0,0.0,0.0,0.0,0.0,0.0,0.0,0.0,0.0
406,-0.6448745886908204,-1.0029540518199134,-1.2823996137334737,-1.4588562350618444,-1.5421867003431509,-1.4880420260420122,-1.2422104440849209,-0.9747075736529003,-0.7147862994984866,-0.39032081632586285,-0.017816192137606573,0.35992174629536944,0.651712562324679,0.885802734117335,1.0974835859390115,1.2177827197951974,1.2653522044042524,1.2623329846476834,1.1962456188650046,1.0467606940286511,0.823606807132012,0.698611109210052,0.3611294341979971,-0.10758765956626055,0.0,0.0,0.0,0.0,0.0,0.0,0.0,0.0,0.0,0.0,0.0,0.0,0.0,0.0,0.0,0.0,0.0,0.0,0.0,0.0,0.0,0.0,0.0,0.0,0.0,0.0,0.0,0.0,0.0,0.0,0.0,0.0,0.0,0.0,0.0,0.0,0.0,0.0,0.0,0.0,0.0,0.0,0.0,0.0,0.0,0.0,0.0,0.0,0.0,0.0,0.0,0.0,0.0,0.0,0.0,0.0,0.0,0.0,0.0,0.0,0.0,0.0,0.0,0.0,0.0,0.0,0.0,0.0,0.0,0.0,0.0,0.0
407,-0.3351237285791633,-0.8082226219178171,-1.1936785758445572,-1.458337188937113,-1.6145953243359858,-1.5488631197770504,-1.2354819515508977,-0.858002273908356,-0.5386629233976213,-0.12226286147676263,0.2247532067429975,0.5884906252452938,0.9272421180380533,1.1872879448457716,1.3570000402420874,1.4070679913754287,1.332494613103888,1.2310133148374611,1.0388138863025622,0.7280274103616305,0.3934082052823714,0.1804512384657033,-0.1725230120386387,-0.7102970130792862,0.0,0.0,0.0,0.0,0.0,0.0,0.0,0.0,0.0,0.0,0.0,0.0,0.0,0.0,0.0,0.0,0.0,0.0,0.0,0.0,0.0,0.0,0.0,0.0,0.0,0.0,0.0,0.0,0.0,0.0,0.0,0.0,0.0,0.0,0.0,0.0,0.0,0.0,0.0,0.0,0.0,0.0,0.0,0.0,0.0,0.0,0.0,0.0,0.0,0.0,0.0,0.0,0.0,0.0,0.0,0.0,0.0,0.0,0.0,0.0,0.0,0.0,0.0,0.0,0.0,0.0,0.0,0.0,0.0,0.0,0.0,0.0
408,0.03617955556435038,-0.5403798982959545,-0.9986971101697502,-1.2777230964226975,-1.4657539660164616,-1.5224331276643428,-1.42025640768687,-1.3067695602150355,-1.0466366278447152,-0.5771378126526302,-0.08013482378107448,0.33088549129811745,0.6498824963095479,0.8976771077769281,1.0898207510050055,1.2236144182962623,1.3170514943008191,1.3658906812082903,1.3290042426755422,1.0459940069643539,0.7069472304856458,0.5191734092440262,0.1447824843454377,-0.4209809387247946,0.0,0.0,0.0,0.0,0.0,0.0,0.0,0.0,0.0,0.0,0.0,0.0,0.0,0.0,0.0,0.0,0.0,0.0,0.0,0.0,0.0,0.0,0.0,0.0,0.0,0.0,0.0,0.0,0.0,0.0,0.0,0.0,0.0,0.0,0.0,0.0,0.0,0.0,0.0,0.0,0.0,0.0,0.0,0.0,0.0,0.0,0.0,0.0,0.0,0.0,0.0,0.0,0.0,0.0,0.0,0.0,0.0,0.0,0.0,0.0,0.0,0.0,0.0,0.0,0.0,0.0,0.0,0.0,0.0,0.0,0.0,0.0
409,-0.33598011046306236,-0.6862153388879413,-0.95893210382959,-1.1803705053301354,-1.3436199826914603,-1.4078180900464352,-1.4035115087418113,-1.418534466781197,-1.2242375428051417,-0.7494119157069572,-0.27979424739575975,0.13273618036577198,0.48036742939715743,0.7110199118285261,0.8997082648032106,1.0589516200206992,1.1951597729111298,1.2764840524310044,1.307531499045735,1.1872476816770532,1.0018643794710336,0.9441762205997924,0.6454196617232085,0.14775913840515767,0.0,0.0,0.0,0.0,0.0,0.0,0.0,0.0,0.0,0.0,0.0,0.0,0.0,0.0,0.0,0.0,0.0,0.0,0.0,0.0,0.0,0.0,0.0,0.0,0.0,0.0,0.0,0.0,0.0,0.0,0.0,0.0,0.0,0.0,0.0,0.0,0.0,0.0,0.0,0.0,0.0,0.0,0.0,0.0,0.0,0.0,0.0,0.0,0.0,0.0,0.0,0.0,0.0,0.0,0.0,0.0,0.0,0.0,0.0,0.0,0.0,0.0,0.0,0.0,0.0,0.0,0.0,0.0,0.0,0.0,0.0,0.0
410,-0.8795084789058476,-1.165488842883115,-1.3807908611240112,-1.4950555147722144,-1.5475662586733065,-1.5168885099602254,-1.2417449611127735,-0.8560818344340402,-0.5409376885632983,-0.2038011825761658,0.1329369110900176,0.4534197820614775,0.7099176342885112,0.9214745767124858,1.100760121139583,1.1880921018916268,1.2000444715201,1.1726337038388015,1.07988331552185,0.9278491738476715,0.8016321505709951,0.7410734777867312,0.43206488165860546,-0.03391816892346751,0.0,0.0,0.0,0.0,0.0,0.0,0.0,0.0,0.0,0.0,0.0,0.0,0.0,0.0,0.0,0.0,0.0,0.0,0.0,0.0,0.0,0.0,0.0,0.0,0.0,0.0,0.0,0.0,0.0,0.0,0.0,0.0,0.0,0.0,0.0,0.0,0.0,0.0,0.0,0.0,0.0,0.0,0.0,0.0,0.0,0.0,0.0,0.0,0.0,0.0,0.0,0.0,0.0,0.0,0.0,0.0,0.0,0.0,0.0,0.0,0.0,0.0,0.0,0.0,0.0,0.0,0.0,0.0,0.0,0.0,0.0,0.0
411,-0.7170243571070039,-1.0836136376471084,-1.3583919421233743,-1.5221296989003275,-1.564762068355996,-1.4779425981209398,-1.219611714490335,-0.84819458405026,-0.5682611178163989,-0.2663159291572501,0.06656023004746993,0.3950995071386575,0.6828884579555209,0.9225625657014955,1.097838065459733,1.1946405473523545,1.2346544219470221,1.2694313068196883,1.1937404397438856,1.0035722504637061,0.7884465320396136,0.6817428664538331,0.3183448765255731,-0.22327441987955032,0.0,0.0,0.0,0.0,0.0,0.0,0.0,0.0,0.0,0.0,0.0,0.0,0.0,0.0,0.0,0.0,0.0,0.0,0.0,0.0,0.0,0.0,0.0,0.0,0.0,0.0,0.0,0.0,0.0,0.0,0.0,0.0,0.0,0.0,0.0,0.0,0.0,0.0,0.0,0.0,0.0,0.0,0.0,0.0,0.0,0.0,0.0,0.0,0.0,0.0,0.0,0.0,0.0,0.0,0.0,0.0,0.0,0.0,0.0,0.0,0.0,0.0,0.0,0.0,0.0,0.0,0.0,0.0,0.0,0.0,0.0,0.0
412,-0.7286720192614964,-1.0647537444854,-1.3081232696475373,-1.4624021650628207,-1.5299806671390928,-1.4618227138124347,-1.183975839252328,-0.8649879259148125,-0.676014386882665,-0.38918601794157476,-0.06606951444505872,0.28326715813142567,0.5805256495794646,0.8431619288169376,1.0944264772655845,1.22205061516311,1.2818065253591706,1.3004938281841203,1.249284823931254,1.076970508347705,0.8364982394374981,0.7151756338879208,0.3788041830388241,-0.1264773072978035,0.0,0.0,0.0,0.0,0.0,0.0,0.0,0.0,0.0,0.0,0.0,0.0,0.0,0.0,0.0,0.0,0.0,0.0,0.0,0.0,0.0,0.0,0.0,0.0,0.0,0.0,0.0,0.0,0.0,0.0,0.0,0.0,0.0,0.0,0.0,0.0,0.0,0.0,0.0,0.0,0.0,0.0,0.0,0.0,0.0,0.0,0.0,0.0,0.0,0.0,0.0,0.0,0.0,0.0,0.0,0.0,0.0,0.0,0.0,0.0,0.0,0.0,0.0,0.0,0.0,0.0,0.0,0.0,0.0,0.0,0.0,0.0
413,-0.6821154079813095,-1.0219828880409414,-1.2770435780166123,-1.4525623289705816,-1.523139791859247,-1.4797403439135959,-1.256268760311481,-0.9419429225674045,-0.6774908766428386,-0.36821645005309195,-0.016609775057341406,0.3505780132172577,0.6746509400901115,0.9378934932030774,1.1590172378179686,1.261326100352143,1.2992472573276053,1.2700771365772496,1.169191206762605,0.9931032827208237,0.7540505858398602,0.6624137187021575,0.3195580799315136,-0.15399392912791898,0.0,0.0,0.0,0.0,0.0,0.0,0.0,0.0,0.0,0.0,0.0,0.0,0.0,0.0,0.0,0.0,0.0,0.0,0.0,0.0,0.0,0.0,0.0,0.0,0.0,0.0,0.0,0.0,0.0,0.0,0.0,0.0,0.0,0.0,0.0,0.0,0.0,0.0,0.0,0.0,0.0,0.0,0.0,0.0,0.0,0.0,0.0,0.0,0.0,0.0,0.0,0.0,0.0,0.0,0.0,0.0,0.0,0.0,0.0,0.0,0.0,0.0,0.0,0.0,0.0,0.0,0.0,0.0,0.0,0.0,0.0,0.0
414,-0.543426740591788,-0.9922723971646938,-1.2715653085148373,-1.4656629916576933,-1.5430675057811283,-1.4840088667583775,-1.1947471922256707,-0.8903229451211652,-0.6160563009218942,-0.2895164783535502,0.060563028704712876,0.4000036036269627,0.7213496168060719,1.0008100703945777,1.229840310235997,1.3374024272646665,1.381717349311525,1.3541566511009078,1.1851903037124139,0.8959286291797068,0.5882373084271343,0.4599837249607068,0.10320252836794712,-0.4277388250025414,0.0,0.0,0.0,0.0,0.0,0.0,0.0,0.0,0.0,0.0,0.0,0.0,0.0,0.0,0.0,0.0,0.0,0.0,0.0,0.0,0.0,0.0,0.0,0.0,0.0,0.0,0.0,0.0,0.0,0.0,0.0,0.0,0.0,0.0,0.0,0.0,0.0,0.0,0.0,0.0,0.0,0.0,0.0,0.0,0.0,0.0,0.0,0.0,0.0,0.0,0.0,0.0,0.0,0.0,0.0,0.0,0.0,0.0,0.0,0.0,0.0,0.0,0.0,0.0,0.0,0.0,0.0,0.0,0.0,0.0,0.0,0.0
415,-0.19705385419836124,-0.6912833546145444,-1.017952518830148,-1.294647547687684,-1.4733540758431265,-1.506425194830083,-1.379285115169117,-1.2413663004309208,-0.9905157386335618,-0.49089687067876353,0.0949518778938768,0.6004500558908007,0.9499015465196409,1.1756425550120884,1.2901666152076599,1.287839388315985,1.2344356554333444,1.2019769645757759,1.1124399720592382,0.8413792819920726,0.523039140336147,0.4482004229249232,0.06592278456088166,-0.5435656898061387,0.0,0.0,0.0,0.0,0.0,0.0,0.0,0.0,0.0,0.0,0.0,0.0,0.0,0.0,0.0,0.0,0.0,0.0,0.0,0.0,0.0,0.0,0.0,0.0,0.0,0.0,0.0,0.0,0.0,0.0,0.0,0.0,0.0,0.0,0.0,0.0,0.0,0.0,0.0,0.0,0.0,0.0,0.0,0.0,0.0,0.0,0.0,0.0,0.0,0.0,0.0,0.0,0.0,0.0,0.0,0.0,0.0,0.0,0.0,0.0,0.0,0.0,0.0,0.0,0.0,0.0,0.0,0.0,0.0,0.0,0.0,0.0
416,-0.29214379883579367,-0.6742344620717844,-0.9534231512698687,-1.1901443591189758,-1.3336471120289815,-1.4223154796806923,-1.37973132942691,-1.383698072190276,-1.221761632321099,-0.70351835717781,-0.25655978287030445,0.1256475492704912,0.45348717177221154,0.7183255856792953,0.9371964510932551,1.0900327163876515,1.1866345695660943,1.3094869263256357,1.3567378327716133,1.2095016749078513,0.9901641338746718,0.9573801716244998,0.5701560765770942,-0.09357332285788335,0.0,0.0,0.0,0.0,0.0,0.0,0.0,0.0,0.0,0.0,0.0,0.0,0.0,0.0,0.0,0.0,0.0,0.0,0.0,0.0,0.0,0.0,0.0,0.0,0.0,0.0,0.0,0.0,0.0,0.0,0.0,0.0,0.0,0.0,0.0,0.0,0.0,0.0,0.0,0.0,0.0,0.0,0.0,0.0,0.0,0.0,0.0,0.0,0.0,0.0,0.0,0.0,0.0,0.0,0.0,0.0,0.0,0.0,0.0,0.0,0.0,0.0,0.0,0.0,0.0,0.0,0.0,0.0,0.0,0.0,0.0,0.0
417,-0.9883657160045057,-1.237314633829891,-1.3888203237498937,-1.4761631723272763,-1.5047930245231906,-1.4375056054028441,-1.1424873315058608,-0.7922439620025455,-0.5399524726009874,-0.2566331992206086,0.03504250310020202,0.32853482040806303,0.5739958374583117,0.7937335862919269,0.9914539614824913,1.1274094271133426,1.2149702694891713,1.274555241064424,1.2303024999798766,1.0891151831863204,0.8770798818977988,0.8141523387463733,0.454171912912468,-0.040238021963166136,0.0,0.0,0.0,0.0,0.0,0.0,0.0,0.0,0.0,0.0,0.0,0.0,0.0,0.0,0.0,0.0,0.0,0.0,0.0,0.0,0.0,0.0,0.0,0.0,0.0,0.0,0.0,0.0,0.0,0.0,0.0,0.0,0.0,0.0,0.0,0.0,0.0,0.0,0.0,0.0,0.0,0.0,0.0,0.0,0.0,0.0,0.0,0.0,0.0,0.0,0.0,0.0,0.0,0.0,0.0,0.0,0.0,0.0,0.0,0.0,0.0,0.0,0.0,0.0,0.0,0.0,0.0,0.0,0.0,0.0,0.0,0.0
418,-0.8001286297270879,-1.090099706793554,-1.3071413111640868,-1.4476870314992643,-1.5331353358356175,-1.4932497559580011,-1.2095380947117447,-0.8740042931865415,-0.641241365360598,-0.37339659537952463,-0.053584117309732254,0.26673784809426326,0.5489210473379103,0.817420872462959,1.042177570751425,1.1985901823517853,1.2690450022815893,1.2847663257370001,1.1921124148169169,1.037301049124052,0.8808156536188054,0.8323415729646221,0.4647828532895079,-0.011806155905075714,0.0,0.0,0.0,0.0,0.0,0.0,0.0,0.0,0.0,0.0,0.0,0.0,0.0,0.0,0.0,0.0,0.0,0.0,0.0,0.0,0.0,0.0,0.0,0.0,0.0,0.0,0.0,0.0,0.0,0.0,0.0,0.0,0.0,0.0,0.0,0.0,0.0,0.0,0.0,0.0,0.0,0.0,0.0,0.0,0.0,0.0,0.0,0.0,0.0,0.0,0.0,0.0,0.0,0.0,0.0,0.0,0.0,0.0,0.0,0.0,0.0,0.0,0.0,0.0,0.0,0.0,0.0,0.0,0.0,0.0,0.0,0.0
419,-0.7959592647971659,-1.093608855631468,-1.3028757756800113,-1.4426798627256803,-1.5105209953471648,-1.4293008345792122,-1.179491404995917,-0.8988696681662106,-0.6710207645809061,-0.4118189869553935,-0.08383008481925222,0.25665942442343753,0.5681610393487798,0.836552452468836,1.0921729750854456,1.2362340256322633,1.2896149965196864,1.2998857656018235,1.2086651191486322,1.0546711537658002,0.8611482415865854,0.769454599188822,0.4096398270679006,-0.06288312155963051,0.0,0.0,0.0,0.0,0.0,0.0,0.0,0.0,0.0,0.0,0.0,0.0,0.0,0.0,0.0,0.0,0.0,0.0,0.0,0.0,0.0,0.0,0.0,0.0,0.0,0.0,0.0,0.0,0.0,0.0,0.0,0.0,0.0,0.0,0.0,0.0,0.0,0.0,0.0,0.0,0.0,0.0,0.0,0.0,0.0,0.0,0.0,0.0,0.0,0.0,0.0,0.0,0.0,0.0,0.0,0.0,0.0,0.0,0.0,0.0,0.0,0.0,0.0,0.0,0.0,0.0,0.0,0.0,0.0,0.0,0.0,0.0
420,-0.6261855044924517,-0.9826740409760647,-1.2466961631248894,-1.4456319428654705,-1.5441219730240987,-1.506024558657735,-1.2437234696014359,-0.9002991388656314,-0.6580246167041767,-0.3440143060951745,0.04267053828457078,0.4533716171827425,0.7884254687867176,1.0554202844589957,1.2298704570195524,1.2988682382744452,1.2879162095038275,1.253104403768649,1.1444446326087327,0.9135915118794937,0.6692830415177813,0.5512358171259069,0.1794144403634287,-0.3702209463677245,0.0,0.0,0.0,0.0,0.0,0.0,0.0,0.0,0.0,0.0,0.0,0.0,0.0,0.0,0.0,0.0,0.0,0.0,0.0,0.0,0.0,0.0,0.0,0.0,0.0,0.0,0.0,0.0,0.0,0.0,0.0,0.0,0.0,0.0,0.0,0.0,0.0,0.0,0.0,0.0,0.0,0.0,0.0,0.0,0.0,0.0,0.0,0.0,0.0,0.0,0.0,0.0,0.0,0.0,0.0,0.0,0.0,0.0,0.0,0.0,0.0,0.0,0.0,0.0,0.0,0.0,0.0,0.0,0.0,0.0,0.0,0.0
421,-0.5446773451820432,-0.9507843834034156,-1.2389646763964572,-1.4437624222583563,-1.535823561029679,-1.5009390260054256,-1.2575130389215483,-0.8855247776385313,-0.6331649462191745,-0.3233732583574488,0.0538902252950894,0.44383125948083196,0.7754045106747746,1.0401866399320363,1.2540033143611813,1.3735466599930748,1.3987315925959507,1.34351192617951,1.1433938130647674,0.8089276979907647,0.548144527626527,0.437705194793646,0.061973227312904264,-0.3687231538889785,0.0,0.0,0.0,0.0,0.0,0.0,0.0,0.0,0.0,0.0,0.0,0.0,0.0,0.0,0.0,0.0,0.0,0.0,0.0,0.0,0.0,0.0,0.0,0.0,0.0,0.0,0.0,0.0,0.0,0.0,0.0,0.0,0.0,0.0,0.0,0.0,0.0,0.0,0.0,0.0,0.0,0.0,0.0,0.0,0.0,0.0,0.0,0.0,0.0,0.0,0.0,0.0,0.0,0.0,0.0,0.0,0.0,0.0,0.0,0.0,0.0,0.0,0.0,0.0,0.0,0.0,0.0,0.0,0.0,0.0,0.0,0.0
422,-0.3438715455829304,-0.7570386859268056,-1.0801392510508592,-1.3036163374751748,-1.436061504893819,-1.4647322153335691,-1.3683909055057217,-1.238552166308873,-1.0302309773224052,-0.6511404726190413,-0.1702061985084839,0.2794509369405278,0.6243682716247955,0.8646423399229042,1.0382111526187656,1.1375450281827488,1.275878792695079,1.331675663517219,1.292868843326042,1.0746046133453173,0.858078002179123,0.7751549709745928,0.3900793347989579,-0.09857768959840088,0.0,0.0,0.0,0.0,0.0,0.0,0.0,0.0,0.0,0.0,0.0,0.0,0.0,0.0,0.0,0.0,0.0,0.0,0.0,0.0,0.0,0.0,0.0,0.0,0.0,0.0,0.0,0.0,0.0,0.0,0.0,0.0,0.0,0.0,0.0,0.0,0.0,0.0,0.0,0.0,0.0,0.0,0.0,0.0,0.0,0.0,0.0,0.0,0.0,0.0,0.0,0.0,0.0,0.0,0.0,0.0,0.0,0.0,0.0,0.0,0.0,0.0,0.0,0.0,0.0,0.0,0.0,0.0,0.0,0.0,0.0,0.0
423,-0.5984337492961408,-0.8268343735935051,-1.027281907955337,-1.18565933962525,-1.2865152118549594,-1.3288662501241202,-1.3094816952944546,-1.295083746960826,-1.160515605462133,-0.7504901304781192,-0.3047156032901206,0.11795197266976211,0.49475681564496493,0.8070167097489261,1.0363303746723254,1.1549554221625618,1.2716841545064177,1.3281522055319652,1.2940887667914296,1.1497581139835933,0.96743092435384,0.8834311867586224,0.5162483873039421,0.0520725798066232,0.0,0.0,0.0,0.0,0.0,0.0,0.0,0.0,0.0,0.0,0.0,0.0,0.0,0.0,0.0,0.0,0.0,0.0,0.0,0.0,0.0,0.0,0.0,0.0,0.0,0.0,0.0,0.0,0.0,0.0,0.0,0.0,0.0,0.0,0.0,0.0,0.0,0.0,0.0,0.0,0.0,0.0,0.0,0.0,0.0,0.0,0.0,0.0,0.0,0.0,0.0,0.0,0.0,0.0,0.0,0.0,0.0,0.0,0.0,0.0,0.0,0.0,0.0,0.0,0.0,0.0,0.0,0.0,0.0,0.0,0.0,0.0
424,-0.8822607726725356,-1.1277618920591466,-1.2949996402183948,-1.4242620045161543,-1.4678971811646917,-1.4061871823897725,-1.1732228083164093,-0.8939455061683782,-0.6687100964386193,-0.38578131507313734,-0.057026469528647365,0.29674100865538083,0.64363153431321,0.9183444874394276,1.1336600452951118,1.2525765518100938,1.2772240365278869,1.275702586853949,1.1975000736135437,1.0260022663672697,0.8556607608731883,0.7259723906667263,0.3312474872602912,-0.15220836113019906,0.0,0.0,0.0,0.0,0.0,0.0,0.0,0.0,0.0,0.0,0.0,0.0,0.0,0.0,0.0,0.0,0.0,0.0,0.0,0.0,0.0,0.0,0.0,0.0,0.0,0.0,0.0,0.0,0.0,0.0,0.0,0.0,0.0,0.0,0.0,0.0,0.0,0.0,0.0,0.0,0.0,0.0,0.0,0.0,0.0,0.0,0.0,0.0,0.0,0.0,0.0,0.0,0.0,0.0,0.0,0.0,0.0,0.0,0.0,0.0,0.0,0.0,0.0,0.0,0.0,0.0,0.0,0.0,0.0,0.0,0.0,0.0
425,-0.6529801387320516,-1.0277593159295755,-1.270646565768872,-1.4371753313481421,-1.5202608048494453,-1.4539212407360016,-1.2174031615613183,-0.8714641616428861,-0.6602080739806576,-0.3813242753289963,-0.02815734016195797,0.35814359520413586,0.7098792560645196,1.0086577675786808,1.2064598767583552,1.2955567023476082,1.3215343310133902,1.291620698004308,1.171894602252645,0.9544840350718017,0.7535331224174868,0.6179914455772901,0.18223998291627766,-0.3506950051665865,0.0,0.0,0.0,0.0,0.0,0.0,0.0,0.0,0.0,0.0,0.0,0.0,0.0,0.0,0.0,0.0,0.0,0.0,0.0,0.0,0.0,0.0,0.0,0.0,0.0,0.0,0.0,0.0,0.0,0.0,0.0,0.0,0.0,0.0,0.0,0.0,0.0,0.0,0.0,0.0,0.0,0.0,0.0,0.0,0.0,0.0,0.0,0.0,0.0,0.0,0.0,0.0,0.0,0.0,0.0,0.0,0.0,0.0,0.0,0.0,0.0,0.0,0.0,0.0,0.0,0.0,0.0,0.0,0.0,0.0,0.0,0.0
426,-0.5911268056389982,-0.978456789888944,-1.2454190235475273,-1.4310298185078463,-1.512219363795766,-1.461951459883704,-1.2224301592785651,-0.8414949647372391,-0.618648685397615,-0.3665806454907537,-0.012034076835630894,0.37132951886086724,0.738746613638402,1.0440775855487041,1.2583435141400534,1.34009968636418,1.3627647638124527,1.330062294922802,1.1693021384504108,0.9042016790107927,0.6726941022177216,0.5316849418073966,0.05612304891953199,-0.49803809469073534,0.0,0.0,0.0,0.0,0.0,0.0,0.0,0.0,0.0,0.0,0.0,0.0,0.0,0.0,0.0,0.0,0.0,0.0,0.0,0.0,0.0,0.0,0.0,0.0,0.0,0.0,0.0,0.0,0.0,0.0,0.0,0.0,0.0,0.0,0.0,0.0,0.0,0.0,0.0,0.0,0.0,0.0,0.0,0.0,0.0,0.0,0.0,0.0,0.0,0.0,0.0,0.0,0.0,0.0,0.0,0.0,0.0,0.0,0.0,0.0,0.0,0.0,0.0,0.0,0.0,0.0,0.0,0.0,0.0,0.0,0.0,0.0
427,-0.5512215142665688,-0.9870416814254169,-1.2718226199214535,-1.4712755744704253,-1.5697458073606394,-1.5332180860333569,-1.2442818776508833,-0.8075920028413857,-0.5817579162227098,-0.2777467752289768,0.07815692225351488,0.42420393302864456,0.7250261459699958,0.9922196630862297,1.2005629625085084,1.32792681623697,1.3456108718001782,1.2990331953987226,1.1446117703167182,0.8785778634013505,0.6563192415686785,0.5901248259359044,0.11787357163317931,-0.48454392771676724,0.0,0.0,0.0,0.0,0.0,0.0,0.0,0.0,0.0,0.0,0.0,0.0,0.0,0.0,0.0,0.0,0.0,0.0,0.0,0.0,0.0,0.0,0.0,0.0,0.0,0.0,0.0,0.0,0.0,0.0,0.0,0.0,0.0,0.0,0.0,0.0,0.0,0.0,0.0,0.0,0.0,0.0,0.0,0.0,0.0,0.0,0.0,0.0,0.0,0.0,0.0,0.0,0.0,0.0,0.0,0.0,0.0,0.0,0.0,0.0,0.0,0.0,0.0,0.0,0.0,0.0,0.0,0.0,0.0,0.0,0.0,0.0
428,-0.5572476162974396,-0.942252688337005,-1.2572283748144808,-1.4565668642684169,-1.555714280488961,-1.482971386693467,-1.247626730296281,-0.8395568382727783,-0.5674754550233484,-0.2474902148842029,0.10359600423780797,0.43725315124526004,0.7181012534026118,0.9704575191092176,1.2012100846498734,1.329997360035296,1.3894858097676224,1.3928255122087354,1.2263622186595062,0.8969840654047303,0.5691713976692261,0.4310955748694578,0.011962918509768281,-0.5243724203927329,0.0,0.0,0.0,0.0,0.0,0.0,0.0,0.0,0.0,0.0,0.0,0.0,0.0,0.0,0.0,0.0,0.0,0.0,0.0,0.0,0.0,0.0,0.0,0.0,0.0,0.0,0.0,0.0,0.0,0.0,0.0,0.0,0.0,0.0,0.0,0.0,0.0,0.0,0.0,0.0,0.0,0.0,0.0,0.0,0.0,0.0,0.0,0.0,0.0,0.0,0.0,0.0,0.0,0.0,0.0,0.0,0.0,0.0,0.0,0.0,0.0,0.0,0.0,0.0,0.0,0.0,0.0,0.0,0.0,0.0,0.0,0.0
429,-0.2876461996372238,-0.688942119803945,-0.9892992313809021,-1.2033664928180927,-1.3347794120520122,-1.3776570203618592,-1.2871970287655239,-1.3207720138261023,-1.1795218378228411,-0.7734142159754638,-0.3020813046791922,0.1076618251046809,0.46030609494476793,0.7847217149250058,1.0157903223005145,1.2134977980234742,1.3359288741201691,1.4270304259405917,1.3682207387325724,1.137579838173122,0.8687661042804661,0.7715697303312122,0.39240763789550925,-0.13880422764892753,0.0,0.0,0.0,0.0,0.0,0.0,0.0,0.0,0.0,0.0,0.0,0.0,0.0,0.0,0.0,0.0,0.0,0.0,0.0,0.0,0.0,0.0,0.0,0.0,0.0,0.0,0.0,0.0,0.0,0.0,0.0,0.0,0.0,0.0,0.0,0.0,0.0,0.0,0.0,0.0,0.0,0.0,0.0,0.0,0.0,0.0,0.0,0.0,0.0,0.0,0.0,0.0,0.0,0.0,0.0,0.0,0.0,0.0,0.0,0.0,0.0,0.0,0.0,0.0,0.0,0.0,0.0,0.0,0.0,0.0,0.0,0.0
430,-0.5107793910584251,-0.8183062747474301,-1.0188513017078034,-1.1526705314302157,-1.2368590028764586,-1.2927395603429603,-1.2978864537938224,-1.2926476515313379,-1.1803350837285989,-0.8043361353808046,-0.3806365138009143,0.0053804950137364,0.3799089023755701,0.7209825023068007,0.9675738438900645,1.1774935696359365,1.325282938724974,1.3971556294137972,1.376384237987104,1.163523430269311,0.9760294545593378,0.880536199283523,0.5317422591759994,0.08405443776262711,0.0,0.0,0.0,0.0,0.0,0.0,0.0,0.0,0.0,0.0,0.0,0.0,0.0,0.0,0.0,0.0,0.0,0.0,0.0,0.0,0.0,0.0,0.0,0.0,0.0,0.0,0.0,0.0,0.0,0.0,0.0,0.0,0.0,0.0,0.0,0.0,0.0,0.0,0.0,0.0,0.0,0.0,0.0,0.0,0.0,0.0,0.0,0.0,0.0,0.0,0.0,0.0,0.0,0.0,0.0,0.0,0.0,0.0,0.0,0.0,0.0,0.0,0.0,0.0,0.0,0.0,0.0,0.0,0.0,0.0,0.0,0.0
431,-0.7304405918466731,-0.950307448840675,-1.0911576201062225,-1.1956236667241542,-1.2579127674178368,-1.2883088071502817,-1.2391023702386579,-1.2117654608433113,-1.1109443354780926,-0.7722270104938458,-0.37668796669498567,0.03512304698205691,0.4015678086387267,0.6845048208805639,0.892981298959838,1.0478904522001353,1.176699365755828,1.275047151699563,1.3057686308295715,1.2110006782590368,1.1388182198794192,1.0696948918368998,0.7046820635295102,0.28069961638358715,0.0,0.0,0.0,0.0,0.0,0.0,0.0,0.0,0.0,0.0,0.0,0.0,0.0,0.0,0.0,0.0,0.0,0.0,0.0,0.0,0.0,0.0,0.0,0.0,0.0,0.0,0.0,0.0,0.0,0.0,0.0,0.0,0.0,0.0,0.0,0.0,0.0,0.0,0.0,0.0,0.0,0.0,0.0,0.0,0.0,0.0,0.0,0.0,0.0,0.0,0.0,0.0,0.0,0.0,0.0,0.0,0.0,0.0,0.0,0.0,0.0,0.0,0.0,0.0,0.0,0.0,0.0,0.0,0.0,0.0,0.0,0.0
432,-0.9479880930695647,-1.164403353271275,-1.3144303573241514,-1.4341963977256345,-1.4782809877667236,-1.426703759892564,-1.1983235121434699,-0.8590638409576972,-0.6192994302994417,-0.3461376029433914,-0.02552240264456143,0.3093810837545425,0.6072279582350498,0.8461792143997937,1.0448212406718949,1.1934542655930374,1.269019551025787,1.2905681451038422,1.2203464463427398,1.040929715595804,0.9065268943111133,0.7512724685142342,0.3605517343819463,-0.025928979891317195,0.0,0.0,0.0,0.0,0.0,0.0,0.0,0.0,0.0,0.0,0.0,0.0,0.0,0.0,0.0,0.0,0.0,0.0,0.0,0.0,0.0,0.0,0.0,0.0,0.0,0.0,0.0,0.0,0.0,0.0,0.0,0.0,0.0,0.0,0.0,0.0,0.0,0.0,0.0,0.0,0.0,0.0,0.0,0.0,0.0,0.0,0.0,0.0,0.0,0.0,0.0,0.0,0.0,0.0,0.0,0.0,0.0,0.0,0.0,0.0,0.0,0.0,0.0,0.0,0.0,0.0,0.0,0.0,0.0,0.0,0.0,0.0
433,-0.6111110304228109,-1.0042492736489788,-1.2886005174022301,-1.4952154499135855,-1.586541003534234,-1.518813972969161,-1.1944256065086174,-0.8308768426555395,-0.5895581997683378,-0.33969148506224334,-0.002736722423498414,0.35949695345744204,0.7072646616448718,0.9832870149079199,1.1824497822438302,1.270268434605446,1.273921456750272,1.2421401640902863,1.1526411215420507,0.9737891573313725,0.8297870243823339,0.6504236370713801,0.18488249493476197,-0.3485317986527221,0.0,0.0,0.0,0.0,0.0,0.0,0.0,0.0,0.0,0.0,0.0,0.0,0.0,0.0,0.0,0.0,0.0,0.0,0.0,0.0,0.0,0.0,0.0,0.0,0.0,0.0,0.0,0.0,0.0,0.0,0.0,0.0,0.0,0.0,0.0,0.0,0.0,0.0,0.0,0.0,0.0,0.0,0.0,0.0,0.0,0.0,0.0,0.0,0.0,0.0,0.0,0.0,0.0,0.0,0.0,0.0,0.0,0.0,0.0,0.0,0.0,0.0,0.0,0.0,0.0,0.0,0.0,0.0,0.0,0.0,0.0,0.0
434,-0.6022999449422561,-1.0198910607069027,-1.3386401911547334,-1.5350223858763843,-1.634701227136616,-1.5306521381718778,-1.1378877487285763,-0.6278705432133044,-0.45147990713992775,-0.2504485127326319,0.08596757652065047,0.43614529684344244,0.7186306697432412,0.9473712942769821,1.154167696294478,1.2724433362972902,1.3063824940024997,1.3045228141282417,1.1611414958229456,0.9206848880813789,0.7767456658138054,0.5983093818787449,0.03659307585909908,-0.5902120257595788,0.0,0.0,0.0,0.0,0.0,0.0,0.0,0.0,0.0,0.0,0.0,0.0,0.0,0.0,0.0,0.0,0.0,0.0,0.0,0.0,0.0,0.0,0.0,0.0,0.0,0.0,0.0,0.0,0.0,0.0,0.0,0.0,0.0,0.0,0.0,0.0,0.0,0.0,0.0,0.0,0.0,0.0,0.0,0.0,0.0,0.0,0.0,0.0,0.0,0.0,0.0,0.0,0.0,0.0,0.0,0.0,0.0,0.0,0.0,0.0,0.0,0.0,0.0,0.0,0.0,0.0,0.0,0.0,0.0,0.0,0.0,0.0
435,-0.643416047020847,-1.0347850810320016,-1.3162851798395687,-1.494699478354574,-1.5912698990615455,-1.4878270916684033,-1.1987405919735048,-0.75390974465045,-0.5142687283859232,-0.274270705020816,0.05605011479110721,0.37896303726598923,0.6628729340024734,0.9465150754135223,1.1909756875358832,1.3279771623835737,1.3745665890093028,1.351985889897599,1.1738393467080288,0.8841280845871148,0.6992876582616641,0.518731317143177,0.1226319390493333,-0.3790522890411343,0.0,0.0,0.0,0.0,0.0,0.0,0.0,0.0,0.0,0.0,0.0,0.0,0.0,0.0,0.0,0.0,0.0,0.0,0.0,0.0,0.0,0.0,0.0,0.0,0.0,0.0,0.0,0.0,0.0,0.0,0.0,0.0,0.0,0.0,0.0,0.0,0.0,0.0,0.0,0.0,0.0,0.0,0.0,0.0,0.0,0.0,0.0,0.0,0.0,0.0,0.0,0.0,0.0,0.0,0.0,0.0,0.0,0.0,0.0,0.0,0.0,0.0,0.0,0.0,0.0,0.0,0.0,0.0,0.0,0.0,0.0,0.0
436,0.13815889984077206,-0.5054695701123111,-0.9459641087788614,-1.2723697271337973,-1.492477863637424,-1.5232262189897006,-1.3813107327484242,-1.1827681848402853,-0.9540338128984633,-0.3984764241127606,0.20341219694582957,0.6756290207721946,1.0070434209944696,1.190281357641294,1.2899004636694844,1.3511189087147408,1.330944648415736,1.2382821838699611,1.005512959868338,0.6562895574510794,0.4403554058369019,0.27005682234737016,-0.2497434292187169,-0.8911457738974271,0.0,0.0,0.0,0.0,0.0,0.0,0.0,0.0,0.0,0.0,0.0,0.0,0.0,0.0,0.0,0.0,0.0,0.0,0.0,0.0,0.0,0.0,0.0,0.0,0.0,0.0,0.0,0.0,0.0,0.0,0.0,0.0,0.0,0.0,0.0,0.0,0.0,0.0,0.0,0.0,0.0,0.0,0.0,0.0,0.0,0.0,0.0,0.0,0.0,0.0,0.0,0.0,0.0,0.0,0.0,0.0,0.0,0.0,0.0,0.0,0.0,0.0,0.0,0.0,0.0,0.0,0.0,0.0,0.0,0.0,0.0,0.0
437,-0.43651477988767656,-0.8149189420598096,-1.045331347674279,-1.2264131677695274,-1.3533937490134484,-1.3827281918427796,-1.3222322474611832,-1.2593002247823415,-1.1081618670907356,-0.6947390793956987,-0.2898425657410209,0.06876846026599252,0.38434210302166893,0.6858067923057986,0.9066778912560565,1.082989058019199,1.2062140185548667,1.3267998942685186,1.333194599798788,1.196063692316344,1.1244023890723722,1.0203615451275128,0.5736456873701207,0.024310031341262302,0.0,0.0,0.0,0.0,0.0,0.0,0.0,0.0,0.0,0.0,0.0,0.0,0.0,0.0,0.0,0.0,0.0,0.0,0.0,0.0,0.0,0.0,0.0,0.0,0.0,0.0,0.0,0.0,0.0,0.0,0.0,0.0,0.0,0.0,0.0,0.0,0.0,0.0,0.0,0.0,0.0,0.0,0.0,0.0,0.0,0.0,0.0,0.0,0.0,0.0,0.0,0.0,0.0,0.0,0.0,0.0,0.0,0.0,0.0,0.0,0.0,0.0,0.0,0.0,0.0,0.0,0.0,0.0,0.0,0.0,0.0,0.0
438,-1.0025015270795985,-1.2475789517441718,-1.417675606998799,-1.501146182965182,-1.5255637681938718,-1.4242120067369406,-1.098894640459319,-0.6768836366760852,-0.4641125555448554,-0.24082313000742078,0.0009485292723452599,0.2595495396020391,0.5167230603337479,0.7630025815018875,0.9977119238232017,1.1585674622066633,1.2563129341528956,1.2841865468293385,1.2311440386094767,1.04962746657097,0.9768254970737378,0.8105605244242281,0.3989176029842535,-0.10468570097854071,0.0,0.0,0.0,0.0,0.0,0.0,0.0,0.0,0.0,0.0,0.0,0.0,0.0,0.0,0.0,0.0,0.0,0.0,0.0,0.0,0.0,0.0,0.0,0.0,0.0,0.0,0.0,0.0,0.0,0.0,0.0,0.0,0.0,0.0,0.0,0.0,0.0,0.0,0.0,0.0,0.0,0.0,0.0,0.0,0.0,0.0,0.0,0.0,0.0,0.0,0.0,0.0,0.0,0.0,0.0,0.0,0.0,0.0,0.0,0.0,0.0,0.0,0.0,0.0,0.0,0.0,0.0,0.0,0.0,0.0,0.0,0.0
439,-0.8196518601613776,-1.1572196017341079,-1.3671042168931793,-1.5268873432723433,-1.5673508668020617,-1.4657937949508981,-1.1447141426904743,-0.7121208429072043,-0.5113166247607076,-0.29139578132458005,-0.020258312633316688,0.2560565754072217,0.5475054584687178,0.8112352348602492,1.064849130369351,1.2061528523018719,1.2605555817719463,1.2705121574436289,1.1867176165907474,1.0152255572216844,0.9711776664501601,0.8052612894572396,0.3731459053062103,-0.18458163751876802,0.0,0.0,0.0,0.0,0.0,0.0,0.0,0.0,0.0,0.0,0.0,0.0,0.0,0.0,0.0,0.0,0.0,0.0,0.0,0.0,0.0,0.0,0.0,0.0,0.0,0.0,0.0,0.0,0.0,0.0,0.0,0.0,0.0,0.0,0.0,0.0,0.0,0.0,0.0,0.0,0.0,0.0,0.0,0.0,0.0,0.0,0.0,0.0,0.0,0.0,0.0,0.0,0.0,0.0,0.0,0.0,0.0,0.0,0.0,0.0,0.0,0.0,0.0,0.0,0.0,0.0,0.0,0.0,0.0,0.0,0.0,0.0
440,-0.7481497323427942,-1.1073488379358367,-1.3588737354475362,-1.524019800423766,-1.5832021292500482,-1.4925471168860898,-1.1505382542035716,-0.6715205898162786,-0.4701980434910353,-0.26947416234178034,0.017628551342944256,0.33107253277115867,0.6370759612978029,0.9107514703210733,1.1426059406217253,1.2685821983689993,1.2993706931341173,1.289792050318303,1.161079037480796,0.94196758306904,0.8659371057185128,0.6794956651964098,0.20586598739301243,-0.3753523748951581,0.0,0.0,0.0,0.0,0.0,0.0,0.0,0.0,0.0,0.0,0.0,0.0,0.0,0.0,0.0,0.0,0.0,0.0,0.0,0.0,0.0,0.0,0.0,0.0,0.0,0.0,0.0,0.0,0.0,0.0,0.0,0.0,0.0,0.0,0.0,0.0,0.0,0.0,0.0,0.0,0.0,0.0,0.0,0.0,0.0,0.0,0.0,0.0,0.0,0.0,0.0,0.0,0.0,0.0,0.0,0.0,0.0,0.0,0.0,0.0,0.0,0.0,0.0,0.0,0.0,0.0,0.0,0.0,0.0,0.0,0.0,0.0
441,-0.8347994000478528,-1.1549095989666027,-1.3775985261589894,-1.528741139967175,-1.5834481947477468,-1.4947340518603334,-1.147188182826402,-0.6816032181172732,-0.4776428322011182,-0.26464674654643033,0.03698133927077512,0.3573379663642123,0.6563374849847536,0.9104049330873181,1.1381045664983458,1.2434115398147012,1.2730650635020682,1.2530222386275043,1.110422468208477,0.9099120767379435,0.8845299747451558,0.7237766621241669,0.2739631005950229,-0.2259575231205306,0.0,0.0,0.0,0.0,0.0,0.0,0.0,0.0,0.0,0.0,0.0,0.0,0.0,0.0,0.0,0.0,0.0,0.0,0.0,0.0,0.0,0.0,0.0,0.0,0.0,0.0,0.0,0.0,0.0,0.0,0.0,0.0,0.0,0.0,0.0,0.0,0.0,0.0,0.0,0.0,0.0,0.0,0.0,0.0,0.0,0.0,0.0,0.0,0.0,0.0,0.0,0.0,0.0,0.0,0.0,0.0,0.0,0.0,0.0,0.0,0.0,0.0,0.0,0.0,0.0,0.0,0.0,0.0,0.0,0.0,0.0,0.0
442,-0.7109197108306041,-1.1232843015005782,-1.404149104378778,-1.6016428465486068,-1.6651961961049877,-1.5617145516660265,-1.178344346277535,-0.6173957340640712,-0.33535944087146824,-0.06991926046624582,0.24033042446490416,0.5584876690182766,0.825977957473705,1.0623261284045777,1.243516630365627,1.3047269992932014,1.2406855287724856,1.1495045326347593,0.9628470758731612,0.7210319501417395,0.6801274133304896,0.5002060258767107,0.13704402841167676,-0.3588868713524019,0.0,0.0,0.0,0.0,0.0,0.0,0.0,0.0,0.0,0.0,0.0,0.0,0.0,0.0,0.0,0.0,0.0,0.0,0.0,0.0,0.0,0.0,0.0,0.0,0.0,0.0,0.0,0.0,0.0,0.0,0.0,0.0,0.0,0.0,0.0,0.0,0.0,0.0,0.0,0.0,0.0,0.0,0.0,0.0,0.0,0.0,0.0,0.0,0.0,0.0,0.0,0.0,0.0,0.0,0.0,0.0,0.0,0.0,0.0,0.0,0.0,0.0,0.0,0.0,0.0,0.0,0.0,0.0,0.0,0.0,0.0,0.0
443,-0.3300724447505257,-0.8299745071655377,-1.1795073819249107,-1.3842268783717446,-1.5173247456781815,-1.5135806132947882,-1.3592257363277949,-1.1183934791508117,-0.8647587047919024,-0.42222641276759604,0.028035700951458,0.3627128246412377,0.6220241868072273,0.8076606859451527,0.976508978589798,1.1274820585653391,1.2796629231806846,1.355391020096416,1.313239336167245,1.0410046783553493,0.9471598118425528,0.733261152133206,0.24579927150817862,-0.3206517245600519,0.0,0.0,0.0,0.0,0.0,0.0,0.0,0.0,0.0,0.0,0.0,0.0,0.0,0.0,0.0,0.0,0.0,0.0,0.0,0.0,0.0,0.0,0.0,0.0,0.0,0.0,0.0,0.0,0.0,0.0,0.0,0.0,0.0,0.0,0.0,0.0,0.0,0.0,0.0,0.0,0.0,0.0,0.0,0.0,0.0,0.0,0.0,0.0,0.0,0.0,0.0,0.0,0.0,0.0,0.0,0.0,0.0,0.0,0.0,0.0,0.0,0.0,0.0,0.0,0.0,0.0,0.0,0.0,0.0,0.0,0.0,0.0
444,-0.5113013269113923,-0.8412353906919512,-1.0635593810385,-1.2235274119624073,-1.3150880612412226,-1.3391183465883447,-1.2982493211439692,-1.2176513932826365,-1.1209163394947694,-0.723627315325197,-0.3090610422016718,0.0482359742369238,0.3600157713501313,0.6417138608937664,0.8666689043805109,1.0438264824870311,1.2063378647797944,1.3316636960244563,1.3632363337068065,1.231946782011034,1.2222118853923094,1.0119907394906613,0.5700615137090995,0.06542552141953666,0.0,0.0,0.0,0.0,0.0,0.0,0.0,0.0,0.0,0.0,0.0,0.0,0.0,0.0,0.0,0.0,0.0,0.0,0.0,0.0,0.0,0.0,0.0,0.0,0.0,0.0,0.0,0.0,0.0,0.0,0.0,0.0,0.0,0.0,0.0,0.0,0.0,0.0,0.0,0.0,0.0,0.0,0.0,0.0,0.0,0.0,0.0,0.0,0.0,0.0,0.0,0.0,0.0,0.0,0.0,0.0,0.0,0.0,0.0,0.0,0.0,0.0,0.0,0.0,0.0,0.0,0.0,0.0,0.0,0.0,0.0,0.0
445,-0.9303877284703708,-1.2019950105815551,-1.3627167509134028,-1.4685530988920246,-1.497012191223327,-1.4037004668282966,-1.1122898531870355,-0.7288789940600208,-0.5339932281415176,-0.3069106550002739,-0.034123041870740604,0.2655498888989631,0.5353211005371602,0.7902726005005317,1.0408962200632905,1.202011404067921,1.3180772875389004,1.3482413024522624,1.2660115748406193,1.0613552910480055,0.9424041539766176,0.7181412604903186,0.2840417415197632,-0.19176280676578822,0.0,0.0,0.0,0.0,0.0,0.0,0.0,0.0,0.0,0.0,0.0,0.0,0.0,0.0,0.0,0.0,0.0,0.0,0.0,0.0,0.0,0.0,0.0,0.0,0.0,0.0,0.0,0.0,0.0,0.0,0.0,0.0,0.0,0.0,0.0,0.0,0.0,0.0,0.0,0.0,0.0,0.0,0.0,0.0,0.0,0.0,0.0,0.0,0.0,0.0,0.0,0.0,0.0,0.0,0.0,0.0,0.0,0.0,0.0,0.0,0.0,0.0,0.0,0.0,0.0,0.0,0.0,0.0,0.0,0.0,0.0,0.0
446,-0.777780610417993,-1.0871109560199093,-1.2900028625444862,-1.4318302146781712,-1.4977853674185007,-1.4214376931856165,-1.1571416073847698,-0.7769655106930867,-0.620126738625712,-0.41913673145924957,-0.13704430166461673,0.20543343275015302,0.5102807298650849,0.7968562081467021,1.0700504659444419,1.2497799552862667,1.3603618179652126,1.3903167328555166,1.2764065462998704,1.0429484000913096,0.9607591778299308,0.7197613591659874,0.2684678114762352,-0.23506004358459148,0.0,0.0,0.0,0.0,0.0,0.0,0.0,0.0,0.0,0.0,0.0,0.0,0.0,0.0,0.0,0.0,0.0,0.0,0.0,0.0,0.0,0.0,0.0,0.0,0.0,0.0,0.0,0.0,0.0,0.0,0.0,0.0,0.0,0.0,0.0,0.0,0.0,0.0,0.0,0.0,0.0,0.0,0.0,0.0,0.0,0.0,0.0,0.0,0.0,0.0,0.0,0.0,0.0,0.0,0.0,0.0,0.0,0.0,0.0,0.0,0.0,0.0,0.0,0.0,0.0,0.0,0.0,0.0,0.0,0.0,0.0,0.0
447,-0.735961985676435,-1.069259889648429,-1.3114297382068645,-1.4593648930990055,-1.5399155849377766,-1.4760075980243714,-1.187386110829804,-0.7511253390528795,-0.5524484260327338,-0.33772054870679086,-0.05923261962233499,0.25520355210091117,0.5592102954042614,0.8246059632807627,1.080533781244167,1.2423008731187235,1.3345384421939737,1.3582820345541622,1.246960830497826,1.0306056664680694,0.94946323400973,0.6797034790639104,0.2239892344186694,-0.30554465251775015,0.0,0.0,0.0,0.0,0.0,0.0,0.0,0.0,0.0,0.0,0.0,0.0,0.0,0.0,0.0,0.0,0.0,0.0,0.0,0.0,0.0,0.0,0.0,0.0,0.0,0.0,0.0,0.0,0.0,0.0,0.0,0.0,0.0,0.0,0.0,0.0,0.0,0.0,0.0,0.0,0.0,0.0,0.0,0.0,0.0,0.0,0.0,0.0,0.0,0.0,0.0,0.0,0.0,0.0,0.0,0.0,0.0,0.0,0.0,0.0,0.0,0.0,0.0,0.0,0.0,0.0,0.0,0.0,0.0,0.0,0.0,0.0
448,-0.8111955019773328,-1.112717338134579,-1.3327565738409717,-1.481380837063328,-1.5370787212826222,-1.4687057658820841,-1.1627657620559473,-0.7281918929847303,-0.5306056405136836,-0.3362786920606711,-0.0609037170258766,0.26444725295210786,0.5721255522545295,0.8729230986299902,1.1144737408554084,1.2625185722523362,1.3216930474242004,1.3082212574829926,1.1817602615832685,0.9864193074357565,0.9439759262231342,0.7006145595432527,0.26879299164282006,-0.23538512545797025,0.0,0.0,0.0,0.0,0.0,0.0,0.0,0.0,0.0,0.0,0.0,0.0,0.0,0.0,0.0,0.0,0.0,0.0,0.0,0.0,0.0,0.0,0.0,0.0,0.0,0.0,0.0,0.0,0.0,0.0,0.0,0.0,0.0,0.0,0.0,0.0,0.0,0.0,0.0,0.0,0.0,0.0,0.0,0.0,0.0,0.0,0.0,0.0,0.0,0.0,0.0,0.0,0.0,0.0,0.0,0.0,0.0,0.0,0.0,0.0,0.0,0.0,0.0,0.0,0.0,0.0,0.0,0.0,0.0,0.0,0.0,0.0
449,-0.6626788656179563,-1.054826678976231,-1.3176552678999942,-1.4990636843875431,-1.585577752576578,-1.510401710418015,-1.1844745418464087,-0.7056483410812661,-0.4783948628183312,-0.21162261266657792,0.11619422691010689,0.46036082866116773,0.7742926943309704,1.0298912376700848,1.229128289292506,1.327555500774428,1.359762067469681,1.3089874291593073,1.1231423937902696,0.8256424499037593,0.6739758118439698,0.4150087245392805,0.017767015428184985,-0.4513643514848151,0.0,0.0,0.0,0.0,0.0,0.0,0.0,0.0,0.0,0.0,0.0,0.0,0.0,0.0,0.0,0.0,0.0,0.0,0.0,0.0,0.0,0.0,0.0,0.0,0.0,0.0,0.0,0.0,0.0,0.0,0.0,0.0,0.0,0.0,0.0,0.0,0.0,0.0,0.0,0.0,0.0,0.0,0.0,0.0,0.0,0.0,0.0,0.0,0.0,0.0,0.0,0.0,0.0,0.0,0.0,0.0,0.0,0.0,0.0,0.0,0.0,0.0,0.0,0.0,0.0,0.0,0.0,0.0,0.0,0.0,0.0,0.0
450,-0.39814841915338556,-0.8070365532364275,-1.0793201409395305,-1.2804323897766627,-1.4006554966516902,-1.420276203855313,-1.352714334710763,-1.1932498134284903,-0.9889908473983243,-0.596113950797484,-0.14668869522771225,0.2436893377198366,0.607135173515243,0.9045924987626166,1.1247701517693067,1.288491996312743,1.3794691433936914,1.3763224262006575,1.2317585363324566,0.9791882063386538,0.9201409837164308,0.6381395929171939,0.20731698898859272,-0.23738819079162826,0.0,0.0,0.0,0.0,0.0,0.0,0.0,0.0,0.0,0.0,0.0,0.0,0.0,0.0,0.0,0.0,0.0,0.0,0.0,0.0,0.0,0.0,0.0,0.0,0.0,0.0,0.0,0.0,0.0,0.0,0.0,0.0,0.0,0.0,0.0,0.0,0.0,0.0,0.0,0.0,0.0,0.0,0.0,0.0,0.0,0.0,0.0,0.0,0.0,0.0,0.0,0.0,0.0,0.0,0.0,0.0,0.0,0.0,0.0,0.0,0.0,0.0,0.0,0.0,0.0,0.0,0.0,0.0,0.0,0.0,0.0,0.0
451,-0.4051886825295184,-0.7394627250744015,-1.010548012263597,-1.1893371874026486,-1.309174754046598,-1.3851670618723155,-1.352191005870368,-1.25621041828928,-1.129372348136537,-0.7427787530522509,-0.3210905285357245,0.0883468148404136,0.49538924912143817,0.8482698930975877,1.0843526627428166,1.2180070126278055,1.2852486910675314,1.3155535023095446,1.2424166630203088,1.0888661452682227,1.1261714600190296,0.8424668441363512,0.3680906195273273,-0.16265808070513788,0.0,0.0,0.0,0.0,0.0,0.0,0.0,0.0,0.0,0.0,0.0,0.0,0.0,0.0,0.0,0.0,0.0,0.0,0.0,0.0,0.0,0.0,0.0,0.0,0.0,0.0,0.0,0.0,0.0,0.0,0.0,0.0,0.0,0.0,0.0,0.0,0.0,0.0,0.0,0.0,0.0,0.0,0.0,0.0,0.0,0.0,0.0,0.0,0.0,0.0,0.0,0.0,0.0,0.0,0.0,0.0,0.0,0.0,0.0,0.0,0.0,0.0,0.0,0.0,0.0,0.0,0.0,0.0,0.0,0.0,0.0,0.0
452,-0.7424772621868637,-1.2053903447103345,-1.5204022579328427,-1.6475872193096466,-1.6978083294288189,-1.5733855291085694,-1.131941971161045,-0.40938574932145344,-0.05306697302592601,0.11165826816495913,0.3635171354126082,0.6040762528834436,0.7842444854359741,0.9538662848634786,1.0988797403325885,1.143450975563354,1.1533696448118906,1.1064129068504645,0.9480908571997738,0.8088528293943685,0.9202181410836332,0.5716836368565774,-0.013266743256481958,-0.5736087794111469,0.0,0.0,0.0,0.0,0.0,0.0,0.0,0.0,0.0,0.0,0.0,0.0,0.0,0.0,0.0,0.0,0.0,0.0,0.0,0.0,0.0,0.0,0.0,0.0,0.0,0.0,0.0,0.0,0.0,0.0,0.0,0.0,0.0,0.0,0.0,0.0,0.0,0.0,0.0,0.0,0.0,0.0,0.0,0.0,0.0,0.0,0.0,0.0,0.0,0.0,0.0,0.0,0.0,0.0,0.0,0.0,0.0,0.0,0.0,0.0,0.0,0.0,0.0,0.0,0.0,0.0,0.0,0.0,0.0,0.0,0.0,0.0
453,-0.8920256913130453,-1.232266233161596,-1.4983720737630024,-1.6465197443997417,-1.6872999166785483,-1.5189447576887287,-1.108099738461946,-0.43930491308951775,-0.17721622378721746,-0.03649419646094754,0.15401616060273104,0.4074618880190753,0.5988243680855946,0.7701010916565824,0.9884880440989078,1.0932991734483182,1.1433309669008243,1.1640253826840992,1.0709005116593617,0.964750331876916,1.0904993407246986,0.8251238912685841,0.29729455693752316,-0.33157221915893914,1.0,1.0,1.0,1.0,1.0,1.0,1.0,1.0,1.0,1.0,1.0,1.0,1.0,1.0,1.0,1.0,1.0,1.0,1.0,1.0,1.0,1.0,1.0,1.0,1.0,1.0,1.0,1.0,1.0,1.0,1.0,1.0,1.0,1.0,1.0,1.0,1.0,1.0,1.0,1.0,1.0,1.0,1.0,1.0,1.0,1.0,1.0,1.0,1.0,1.0,1.0,1.0,1.0,1.0,1.0,1.0,1.0,1.0,1.0,1.0,1.0,1.0,1.0,1.0,1.0,1.0,1.0,1.0,1.0,1.0,1.0,1.0
454,-0.8726564477802151,-1.2866477692702358,-1.5007185404013252,-1.6666266334913995,-1.7110245738957857,-1.5713398257229219,-1.1125611082109328,-0.3441651747209882,-0.06648331938478423,0.08787092371701405,0.2740307089213696,0.47005670310447756,0.639729533831181,0.8040798044509259,0.9612900554149946,1.0454124688127786,1.0678710760933599,1.085526397423759,1.0302236997270677,0.9701177160801941,1.0939646024713763,0.8143354690472606,0.2222331117829192,-0.43451887800008965,-1.0,-1.0,-1.0,-1.0,-1.0,-1.0,-1.0,-1.0,-1.0,-1.0,-1.0,-1.0,-1.0,-1.0,-1.0,-1.0,-1.0,-1.0,-1.0,-1.0,-1.0,-1.0,-1.0,-1.0,-1.0,-1.0,-1.0,-1.0,-1.0,-1.0,-1.0,-1.0,-1.0,-1.0,-1.0,-1.0,-1.0,-1.0,-1.0,-1.0,-1.0,-1.0,-1.0,-1.0,-1.0,-1.0,-1.0,-1.0,-1.0,-1.0,-1.0,-1.0,-1.0,-1.0,-1.0,-1.0,-1.0,-1.0,-1.0,-1.0,-1.0,-1.0,-1.0,-1.0,-1.0,-1.0,-1.0,-1.0,-1.0,-1.0,-1.0,-1.0
455,-0.9227574403053384,-1.2491731239995345,-1.5253601874011322,-1.694055189448262,-1.7373896853869741,-1.6345406057402254,-1.1218428680757209,-0.2709109478246442,0.056348914361864455,0.20014065088577324,0.4134364166100841,0.5999998634111634,0.7406962787965928,0.8355256627663722,0.9836789881672292,1.0368622331829216,1.0343296977059837,1.0063311110442834,0.9009494959205968,0.8415756086279457,1.0118182712443151,0.7571577593966881,0.23714380813214117,-0.4999647120721232,1.0,1.0,1.0,1.0,1.0,1.0,1.0,1.0,1.0,1.0,1.0,1.0,1.0,1.0,1.0,1.0,1.0,1.0,1.0,1.0,1.0,1.0,1.0,1.0,1.0,1.0,1.0,1.0,1.0,1.0,1.0,1.0,1.0,1.0,1.0,1.0,1.0,1.0,1.0,1.0,1.0,1.0,1.0,1.0,1.0,1.0,1.0,1.0,1.0,1.0,1.0,1.0,1.0,1.0,1.0,1.0,1.0,1.0,1.0,1.0,1.0,1.0,1.0,1.0,1.0,1.0,1.0,1.0,1.0,1.0,1.0,1.0
456,-0.932617495860099,-1.34424583626659,-1.5350999456400845,-1.6797138669943474,-1.7389496634111405,-1.6180602829687054,-1.0988403939684472,-0.22375239129077076,0.1680803130682717,0.33823211604099895,0.5508463138941315,0.7290070383211701,0.8329719055016642,0.9311945271111427,1.022012674168522,1.0560128124179569,1.0118881885564681,0.9830258489758367,0.8784565348931304,0.7451759929553458,0.8022962252143964,0.5410240517331837,0.11156452771143333,-0.5305091941634495,0.0,0.0,0.0,0.0,0.0,0.0,0.0,0.0,0.0,0.0,0.0,0.0,0.0,0.0,0.0,0.0,0.0,0.0,0.0,0.0,0.0,0.0,0.0,0.0,0.0,0.0,0.0,0.0,0.0,0.0,0.0,0.0,0.0,0.0,0.0,0.0,0.0,0.0,0.0,0.0,0.0,0.0,0.0,0.0,0.0,0.0,0.0,0.0,0.0,0.0,0.0,0.0,0.0,0.0,0.0,0.0,0.0,0.0,0.0,0.0,0.0,0.0,0.0,0.0,0.0,0.0,0.0,0.0,0.0,0.0,0.0,0.0
457,-0.4284117188229964,-0.9663164537830702,-1.2902859051540603,-1.4802301324890563,-1.5931504423767175,-1.6155180436963184,-1.4158330867543996,-1.0741860149856606,-0.701512915580056,-0.20365340233733176,0.22890714576268734,0.5131921431795473,0.6841960629455265,0.8092020929010366,0.9230243221967463,0.9940955715509614,1.0271058218855333,1.0673314274844925,1.042077684059137,1.0319761866889947,1.2242654044849164,0.9278946870002078,0.43003517375748357,-0.13420560791760394,0.0,0.0,0.0,0.0,0.0,0.0,0.0,0.0,0.0,0.0,0.0,0.0,0.0,0.0,0.0,0.0,0.0,0.0,0.0,0.0,0.0,0.0,0.0,0.0,0.0,0.0,0.0,0.0,0.0,0.0,0.0,0.0,0.0,0.0,0.0,0.0,0.0,0.0,0.0,0.0,0.0,0.0,0.0,0.0,0.0,0.0,0.0,0.0,0.0,0.0,0.0,0.0,0.0,0.0,0.0,0.0,0.0,0.0,0.0,0.0,0.0,0.0,0.0,0.0,0.0,0.0,0.0,0.0,0.0,0.0,0.0,0.0
458,-0.5611191859332334,-0.8870452989008568,-1.081132958203794,-1.2121244839006127,-1.321801655739436,-1.3899793571527588,-1.4152460415274686,-1.2323096004681182,-1.040621570407472,-0.5738231054512439,-0.1783077444571856,0.12588055066850873,0.3669727121880846,0.6027009965778338,0.7696869609090154,0.8817637619901297,0.9997690588463156,1.1469933705939255,1.2271692182187024,1.2610463369333968,1.5241586256175241,1.2346504152681974,0.6844295454770343,0.06828944885352808,-1.0,-1.0,-1.0,-1.0,-1.0,-1.0,-1.0,-1.0,-1.0,-1.0,-1.0,-1.0,-1.0,-1.0,-1.0,-1.0,-1.0,-1.0,-1.0,-1.0,-1.0,-1.0,-1.0,-1.0,-1.0,-1.0,-1.0,-1.0,-1.0,-1.0,-1.0,-1.0,-1.0,-1.0,-1.0,-1.0,-1.0,-1.0,-1.0,-1.0,-1.0,-1.0,-1.0,-1.0,-1.0,-1.0,-1.0,-1.0,-1.0,-1.0,-1.0,-1.0,-1.0,-1.0,-1.0,-1.0,-1.0,-1.0,-1.0,-1.0,-1.0,-1.0,-1.0,-1.0,-1.0,-1.0,-1.0,-1.0,-1.0,-1.0,-1.0,-1.0
459,-1.1809853337857006,-1.427948402938874,-1.52203458926728,-1.5831431985287308,-1.5949434816964592,-1.453024004670297,-1.0484428674910367,-0.42734760611818806,-0.12749398205251766,0.03939573703392717,0.28836063993876876,0.4887547344478711,0.6701840881516956,0.8318058236811188,1.0009080958615126,1.0904638163308802,1.0856172714584202,1.0606470293981378,1.0014348942172149,0.9599231837878845,1.0688650837470914,0.7782831107417791,0.281828340328062,-0.281108382575268,0.0,0.0,0.0,0.0,0.0,0.0,0.0,0.0,0.0,0.0,0.0,0.0,0.0,0.0,0.0,0.0,0.0,0.0,0.0,0.0,0.0,0.0,0.0,0.0,0.0,0.0,0.0,0.0,0.0,0.0,0.0,0.0,0.0,0.0,0.0,0.0,0.0,0.0,0.0,0.0,0.0,0.0,0.0,0.0,0.0,0.0,0.0,0.0,0.0,0.0,0.0,0.0,0.0,0.0,0.0,0.0,0.0,0.0,0.0,0.0,0.0,0.0,0.0,0.0,0.0,0.0,0.0,0.0,0.0,0.0,0.0,0.0
460,-0.9837914017101662,-1.2756504573123215,-1.4775280532115285,-1.6043706047119808,-1.638908942779779,-1.494393265075044,-1.096697430832384,-0.47308854905269243,-0.23485480781896087,-0.12154482152635941,0.07851496710612141,0.31159825441746203,0.5136778289018609,0.7520125594281883,0.9968106046806535,1.135670882000018,1.1830348602274958,1.1665736055343638,1.0778040173425665,1.0080204161587987,1.1043642012952886,0.8457306229571849,0.35552859669667913,-0.12851308271547662,0.0,0.0,0.0,0.0,0.0,0.0,0.0,0.0,0.0,0.0,0.0,0.0,0.0,0.0,0.0,0.0,0.0,0.0,0.0,0.0,0.0,0.0,0.0,0.0,0.0,0.0,0.0,0.0,0.0,0.0,0.0,0.0,0.0,0.0,0.0,0.0,0.0,0.0,0.0,0.0,0.0,0.0,0.0,0.0,0.0,0.0,0.0,0.0,0.0,0.0,0.0,0.0,0.0,0.0,0.0,0.0,0.0,0.0,0.0,0.0,0.0,0.0,0.0,0.0,0.0,0.0,0.0,0.0,0.0,0.0,0.0,0.0
461,-0.9305781496794231,-1.1892175852176654,-1.3947078178647285,-1.5224260530608575,-1.579478869723705,-1.5320349484988107,-1.1830118402473204,-0.5627376211952744,-0.3203131967085783,-0.17637995046090318,0.06174048961087636,0.32068020313155465,0.5641055542263709,0.8055290521049469,1.0588635766201524,1.1862815338338453,1.2392305514034003,1.244835740408873,1.1189191731073604,0.9997088140802526,1.0658700628769935,0.7445726216704308,0.25051524790233337,-0.2699665883201356,0.0,0.0,0.0,0.0,0.0,0.0,0.0,0.0,0.0,0.0,0.0,0.0,0.0,0.0,0.0,0.0,0.0,0.0,0.0,0.0,0.0,0.0,0.0,0.0,0.0,0.0,0.0,0.0,0.0,0.0,0.0,0.0,0.0,0.0,0.0,0.0,0.0,0.0,0.0,0.0,0.0,0.0,0.0,0.0,0.0,0.0,0.0,0.0,0.0,0.0,0.0,0.0,0.0,0.0,0.0,0.0,0.0,0.0,0.0,0.0,0.0,0.0,0.0,0.0,0.0,0.0,0.0,0.0,0.0,0.0,0.0,0.0
462,-0.8568173073330678,-1.1430870579465924,-1.3927652235713361,-1.5634625914670501,-1.6299927459921055,-1.4981679969546027,-1.1412812394666265,-0.5868949661171283,-0.3627833884455843,-0.2210741593072161,0.047327492662436334,0.3322666401854597,0.5869820889385293,0.8203128451656883,1.0735076046724707,1.1877493842997804,1.246676092593401,1.233084932454711,1.1043015619097822,1.0268414534270391,1.0583957552874939,0.723558991870679,0.260128944064721,-0.3048071109308931,0.0,0.0,0.0,0.0,0.0,0.0,0.0,0.0,0.0,0.0,0.0,0.0,0.0,0.0,0.0,0.0,0.0,0.0,0.0,0.0,0.0,0.0,0.0,0.0,0.0,0.0,0.0,0.0,0.0,0.0,0.0,0.0,0.0,0.0,0.0,0.0,0.0,0.0,0.0,0.0,0.0,0.0,0.0,0.0,0.0,0.0,0.0,0.0,0.0,0.0,0.0,0.0,0.0,0.0,0.0,0.0,0.0,0.0,0.0,0.0,0.0,0.0,0.0,0.0,0.0,0.0,0.0,0.0,0.0,0.0,0.0,0.0
463,-0.5952744412667227,-1.009670747301112,-1.3904471607185287,-1.5819560305144695,-1.661772145949579,-1.5123504009852557,-1.161956409043918,-0.4817139150938371,-0.1837420520108161,0.04649195335504512,0.3524329761694967,0.6220147077092963,0.8950829466315968,1.1322899667624597,1.312094133202862,1.3736060848798415,1.307985035216343,1.1335351479704958,0.9025540338798129,0.6753084634132382,0.5920058405956281,0.24148733053348678,-0.24176749630529487,-0.766237821130069,0.0,0.0,0.0,0.0,0.0,0.0,0.0,0.0,0.0,0.0,0.0,0.0,0.0,0.0,0.0,0.0,0.0,0.0,0.0,0.0,0.0,0.0,0.0,0.0,0.0,0.0,0.0,0.0,0.0,0.0,0.0,0.0,0.0,0.0,0.0,0.0,0.0,0.0,0.0,0.0,0.0,0.0,0.0,0.0,0.0,0.0,0.0,0.0,0.0,0.0,0.0,0.0,0.0,0.0,0.0,0.0,0.0,0.0,0.0,0.0,0.0,0.0,0.0,0.0,0.0,0.0,0.0,0.0,0.0,0.0,0.0,0.0
464,0.025164327072014332,-0.6898259311162632,-1.0921111543290096,-1.43226818247401,-1.721030125662636,-1.7391938504664952,-1.49831809085168,-1.1515560718689126,-0.7571142752760146,-0.17339820998835606,0.2784244445076427,0.5318909679069512,0.7302470990036415,0.7859767091973004,0.8668878469599463,0.957293659051882,1.0402688564513298,1.0520339963811025,1.0165321706281047,1.0458418174706958,1.2627744852986058,0.8803042345991604,0.22929982515175062,-0.44812454764672716,-1.0,-1.0,-1.0,-1.0,-1.0,-1.0,-1.0,-1.0,-1.0,-1.0,-1.0,-1.0,-1.0,-1.0,-1.0,-1.0,-1.0,-1.0,-1.0,-1.0,-1.0,-1.0,-1.0,-1.0,-1.0,-1.0,-1.0,-1.0,-1.0,-1.0,-1.0,-1.0,-1.0,-1.0,-1.0,-1.0,-1.0,-1.0,-1.0,-1.0,-1.0,-1.0,-1.0,-1.0,-1.0,-1.0,-1.0,-1.0,-1.0,-1.0,-1.0,-1.0,-1.0,-1.0,-1.0,-1.0,-1.0,-1.0,-1.0,-1.0,-1.0,-1.0,-1.0,-1.0,-1.0,-1.0,-1.0,-1.0,-1.0,-1.0,-1.0,-1.0
465,-0.4952724711194909,-0.8785581005369281,-1.215169291605207,-1.2823180188956316,-1.3805252014444183,-1.3937120316099796,-1.3352388504811086,-1.1332721358401412,-0.875781925765231,-0.41337531535442507,-0.09880001153649227,0.09865541910046721,0.24752779123272664,0.4352666101687461,0.5426698716487794,0.6606572994459081,0.8596743283919472,1.0711841438106235,1.1955914757673018,1.4178589684263045,1.8035737507689769,1.3652851586872898,0.7491478702937546,0.054930666446237175,1.0,1.0,1.0,1.0,1.0,1.0,1.0,1.0,1.0,1.0,1.0,1.0,1.0,1.0,1.0,1.0,1.0,1.0,1.0,1.0,1.0,1.0,1.0,1.0,1.0,1.0,1.0,1.0,1.0,1.0,1.0,1.0,1.0,1.0,1.0,1.0,1.0,1.0,1.0,1.0,1.0,1.0,1.0,1.0,1.0,1.0,1.0,1.0,1.0,1.0,1.0,1.0,1.0,1.0,1.0,1.0,1.0,1.0,1.0,1.0,1.0,1.0,1.0,1.0,1.0,1.0,1.0,1.0,1.0,1.0,1.0,1.0
466,-1.2540612697974098,-1.4235558225700793,-1.5475734746986838,-1.6313051379192702,-1.6106543368823871,-1.5057076430883907,-1.075651890347616,-0.33064321031754645,-0.01569028302825172,0.14376098399423967,0.30321225101673105,0.4947117557139482,0.6125228829407572,0.7430855976930731,0.8873026672293393,0.9497064539692103,0.9878483706384262,0.9927007446525572,0.9495936080619048,1.0365978025943472,1.179799258964865,0.8540131245742544,0.4039836462404287,-0.1439960796344603,0.0,0.0,0.0,0.0,0.0,0.0,0.0,0.0,0.0,0.0,0.0,0.0,0.0,0.0,0.0,0.0,0.0,0.0,0.0,0.0,0.0,0.0,0.0,0.0,0.0,0.0,0.0,0.0,0.0,0.0,0.0,0.0,0.0,0.0,0.0,0.0,0.0,0.0,0.0,0.0,0.0,0.0,0.0,0.0,0.0,0.0,0.0,0.0,0.0,0.0,0.0,0.0,0.0,0.0,0.0,0.0,0.0,0.0,0.0,0.0,0.0,0.0,0.0,0.0,0.0,0.0,0.0,0.0,0.0,0.0,0.0,0.0
467,-1.0006926468741455,-1.2951334601836368,-1.5431151293027734,-1.6526772863496153,-1.6726738767614433,-1.534733324938534,-1.102232219743787,-0.32942985736092534,-0.016189854263068747,0.07062169093798096,0.22951675367148847,0.45702287212941184,0.608374310935104,0.7653535326710711,0.9740604613406292,1.0342897127008057,1.0663800494096076,1.0727262727139601,0.9636430759165032,1.0506941012422455,1.1479230318674212,0.7981623097539506,0.2790891394828465,-0.3709796589950829,1.0,1.0,1.0,1.0,1.0,1.0,1.0,1.0,1.0,1.0,1.0,1.0,1.0,1.0,1.0,1.0,1.0,1.0,1.0,1.0,1.0,1.0,1.0,1.0,1.0,1.0,1.0,1.0,1.0,1.0,1.0,1.0,1.0,1.0,1.0,1.0,1.0,1.0,1.0,1.0,1.0,1.0,1.0,1.0,1.0,1.0,1.0,1.0,1.0,1.0,1.0,1.0,1.0,1.0,1.0,1.0,1.0,1.0,1.0,1.0,1.0,1.0,1.0,1.0,1.0,1.0,1.0,1.0,1.0,1.0,1.0,1.0
468,-0.9722678623613652,-1.2927184341811302,-1.5639626088077425,-1.7022033533974168,-1.7207166513512764,-1.5553149498950845,-1.0656869382206429,-0.2893464042870883,-0.008601984657837668,0.09419553819122417,0.2997905838893478,0.5033150633689477,0.6626268641824227,0.8169449464688698,0.9950136412619129,1.0039048962002797,0.9879493565163613,1.0134051412029181,0.9761349492694904,1.051162525187763,1.0995163362909355,0.7361928639464432,0.25703948137747495,-0.32637300019480725,0.0,0.0,0.0,0.0,0.0,0.0,0.0,0.0,0.0,0.0,0.0,0.0,0.0,0.0,0.0,0.0,0.0,0.0,0.0,0.0,0.0,0.0,0.0,0.0,0.0,0.0,0.0,0.0,0.0,0.0,0.0,0.0,0.0,0.0,0.0,0.0,0.0,0.0,0.0,0.0,0.0,0.0,0.0,0.0,0.0,0.0,0.0,0.0,0.0,0.0,0.0,0.0,0.0,0.0,0.0,0.0,0.0,0.0,0.0,0.0,0.0,0.0,0.0,0.0,0.0,0.0,0.0,0.0,0.0,0.0,0.0,0.0
469,-0.8977564286521218,-1.2766011320037087,-1.5986993626545767,-1.7460359627258524,-1.8224759413766924,-1.6949787250773907,-1.0757273713124746,-0.10884916807245965,0.27743530419361756,0.34891543690146415,0.4841441777589617,0.6306055108991209,0.7254260951034072,0.7831937125570955,0.9045640603385819,0.8783060524050873,0.822872480101043,0.7970521056331066,0.7499335691746689,0.9054393272696984,1.1634971941272099,0.8567161347708806,0.2988793440059715,-0.40585641336465494,0.0,0.0,0.0,0.0,0.0,0.0,0.0,0.0,0.0,0.0,0.0,0.0,0.0,0.0,0.0,0.0,0.0,0.0,0.0,0.0,0.0,0.0,0.0,0.0,0.0,0.0,0.0,0.0,0.0,0.0,0.0,0.0,0.0,0.0,0.0,0.0,0.0,0.0,0.0,0.0,0.0,0.0,0.0,0.0,0.0,0.0,0.0,0.0,0.0,0.0,0.0,0.0,0.0,0.0,0.0,0.0,0.0,0.0,0.0,0.0,0.0,0.0,0.0,0.0,0.0,0.0,0.0,0.0,0.0,0.0,0.0,0.0
470,-0.8566725831613828,-1.288486257589112,-1.6352972402003594,-1.7923203945377153,-1.8031389189507223,-1.635760891246631,-1.033632732488423,-0.004636510462717208,0.4043037123489405,0.4774060273111152,0.6518933710580395,0.762860521465738,0.8838734445426571,0.9463117854405821,1.0265234164455899,0.9750581503094289,0.8843370955889288,0.7954706450535156,0.6285562683956961,0.7457054327536843,0.8458540587483759,0.5253166354258597,0.031219170448962535,-0.5347442067000513,0.0,0.0,0.0,0.0,0.0,0.0,0.0,0.0,0.0,0.0,0.0,0.0,0.0,0.0,0.0,0.0,0.0,0.0,0.0,0.0,0.0,0.0,0.0,0.0,0.0,0.0,0.0,0.0,0.0,0.0,0.0,0.0,0.0,0.0,0.0,0.0,0.0,0.0,0.0,0.0,0.0,0.0,0.0,0.0,0.0,0.0,0.0,0.0,0.0,0.0,0.0,0.0,0.0,0.0,0.0,0.0,0.0,0.0,0.0,0.0,0.0,0.0,0.0,0.0,0.0,0.0,0.0,0.0,0.0,0.0,0.0,0.0
471,-0.6702250563639341,-0.9635860473869883,-1.2470258810653503,-1.4504859232265008,-1.540997404848078,-1.528176216894937,-1.3239530087841949,-1.0663081842020328,-0.7154044805797635,-0.2855894177697112,0.15002570625723818,0.42461281492033626,0.6514257351389932,0.7674269594769334,0.901438900225238,1.0096558318773428,1.1026094445376133,1.1364940126994854,1.1146674665411624,1.2010578520349442,1.2332634551077146,0.9061705291127067,0.387065050200424,-0.19416213700862406,0.0,0.0,0.0,0.0,0.0,0.0,0.0,0.0,0.0,0.0,0.0,0.0,0.0,0.0,0.0,0.0,0.0,0.0,0.0,0.0,0.0,0.0,0.0,0.0,0.0,0.0,0.0,0.0,0.0,0.0,0.0,0.0,0.0,0.0,0.0,0.0,0.0,0.0,0.0,0.0,0.0,0.0,0.0,0.0,0.0,0.0,0.0,0.0,0.0,0.0,0.0,0.0,0.0,0.0,0.0,0.0,0.0,0.0,0.0,0.0,0.0,0.0,0.0,0.0,0.0,0.0,0.0,0.0,0.0,0.0,0.0,0.0
472,-0.6169982848346254,-0.9130268281666395,-1.11074821125975,-1.2456991440651821,-1.3486559672883582,-1.3710186321174782,-1.3295037840436168,-1.1593482600715503,-0.9595234580093642,-0.6266297295877612,-0.27934418716721954,0.031186876425263545,0.33385779544909555,0.5846074778152183,0.8001525690147064,0.9594588793568039,1.0772503416250399,1.1951525101548062,1.2653402799650144,1.344605963220707,1.4382634604753384,1.1064767946690384,0.6887820699152277,0.13536146852527303,0.0,0.0,0.0,0.0,0.0,0.0,0.0,0.0,0.0,0.0,0.0,0.0,0.0,0.0,0.0,0.0,0.0,0.0,0.0,0.0,0.0,0.0,0.0,0.0,0.0,0.0,0.0,0.0,0.0,0.0,0.0,0.0,0.0,0.0,0.0,0.0,0.0,0.0,0.0,0.0,0.0,0.0,0.0,0.0,0.0,0.0,0.0,0.0,0.0,0.0,0.0,0.0,0.0,0.0,0.0,0.0,0.0,0.0,0.0,0.0,0.0,0.0,0.0,0.0,0.0,0.0,0.0,0.0,0.0,0.0,0.0,0.0
473,-1.1496930775240266,-1.323462399543638,-1.4623777980487591,-1.5274162199179036,-1.5613529349188544,-1.4702157617099125,-1.1267628646855463,-0.535830434189872,-0.23765428469748706,-0.11383113536969301,0.11472054968585144,0.3576140405894636,0.5899179422913049,0.7980408922725668,1.0075813463202075,1.1316546434244212,1.1674257754524506,1.154167943302202,1.059612083815523,1.0664494563709972,1.0481886686923527,0.7823649649502602,0.3555294757859654,-0.12467087234788374,0.0,0.0,0.0,0.0,0.0,0.0,0.0,0.0,0.0,0.0,0.0,0.0,0.0,0.0,0.0,0.0,0.0,0.0,0.0,0.0,0.0,0.0,0.0,0.0,0.0,0.0,0.0,0.0,0.0,0.0,0.0,0.0,0.0,0.0,0.0,0.0,0.0,0.0,0.0,0.0,0.0,0.0,0.0,0.0,0.0,0.0,0.0,0.0,0.0,0.0,0.0,0.0,0.0,0.0,0.0,0.0,0.0,0.0,0.0,0.0,0.0,0.0,0.0,0.0,0.0,0.0,0.0,0.0,0.0,0.0,0.0,0.0
474,-0.8065553277192407,-1.1549065792401245,-1.4050751565355564,-1.6067002911056811,-1.6658728849469133,-1.5824833591817693,-1.1798905633064225,-0.4740930134335024,-0.11982450252849529,-0.017696988713627793,0.23784095357850848,0.4474653462049479,0.6730882549440168,0.866604552580343,1.0698733703127241,1.1701380432103676,1.2109013856343276,1.1627962584189555,1.0173850879980013,1.0079613045343978,1.0042356226999498,0.6242160755862582,0.06996611327338294,-0.5493737022648478,1.0,1.0,1.0,1.0,1.0,1.0,1.0,1.0,1.0,1.0,1.0,1.0,1.0,1.0,1.0,1.0,1.0,1.0,1.0,1.0,1.0,1.0,1.0,1.0,1.0,1.0,1.0,1.0,1.0,1.0,1.0,1.0,1.0,1.0,1.0,1.0,1.0,1.0,1.0,1.0,1.0,1.0,1.0,1.0,1.0,1.0,1.0,1.0,1.0,1.0,1.0,1.0,1.0,1.0,1.0,1.0,1.0,1.0,1.0,1.0,1.0,1.0,1.0,1.0,1.0,1.0,1.0,1.0,1.0,1.0,1.0,1.0
475,-0.8361250876904318,-1.176455393067405,-1.4583991925254078,-1.625234768501611,-1.6908749951151991,-1.5938416166429383,-1.1623046920402005,-0.47653080276381843,-0.09398622121325131,-0.013719639756417993,0.19663826038749038,0.5290013643457854,0.7518451771607567,0.950430645357663,1.0995481166863577,1.1416434794059414,1.0931267901698112,1.0398535627732757,0.977423999417961,1.0606634172250473,0.9884829506409024,0.5934524564192724,0.11090166004619138,-0.40553947071977475,0.0,0.0,0.0,0.0,0.0,0.0,0.0,0.0,0.0,0.0,0.0,0.0,0.0,0.0,0.0,0.0,0.0,0.0,0.0,0.0,0.0,0.0,0.0,0.0,0.0,0.0,0.0,0.0,0.0,0.0,0.0,0.0,0.0,0.0,0.0,0.0,0.0,0.0,0.0,0.0,0.0,0.0,0.0,0.0,0.0,0.0,0.0,0.0,0.0,0.0,0.0,0.0,0.0,0.0,0.0,0.0,0.0,0.0,0.0,0.0,0.0,0.0,0.0,0.0,0.0,0.0,0.0,0.0,0.0,0.0,0.0,0.0
476,-0.7489331957758346,-1.2468973411822788,-1.5761454423802186,-1.741241646087981,-1.7813746603353398,-1.6551523959181564,-1.1285442952449698,-0.19588452101027046,0.3115226865720229,0.4492340099698228,0.6184222072871197,0.7699833552094983,0.8540266085745556,0.8991959226490339,0.9797767198829466,0.8892807073643924,0.7913876294747564,0.7029376137609695,0.6955405483898877,0.9607332111616508,1.0721613448366705,0.6744510428638246,0.07166890730545498,-0.6661490173675573,0.0,0.0,0.0,0.0,0.0,0.0,0.0,0.0,0.0,0.0,0.0,0.0,0.0,0.0,0.0,0.0,0.0,0.0,0.0,0.0,0.0,0.0,0.0,0.0,0.0,0.0,0.0,0.0,0.0,0.0,0.0,0.0,0.0,0.0,0.0,0.0,0.0,0.0,0.0,0.0,0.0,0.0,0.0,0.0,0.0,0.0,0.0,0.0,0.0,0.0,0.0,0.0,0.0,0.0,0.0,0.0,0.0,0.0,0.0,0.0,0.0,0.0,0.0,0.0,0.0,0.0,0.0,0.0,0.0,0.0,0.0,0.0
477,-0.8280946262792199,-1.1361229767859513,-1.5659533874603768,-1.7914381930600756,-1.8572717032664163,-1.6905740076980675,-1.0710947694567523,0.15095234660590048,0.7392260983579716,0.8553910383856735,0.9516247322041164,0.9727639327290881,0.9310895088370009,0.8471366838949702,0.831634603509991,0.7172815949558581,0.6127935466467119,0.4819318291111725,0.4475051311133614,0.7279518580779867,0.8614308099642368,0.5511878765453657,0.021902560543930045,-0.7612544874764521,0.0,0.0,0.0,0.0,0.0,0.0,0.0,0.0,0.0,0.0,0.0,0.0,0.0,0.0,0.0,0.0,0.0,0.0,0.0,0.0,0.0,0.0,0.0,0.0,0.0,0.0,0.0,0.0,0.0,0.0,0.0,0.0,0.0,0.0,0.0,0.0,0.0,0.0,0.0,0.0,0.0,0.0,0.0,0.0,0.0,0.0,0.0,0.0,0.0,0.0,0.0,0.0,0.0,0.0,0.0,0.0,0.0,0.0,0.0,0.0,0.0,0.0,0.0,0.0,0.0,0.0,0.0,0.0,0.0,0.0,0.0,0.0
478,-0.46167199408509585,-1.0461100269699957,-1.424623711561504,-1.7316284188083095,-1.8359347466644922,-1.6692596866881177,-1.3200485529634238,-0.5689354601021497,0.11980890063893276,0.7066664102009089,1.0599100050540635,1.0467372987010921,0.847533718955135,0.5856925763470888,0.40235001037307705,0.36901499837780216,0.41686687043553544,0.5023550463589017,0.6338132791467195,1.118515106787692,1.4024003702313232,0.9695828757765447,0.3601435838951887,-0.4831784534368861,0.0,0.0,0.0,0.0,0.0,0.0,0.0,0.0,0.0,0.0,0.0,0.0,0.0,0.0,0.0,0.0,0.0,0.0,0.0,0.0,0.0,0.0,0.0,0.0,0.0,0.0,0.0,0.0,0.0,0.0,0.0,0.0,0.0,0.0,0.0,0.0,0.0,0.0,0.0,0.0,0.0,0.0,0.0,0.0,0.0,0.0,0.0,0.0,0.0,0.0,0.0,0.0,0.0,0.0,0.0,0.0,0.0,0.0,0.0,0.0,0.0,0.0,0.0,0.0,0.0,0.0,0.0,0.0,0.0,0.0,0.0,0.0
479,-0.6359948376055685,-1.0211984469675939,-1.2976516076789333,-1.4430183690066176,-1.4986751642756555,-1.510026221205525,-1.276414146326274,-0.912997243007063,-0.5237658392505679,-0.11732476853588344,0.09614833437101837,0.23217793596606817,0.31364923167239006,0.4013453005338017,0.4846474118739735,0.5582462003547407,0.6565609998924818,0.8482473967565696,1.1071247273829496,1.566659451479282,1.8224243955281172,1.3779023596293543,0.7678745904305576,0.0040583079883669,1.0,1.0,1.0,1.0,1.0,1.0,1.0,1.0,1.0,1.0,1.0,1.0,1.0,1.0,1.0,1.0,1.0,1.0,1.0,1.0,1.0,1.0,1.0,1.0,1.0,1.0,1.0,1.0,1.0,1.0,1.0,1.0,1.0,1.0,1.0,1.0,1.0,1.0,1.0,1.0,1.0,1.0,1.0,1.0,1.0,1.0,1.0,1.0,1.0,1.0,1.0,1.0,1.0,1.0,1.0,1.0,1.0,1.0,1.0,1.0,1.0,1.0,1.0,1.0,1.0,1.0,1.0,1.0,1.0,1.0,1.0,1.0
480,-1.3077915904949997,-1.491103065866135,-1.6779567919690799,-1.7379220365004244,-1.7337472409950778,-1.4986936031485838,-0.9144752503094508,0.022956104072960483,0.44752015607125634,0.5111541602891178,0.5990778838108148,0.6762483461823764,0.6905438580643214,0.7305206877518844,0.7696119547564951,0.7315327593895442,0.6740976939523493,0.6461392149619967,0.6738446760429343,1.0690586505490953,1.1663440367191458,0.8451378007168594,0.35112033258415815,-0.24321873663157303,0.0,0.0,0.0,0.0,0.0,0.0,0.0,0.0,0.0,0.0,0.0,0.0,0.0,0.0,0.0,0.0,0.0,0.0,0.0,0.0,0.0,0.0,0.0,0.0,0.0,0.0,0.0,0.0,0.0,0.0,0.0,0.0,0.0,0.0,0.0,0.0,0.0,0.0,0.0,0.0,0.0,0.0,0.0,0.0,0.0,0.0,0.0,0.0,0.0,0.0,0.0,0.0,0.0,0.0,0.0,0.0,0.0,0.0,0.0,0.0,0.0,0.0,0.0,0.0,0.0,0.0,0.0,0.0,0.0,0.0,0.0,0.0
481,-1.0422118095372483,-1.3864304748775345,-1.6769085943313604,-1.8082588636278767,-1.8469241394994336,-1.6082323642634688,-0.8473499860112795,0.17162659832938867,0.6195575379388687,0.5563251553763587,0.5905236845768332,0.6113219737640606,0.636028666288485,0.6698084379885455,0.7054028255237332,0.6780440021633536,0.6628291463149792,0.6871170813389897,0.7851063364358595,1.1485878467951882,1.1339313342806991,0.7718456822560836,0.20024169419101018,-0.41198177141421866,1.0,1.0,1.0,1.0,1.0,1.0,1.0,1.0,1.0,1.0,1.0,1.0,1.0,1.0,1.0,1.0,1.0,1.0,1.0,1.0,1.0,1.0,1.0,1.0,1.0,1.0,1.0,1.0,1.0,1.0,1.0,1.0,1.0,1.0,1.0,1.0,1.0,1.0,1.0,1.0,1.0,1.0,1.0,1.0,1.0,1.0,1.0,1.0,1.0,1.0,1.0,1.0,1.0,1.0,1.0,1.0,1.0,1.0,1.0,1.0,1.0,1.0,1.0,1.0,1.0,1.0,1.0,1.0,1.0,1.0,1.0,1.0
482,-1.0243239739277292,-1.3745954446634785,-1.6113066806408518,-1.7411295193976732,-1.7838014803166713,-1.625345338793356,-1.0252969502353286,-0.017293495562450197,0.4242987514722622,0.4078971508584454,0.47753445515948123,0.5404999219226934,0.5926236526869417,0.6671258385259741,0.7590026012864226,0.8038985080513619,0.7909718228218283,0.812377301589013,0.9249645600397894,1.1857222104764027,1.11955982155965,0.7961146975905674,0.2921129702541283,-0.39161138075743934,0.0,0.0,0.0,0.0,0.0,0.0,0.0,0.0,0.0,0.0,0.0,0.0,0.0,0.0,0.0,0.0,0.0,0.0,0.0,0.0,0.0,0.0,0.0,0.0,0.0,0.0,0.0,0.0,0.0,0.0,0.0,0.0,0.0,0.0,0.0,0.0,0.0,0.0,0.0,0.0,0.0,0.0,0.0,0.0,0.0,0.0,0.0,0.0,0.0,0.0,0.0,0.0,0.0,0.0,0.0,0.0,0.0,0.0,0.0,0.0,0.0,0.0,0.0,0.0,0.0,0.0,0.0,0.0,0.0,0.0,0.0,0.0
483,-1.0101920880212383,-1.3240437340276596,-1.62644094039881,-1.7681896308852867,-1.7992597983959588,-1.5920776214929975,-1.0747664914650776,-0.1138821865612944,0.3684929025790492,0.4221855883693813,0.4897667822174793,0.6219223795094168,0.67418326034534,0.7244396142450908,0.7991798328652331,0.773120982694992,0.7997525548469967,0.781854992916886,0.8291045564123782,1.136083538637637,1.122338211075312,0.8189387412360754,0.28788228364583063,-0.3403937303487754,0.0,0.0,0.0,0.0,0.0,0.0,0.0,0.0,0.0,0.0,0.0,0.0,0.0,0.0,0.0,0.0,0.0,0.0,0.0,0.0,0.0,0.0,0.0,0.0,0.0,0.0,0.0,0.0,0.0,0.0,0.0,0.0,0.0,0.0,0.0,0.0,0.0,0.0,0.0,0.0,0.0,0.0,0.0,0.0,0.0,0.0,0.0,0.0,0.0,0.0,0.0,0.0,0.0,0.0,0.0,0.0,0.0,0.0,0.0,0.0,0.0,0.0,0.0,0.0,0.0,0.0,0.0,0.0,0.0,0.0,0.0,0.0
484,-0.9026722531280331,-1.3291094542569182,-1.6515528157842514,-1.7622609723570744,-1.7872444773664562,-1.625632429337018,-0.9587289924928335,0.05653819232591786,0.5259157926896777,0.5307563467852454,0.5966503412474898,0.6933052762525356,0.7345280595180155,0.8244686775517898,0.9656254808547967,0.9604726329466118,0.9098810353026137,0.8486714480296284,0.7869934200377171,0.9439210608778963,0.8442993346529866,0.4455001359407302,-0.0287180185185974,-0.6216078217724883,0.0,0.0,0.0,0.0,0.0,0.0,0.0,0.0,0.0,0.0,0.0,0.0,0.0,0.0,0.0,0.0,0.0,0.0,0.0,0.0,0.0,0.0,0.0,0.0,0.0,0.0,0.0,0.0,0.0,0.0,0.0,0.0,0.0,0.0,0.0,0.0,0.0,0.0,0.0,0.0,0.0,0.0,0.0,0.0,0.0,0.0,0.0,0.0,0.0,0.0,0.0,0.0,0.0,0.0,0.0,0.0,0.0,0.0,0.0,0.0,0.0,0.0,0.0,0.0,0.0,0.0,0.0,0.0,0.0,0.0,0.0,0.0
485,-0.4878020397540945,-0.9261719588524484,-1.2350199332940182,-1.4691617800435854,-1.5720588993174756,-1.5374466263197135,-1.4063585154639358,-1.0744878978971575,-0.6658751365796852,-0.28232103444611295,0.1778185948182542,0.4387418835706149,0.6456324384576908,0.8240187685230803,0.9375658179501279,1.03999308736432,1.1775024796359723,1.195356774304501,1.1322402764850525,1.247353492111094,1.087447923193831,0.696532839924988,0.28008924761254683,-0.2235898019838469,-1.0,-1.0,-1.0,-1.0,-1.0,-1.0,-1.0,-1.0,-1.0,-1.0,-1.0,-1.0,-1.0,-1.0,-1.0,-1.0,-1.0,-1.0,-1.0,-1.0,-1.0,-1.0,-1.0,-1.0,-1.0,-1.0,-1.0,-1.0,-1.0,-1.0,-1.0,-1.0,-1.0,-1.0,-1.0,-1.0,-1.0,-1.0,-1.0,-1.0,-1.0,-1.0,-1.0,-1.0,-1.0,-1.0,-1.0,-1.0,-1.0,-1.0,-1.0,-1.0,-1.0,-1.0,-1.0,-1.0,-1.0,-1.0,-1.0,-1.0,-1.0,-1.0,-1.0,-1.0,-1.0,-1.0,-1.0,-1.0,-1.0,-1.0,-1.0,-1.0
486,-0.45948166967574305,-0.7557461206357624,-1.0769171510773254,-1.33616574634378,-1.4512038703579817,-1.4873940935825452,-1.3819883483733604,-1.13072086697392,-0.8797285963974798,-0.582088091322458,-0.1787666302152509,0.09025194926772073,0.32720846787113617,0.5715956786955646,0.7625919898578994,0.8729515298810929,0.9760179830947736,1.0848638635914645,1.2172402694546964,1.5158440124102202,1.5086885310122076,1.1269711195105383,0.6146661724951401,0.05130961781315246,0.0,0.0,0.0,0.0,0.0,0.0,0.0,0.0,0.0,0.0,0.0,0.0,0.0,0.0,0.0,0.0,0.0,0.0,0.0,0.0,0.0,0.0,0.0,0.0,0.0,0.0,0.0,0.0,0.0,0.0,0.0,0.0,0.0,0.0,0.0,0.0,0.0,0.0,0.0,0.0,0.0,0.0,0.0,0.0,0.0,0.0,0.0,0.0,0.0,0.0,0.0,0.0,0.0,0.0,0.0,0.0,0.0,0.0,0.0,0.0,0.0,0.0,0.0,0.0,0.0,0.0,0.0,0.0,0.0,0.0,0.0,0.0
487,-1.1964496108591844,-1.466810073996833,-1.6083823655522744,-1.693254717596799,-1.7080511527510047,-1.5568907712156381,-0.9685845094844149,-0.1075503549908701,0.3321996977921267,0.4109167328125017,0.5033648596559797,0.6016131890799062,0.7170253832827116,0.8707899374052184,0.9956718501067156,1.0095213134110521,0.9930676775195753,0.9028686088195367,0.8454584404212181,0.8899661173650691,0.8197718289935167,0.5619587428666346,0.23205742466846177,-0.3802782477531917,0.0,0.0,0.0,0.0,0.0,0.0,0.0,0.0,0.0,0.0,0.0,0.0,0.0,0.0,0.0,0.0,0.0,0.0,0.0,0.0,0.0,0.0,0.0,0.0,0.0,0.0,0.0,0.0,0.0,0.0,0.0,0.0,0.0,0.0,0.0,0.0,0.0,0.0,0.0,0.0,0.0,0.0,0.0,0.0,0.0,0.0,0.0,0.0,0.0,0.0,0.0,0.0,0.0,0.0,0.0,0.0,0.0,0.0,0.0,0.0,0.0,0.0,0.0,0.0,0.0,0.0,0.0,0.0,0.0,0.0,0.0,0.0
488,-1.0310862477845986,-1.3324617928106577,-1.542609542250837,-1.6896683020875616,-1.7463925617664198,-1.5906241715065632,-1.0497337898443806,-0.25525916855486164,0.10875871836064532,0.10831207064663857,0.21975067529132444,0.4181739222388262,0.6082225245487013,0.7642142386655612,0.8998834817951137,0.9918929108805056,0.9981459788766002,0.9760369170332657,0.9300322024905697,1.157040903134504,1.129348744866085,0.773593840659703,0.34827355499676876,-0.19384510787893253,0.0,0.0,0.0,0.0,0.0,0.0,0.0,0.0,0.0,0.0,0.0,0.0,0.0,0.0,0.0,0.0,0.0,0.0,0.0,0.0,0.0,0.0,0.0,0.0,0.0,0.0,0.0,0.0,0.0,0.0,0.0,0.0,0.0,0.0,0.0,0.0,0.0,0.0,0.0,0.0,0.0,0.0,0.0,0.0,0.0,0.0,0.0,0.0,0.0,0.0,0.0,0.0,0.0,0.0,0.0,0.0,0.0,0.0,0.0,0.0,0.0,0.0,0.0,0.0,0.0,0.0,0.0,0.0,0.0,0.0,0.0,0.0
489,-0.9109638365809785,-1.2815701630775194,-1.535604172428566,-1.697796963843152,-1.724689032885985,-1.5724607134828057,-1.1250199040067421,-0.34010763881905676,0.07647932358554231,0.07275765331622168,0.25980159781949697,0.4324390767641118,0.6329290557888035,0.8037657265385858,0.9642777636379947,0.9972925805432583,0.9930906947553156,0.971961211935947,0.9866077852539185,1.2167510725535198,1.08697282864592,0.7136052629173023,0.260041705578808,-0.2805609145099267,1.0,1.0,1.0,1.0,1.0,1.0,1.0,1.0,1.0,1.0,1.0,1.0,1.0,1.0,1.0,1.0,1.0,1.0,1.0,1.0,1.0,1.0,1.0,1.0,1.0,1.0,1.0,1.0,1.0,1.0,1.0,1.0,1.0,1.0,1.0,1.0,1.0,1.0,1.0,1.0,1.0,1.0,1.0,1.0,1.0,1.0,1.0,1.0,1.0,1.0,1.0,1.0,1.0,1.0,1.0,1.0,1.0,1.0,1.0,1.0,1.0,1.0,1.0,1.0,1.0,1.0,1.0,1.0,1.0,1.0,1.0,1.0
490,-0.7757240544169777,-1.1936578751630222,-1.5491878788387672,-1.761876117752679,-1.8000912993071974,-1.600857094348809,-1.1701848797512582,-0.23670392807122295,0.24578063005717304,0.24864319047324185,0.40350770898256383,0.5626660681159891,0.7063666010026427,0.8510690300349205,0.9695790312601688,0.9156197674172719,0.8742557694050778,0.8287410587895839,0.8517846701389377,1.1715326686138225,1.1155696124796775,0.7414329660994855,0.12855878101915574,-0.5268244262397956,0.0,0.0,0.0,0.0,0.0,0.0,0.0,0.0,0.0,0.0,0.0,0.0,0.0,0.0,0.0,0.0,0.0,0.0,0.0,0.0,0.0,0.0,0.0,0.0,0.0,0.0,0.0,0.0,0.0,0.0,0.0,0.0,0.0,0.0,0.0,0.0,0.0,0.0,0.0,0.0,0.0,0.0,0.0,0.0,0.0,0.0,0.0,0.0,0.0,0.0,0.0,0.0,0.0,0.0,0.0,0.0,0.0,0.0,0.0,0.0,0.0,0.0,0.0,0.0,0.0,0.0,0.0,0.0,0.0,0.0,0.0,0.0
491,-0.8143234078642809,-1.3170957288136647,-1.6506642754044012,-1.8032541424618656,-1.823255351251639,-1.5963061515160655,-0.9759460788913206,0.030082463220102683,0.5493073913997838,0.5565658945896209,0.6620561409485869,0.748996879155747,0.8236788119756265,0.9135229514587214,1.0075608927848332,0.9477185664863984,0.8401314192059239,0.7298021707203999,0.6623787410903574,0.9532027688964976,0.7802890929074892,0.43913944298514507,-0.05330967342758143,-0.6102788181944155,0.0,0.0,0.0,0.0,0.0,0.0,0.0,0.0,0.0,0.0,0.0,0.0,0.0,0.0,0.0,0.0,0.0,0.0,0.0,0.0,0.0,0.0,0.0,0.0,0.0,0.0,0.0,0.0,0.0,0.0,0.0,0.0,0.0,0.0,0.0,0.0,0.0,0.0,0.0,0.0,0.0,0.0,0.0,0.0,0.0,0.0,0.0,0.0,0.0,0.0,0.0,0.0,0.0,0.0,0.0,0.0,0.0,0.0,0.0,0.0,0.0,0.0,0.0,0.0,0.0,0.0,0.0,0.0,0.0,0.0,0.0,0.0
492,-0.41057484230672514,-1.1283328901976337,-1.4095112790181368,-1.5998087957377272,-1.735125895357594,-1.6364624071375427,-1.4270849283194182,-0.7371936671776843,-0.1123249084506917,0.3857625231741991,0.7959817082926828,0.8773225993443283,0.8158148267898433,0.674723528113841,0.576311092026665,0.4776476038066135,0.4655971014285919,0.5175648929338099,0.7354781442696996,1.473822467056395,1.417335737159419,0.9890407984739031,0.39254093076183627,-0.39852433992870356,1.0,1.0,1.0,1.0,1.0,1.0,1.0,1.0,1.0,1.0,1.0,1.0,1.0,1.0,1.0,1.0,1.0,1.0,1.0,1.0,1.0,1.0,1.0,1.0,1.0,1.0,1.0,1.0,1.0,1.0,1.0,1.0,1.0,1.0,1.0,1.0,1.0,1.0,1.0,1.0,1.0,1.0,1.0,1.0,1.0,1.0,1.0,1.0,1.0,1.0,1.0,1.0,1.0,1.0,1.0,1.0,1.0,1.0,1.0,1.0,1.0,1.0,1.0,1.0,1.0,1.0,1.0,1.0,1.0,1.0,1.0,1.0
493,-0.6092405980706646,-0.9620154361301464,-1.1450870099862775,-1.3240738225596147,-1.376990048268537,-1.4193230288356748,-1.2785844355466816,-1.2169416743699721,-0.7672465913278325,-0.3246070050468825,0.11079141350547807,0.2409467616526869,0.30221818089459695,0.3742585162456911,0.4405430516073938,0.4561394128689709,0.5395056772314485,0.5931645868099696,0.8763128120945538,1.7207443718285138,1.8068957007019872,1.523190462515204,1.0528859020916945,0.38651280009407313,0.0,0.0,0.0,0.0,0.0,0.0,0.0,0.0,0.0,0.0,0.0,0.0,0.0,0.0,0.0,0.0,0.0,0.0,0.0,0.0,0.0,0.0,0.0,0.0,0.0,0.0,0.0,0.0,0.0,0.0,0.0,0.0,0.0,0.0,0.0,0.0,0.0,0.0,0.0,0.0,0.0,0.0,0.0,0.0,0.0,0.0,0.0,0.0,0.0,0.0,0.0,0.0,0.0,0.0,0.0,0.0,0.0,0.0,0.0,0.0,0.0,0.0,0.0,0.0,0.0,0.0,0.0,0.0,0.0,0.0,0.0,0.0
494,-1.3771783728077422,-1.576332532647621,-1.6576356474824459,-1.7108545633443581,-1.6835397944802923,-1.4206511739575933,-0.7308570813763263,0.11949142725099893,0.4343165801208652,0.5352401627312867,0.6171844693234841,0.7146456164440944,0.7334966541108441,0.7720963979046648,0.7333684157593696,0.6624526073939782,0.5565277290760516,0.6855355106593858,1.1766883968066721,1.1963088645822686,0.9417557369054114,0.5903826538653163,0.14834505633275857,-0.46078711317105603,0.20851441405706922,0.20851441405706922,0.20851441405706922,0.20851441405706922,0.20851441405706922,0.20851441405706922,0.20851441405706922,0.20851441405706922,0.20851441405706922,0.20851441405706922,0.20851441405706922,0.20851441405706922,0.20851441405706922,0.20851441405706922,0.20851441405706922,0.20851441405706922,0.20851441405706922,0.20851441405706922,0.20851441405706922,0.20851441405706922,0.20851441405706922,0.20851441405706922,0.20851441405706922,-4.795831523312725,0.20851441405706922,0.20851441405706922,0.20851441405706922,0.20851441405706922,0.20851441405706922,0.20851441405706922,0.20851441405706922,0.20851441405706922,0.20851441405706922,0.20851441405706922,0.20851441405706922,0.20851441405706922,0.20851441405706922,0.20851441405706922,0.20851441405706922,0.20851441405706922,0.20851441405706922,0.20851441405706922,0.20851441405706922,0.20851441405706922,0.20851441405706922,0.20851441405706922,0.20851441405706922,-4.795831523312725,0.20851441405706922,0.20851441405706922,0.20851441405706922,0.20851441405706922,0.20851441405706922,0.20851441405706922,0.20851441405706922,0.20851441405706922,0.20851441405706922,0.20851441405706922,0.20851441405706922,0.20851441405706922,0.20851441405706922,0.20851441405706922,0.20851441405706922,0.20851441405706922,0.20851441405706922,0.20851441405706922,0.20851441405706922,0.20851441405706922,0.20851441405706922,0.20851441405706922,0.20851441405706922,-4.795831523312725
495,-1.1557514989734388,-1.4012208438881515,-1.609273841206768,-1.7212211392563788,-1.8032957081768481,-1.5875482200219377,-0.8626064853475708,0.10267493368397952,0.4169420790173211,0.5322085691923921,0.6197145434090691,0.6850422793328986,0.6781021503433001,0.6559239120504526,0.6575835081131828,0.5868243668931457,0.49539571107365216,0.6966594517720092,1.2143025509744552,1.3019593975604713,1.0303891327500945,0.6812704700994212,0.2054190172039054,-0.4194943365986394,0.20851441405705992,0.20851441405705992,0.20851441405705992,0.20851441405705992,0.20851441405705992,0.20851441405705992,0.20851441405705992,0.20851441405705992,0.20851441405705992,0.20851441405705992,0.20851441405705992,0.20851441405705992,0.20851441405705992,0.20851441405705992,0.20851441405705992,0.20851441405705992,0.20851441405705992,0.20851441405705992,0.20851441405705992,0.20851441405705992,0.20851441405705992,0.20851441405705992,0.20851441405705992,-4.795831523312733,0.20851441405705992,0.20851441405705992,0.20851441405705992,0.20851441405705992,0.20851441405705992,0.20851441405705992,0.20851441405705992,0.20851441405705992,0.20851441405705992,0.20851441405705992,0.20851441405705992,0.20851441405705992,0.20851441405705992,0.20851441405705992,0.20851441405705992,0.20851441405705992,0.20851441405705992,0.20851441405705992,0.20851441405705992,0.20851441405705992,0.20851441405705992,0.20851441405705992,0.20851441405705992,-4.795831523312733,0.20851441405705992,0.20851441405705992,0.20851441405705992,0.20851441405705992,0.20851441405705992,0.20851441405705992,0.20851441405705992,0.20851441405705992,0.20851441405705992,0.20851441405705992,0.20851441405705992,0.20851441405705992,0.20851441405705992,0.20851441405705992,0.20851441405705992,0.20851441405705992,0.20851441405705992,0.20851441405705992,0.20851441405705992,0.20851441405705992,0.20851441405705992,0.20851441405705992,0.20851441405705992,-4.795831523312733
496,-1.0279419098825775,-1.3918366112787626,-1.638345925127791,-1.7820190262242401,-1.824343898353919,-1.6127195377055243,-0.7305104842525291,0.2988436324638032,0.5956137319668254,0.6688556005349808,0.6559597410579693,0.6002430148560091,0.5934644220539902,0.5488249084797194,0.5408889949554047,0.4263142434481097,0.34315248297456086,0.5503128922655285,1.2266841886816087,1.350848169030784,1.1317838894533443,0.7468920835240763,0.21683919271255028,-0.4878037956339014,-0.20851441405652657,-0.20851441405652657,-0.20851441405652657,-0.20851441405652657,-0.20851441405652657,-0.20851441405652657,-0.20851441405652657,-0.20851441405652657,-0.20851441405652657,-0.20851441405652657,-0.20851441405652657,-0.20851441405652657,-0.20851441405652657,-0.20851441405652657,-0.20851441405652657,-0.20851441405652657,-0.20851441405652657,-0.20851441405652657,-0.20851441405652657,-0.20851441405652657,-0.20851441405652657,-0.20851441405652657,-0.20851441405652657,4.795831523313268,-0.20851441405652657,-0.20851441405652657,-0.20851441405652657,-0.20851441405652657,-0.20851441405652657,-0.20851441405652657,-0.20851441405652657,-0.20851441405652657,-0.20851441405652657,-0.20851441405652657,-0.20851441405652657,-0.20851441405652657,-0.20851441405652657,-0.20851441405652657,-0.20851441405652657,-0.20851441405652657,-0.20851441405652657,-0.20851441405652657,-0.20851441405652657,-0.20851441405652657,-0.20851441405652657,-0.20851441405652657,-0.20851441405652657,4.795831523313268,-0.20851441405652657,-0.20851441405652657,-0.20851441405652657,-0.20851441405652657,-0.20851441405652657,-0.20851441405652657,-0.20851441405652657,-0.20851441405652657,-0.20851441405652657,-0.20851441405652657,-0.20851441405652657,-0.20851441405652657,-0.20851441405652657,-0.20851441405652657,-0.20851441405652657,-0.20851441405652657,-0.20851441405652657,-0.20851441405652657,-0.20851441405652657,-0.20851441405652657,-0.20851441405652657,-0.20851441405652657,-0.20851441405652657,4.795831523313268
497,-1.16569831655126,-1.4744037397387575,-1.6493494079588449,-1.7944447353811204,-1.7426789545039023,-1.5000977039697854,-0.536007266683494,0.6264556885629398,0.9266594324092885,0.822561092032109,0.6774657646098335,0.6309899175448859,0.5701556787037756,0.5533412462290588,0.5667550069673161,0.4084348450143644,0.2784536141985759,0.39955531325805327,1.1206866475950656,1.2514235832411784,1.0351030755608328,0.6425144162073323,0.060054918234838314,-0.7079301155822839,0.2085144140570716,0.2085144140570716,0.2085144140570716,0.2085144140570716,0.2085144140570716,0.2085144140570716,0.2085144140570716,0.2085144140570716,0.2085144140570716,0.2085144140570716,0.2085144140570716,0.2085144140570716,0.2085144140570716,0.2085144140570716,0.2085144140570716,0.2085144140570716,0.2085144140570716,0.2085144140570716,0.2085144140570716,0.2085144140570716,0.2085144140570716,0.2085144140570716,0.2085144140570716,-4.795831523312723,0.2085144140570716,0.2085144140570716,0.2085144140570716,0.2085144140570716,0.2085144140570716,0.2085144140570716,0.2085144140570716,0.2085144140570716,0.2085144140570716,0.2085144140570716,0.2085144140570716,0.2085144140570716,0.2085144140570716,0.2085144140570716,0.2085144140570716,0.2085144140570716,0.2085144140570716,0.2085144140570716,0.2085144140570716,0.2085144140570716,0.2085144140570716,0.2085144140570716,0.2085144140570716,-4.795831523312723,0.2085144140570716,0.2085144140570716,0.2085144140570716,0.2085144140570716,0.2085144140570716,0.2085144140570716,0.2085144140570716,0.2085144140570716,0.2085144140570716,0.2085144140570716,0.2085144140570716,0.2085144140570716,0.2085144140570716,0.2085144140570716,0.2085144140570716,0.2085144140570716,0.2085144140570716,0.2085144140570716,0.2085144140570716,0.2085144140570716,0.2085144140570716,0.2085144140570716,0.2085144140570716,-4.795831523312723
498,-1.030398596260486,-1.4626911398806102,-1.735540719360325,-1.8356604210212628,-1.8075894766303455,-1.5231372401357184,-0.6153228985334579,0.482812446039221,0.8591502405067836,0.8842269508293362,0.8453019079405978,0.7889728795294907,0.6705134941998203,0.5634696262557897,0.47869537419521985,0.35480893961663884,0.2690989894097051,0.4771982571610376,1.1310641218401345,1.1069231096639456,0.9063094270835245,0.5831192873294316,0.11751588969875253,-0.5088404494772455,-0.20851441405705992,-0.20851441405705992,-0.20851441405705992,-0.20851441405705992,-0.20851441405705992,-0.20851441405705992,-0.20851441405705992,-0.20851441405705992,-0.20851441405705992,-0.20851441405705992,-0.20851441405705992,-0.20851441405705992,-0.20851441405705992,-0.20851441405705992,-0.20851441405705992,-0.20851441405705992,-0.20851441405705992,-0.20851441405705992,-0.20851441405705992,-0.20851441405705992,-0.20851441405705992,-0.20851441405705992,-0.20851441405705992,4.795831523312733,-0.20851441405705992,-0.20851441405705992,-0.20851441405705992,-0.20851441405705992,-0.20851441405705992,-0.20851441405705992,-0.20851441405705992,-0.20851441405705992,-0.20851441405705992,-0.20851441405705992,-0.20851441405705992,-0.20851441405705992,-0.20851441405705992,-0.20851441405705992,-0.20851441405705992,-0.20851441405705992,-0.20851441405705992,-0.20851441405705992,-0.20851441405705992,-0.20851441405705992,-0.20851441405705992,-0.20851441405705992,-0.20851441405705992,4.795831523312733,-0.20851441405705992,-0.20851441405705992,-0.20851441405705992,-0.20851441405705992,-0.20851441405705992,-0.20851441405705992,-0.20851441405705992,-0.20851441405705992,-0.20851441405705992,-0.20851441405705992,-0.20851441405705992,-0.20851441405705992,-0.20851441405705992,-0.20851441405705992,-0.20851441405705992,-0.20851441405705992,-0.20851441405705992,-0.20851441405705992,-0.20851441405705992,-0.20851441405705992,-0.20851441405705992,-0.20851441405705992,-0.20851441405705992,4.795831523312733
499,-0.6559101132224058,-1.2351081545455143,-1.606775953049268,-1.6959870054820037,-1.6509771995718319,-1.403827546759691,-0.8863495386906505,-0.16727072331137935,0.41084923882825203,0.8755013669069114,0.935065241794025,0.780091359169182,0.4849671826923073,0.1919991645823869,-0.07994630944972875,-0.25567321635650714,-0.21093293024220466,0.24805928212319964,1.4414929382324246,1.643093745542655,1.4479614133332877,1.0164602201465511,0.5264732312561783,-0.15325569392617616,-0.20851441405707927,-0.20851441405707927,-0.20851441405707927,-0.20851441405707927,-0.20851441405707927,-0.20851441405707927,-0.20851441405707927,-0.20851441405707927,-0.20851441405707927,-0.20851441405707927,-0.20851441405707927,-0.20851441405707927,-0.20851441405707927,-0.20851441405707927,-0.20851441405707927,-0.20851441405707927,-0.20851441405707927,-0.20851441405707927,-0.20851441405707927,-0.20851441405707927,-0.20851441405707927,-0.20851441405707927,-0.20851441405707927,4.795831523312716,-0.20851441405707927,-0.20851441405707927,-0.20851441405707927,-0.20851441405707927,-0.20851441405707927,-0.20851441405707927,-0.20851441405707927,-0.20851441405707927,-0.20851441405707927,-0.20851441405707927,-0.20851441405707927,-0.20851441405707927,-0.20851441405707927,-0.20851441405707927,-0.20851441405707927,-0.20851441405707927,-0.20851441405707927,-0.20851441405707927,-0.20851441405707927,-0.20851441405707927,-0.20851441405707927,-0.20851441405707927,-0.20851441405707927,4.795831523312716,-0.20851441405707927,-0.20851441405707927,-0.20851441405707927,-0.20851441405707927,-0.20851441405707927,-0.20851441405707927,-0.20851441405707927,-0.20851441405707927,-0.20851441405707927,-0.20851441405707927,-0.20851441405707927,-0.20851441405707927,-0.20851441405707927,-0.20851441405707927,-0.20851441405707927,-0.20851441405707927,-0.20851441405707927,-0.20851441405707927,-0.20851441405707927,-0.20851441405707927,-0.20851441405707927,-0.20851441405707927,-0.20851441405707927,4.795831523312716
500,-0.4901125531651326,-0.9614670773202625,-1.2295168975773754,-1.4915204812873353,-1.568106144217939,-1.3355779636753495,-0.9314878211072959,-0.33114691727957035,0.12534394203047525,0.4606581438746644,0.4528484216679252,0.23518390597042,0.07924138835843422,-0.0683875540012163,-0.23591869166191184,-0.3409720516686939,-0.32636031334640764,0.34376423729637456,1.7830204620415682,2.0024484633986597,1.868423553270103,1.3686013320387949,0.6528780807695677,-0.06183746440846729,0.20851441405706364,0.20851441405706364,0.20851441405706364,0.20851441405706364,0.20851441405706364,0.20851441405706364,0.20851441405706364,0.20851441405706364,0.20851441405706364,0.20851441405706364,0.20851441405706364,0.20851441405706364,0.20851441405706364,0.20851441405706364,0.20851441405706364,0.20851441405706364,0.20851441405706364,0.20851441405706364,0.20851441405706364,0.20851441405706364,0.20851441405706364,0.20851441405706364,0.20851441405706364,-4.795831523312731,0.20851441405706364,0.20851441405706364,0.20851441405706364,0.20851441405706364,0.20851441405706364,0.20851441405706364,0.20851441405706364,0.20851441405706364,0.20851441405706364,0.20851441405706364,0.20851441405706364,0.20851441405706364,0.20851441405706364,0.20851441405706364,0.20851441405706364,0.20851441405706364,0.20851441405706364,0.20851441405706364,0.20851441405706364,0.20851441405706364,0.20851441405706364,0.20851441405706364,0.20851441405706364,-4.795831523312731,0.20851441405706364,0.20851441405706364,0.20851441405706364,0.20851441405706364,0.20851441405706364,0.20851441405706364,0.20851441405706364,0.20851441405706364,0.20851441405706364,0.20851441405706364,0.20851441405706364,0.20851441405706364,0.20851441405706364,0.20851441405706364,0.20851441405706364,0.20851441405706364,0.20851441405706364,0.20851441405706364,0.20851441405706364,0.20851441405706364,0.20851441405706364,0.20851441405706364,0.20851441405706364,-4.795831523312731
501,-1.353940269151554,-1.6366544680698876,-1.7861942142847893,-1.7947522118091361,-1.6438612028272324,-1.2640062249921906,-0.4161639088520796,0.6675488302836244,1.0007101725033705,0.9510137307391813,0.7785025174852434,0.7035825040703478,0.5444337781789864,0.46470927492586106,0.4358823358964824,0.3342373477564337,0.25511340573308705,0.5049468773210355,1.0805848160639406,1.1329837833621341,0.9385520852212729,0.6008865337781863,0.066687319890013,-0.5648028132223133,-0.2085144140571139,-0.2085144140571139,-0.2085144140571139,-0.2085144140571139,-0.2085144140571139,-0.2085144140571139,-0.2085144140571139,-0.2085144140571139,-0.2085144140571139,-0.2085144140571139,-0.2085144140571139,-0.2085144140571139,-0.2085144140571139,-0.2085144140571139,-0.2085144140571139,-0.2085144140571139,-0.2085144140571139,-0.2085144140571139,-0.2085144140571139,-0.2085144140571139,-0.2085144140571139,-0.2085144140571139,-0.2085144140571139,4.79583152331268,-0.2085144140571139,-0.2085144140571139,-0.2085144140571139,-0.2085144140571139,-0.2085144140571139,-0.2085144140571139,-0.2085144140571139,-0.2085144140571139,-0.2085144140571139,-0.2085144140571139,-0.2085144140571139,-0.2085144140571139,-0.2085144140571139,-0.2085144140571139,-0.2085144140571139,-0.2085144140571139,-0.2085144140571139,-0.2085144140571139,-0.2085144140571139,-0.2085144140571139,-0.2085144140571139,-0.2085144140571139,-0.2085144140571139,4.79583152331268,-0.2085144140571139,-0.2085144140571139,-0.2085144140571139,-0.2085144140571139,-0.2085144140571139,-0.2085144140571139,-0.2085144140571139,-0.2085144140571139,-0.2085144140571139,-0.2085144140571139,-0.2085144140571139,-0.2085144140571139,-0.2085144140571139,-0.2085144140571139,-0.2085144140571139,-0.2085144140571139,-0.2085144140571139,-0.2085144140571139,-0.2085144140571139,-0.2085144140571139,-0.2085144140571139,-0.2085144140571139,-0.2085144140571139,4.79583152331268
502,-1.1651712387993973,-1.478118043056205,-1.6732580826620667,-1.7314387241001106,-1.6504917447080494,-1.5030526036725096,-0.6442557441848613,0.534896013655743,0.8149581075345259,0.7621980227522004,0.6626404655088395,0.573743336355058,0.49406115351599794,0.5029147293870047,0.5076125451552939,0.42594282487580365,0.33108308340073206,0.6024722866303655,1.2507708626542835,1.3416555292484948,1.0912258117543059,0.6713133561579889,0.017955593922067126,-0.7396575413255048,-0.2085144140570753,-0.2085144140570753,-0.2085144140570753,-0.2085144140570753,-0.2085144140570753,-0.2085144140570753,-0.2085144140570753,-0.2085144140570753,-0.2085144140570753,-0.2085144140570753,-0.2085144140570753,-0.2085144140570753,-0.2085144140570753,-0.2085144140570753,-0.2085144140570753,-0.2085144140570753,-0.2085144140570753,-0.2085144140570753,-0.2085144140570753,-0.2085144140570753,-0.2085144140570753,-0.2085144140570753,-0.2085144140570753,4.795831523312719,-0.2085144140570753,-0.2085144140570753,-0.2085144140570753,-0.2085144140570753,-0.2085144140570753,-0.2085144140570753,-0.2085144140570753,-0.2085144140570753,-0.2085144140570753,-0.2085144140570753,-0.2085144140570753,-0.2085144140570753,-0.2085144140570753,-0.2085144140570753,-0.2085144140570753,-0.2085144140570753,-0.2085144140570753,-0.2085144140570753,-0.2085144140570753,-0.2085144140570753,-0.2085144140570753,-0.2085144140570753,-0.2085144140570753,4.795831523312719,-0.2085144140570753,-0.2085144140570753,-0.2085144140570753,-0.2085144140570753,-0.2085144140570753,-0.2085144140570753,-0.2085144140570753,-0.2085144140570753,-0.2085144140570753,-0.2085144140570753,-0.2085144140570753,-0.2085144140570753,-0.2085144140570753,-0.2085144140570753,-0.2085144140570753,-0.2085144140570753,-0.2085144140570753,-0.2085144140570753,-0.2085144140570753,-0.2085144140570753,-0.2085144140570753,-0.2085144140570753,-0.2085144140570753,4.795831523312719
503,-1.2198339020214966,-1.5780328554922147,-1.6762854294687421,-1.7215076406698593,-1.7211823010209304,-1.486937753792123,-0.5738720290731669,0.44818247803697037,0.7774262027530164,0.6692507694841574,0.5604246569174406,0.5300053997425885,0.486409886786116,0.5192691913279348,0.5763662997149567,0.5371628720190244,0.4473691289146481,0.6603039291386127,1.260555581412432,1.2903241592894263,1.0305404496197001,0.6907231863134647,0.07290319299748498,-0.5795654729294226,-0.20851441405707863,-0.20851441405707863,-0.20851441405707863,-0.20851441405707863,-0.20851441405707863,-0.20851441405707863,-0.20851441405707863,-0.20851441405707863,-0.20851441405707863,-0.20851441405707863,-0.20851441405707863,-0.20851441405707863,-0.20851441405707863,-0.20851441405707863,-0.20851441405707863,-0.20851441405707863,-0.20851441405707863,-0.20851441405707863,-0.20851441405707863,-0.20851441405707863,-0.20851441405707863,-0.20851441405707863,-0.20851441405707863,4.795831523312716,-0.20851441405707863,-0.20851441405707863,-0.20851441405707863,-0.20851441405707863,-0.20851441405707863,-0.20851441405707863,-0.20851441405707863,-0.20851441405707863,-0.20851441405707863,-0.20851441405707863,-0.20851441405707863,-0.20851441405707863,-0.20851441405707863,-0.20851441405707863,-0.20851441405707863,-0.20851441405707863,-0.20851441405707863,-0.20851441405707863,-0.20851441405707863,-0.20851441405707863,-0.20851441405707863,-0.20851441405707863,-0.20851441405707863,4.795831523312716,-0.20851441405707863,-0.20851441405707863,-0.20851441405707863,-0.20851441405707863,-0.20851441405707863,-0.20851441405707863,-0.20851441405707863,-0.20851441405707863,-0.20851441405707863,-0.20851441405707863,-0.20851441405707863,-0.20851441405707863,-0.20851441405707863,-0.20851441405707863,-0.20851441405707863,-0.20851441405707863,-0.20851441405707863,-0.20851441405707863,-0.20851441405707863,-0.20851441405707863,-0.20851441405707863,-0.20851441405707863,-0.20851441405707863,4.795831523312716
504,-1.0627644237988467,-1.4797841054516265,-1.7161788085372933,-1.822861905158459,-1.7501732754488835,-1.4398366904172692,-0.6993212752509693,0.25910337251451054,0.5766461579052636,0.53654208634136,0.5667767965438343,0.5564374655937653,0.592155154330367,0.6527812312648621,0.7124673690220782,0.6858357589991734,0.5836957017348561,0.7636940541837833,1.2377367125914887,1.2346035820005588,0.9831698520784281,0.6284994691851548,0.010959429712856388,-0.6101837099390115,0.20851441405707705,0.20851441405707705,0.20851441405707705,0.20851441405707705,0.20851441405707705,0.20851441405707705,0.20851441405707705,0.20851441405707705,0.20851441405707705,0.20851441405707705,0.20851441405707705,0.20851441405707705,0.20851441405707705,0.20851441405707705,0.20851441405707705,0.20851441405707705,0.20851441405707705,0.20851441405707705,0.20851441405707705,0.20851441405707705,0.20851441405707705,0.20851441405707705,0.20851441405707705,-4.795831523312717,0.20851441405707705,0.20851441405707705,0.20851441405707705,0.20851441405707705,0.20851441405707705,0.20851441405707705,0.20851441405707705,0.20851441405707705,0.20851441405707705,0.20851441405707705,0.20851441405707705,0.20851441405707705,0.20851441405707705,0.20851441405707705,0.20851441405707705,0.20851441405707705,0.20851441405707705,0.20851441405707705,0.20851441405707705,0.20851441405707705,0.20851441405707705,0.20851441405707705,0.20851441405707705,-4.795831523312717,0.20851441405707705,0.20851441405707705,0.20851441405707705,0.20851441405707705,0.20851441405707705,0.20851441405707705,0.20851441405707705,0.20851441405707705,0.20851441405707705,0.20851441405707705,0.20851441405707705,0.20851441405707705,0.20851441405707705,0.20851441405707705,0.20851441405707705,0.20851441405707705,0.20851441405707705,0.20851441405707705,0.20851441405707705,0.20851441405707705,0.20851441405707705,0.20851441405707705,0.20851441405707705,-4.795831523312717
505,-0.945534874679908,-1.3809743258174079,-1.6432496084806851,-1.7720813695620226,-1.7637504473673864,-1.6236124347361856,-0.9003098684804547,0.007016818396078188,0.3197239336304563,0.507764748880815,0.6465638633021635,0.7966692292733756,0.836984942036704,0.8679283673310668,0.8924748345116912,0.8276126545677384,0.6548947854967997,0.8044050855969662,1.1791478178878314,1.0153559368825742,0.7270465223610592,0.4220752634502718,0.02204223163997552,-0.4981941061214994,0.2085144140570737,0.2085144140570737,0.2085144140570737,0.2085144140570737,0.2085144140570737,0.2085144140570737,0.2085144140570737,0.2085144140570737,0.2085144140570737,0.2085144140570737,0.2085144140570737,0.2085144140570737,0.2085144140570737,0.2085144140570737,0.2085144140570737,0.2085144140570737,0.2085144140570737,0.2085144140570737,0.2085144140570737,0.2085144140570737,0.2085144140570737,0.2085144140570737,0.2085144140570737,-4.795831523312721,0.2085144140570737,0.2085144140570737,0.2085144140570737,0.2085144140570737,0.2085144140570737,0.2085144140570737,0.2085144140570737,0.2085144140570737,0.2085144140570737,0.2085144140570737,0.2085144140570737,0.2085144140570737,0.2085144140570737,0.2085144140570737,0.2085144140570737,0.2085144140570737,0.2085144140570737,0.2085144140570737,0.2085144140570737,0.2085144140570737,0.2085144140570737,0.2085144140570737,0.2085144140570737,-4.795831523312721,0.2085144140570737,0.2085144140570737,0.2085144140570737,0.2085144140570737,0.2085144140570737,0.2085144140570737,0.2085144140570737,0.2085144140570737,0.2085144140570737,0.2085144140570737,0.2085144140570737,0.2085144140570737,0.2085144140570737,0.2085144140570737,0.2085144140570737,0.2085144140570737,0.2085144140570737,0.2085144140570737,0.2085144140570737,0.2085144140570737,0.2085144140570737,0.2085144140570737,0.2085144140570737,-4.795831523312721
506,-0.8141608779819633,-1.295122105184535,-1.5512862370641654,-1.6713462735397697,-1.64466626543408,-1.5447965053627812,-1.1220625931476276,-0.5500648518006412,-0.06766146199776218,0.48090113709422627,0.699929582015937,0.7612214925290084,0.6236752345246748,0.41564327943030915,0.23789673894240226,0.10882318621487556,0.10954426751502935,0.5683322447378721,1.342232750127917,1.4271400732210247,1.3173554452726115,1.1331191730833206,0.7850171754340831,0.25033539137005495,-0.2085144140570758,-0.2085144140570758,-0.2085144140570758,-0.2085144140570758,-0.2085144140570758,-0.2085144140570758,-0.2085144140570758,-0.2085144140570758,-0.2085144140570758,-0.2085144140570758,-0.2085144140570758,-0.2085144140570758,-0.2085144140570758,-0.2085144140570758,-0.2085144140570758,-0.2085144140570758,-0.2085144140570758,-0.2085144140570758,-0.2085144140570758,-0.2085144140570758,-0.2085144140570758,-0.2085144140570758,-0.2085144140570758,4.795831523312718,-0.2085144140570758,-0.2085144140570758,-0.2085144140570758,-0.2085144140570758,-0.2085144140570758,-0.2085144140570758,-0.2085144140570758,-0.2085144140570758,-0.2085144140570758,-0.2085144140570758,-0.2085144140570758,-0.2085144140570758,-0.2085144140570758,-0.2085144140570758,-0.2085144140570758,-0.2085144140570758,-0.2085144140570758,-0.2085144140570758,-0.2085144140570758,-0.2085144140570758,-0.2085144140570758,-0.2085144140570758,-0.2085144140570758,4.795831523312718,-0.2085144140570758,-0.2085144140570758,-0.2085144140570758,-0.2085144140570758,-0.2085144140570758,-0.2085144140570758,-0.2085144140570758,-0.2085144140570758,-0.2085144140570758,-0.2085144140570758,-0.2085144140570758,-0.2085144140570758,-0.2085144140570758,-0.2085144140570758,-0.2085144140570758,-0.2085144140570758,-0.2085144140570758,-0.2085144140570758,-0.2085144140570758,-0.2085144140570758,-0.2085144140570758,-0.2085144140570758,-0.2085144140570758,4.795831523312718
507,-0.7026432880267868,-1.1215600267527623,-1.3362321866951317,-1.4201062090590988,-1.437561073172681,-1.2296895096382008,-0.7609017305877043,-0.2644581928117918,0.2664417000974261,0.6023911626471532,0.5049159474674079,0.2360657028088543,-0.0062622158589313165,-0.2311352704131346,-0.4575951307958454,-0.570711717713736,-0.4390068339476149,0.3072452785447614,1.526138841385438,1.8643551694044616,1.8158442483615185,1.563315435081899,0.9761972785341303,0.31495262114036915,-0.20851441405707816,-0.20851441405707816,-0.20851441405707816,-0.20851441405707816,-0.20851441405707816,-0.20851441405707816,-0.20851441405707816,-0.20851441405707816,-0.20851441405707816,-0.20851441405707816,-0.20851441405707816,-0.20851441405707816,-0.20851441405707816,-0.20851441405707816,-0.20851441405707816,-0.20851441405707816,-0.20851441405707816,-0.20851441405707816,-0.20851441405707816,-0.20851441405707816,-0.20851441405707816,-0.20851441405707816,-0.20851441405707816,4.7958315233127164,-0.20851441405707816,-0.20851441405707816,-0.20851441405707816,-0.20851441405707816,-0.20851441405707816,-0.20851441405707816,-0.20851441405707816,-0.20851441405707816,-0.20851441405707816,-0.20851441405707816,-0.20851441405707816,-0.20851441405707816,-0.20851441405707816,-0.20851441405707816,-0.20851441405707816,-0.20851441405707816,-0.20851441405707816,-0.20851441405707816,-0.20851441405707816,-0.20851441405707816,-0.20851441405707816,-0.20851441405707816,-0.20851441405707816,4.7958315233127164,-0.20851441405707816,-0.20851441405707816,-0.20851441405707816,-0.20851441405707816,-0.20851441405707816,-0.20851441405707816,-0.20851441405707816,-0.20851441405707816,-0.20851441405707816,-0.20851441405707816,-0.20851441405707816,-0.20851441405707816,-0.20851441405707816,-0.20851441405707816,-0.20851441405707816,-0.20851441405707816,-0.20851441405707816,-0.20851441405707816,-0.20851441405707816,-0.20851441405707816,-0.20851441405707816,-0.20851441405707816,-0.20851441405707816,4.7958315233127164
508,-1.3356849579614862,-1.5931733451697634,-1.6250133070288515,-1.6473358889844079,-1.503190844263645,-1.1763121053950727,-0.15293420085894932,1.0296435129726142,1.432834334340414,1.291457981955224,0.9500436083248941,0.6700595958900873,0.38574950168094785,0.10368896999446138,-0.09236905601829272,-0.2645471106367308,-0.3065966254832438,0.2028427642621649,0.9836140028937153,1.1570033604089665,1.0414104553987988,0.7216264906401321,0.18155844193244844,-0.4543755788944459,-0.20851441405707646,-0.20851441405707646,-0.20851441405707646,-0.20851441405707646,-0.20851441405707646,-0.20851441405707646,-0.20851441405707646,-0.20851441405707646,-0.20851441405707646,-0.20851441405707646,-0.20851441405707646,-0.20851441405707646,-0.20851441405707646,-0.20851441405707646,-0.20851441405707646,-0.20851441405707646,-0.20851441405707646,-0.20851441405707646,-0.20851441405707646,-0.20851441405707646,-0.20851441405707646,-0.20851441405707646,-0.20851441405707646,4.795831523312717,-0.20851441405707646,-0.20851441405707646,-0.20851441405707646,-0.20851441405707646,-0.20851441405707646,-0.20851441405707646,-0.20851441405707646,-0.20851441405707646,-0.20851441405707646,-0.20851441405707646,-0.20851441405707646,-0.20851441405707646,-0.20851441405707646,-0.20851441405707646,-0.20851441405707646,-0.20851441405707646,-0.20851441405707646,-0.20851441405707646,-0.20851441405707646,-0.20851441405707646,-0.20851441405707646,-0.20851441405707646,-0.20851441405707646,4.795831523312717,-0.20851441405707646,-0.20851441405707646,-0.20851441405707646,-0.20851441405707646,-0.20851441405707646,-0.20851441405707646,-0.20851441405707646,-0.20851441405707646,-0.20851441405707646,-0.20851441405707646,-0.20851441405707646,-0.20851441405707646,-0.20851441405707646,-0.20851441405707646,-0.20851441405707646,-0.20851441405707646,-0.20851441405707646,-0.20851441405707646,-0.20851441405707646,-0.20851441405707646,-0.20851441405707646,-0.20851441405707646,-0.20851441405707646,4.795831523312717
509,-1.0364452417932626,-1.4289632927211113,-1.6750342535819707,-1.765492728262805,-1.6515230200746174,-1.3568356102663492,-0.4245554273773117,0.7603708918449806,1.2307948097336359,1.103276255117482,1.0124192849534723,0.7557881937884626,0.5501645244699145,0.3865821286263796,0.2825748075175791,0.14290214066457305,0.07894361561490837,0.5210743541981044,1.1487047401994868,1.1030770073758942,0.8950623651582932,0.45890905882272937,-0.1386349181989042,-0.9531596858095871,-0.20851441405706486,-0.20851441405706486,-0.20851441405706486,-0.20851441405706486,-0.20851441405706486,-0.20851441405706486,-0.20851441405706486,-0.20851441405706486,-0.20851441405706486,-0.20851441405706486,-0.20851441405706486,-0.20851441405706486,-0.20851441405706486,-0.20851441405706486,-0.20851441405706486,-0.20851441405706486,-0.20851441405706486,-0.20851441405706486,-0.20851441405706486,-0.20851441405706486,-0.20851441405706486,-0.20851441405706486,-0.20851441405706486,4.795831523312729,-0.20851441405706486,-0.20851441405706486,-0.20851441405706486,-0.20851441405706486,-0.20851441405706486,-0.20851441405706486,-0.20851441405706486,-0.20851441405706486,-0.20851441405706486,-0.20851441405706486,-0.20851441405706486,-0.20851441405706486,-0.20851441405706486,-0.20851441405706486,-0.20851441405706486,-0.20851441405706486,-0.20851441405706486,-0.20851441405706486,-0.20851441405706486,-0.20851441405706486,-0.20851441405706486,-0.20851441405706486,-0.20851441405706486,4.795831523312729,-0.20851441405706486,-0.20851441405706486,-0.20851441405706486,-0.20851441405706486,-0.20851441405706486,-0.20851441405706486,-0.20851441405706486,-0.20851441405706486,-0.20851441405706486,-0.20851441405706486,-0.20851441405706486,-0.20851441405706486,-0.20851441405706486,-0.20851441405706486,-0.20851441405706486,-0.20851441405706486,-0.20851441405706486,-0.20851441405706486,-0.20851441405706486,-0.20851441405706486,-0.20851441405706486,-0.20851441405706486,-0.20851441405706486,4.795831523312729
510,-0.8033012753971853,-1.1993880269245794,-1.4914090903831139,-1.744317029584475,-1.7558208896601142,-1.6165356915135285,-0.9919645806376689,-0.11324665332153319,0.4210634015762339,0.7380389922757704,0.9767883344609601,1.036431424391582,0.9858144400587694,0.8390959784786935,0.7743203971297096,0.6295487426393573,0.5099085978527093,0.7783909937718588,1.124745673279951,0.982805738192833,0.6907846747342985,0.3292095034338221,-0.19996806004558285,-0.9009955948087678,0.20851441405708634,0.20851441405708634,0.20851441405708634,0.20851441405708634,0.20851441405708634,0.20851441405708634,0.20851441405708634,0.20851441405708634,0.20851441405708634,0.20851441405708634,0.20851441405708634,0.20851441405708634,0.20851441405708634,0.20851441405708634,0.20851441405708634,0.20851441405708634,0.20851441405708634,0.20851441405708634,0.20851441405708634,0.20851441405708634,0.20851441405708634,0.20851441405708634,0.20851441405708634,-4.795831523312708,0.20851441405708634,0.20851441405708634,0.20851441405708634,0.20851441405708634,0.20851441405708634,0.20851441405708634,0.20851441405708634,0.20851441405708634,0.20851441405708634,0.20851441405708634,0.20851441405708634,0.20851441405708634,0.20851441405708634,0.20851441405708634,0.20851441405708634,0.20851441405708634,0.20851441405708634,0.20851441405708634,0.20851441405708634,0.20851441405708634,0.20851441405708634,0.20851441405708634,0.20851441405708634,-4.795831523312708,0.20851441405708634,0.20851441405708634,0.20851441405708634,0.20851441405708634,0.20851441405708634,0.20851441405708634,0.20851441405708634,0.20851441405708634,0.20851441405708634,0.20851441405708634,0.20851441405708634,0.20851441405708634,0.20851441405708634,0.20851441405708634,0.20851441405708634,0.20851441405708634,0.20851441405708634,0.20851441405708634,0.20851441405708634,0.20851441405708634,0.20851441405708634,0.20851441405708634,0.20851441405708634,-4.795831523312708
511,0.12297207875994984,-0.7119157763909354,-1.1154757595902547,-1.4518638976174723,-1.6010171286295405,-1.6084218989634729,-1.3238671532737827,-0.747617347643824,0.01586736500128385,0.897035034739247,1.6541728013838415,2.0048415679122145,1.7462035183912876,0.9710827380785716,0.3382393306107007,-0.03464374691946974,-0.20310227201643327,-0.003966841250320962,0.44587295653607617,0.4403193787856268,0.4226008212008599,0.2779433436058221,0.017454101501412234,-0.5527132142113874,-0.20851441405706292,-0.20851441405706292,-0.20851441405706292,-0.20851441405706292,-0.20851441405706292,-0.20851441405706292,-0.20851441405706292,-0.20851441405706292,-0.20851441405706292,-0.20851441405706292,-0.20851441405706292,-0.20851441405706292,-0.20851441405706292,-0.20851441405706292,-0.20851441405706292,-0.20851441405706292,-0.20851441405706292,-0.20851441405706292,-0.20851441405706292,-0.20851441405706292,-0.20851441405706292,-0.20851441405706292,-0.20851441405706292,4.7958315233127315,-0.20851441405706292,-0.20851441405706292,-0.20851441405706292,-0.20851441405706292,-0.20851441405706292,-0.20851441405706292,-0.20851441405706292,-0.20851441405706292,-0.20851441405706292,-0.20851441405706292,-0.20851441405706292,-0.20851441405706292,-0.20851441405706292,-0.20851441405706292,-0.20851441405706292,-0.20851441405706292,-0.20851441405706292,-0.20851441405706292,-0.20851441405706292,-0.20851441405706292,-0.20851441405706292,-0.20851441405706292,-0.20851441405706292,4.7958315233127315,-0.20851441405706292,-0.20851441405706292,-0.20851441405706292,-0.20851441405706292,-0.20851441405706292,-0.20851441405706292,-0.20851441405706292,-0.20851441405706292,-0.20851441405706292,-0.20851441405706292,-0.20851441405706292,-0.20851441405706292,-0.20851441405706292,-0.20851441405706292,-0.20851441405706292,-0.20851441405706292,-0.20851441405706292,-0.20851441405706292,-0.20851441405706292,-0.20851441405706292,-0.20851441405706292,-0.20851441405706292,-0.20851441405706292,4.7958315233127315
512,-1.0155690209991657,-1.362734938450806,-1.5650374556870676,-1.6610289292168818,-1.6236448259354939,-1.4883221604117192,-1.0648303654272449,-0.5005640565237935,-0.11367752933567828,0.2354354768285344,0.49089351591801966,0.5718924063610271,0.5644934692532524,0.5060808078760836,0.46402369168452196,0.4311178924420502,0.5062755167473408,0.945733439174908,1.4492505802461038,1.4229648826263777,1.2307872266954922,0.9846752134263539,0.5405442780886132,0.0512408846191952,0.2085144140570624,0.2085144140570624,0.2085144140570624,0.2085144140570624,0.2085144140570624,0.2085144140570624,0.2085144140570624,0.2085144140570624,0.2085144140570624,0.2085144140570624,0.2085144140570624,0.2085144140570624,0.2085144140570624,0.2085144140570624,0.2085144140570624,0.2085144140570624,0.2085144140570624,0.2085144140570624,0.2085144140570624,0.2085144140570624,0.2085144140570624,0.2085144140570624,0.2085144140570624,-4.7958315233127315,0.2085144140570624,0.2085144140570624,0.2085144140570624,0.2085144140570624,0.2085144140570624,0.2085144140570624,0.2085144140570624,0.2085144140570624,0.2085144140570624,0.2085144140570624,0.2085144140570624,0.2085144140570624,0.2085144140570624,0.2085144140570624,0.2085144140570624,0.2085144140570624,0.2085144140570624,0.2085144140570624,0.2085144140570624,0.2085144140570624,0.2085144140570624,0.2085144140570624,0.2085144140570624,-4.7958315233127315,0.2085144140570624,0.2085144140570624,0.2085144140570624,0.2085144140570624,0.2085144140570624,0.2085144140570624,0.2085144140570624,0.2085144140570624,0.2085144140570624,0.2085144140570624,0.2085144140570624,0.2085144140570624,0.2085144140570624,0.2085144140570624,0.2085144140570624,0.2085144140570624,0.2085144140570624,0.2085144140570624,0.2085144140570624,0.2085144140570624,0.2085144140570624,0.2085144140570624,0.2085144140570624,-4.7958315233127315
513,-0.6765142643112761,-1.1588988330232006,-1.4576027711350208,-1.5663845038205193,-1.6145337953370515,-1.4645130861211897,-1.1252389116389583,-0.5298372558951735,-0.043440246223538016,0.46346479501995375,0.7378711739868572,0.7340816464137967,0.5245430629622214,0.22294125082394337,-0.059712923449032694,-0.24004985324937783,-0.1709467033876881,0.4104114089971081,1.4257818851906459,1.6056729882176897,1.523417948543614,1.275761175974784,0.8910126706158276,0.2927131408455849,-0.20851441405707066,-0.20851441405707066,-0.20851441405707066,-0.20851441405707066,-0.20851441405707066,-0.20851441405707066,-0.20851441405707066,-0.20851441405707066,-0.20851441405707066,-0.20851441405707066,-0.20851441405707066,-0.20851441405707066,-0.20851441405707066,-0.20851441405707066,-0.20851441405707066,-0.20851441405707066,-0.20851441405707066,-0.20851441405707066,-0.20851441405707066,-0.20851441405707066,-0.20851441405707066,-0.20851441405707066,-0.20851441405707066,4.7958315233127236,-0.20851441405707066,-0.20851441405707066,-0.20851441405707066,-0.20851441405707066,-0.20851441405707066,-0.20851441405707066,-0.20851441405707066,-0.20851441405707066,-0.20851441405707066,-0.20851441405707066,-0.20851441405707066,-0.20851441405707066,-0.20851441405707066,-0.20851441405707066,-0.20851441405707066,-0.20851441405707066,-0.20851441405707066,-0.20851441405707066,-0.20851441405707066,-0.20851441405707066,-0.20851441405707066,-0.20851441405707066,-0.20851441405707066,4.7958315233127236,-0.20851441405707066,-0.20851441405707066,-0.20851441405707066,-0.20851441405707066,-0.20851441405707066,-0.20851441405707066,-0.20851441405707066,-0.20851441405707066,-0.20851441405707066,-0.20851441405707066,-0.20851441405707066,-0.20851441405707066,-0.20851441405707066,-0.20851441405707066,-0.20851441405707066,-0.20851441405707066,-0.20851441405707066,-0.20851441405707066,-0.20851441405707066,-0.20851441405707066,-0.20851441405707066,-0.20851441405707066,-0.20851441405707066,4.7958315233127236
514,-0.746977672775687,-1.1656115294215985,-1.3871927189313744,-1.465931336971127,-1.4776802930660642,-1.282276602223955,-0.9141426445825971,-0.48025575721694297,-0.09212796201051704,0.2386979069784971,0.34237729146539686,0.22220814403823472,0.058959490929637086,-0.02287095766141501,-0.13211563714065333,-0.08347083646687928,0.13275118008731127,0.9242598012199059,1.8225396373906995,1.8662375091823948,1.7009276357062644,1.316922281234904,0.7346275274068884,-0.1098544571712991,-0.2085144140570696,-0.2085144140570696,-0.2085144140570696,-0.2085144140570696,-0.2085144140570696,-0.2085144140570696,-0.2085144140570696,-0.2085144140570696,-0.2085144140570696,-0.2085144140570696,-0.2085144140570696,-0.2085144140570696,-0.2085144140570696,-0.2085144140570696,-0.2085144140570696,-0.2085144140570696,-0.2085144140570696,-0.2085144140570696,-0.2085144140570696,-0.2085144140570696,-0.2085144140570696,-0.2085144140570696,-0.2085144140570696,4.795831523312724,-0.2085144140570696,-0.2085144140570696,-0.2085144140570696,-0.2085144140570696,-0.2085144140570696,-0.2085144140570696,-0.2085144140570696,-0.2085144140570696,-0.2085144140570696,-0.2085144140570696,-0.2085144140570696,-0.2085144140570696,-0.2085144140570696,-0.2085144140570696,-0.2085144140570696,-0.2085144140570696,-0.2085144140570696,-0.2085144140570696,-0.2085144140570696,-0.2085144140570696,-0.2085144140570696,-0.2085144140570696,-0.2085144140570696,4.795831523312724,-0.2085144140570696,-0.2085144140570696,-0.2085144140570696,-0.2085144140570696,-0.2085144140570696,-0.2085144140570696,-0.2085144140570696,-0.2085144140570696,-0.2085144140570696,-0.2085144140570696,-0.2085144140570696,-0.2085144140570696,-0.2085144140570696,-0.2085144140570696,-0.2085144140570696,-0.2085144140570696,-0.2085144140570696,-0.2085144140570696,-0.2085144140570696,-0.2085144140570696,-0.2085144140570696,-0.2085144140570696,-0.2085144140570696,4.795831523312724
515,-1.2885347219134138,-1.5297314149059178,-1.630660508843473,-1.7078805374072454,-1.7290729980765485,-1.4882736637215939,-0.8426983305829534,0.0733457818476656,0.4504391288820746,0.5320301024588908,0.6140184346732566,0.6758739292517845,0.6715029842387408,0.6594497722330747,0.6737546831848542,0.5880576703533604,0.5771965342603427,0.8499170124984348,1.1917778936701275,1.1778703413558975,0.990581970190933,0.6701784554469093,0.21745451439892552,-0.39659703349412684,0.20851441405707805,0.20851441405707805,0.20851441405707805,0.20851441405707805,0.20851441405707805,0.20851441405707805,0.20851441405707805,0.20851441405707805,0.20851441405707805,0.20851441405707805,0.20851441405707805,0.20851441405707805,0.20851441405707805,0.20851441405707805,0.20851441405707805,0.20851441405707805,0.20851441405707805,0.20851441405707805,0.20851441405707805,0.20851441405707805,0.20851441405707805,0.20851441405707805,0.20851441405707805,-4.795831523312716,0.20851441405707805,0.20851441405707805,0.20851441405707805,0.20851441405707805,0.20851441405707805,0.20851441405707805,0.20851441405707805,0.20851441405707805,0.20851441405707805,0.20851441405707805,0.20851441405707805,0.20851441405707805,0.20851441405707805,0.20851441405707805,0.20851441405707805,0.20851441405707805,0.20851441405707805,0.20851441405707805,0.20851441405707805,0.20851441405707805,0.20851441405707805,0.20851441405707805,0.20851441405707805,-4.795831523312716,0.20851441405707805,0.20851441405707805,0.20851441405707805,0.20851441405707805,0.20851441405707805,0.20851441405707805,0.20851441405707805,0.20851441405707805,0.20851441405707805,0.20851441405707805,0.20851441405707805,0.20851441405707805,0.20851441405707805,0.20851441405707805,0.20851441405707805,0.20851441405707805,0.20851441405707805,0.20851441405707805,0.20851441405707805,0.20851441405707805,0.20851441405707805,0.20851441405707805,0.20851441405707805,-4.795831523312716
516,-0.9017308343451306,-1.3716340382121879,-1.6680441564795454,-1.7790609413984868,-1.7850110652728448,-1.628115693638459,-0.8358097251055333,0.24288510043267336,0.5966043065425309,0.5748393797389585,0.5396083831144707,0.550255973205427,0.4812032198214309,0.4657015813066563,0.3766063053985071,0.30160342814015306,0.3164787378260479,0.7250017164628866,1.3414658662878132,1.4001841939952928,1.2138513674035574,0.8393067277334469,0.3470122682339373,-0.3432021011915838,0.20851441405707385,0.20851441405707385,0.20851441405707385,0.20851441405707385,0.20851441405707385,0.20851441405707385,0.20851441405707385,0.20851441405707385,0.20851441405707385,0.20851441405707385,0.20851441405707385,0.20851441405707385,0.20851441405707385,0.20851441405707385,0.20851441405707385,0.20851441405707385,0.20851441405707385,0.20851441405707385,0.20851441405707385,0.20851441405707385,0.20851441405707385,0.20851441405707385,0.20851441405707385,-4.795831523312721,0.20851441405707385,0.20851441405707385,0.20851441405707385,0.20851441405707385,0.20851441405707385,0.20851441405707385,0.20851441405707385,0.20851441405707385,0.20851441405707385,0.20851441405707385,0.20851441405707385,0.20851441405707385,0.20851441405707385,0.20851441405707385,0.20851441405707385,0.20851441405707385,0.20851441405707385,0.20851441405707385,0.20851441405707385,0.20851441405707385,0.20851441405707385,0.20851441405707385,0.20851441405707385,-4.795831523312721,0.20851441405707385,0.20851441405707385,0.20851441405707385,0.20851441405707385,0.20851441405707385,0.20851441405707385,0.20851441405707385,0.20851441405707385,0.20851441405707385,0.20851441405707385,0.20851441405707385,0.20851441405707385,0.20851441405707385,0.20851441405707385,0.20851441405707385,0.20851441405707385,0.20851441405707385,0.20851441405707385,0.20851441405707385,0.20851441405707385,0.20851441405707385,0.20851441405707385,0.20851441405707385,-4.795831523312721
517,-1.0358872871568146,-1.4255064625326108,-1.6742621884053328,-1.8217493110825327,-1.7502136408019746,-1.5425246886088322,-0.7722650948266101,0.26043914938819396,0.5872070259783971,0.537161495329447,0.4579718027143438,0.4217623893624564,0.371275280501898,0.3494907553958845,0.36435722185336666,0.2853147219754662,0.3274118448154653,0.7500021933246874,1.3136031840741864,1.3671813404160036,1.2685622064901314,1.00773667616678,0.5077229478888882,-0.15479156226088844,0.20851441405712415,0.20851441405712415,0.20851441405712415,0.20851441405712415,0.20851441405712415,0.20851441405712415,0.20851441405712415,0.20851441405712415,0.20851441405712415,0.20851441405712415,0.20851441405712415,0.20851441405712415,0.20851441405712415,0.20851441405712415,0.20851441405712415,0.20851441405712415,0.20851441405712415,0.20851441405712415,0.20851441405712415,0.20851441405712415,0.20851441405712415,0.20851441405712415,0.20851441405712415,-4.79583152331267,0.20851441405712415,0.20851441405712415,0.20851441405712415,0.20851441405712415,0.20851441405712415,0.20851441405712415,0.20851441405712415,0.20851441405712415,0.20851441405712415,0.20851441405712415,0.20851441405712415,0.20851441405712415,0.20851441405712415,0.20851441405712415,0.20851441405712415,0.20851441405712415,0.20851441405712415,0.20851441405712415,0.20851441405712415,0.20851441405712415,0.20851441405712415,0.20851441405712415,0.20851441405712415,-4.79583152331267,0.20851441405712415,0.20851441405712415,0.20851441405712415,0.20851441405712415,0.20851441405712415,0.20851441405712415,0.20851441405712415,0.20851441405712415,0.20851441405712415,0.20851441405712415,0.20851441405712415,0.20851441405712415,0.20851441405712415,0.20851441405712415,0.20851441405712415,0.20851441405712415,0.20851441405712415,0.20851441405712415,0.20851441405712415,0.20851441405712415,0.20851441405712415,0.20851441405712415,0.20851441405712415,-4.79583152331267
518,-1.1109966720936315,-1.55026649631676,-1.7445124185879048,-1.8051235943339219,-1.729843224457885,-1.362629771400899,-0.48908732095497853,0.6430198260244825,1.0769700523762848,0.896909724428676,0.7429637860312126,0.6183562358937894,0.38590592891039444,0.20987559935015357,0.12863083186081165,0.014178877659556163,0.007086080497788217,0.454415901495653,1.124685233282724,1.2502599830331154,1.1541848214782586,0.9293109114631158,0.400252723169425,-0.24454701880947913,0.20851441405707585,0.20851441405707585,0.20851441405707585,0.20851441405707585,0.20851441405707585,0.20851441405707585,0.20851441405707585,0.20851441405707585,0.20851441405707585,0.20851441405707585,0.20851441405707585,0.20851441405707585,0.20851441405707585,0.20851441405707585,0.20851441405707585,0.20851441405707585,0.20851441405707585,0.20851441405707585,0.20851441405707585,0.20851441405707585,0.20851441405707585,0.20851441405707585,0.20851441405707585,-4.795831523312718,0.20851441405707585,0.20851441405707585,0.20851441405707585,0.20851441405707585,0.20851441405707585,0.20851441405707585,0.20851441405707585,0.20851441405707585,0.20851441405707585,0.20851441405707585,0.20851441405707585,0.20851441405707585,0.20851441405707585,0.20851441405707585,0.20851441405707585,0.20851441405707585,0.20851441405707585,0.20851441405707585,0.20851441405707585,0.20851441405707585,0.20851441405707585,0.20851441405707585,0.20851441405707585,-4.795831523312718,0.20851441405707585,0.20851441405707585,0.20851441405707585,0.20851441405707585,0.20851441405707585,0.20851441405707585,0.20851441405707585,0.20851441405707585,0.20851441405707585,0.20851441405707585,0.20851441405707585,0.20851441405707585,0.20851441405707585,0.20851441405707585,0.20851441405707585,0.20851441405707585,0.20851441405707585,0.20851441405707585,0.20851441405707585,0.20851441405707585,0.20851441405707585,0.20851441405707585,0.20851441405707585,-4.795831523312718
519,-0.8866125972275933,-1.3671595026449455,-1.6048139068178386,-1.789117322298858,-1.7627328333457857,-1.4453429515279463,-0.367846983547335,0.9680617732971895,1.4067039021420153,1.2612012057096316,1.0101605534649591,0.8049047496976767,0.5507600399291134,0.3047634811607635,0.14024843239454846,-0.023296598395450698,-0.09585394301639931,0.40021325002040714,1.0619595133948878,0.9913422047263709,0.7783262571493613,0.4622944004982241,-0.061709310253599964,-0.7364538145093735,0.20851441405707477,0.20851441405707477,0.20851441405707477,0.20851441405707477,0.20851441405707477,0.20851441405707477,0.20851441405707477,0.20851441405707477,0.20851441405707477,0.20851441405707477,0.20851441405707477,0.20851441405707477,0.20851441405707477,0.20851441405707477,0.20851441405707477,0.20851441405707477,0.20851441405707477,0.20851441405707477,0.20851441405707477,0.20851441405707477,0.20851441405707477,0.20851441405707477,0.20851441405707477,-4.79583152331272,0.20851441405707477,0.20851441405707477,0.20851441405707477,0.20851441405707477,0.20851441405707477,0.20851441405707477,0.20851441405707477,0.20851441405707477,0.20851441405707477,0.20851441405707477,0.20851441405707477,0.20851441405707477,0.20851441405707477,0.20851441405707477,0.20851441405707477,0.20851441405707477,0.20851441405707477,0.20851441405707477,0.20851441405707477,0.20851441405707477,0.20851441405707477,0.20851441405707477,0.20851441405707477,-4.79583152331272,0.20851441405707477,0.20851441405707477,0.20851441405707477,0.20851441405707477,0.20851441405707477,0.20851441405707477,0.20851441405707477,0.20851441405707477,0.20851441405707477,0.20851441405707477,0.20851441405707477,0.20851441405707477,0.20851441405707477,0.20851441405707477,0.20851441405707477,0.20851441405707477,0.20851441405707477,0.20851441405707477,0.20851441405707477,0.20851441405707477,0.20851441405707477,0.20851441405707477,0.20851441405707477,-4.79583152331272
520,-0.6924267141496061,-1.1578192558686762,-1.3882790865963806,-1.5793349721442094,-1.658781845398769,-1.5897716927594197,-1.2824209203563908,-0.6430120369510596,-0.09966358206531678,0.4181255570280743,0.7378299987307398,0.7584904456628908,0.6368707013509507,0.42174646009865746,0.2835131605216888,0.19703747542423228,0.3403826381596713,0.9944881281456046,1.6166444733910983,1.4865049571483744,1.1923598312380606,0.8888429562038843,0.4249413745727014,-0.30626805138682617,-0.20851441405706364,-0.20851441405706364,-0.20851441405706364,-0.20851441405706364,-0.20851441405706364,-0.20851441405706364,-0.20851441405706364,-0.20851441405706364,-0.20851441405706364,-0.20851441405706364,-0.20851441405706364,-0.20851441405706364,-0.20851441405706364,-0.20851441405706364,-0.20851441405706364,-0.20851441405706364,-0.20851441405706364,-0.20851441405706364,-0.20851441405706364,-0.20851441405706364,-0.20851441405706364,-0.20851441405706364,-0.20851441405706364,4.795831523312731,-0.20851441405706364,-0.20851441405706364,-0.20851441405706364,-0.20851441405706364,-0.20851441405706364,-0.20851441405706364,-0.20851441405706364,-0.20851441405706364,-0.20851441405706364,-0.20851441405706364,-0.20851441405706364,-0.20851441405706364,-0.20851441405706364,-0.20851441405706364,-0.20851441405706364,-0.20851441405706364,-0.20851441405706364,-0.20851441405706364,-0.20851441405706364,-0.20851441405706364,-0.20851441405706364,-0.20851441405706364,-0.20851441405706364,4.795831523312731,-0.20851441405706364,-0.20851441405706364,-0.20851441405706364,-0.20851441405706364,-0.20851441405706364,-0.20851441405706364,-0.20851441405706364,-0.20851441405706364,-0.20851441405706364,-0.20851441405706364,-0.20851441405706364,-0.20851441405706364,-0.20851441405706364,-0.20851441405706364,-0.20851441405706364,-0.20851441405706364,-0.20851441405706364,-0.20851441405706364,-0.20851441405706364,-0.20851441405706364,-0.20851441405706364,-0.20851441405706364,-0.20851441405706364,4.795831523312731
521,-0.5405509234933804,-0.9223625252660589,-1.2221953911624654,-1.4030718786171332,-1.4531312343543459,-1.432723761806423,-1.281324734698755,-0.9830616743829579,-0.5672376183637412,-0.16571623541229955,0.1191162660471723,0.247665900814858,0.2987717936058104,0.3500521092390527,0.33662155038272734,0.2907483428604732,0.42051893752418845,1.086465349387179,1.7309577516485068,1.7548536810422286,1.5696166225303125,1.2322828455415689,0.6061048417206845,-0.07240001478718171,-0.20851441405706178,-0.20851441405706178,-0.20851441405706178,-0.20851441405706178,-0.20851441405706178,-0.20851441405706178,-0.20851441405706178,-0.20851441405706178,-0.20851441405706178,-0.20851441405706178,-0.20851441405706178,-0.20851441405706178,-0.20851441405706178,-0.20851441405706178,-0.20851441405706178,-0.20851441405706178,-0.20851441405706178,-0.20851441405706178,-0.20851441405706178,-0.20851441405706178,-0.20851441405706178,-0.20851441405706178,-0.20851441405706178,4.795831523312732,-0.20851441405706178,-0.20851441405706178,-0.20851441405706178,-0.20851441405706178,-0.20851441405706178,-0.20851441405706178,-0.20851441405706178,-0.20851441405706178,-0.20851441405706178,-0.20851441405706178,-0.20851441405706178,-0.20851441405706178,-0.20851441405706178,-0.20851441405706178,-0.20851441405706178,-0.20851441405706178,-0.20851441405706178,-0.20851441405706178,-0.20851441405706178,-0.20851441405706178,-0.20851441405706178,-0.20851441405706178,-0.20851441405706178,4.795831523312732,-0.20851441405706178,-0.20851441405706178,-0.20851441405706178,-0.20851441405706178,-0.20851441405706178,-0.20851441405706178,-0.20851441405706178,-0.20851441405706178,-0.20851441405706178,-0.20851441405706178,-0.20851441405706178,-0.20851441405706178,-0.20851441405706178,-0.20851441405706178,-0.20851441405706178,-0.20851441405706178,-0.20851441405706178,-0.20851441405706178,-0.20851441405706178,-0.20851441405706178,-0.20851441405706178,-0.20851441405706178,-0.20851441405706178,4.795831523312732
522,-1.3426988655908398,-1.5886121827557005,-1.6861132343718617,-1.7471526738877963,-1.6585644607850238,-1.3873981011655618,-0.6755864071644739,0.31738482903169357,0.6965855948740488,0.6680915202327607,0.6883479713995533,0.6598538967582651,0.5655938773287907,0.43946370806356294,0.36140884956752256,0.2482428090490419,0.2590462496713312,0.6821359930417369,1.274434625158749,1.2903697000766259,1.13182920894453,0.8112371084780943,0.3411523984007301,-0.34905241435577916,0.20851441405707744,0.20851441405707744,0.20851441405707744,0.20851441405707744,0.20851441405707744,0.20851441405707744,0.20851441405707744,0.20851441405707744,0.20851441405707744,0.20851441405707744,0.20851441405707744,0.20851441405707744,0.20851441405707744,0.20851441405707744,0.20851441405707744,0.20851441405707744,0.20851441405707744,0.20851441405707744,0.20851441405707744,0.20851441405707744,0.20851441405707744,0.20851441405707744,0.20851441405707744,-4.7958315233127164,0.20851441405707744,0.20851441405707744,0.20851441405707744,0.20851441405707744,0.20851441405707744,0.20851441405707744,0.20851441405707744,0.20851441405707744,0.20851441405707744,0.20851441405707744,0.20851441405707744,0.20851441405707744,0.20851441405707744,0.20851441405707744,0.20851441405707744,0.20851441405707744,0.20851441405707744,0.20851441405707744,0.20851441405707744,0.20851441405707744,0.20851441405707744,0.20851441405707744,0.20851441405707744,-4.7958315233127164,0.20851441405707744,0.20851441405707744,0.20851441405707744,0.20851441405707744,0.20851441405707744,0.20851441405707744,0.20851441405707744,0.20851441405707744,0.20851441405707744,0.20851441405707744,0.20851441405707744,0.20851441405707744,0.20851441405707744,0.20851441405707744,0.20851441405707744,0.20851441405707744,0.20851441405707744,0.20851441405707744,0.20851441405707744,0.20851441405707744,0.20851441405707744,0.20851441405707744,0.20851441405707744,-4.7958315233127164
523,-1.106811354844792,-1.430160355600726,-1.646851133330542,-1.7700875945986838,-1.7727283759115726,-1.4881108344113403,-0.8386253415136454,0.21284575123489305,0.6074958474388233,0.5903307689050464,0.5809413242369975,0.5712584594230721,0.44626147727967114,0.3460584974628368,0.2995514043414071,0.2162200829124731,0.2399871147284719,0.7235435151329902,1.331363347316218,1.369654676353105,1.2205972422478288,0.9769118110973722,0.4893942387235208,-0.16904056862340827,0.20851441405707208,0.20851441405707208,0.20851441405707208,0.20851441405707208,0.20851441405707208,0.20851441405707208,0.20851441405707208,0.20851441405707208,0.20851441405707208,0.20851441405707208,0.20851441405707208,0.20851441405707208,0.20851441405707208,0.20851441405707208,0.20851441405707208,0.20851441405707208,0.20851441405707208,0.20851441405707208,0.20851441405707208,0.20851441405707208,0.20851441405707208,0.20851441405707208,0.20851441405707208,-4.795831523312722,0.20851441405707208,0.20851441405707208,0.20851441405707208,0.20851441405707208,0.20851441405707208,0.20851441405707208,0.20851441405707208,0.20851441405707208,0.20851441405707208,0.20851441405707208,0.20851441405707208,0.20851441405707208,0.20851441405707208,0.20851441405707208,0.20851441405707208,0.20851441405707208,0.20851441405707208,0.20851441405707208,0.20851441405707208,0.20851441405707208,0.20851441405707208,0.20851441405707208,0.20851441405707208,-4.795831523312722,0.20851441405707208,0.20851441405707208,0.20851441405707208,0.20851441405707208,0.20851441405707208,0.20851441405707208,0.20851441405707208,0.20851441405707208,0.20851441405707208,0.20851441405707208,0.20851441405707208,0.20851441405707208,0.20851441405707208,0.20851441405707208,0.20851441405707208,0.20851441405707208,0.20851441405707208,0.20851441405707208,0.20851441405707208,0.20851441405707208,0.20851441405707208,0.20851441405707208,0.20851441405707208,-4.795831523312722
524,-1.0468783949611125,-1.4449808706821385,-1.6668815957854992,-1.7204015357033104,-1.7009257982547086,-1.4827055274723435,-0.6940148369356578,0.4226963449597622,0.7769400733555903,0.6479708198573689,0.5320365087460069,0.41257509557702426,0.28697959187304883,0.13884130545297527,0.122279261008495,0.07167301409480527,0.15248965689333402,0.7169793383760367,1.4049175918754675,1.4331344083364337,1.326247880764186,1.0474534659487682,0.5002925902274198,-0.23671838755195246,-0.20851441405707477,-0.20851441405707477,-0.20851441405707477,-0.20851441405707477,-0.20851441405707477,-0.20851441405707477,-0.20851441405707477,-0.20851441405707477,-0.20851441405707477,-0.20851441405707477,-0.20851441405707477,-0.20851441405707477,-0.20851441405707477,-0.20851441405707477,-0.20851441405707477,-0.20851441405707477,-0.20851441405707477,-0.20851441405707477,-0.20851441405707477,-0.20851441405707477,-0.20851441405707477,-0.20851441405707477,-0.20851441405707477,4.79583152331272,-0.20851441405707477,-0.20851441405707477,-0.20851441405707477,-0.20851441405707477,-0.20851441405707477,-0.20851441405707477,-0.20851441405707477,-0.20851441405707477,-0.20851441405707477,-0.20851441405707477,-0.20851441405707477,-0.20851441405707477,-0.20851441405707477,-0.20851441405707477,-0.20851441405707477,-0.20851441405707477,-0.20851441405707477,-0.20851441405707477,-0.20851441405707477,-0.20851441405707477,-0.20851441405707477,-0.20851441405707477,-0.20851441405707477,4.79583152331272,-0.20851441405707477,-0.20851441405707477,-0.20851441405707477,-0.20851441405707477,-0.20851441405707477,-0.20851441405707477,-0.20851441405707477,-0.20851441405707477,-0.20851441405707477,-0.20851441405707477,-0.20851441405707477,-0.20851441405707477,-0.20851441405707477,-0.20851441405707477,-0.20851441405707477,-0.20851441405707477,-0.20851441405707477,-0.20851441405707477,-0.20851441405707477,-0.20851441405707477,-0.20851441405707477,-0.20851441405707477,-0.20851441405707477,4.79583152331272
525,-1.2425309468993455,-1.528101332664159,-1.6925088398848294,-1.7700374985031075,-1.664717997432046,-1.4251193790891263,-0.7322962740162385,0.253759178058445,0.6115338087005828,0.5543937587976643,0.546342206311344,0.5127074951184896,0.40699840279809024,0.2802513830134345,0.23168234059595372,0.13818044075481423,0.20233313314581827,0.6924389248131244,1.2718909763286306,1.3586399611812432,1.2685145188343672,1.082939220399661,0.6282862324221203,0.014420287215083774,0.20851441405706284,0.20851441405706284,0.20851441405706284,0.20851441405706284,0.20851441405706284,0.20851441405706284,0.20851441405706284,0.20851441405706284,0.20851441405706284,0.20851441405706284,0.20851441405706284,0.20851441405706284,0.20851441405706284,0.20851441405706284,0.20851441405706284,0.20851441405706284,0.20851441405706284,0.20851441405706284,0.20851441405706284,0.20851441405706284,0.20851441405706284,0.20851441405706284,0.20851441405706284,-4.7958315233127315,0.20851441405706284,0.20851441405706284,0.20851441405706284,0.20851441405706284,0.20851441405706284,0.20851441405706284,0.20851441405706284,0.20851441405706284,0.20851441405706284,0.20851441405706284,0.20851441405706284,0.20851441405706284,0.20851441405706284,0.20851441405706284,0.20851441405706284,0.20851441405706284,0.20851441405706284,0.20851441405706284,0.20851441405706284,0.20851441405706284,0.20851441405706284,0.20851441405706284,0.20851441405706284,-4.7958315233127315,0.20851441405706284,0.20851441405706284,0.20851441405706284,0.20851441405706284,0.20851441405706284,0.20851441405706284,0.20851441405706284,0.20851441405706284,0.20851441405706284,0.20851441405706284,0.20851441405706284,0.20851441405706284,0.20851441405706284,0.20851441405706284,0.20851441405706284,0.20851441405706284,0.20851441405706284,0.20851441405706284,0.20851441405706284,0.20851441405706284,0.20851441405706284,0.20851441405706284,0.20851441405706284,-4.7958315233127315
526,-0.8903993736981411,-1.372139805073224,-1.5740119858399253,-1.700373265656961,-1.6191273595718776,-1.36755180096489,-0.27407748847859076,1.1134114206167867,1.5181116163394257,1.3061075931668198,1.062561041749417,0.7366215832198469,0.39462411031110756,0.040200792942296615,-0.1819350726362138,-0.43771630167584114,-0.4369516343244521,0.20594244135586678,1.0459295268567057,1.0681048800469872,0.9266414200400185,0.6985793824882431,0.21186861332913168,-0.4744203345425141,-0.20851441405707555,-0.20851441405707555,-0.20851441405707555,-0.20851441405707555,-0.20851441405707555,-0.20851441405707555,-0.20851441405707555,-0.20851441405707555,-0.20851441405707555,-0.20851441405707555,-0.20851441405707555,-0.20851441405707555,-0.20851441405707555,-0.20851441405707555,-0.20851441405707555,-0.20851441405707555,-0.20851441405707555,-0.20851441405707555,-0.20851441405707555,-0.20851441405707555,-0.20851441405707555,-0.20851441405707555,-0.20851441405707555,4.795831523312719,-0.20851441405707555,-0.20851441405707555,-0.20851441405707555,-0.20851441405707555,-0.20851441405707555,-0.20851441405707555,-0.20851441405707555,-0.20851441405707555,-0.20851441405707555,-0.20851441405707555,-0.20851441405707555,-0.20851441405707555,-0.20851441405707555,-0.20851441405707555,-0.20851441405707555,-0.20851441405707555,-0.20851441405707555,-0.20851441405707555,-0.20851441405707555,-0.20851441405707555,-0.20851441405707555,-0.20851441405707555,-0.20851441405707555,4.795831523312719,-0.20851441405707555,-0.20851441405707555,-0.20851441405707555,-0.20851441405707555,-0.20851441405707555,-0.20851441405707555,-0.20851441405707555,-0.20851441405707555,-0.20851441405707555,-0.20851441405707555,-0.20851441405707555,-0.20851441405707555,-0.20851441405707555,-0.20851441405707555,-0.20851441405707555,-0.20851441405707555,-0.20851441405707555,-0.20851441405707555,-0.20851441405707555,-0.20851441405707555,-0.20851441405707555,-0.20851441405707555,-0.20851441405707555,4.795831523312719
527,-0.12745593828648422,-0.8110356373638021,-1.1586497085537926,-1.3208083008461249,-1.3296979023139466,-1.150373183049269,-0.6022832718608185,0.2980187802423576,1.0337099362000093,1.504245738031257,1.3994097483072918,0.9858900110627619,0.33848179382002846,-0.3398867595692561,-0.8116487133271002,-1.0832413650681332,-0.9238416146106421,0.08834680079442692,1.4122843435365506,1.513441877480728,1.217019649226124,0.8249575706970256,0.07210028776702877,-1.0289841423162565,0.2085144140570624,0.2085144140570624,0.2085144140570624,0.2085144140570624,0.2085144140570624,0.2085144140570624,0.2085144140570624,0.2085144140570624,0.2085144140570624,0.2085144140570624,0.2085144140570624,0.2085144140570624,0.2085144140570624,0.2085144140570624,0.2085144140570624,0.2085144140570624,0.2085144140570624,0.2085144140570624,0.2085144140570624,0.2085144140570624,0.2085144140570624,0.2085144140570624,0.2085144140570624,-4.7958315233127315,0.2085144140570624,0.2085144140570624,0.2085144140570624,0.2085144140570624,0.2085144140570624,0.2085144140570624,0.2085144140570624,0.2085144140570624,0.2085144140570624,0.2085144140570624,0.2085144140570624,0.2085144140570624,0.2085144140570624,0.2085144140570624,0.2085144140570624,0.2085144140570624,0.2085144140570624,0.2085144140570624,0.2085144140570624,0.2085144140570624,0.2085144140570624,0.2085144140570624,0.2085144140570624,-4.7958315233127315,0.2085144140570624,0.2085144140570624,0.2085144140570624,0.2085144140570624,0.2085144140570624,0.2085144140570624,0.2085144140570624,0.2085144140570624,0.2085144140570624,0.2085144140570624,0.2085144140570624,0.2085144140570624,0.2085144140570624,0.2085144140570624,0.2085144140570624,0.2085144140570624,0.2085144140570624,0.2085144140570624,0.2085144140570624,0.2085144140570624,0.2085144140570624,0.2085144140570624,0.2085144140570624,-4.7958315233127315
528,-0.002039618497784498,-0.5393863827326376,-1.0263916540448674,-1.2433328942639075,-1.522297078801981,-1.4497052022671482,-1.2324858322529555,-0.8853798479024914,-0.26960048143460064,0.23882078410438054,0.4031954930395763,0.2772026958354415,0.14620356231855958,0.05163943196667029,-0.010105382557210347,-0.09827252762058947,-0.07963783134536423,0.964739549452707,2.0246921987793245,1.997713608649521,1.7421123269042673,1.1118702110884406,0.20349830011999837,-0.8030534285373172,0.2085144140570753,0.2085144140570753,0.2085144140570753,0.2085144140570753,0.2085144140570753,0.2085144140570753,0.2085144140570753,0.2085144140570753,0.2085144140570753,0.2085144140570753,0.2085144140570753,0.2085144140570753,0.2085144140570753,0.2085144140570753,0.2085144140570753,0.2085144140570753,0.2085144140570753,0.2085144140570753,0.2085144140570753,0.2085144140570753,0.2085144140570753,0.2085144140570753,0.2085144140570753,-4.795831523312719,0.2085144140570753,0.2085144140570753,0.2085144140570753,0.2085144140570753,0.2085144140570753,0.2085144140570753,0.2085144140570753,0.2085144140570753,0.2085144140570753,0.2085144140570753,0.2085144140570753,0.2085144140570753,0.2085144140570753,0.2085144140570753,0.2085144140570753,0.2085144140570753,0.2085144140570753,0.2085144140570753,0.2085144140570753,0.2085144140570753,0.2085144140570753,0.2085144140570753,0.2085144140570753,-4.795831523312719,0.2085144140570753,0.2085144140570753,0.2085144140570753,0.2085144140570753,0.2085144140570753,0.2085144140570753,0.2085144140570753,0.2085144140570753,0.2085144140570753,0.2085144140570753,0.2085144140570753,0.2085144140570753,0.2085144140570753,0.2085144140570753,0.2085144140570753,0.2085144140570753,0.2085144140570753,0.2085144140570753,0.2085144140570753,0.2085144140570753,0.2085144140570753,0.2085144140570753,0.2085144140570753,-4.795831523312719
529,-1.2376851047922024,-1.5742899571616944,-1.727621077829636,-1.7550684712771112,-1.6500198109008648,-1.3449794609959693,-0.7966553964429977,0.15614343882231393,0.5439002517075553,0.5653591229483087,0.5884398856200492,0.5375374468629134,0.4603104625720625,0.38919676136724024,0.3401657357997049,0.23661420597513913,0.2761634047153648,0.7200626132886239,1.3098072897714217,1.3716886859075479,1.2448068716526282,0.9684615239882749,0.5033529659328759,-0.1256913875315343,0.20851441405707355,0.20851441405707355,0.20851441405707355,0.20851441405707355,0.20851441405707355,0.20851441405707355,0.20851441405707355,0.20851441405707355,0.20851441405707355,0.20851441405707355,0.20851441405707355,0.20851441405707355,0.20851441405707355,0.20851441405707355,0.20851441405707355,0.20851441405707355,0.20851441405707355,0.20851441405707355,0.20851441405707355,0.20851441405707355,0.20851441405707355,0.20851441405707355,0.20851441405707355,-4.795831523312721,0.20851441405707355,0.20851441405707355,0.20851441405707355,0.20851441405707355,0.20851441405707355,0.20851441405707355,0.20851441405707355,0.20851441405707355,0.20851441405707355,0.20851441405707355,0.20851441405707355,0.20851441405707355,0.20851441405707355,0.20851441405707355,0.20851441405707355,0.20851441405707355,0.20851441405707355,0.20851441405707355,0.20851441405707355,0.20851441405707355,0.20851441405707355,0.20851441405707355,0.20851441405707355,-4.795831523312721,0.20851441405707355,0.20851441405707355,0.20851441405707355,0.20851441405707355,0.20851441405707355,0.20851441405707355,0.20851441405707355,0.20851441405707355,0.20851441405707355,0.20851441405707355,0.20851441405707355,0.20851441405707355,0.20851441405707355,0.20851441405707355,0.20851441405707355,0.20851441405707355,0.20851441405707355,0.20851441405707355,0.20851441405707355,0.20851441405707355,0.20851441405707355,0.20851441405707355,0.20851441405707355,-4.795831523312721
530,-1.0257419881223553,-1.4129344092392144,-1.6502881687053597,-1.7686738168317253,-1.7110099587037537,-1.4462804282071575,-0.8595943564960536,0.12156492649958227,0.5179311432277095,0.45400580555553904,0.46274275375674684,0.4152720018635178,0.32979552529503486,0.24621205417014688,0.20631332405129793,0.13539842781816128,0.15563902448429268,0.6843700064607181,1.3818697045238075,1.4840919984779386,1.3721134456991253,1.1207805691110477,0.6955824233189347,0.0908399919920015,0.20851441405707496,0.20851441405707496,0.20851441405707496,0.20851441405707496,0.20851441405707496,0.20851441405707496,0.20851441405707496,0.20851441405707496,0.20851441405707496,0.20851441405707496,0.20851441405707496,0.20851441405707496,0.20851441405707496,0.20851441405707496,0.20851441405707496,0.20851441405707496,0.20851441405707496,0.20851441405707496,0.20851441405707496,0.20851441405707496,0.20851441405707496,0.20851441405707496,0.20851441405707496,-4.795831523312719,0.20851441405707496,0.20851441405707496,0.20851441405707496,0.20851441405707496,0.20851441405707496,0.20851441405707496,0.20851441405707496,0.20851441405707496,0.20851441405707496,0.20851441405707496,0.20851441405707496,0.20851441405707496,0.20851441405707496,0.20851441405707496,0.20851441405707496,0.20851441405707496,0.20851441405707496,0.20851441405707496,0.20851441405707496,0.20851441405707496,0.20851441405707496,0.20851441405707496,0.20851441405707496,-4.795831523312719,0.20851441405707496,0.20851441405707496,0.20851441405707496,0.20851441405707496,0.20851441405707496,0.20851441405707496,0.20851441405707496,0.20851441405707496,0.20851441405707496,0.20851441405707496,0.20851441405707496,0.20851441405707496,0.20851441405707496,0.20851441405707496,0.20851441405707496,0.20851441405707496,0.20851441405707496,0.20851441405707496,0.20851441405707496,0.20851441405707496,0.20851441405707496,0.20851441405707496,0.20851441405707496,-4.795831523312719
531,-1.066366070129065,-1.4679091491889955,-1.6772142549277305,-1.7599122692781721,-1.6994015270705318,-1.3990199965218357,-0.6434114976725848,0.4315075331339062,0.7851074856754756,0.6749469037077204,0.48705329136553493,0.3582740194877365,0.16743244790979425,0.0748044656073296,0.013052477405686496,-0.02247818917264584,0.028568052330722453,0.586352970885765,1.3714410620925843,1.420935746103449,1.3563909544152994,1.1131067395907357,0.7346818671691088,0.13205693708071228,-0.20851441405707427,-0.20851441405707427,-0.20851441405707427,-0.20851441405707427,-0.20851441405707427,-0.20851441405707427,-0.20851441405707427,-0.20851441405707427,-0.20851441405707427,-0.20851441405707427,-0.20851441405707427,-0.20851441405707427,-0.20851441405707427,-0.20851441405707427,-0.20851441405707427,-0.20851441405707427,-0.20851441405707427,-0.20851441405707427,-0.20851441405707427,-0.20851441405707427,-0.20851441405707427,-0.20851441405707427,-0.20851441405707427,4.79583152331272,-0.20851441405707427,-0.20851441405707427,-0.20851441405707427,-0.20851441405707427,-0.20851441405707427,-0.20851441405707427,-0.20851441405707427,-0.20851441405707427,-0.20851441405707427,-0.20851441405707427,-0.20851441405707427,-0.20851441405707427,-0.20851441405707427,-0.20851441405707427,-0.20851441405707427,-0.20851441405707427,-0.20851441405707427,-0.20851441405707427,-0.20851441405707427,-0.20851441405707427,-0.20851441405707427,-0.20851441405707427,-0.20851441405707427,4.79583152331272,-0.20851441405707427,-0.20851441405707427,-0.20851441405707427,-0.20851441405707427,-0.20851441405707427,-0.20851441405707427,-0.20851441405707427,-0.20851441405707427,-0.20851441405707427,-0.20851441405707427,-0.20851441405707427,-0.20851441405707427,-0.20851441405707427,-0.20851441405707427,-0.20851441405707427,-0.20851441405707427,-0.20851441405707427,-0.20851441405707427,-0.20851441405707427,-0.20851441405707427,-0.20851441405707427,-0.20851441405707427,-0.20851441405707427,4.79583152331272
532,-1.1463605168809732,-1.4848207669074562,-1.6809035217423738,-1.743977923254971,-1.6337232001865318,-1.2495883835474784,-0.5171222566982728,0.7037103900853392,1.137200507642738,0.969559790625172,0.7897057279566255,0.5611655887889657,0.2740683129385233,0.007047769665034898,-0.11960295167458335,-0.21881547182569777,-0.13984699035634532,0.4806913523763417,1.207469071662077,1.3117007749574299,1.2349072728505808,1.032968804347385,0.4766760058609509,-0.25210938668247984,-0.20851441405707516,-0.20851441405707516,-0.20851441405707516,-0.20851441405707516,-0.20851441405707516,-0.20851441405707516,-0.20851441405707516,-0.20851441405707516,-0.20851441405707516,-0.20851441405707516,-0.20851441405707516,-0.20851441405707516,-0.20851441405707516,-0.20851441405707516,-0.20851441405707516,-0.20851441405707516,-0.20851441405707516,-0.20851441405707516,-0.20851441405707516,-0.20851441405707516,-0.20851441405707516,-0.20851441405707516,-0.20851441405707516,4.795831523312719,-0.20851441405707516,-0.20851441405707516,-0.20851441405707516,-0.20851441405707516,-0.20851441405707516,-0.20851441405707516,-0.20851441405707516,-0.20851441405707516,-0.20851441405707516,-0.20851441405707516,-0.20851441405707516,-0.20851441405707516,-0.20851441405707516,-0.20851441405707516,-0.20851441405707516,-0.20851441405707516,-0.20851441405707516,-0.20851441405707516,-0.20851441405707516,-0.20851441405707516,-0.20851441405707516,-0.20851441405707516,-0.20851441405707516,4.795831523312719,-0.20851441405707516,-0.20851441405707516,-0.20851441405707516,-0.20851441405707516,-0.20851441405707516,-0.20851441405707516,-0.20851441405707516,-0.20851441405707516,-0.20851441405707516,-0.20851441405707516,-0.20851441405707516,-0.20851441405707516,-0.20851441405707516,-0.20851441405707516,-0.20851441405707516,-0.20851441405707516,-0.20851441405707516,-0.20851441405707516,-0.20851441405707516,-0.20851441405707516,-0.20851441405707516,-0.20851441405707516,-0.20851441405707516,4.795831523312719
533,-0.5618003854779664,-1.1042529398737673,-1.2852844432342594,-1.4556166851668264,-1.3689526676006334,-1.1449101332998826,-0.2543036120394,1.0700509675091647,1.5900350729063228,1.4920298382265293,1.2996571177524368,1.0839600073654674,0.6709685162475597,0.4242435477196077,0.17024308142066663,-0.027479269767388584,-0.10151815884863004,0.39621148277844404,0.9752555112577487,0.7512129769569977,0.31575303684044753,-0.17084937290158447,-0.9418381513978648,-1.8228153373732148,0.20851441405707388,0.20851441405707388,0.20851441405707388,0.20851441405707388,0.20851441405707388,0.20851441405707388,0.20851441405707388,0.20851441405707388,0.20851441405707388,0.20851441405707388,0.20851441405707388,0.20851441405707388,0.20851441405707388,0.20851441405707388,0.20851441405707388,0.20851441405707388,0.20851441405707388,0.20851441405707388,0.20851441405707388,0.20851441405707388,0.20851441405707388,0.20851441405707388,0.20851441405707388,-4.79583152331272,0.20851441405707388,0.20851441405707388,0.20851441405707388,0.20851441405707388,0.20851441405707388,0.20851441405707388,0.20851441405707388,0.20851441405707388,0.20851441405707388,0.20851441405707388,0.20851441405707388,0.20851441405707388,0.20851441405707388,0.20851441405707388,0.20851441405707388,0.20851441405707388,0.20851441405707388,0.20851441405707388,0.20851441405707388,0.20851441405707388,0.20851441405707388,0.20851441405707388,0.20851441405707388,-4.79583152331272,0.20851441405707388,0.20851441405707388,0.20851441405707388,0.20851441405707388,0.20851441405707388,0.20851441405707388,0.20851441405707388,0.20851441405707388,0.20851441405707388,0.20851441405707388,0.20851441405707388,0.20851441405707388,0.20851441405707388,0.20851441405707388,0.20851441405707388,0.20851441405707388,0.20851441405707388,0.20851441405707388,0.20851441405707388,0.20851441405707388,0.20851441405707388,0.20851441405707388,0.20851441405707388,-4.79583152331272
534,-0.27340949430335654,-0.8749600146519578,-1.2315948265958032,-1.4629742946686826,-1.6068194085954257,-1.5857028736776981,-1.3624451498039447,-0.9924545807326478,-0.6645165982923812,-0.24236638314225262,0.17220353742202496,0.39528077809135326,0.3983489925665787,0.3976270597488786,0.31713155057531833,0.29294680118236527,0.40105624063295403,0.9468374508142232,1.6045182477390068,1.5875528265230545,1.425659392153809,1.1453689756817484,0.8744636858397891,0.338248085493046,0.20851441405707405,0.20851441405707405,0.20851441405707405,0.20851441405707405,0.20851441405707405,0.20851441405707405,0.20851441405707405,0.20851441405707405,0.20851441405707405,0.20851441405707405,0.20851441405707405,0.20851441405707405,0.20851441405707405,0.20851441405707405,0.20851441405707405,0.20851441405707405,0.20851441405707405,0.20851441405707405,0.20851441405707405,0.20851441405707405,0.20851441405707405,0.20851441405707405,0.20851441405707405,-4.795831523312721,0.20851441405707405,0.20851441405707405,0.20851441405707405,0.20851441405707405,0.20851441405707405,0.20851441405707405,0.20851441405707405,0.20851441405707405,0.20851441405707405,0.20851441405707405,0.20851441405707405,0.20851441405707405,0.20851441405707405,0.20851441405707405,0.20851441405707405,0.20851441405707405,0.20851441405707405,0.20851441405707405,0.20851441405707405,0.20851441405707405,0.20851441405707405,0.20851441405707405,0.20851441405707405,-4.795831523312721,0.20851441405707405,0.20851441405707405,0.20851441405707405,0.20851441405707405,0.20851441405707405,0.20851441405707405,0.20851441405707405,0.20851441405707405,0.20851441405707405,0.20851441405707405,0.20851441405707405,0.20851441405707405,0.20851441405707405,0.20851441405707405,0.20851441405707405,0.20851441405707405,0.20851441405707405,0.20851441405707405,0.20851441405707405,0.20851441405707405,0.20851441405707405,0.20851441405707405,0.20851441405707405,-4.795831523312721
535,-0.9595505256531315,-1.2495944688190181,-1.400522881185669,-1.4090683699791178,-1.376268773286615,-1.2395409525914312,-1.0316845045860688,-0.7219105358235424,-0.34188762242075155,0.007597735440743569,0.21960125888998566,0.24787677328007426,0.19145141345274191,0.10122110531014805,-0.0017017670697744606,-0.042669845697191726,0.12321317205799474,0.7239107666563215,1.4711383602717296,1.6431791567163132,1.6522273213211416,1.5018015847658701,1.171794914595325,0.7193866843539073,-0.20851441405707485,-0.20851441405707485,-0.20851441405707485,-0.20851441405707485,-0.20851441405707485,-0.20851441405707485,-0.20851441405707485,-0.20851441405707485,-0.20851441405707485,-0.20851441405707485,-0.20851441405707485,-0.20851441405707485,-0.20851441405707485,-0.20851441405707485,-0.20851441405707485,-0.20851441405707485,-0.20851441405707485,-0.20851441405707485,-0.20851441405707485,-0.20851441405707485,-0.20851441405707485,-0.20851441405707485,-0.20851441405707485,4.795831523312719,-0.20851441405707485,-0.20851441405707485,-0.20851441405707485,-0.20851441405707485,-0.20851441405707485,-0.20851441405707485,-0.20851441405707485,-0.20851441405707485,-0.20851441405707485,-0.20851441405707485,-0.20851441405707485,-0.20851441405707485,-0.20851441405707485,-0.20851441405707485,-0.20851441405707485,-0.20851441405707485,-0.20851441405707485,-0.20851441405707485,-0.20851441405707485,-0.20851441405707485,-0.20851441405707485,-0.20851441405707485,-0.20851441405707485,4.795831523312719,-0.20851441405707485,-0.20851441405707485,-0.20851441405707485,-0.20851441405707485,-0.20851441405707485,-0.20851441405707485,-0.20851441405707485,-0.20851441405707485,-0.20851441405707485,-0.20851441405707485,-0.20851441405707485,-0.20851441405707485,-0.20851441405707485,-0.20851441405707485,-0.20851441405707485,-0.20851441405707485,-0.20851441405707485,-0.20851441405707485,-0.20851441405707485,-0.20851441405707485,-0.20851441405707485,-0.20851441405707485,-0.20851441405707485,4.795831523312719
536,-1.1136337734026214,-1.4582662337924763,-1.5871946697624986,-1.583901478549982,-1.4184186201210263,-0.9784482741288179,-0.08862800850685114,1.0427478325532031,1.5031359640630142,1.4135611630825644,1.1466480153080996,0.7621679412467947,0.35134233748535737,-0.043675948456000493,-0.38007543081456413,-0.6236069209801616,-0.7597803776177201,-0.05454347945730505,0.9004819721724889,1.1515878021268744,1.0531213848726302,0.7901600665531852,0.36039861331977785,-0.38517987719396474,-0.20851441405707538,-0.20851441405707538,-0.20851441405707538,-0.20851441405707538,-0.20851441405707538,-0.20851441405707538,-0.20851441405707538,-0.20851441405707538,-0.20851441405707538,-0.20851441405707538,-0.20851441405707538,-0.20851441405707538,-0.20851441405707538,-0.20851441405707538,-0.20851441405707538,-0.20851441405707538,-0.20851441405707538,-0.20851441405707538,-0.20851441405707538,-0.20851441405707538,-0.20851441405707538,-0.20851441405707538,-0.20851441405707538,4.795831523312719,-0.20851441405707538,-0.20851441405707538,-0.20851441405707538,-0.20851441405707538,-0.20851441405707538,-0.20851441405707538,-0.20851441405707538,-0.20851441405707538,-0.20851441405707538,-0.20851441405707538,-0.20851441405707538,-0.20851441405707538,-0.20851441405707538,-0.20851441405707538,-0.20851441405707538,-0.20851441405707538,-0.20851441405707538,-0.20851441405707538,-0.20851441405707538,-0.20851441405707538,-0.20851441405707538,-0.20851441405707538,-0.20851441405707538,4.795831523312719,-0.20851441405707538,-0.20851441405707538,-0.20851441405707538,-0.20851441405707538,-0.20851441405707538,-0.20851441405707538,-0.20851441405707538,-0.20851441405707538,-0.20851441405707538,-0.20851441405707538,-0.20851441405707538,-0.20851441405707538,-0.20851441405707538,-0.20851441405707538,-0.20851441405707538,-0.20851441405707538,-0.20851441405707538,-0.20851441405707538,-0.20851441405707538,-0.20851441405707538,-0.20851441405707538,-0.20851441405707538,-0.20851441405707538,4.795831523312719
537,0.04208021848098115,-0.5114264634776462,-0.8066578660764765,-0.8949767368680643,-0.7939215750166967,-0.47739342343266084,0.41059749258772477,1.8090840092828913,2.165491367300008,1.8326774664919914,1.2566212856078522,0.6997739371417417,0.01431092813752682,-0.5446243368957608,-0.9751527330476618,-1.3050435506616307,-1.424472378304156,-0.7561302851507927,0.3677952029605959,0.6264880656338284,0.5429714029467477,0.21788279343728603,-0.3431403881631786,-1.152834432914426,-0.2085144140570771,-0.2085144140570771,-0.2085144140570771,-0.2085144140570771,-0.2085144140570771,-0.2085144140570771,-0.2085144140570771,-0.2085144140570771,-0.2085144140570771,-0.2085144140570771,-0.2085144140570771,-0.2085144140570771,-0.2085144140570771,-0.2085144140570771,-0.2085144140570771,-0.2085144140570771,-0.2085144140570771,-0.2085144140570771,-0.2085144140570771,-0.2085144140570771,-0.2085144140570771,-0.2085144140570771,-0.2085144140570771,4.7958315233127164,-0.2085144140570771,-0.2085144140570771,-0.2085144140570771,-0.2085144140570771,-0.2085144140570771,-0.2085144140570771,-0.2085144140570771,-0.2085144140570771,-0.2085144140570771,-0.2085144140570771,-0.2085144140570771,-0.2085144140570771,-0.2085144140570771,-0.2085144140570771,-0.2085144140570771,-0.2085144140570771,-0.2085144140570771,-0.2085144140570771,-0.2085144140570771,-0.2085144140570771,-0.2085144140570771,-0.2085144140570771,-0.2085144140570771,4.7958315233127164,-0.2085144140570771,-0.2085144140570771,-0.2085144140570771,-0.2085144140570771,-0.2085144140570771,-0.2085144140570771,-0.2085144140570771,-0.2085144140570771,-0.2085144140570771,-0.2085144140570771,-0.2085144140570771,-0.2085144140570771,-0.2085144140570771,-0.2085144140570771,-0.2085144140570771,-0.2085144140570771,-0.2085144140570771,-0.2085144140570771,-0.2085144140570771,-0.2085144140570771,-0.2085144140570771,-0.2085144140570771,-0.2085144140570771,4.7958315233127164
538,-0.5385111614561637,-1.1140678321078885,-1.4147247747917024,-1.4992552703593478,-1.4320523556005826,-1.1077456066776215,-0.18821304131988217,1.2839288579426864,1.788536109876969,1.6110454848346552,1.2370975584592263,0.798288282299205,0.3112427676712199,-0.11164386666442488,-0.4165156263017502,-0.658633444631239,-0.6619116355950811,-0.0036977213550493404,0.9743739683570151,1.0467283260589608,0.8163183326003371,0.5222177718442077,-0.18282744187928426,-1.059977681204492,0.20851441405707347,0.20851441405707347,0.20851441405707347,0.20851441405707347,0.20851441405707347,0.20851441405707347,0.20851441405707347,0.20851441405707347,0.20851441405707347,0.20851441405707347,0.20851441405707347,0.20851441405707347,0.20851441405707347,0.20851441405707347,0.20851441405707347,0.20851441405707347,0.20851441405707347,0.20851441405707347,0.20851441405707347,0.20851441405707347,0.20851441405707347,0.20851441405707347,0.20851441405707347,-4.795831523312721,0.20851441405707347,0.20851441405707347,0.20851441405707347,0.20851441405707347,0.20851441405707347,0.20851441405707347,0.20851441405707347,0.20851441405707347,0.20851441405707347,0.20851441405707347,0.20851441405707347,0.20851441405707347,0.20851441405707347,0.20851441405707347,0.20851441405707347,0.20851441405707347,0.20851441405707347,0.20851441405707347,0.20851441405707347,0.20851441405707347,0.20851441405707347,0.20851441405707347,0.20851441405707347,-4.795831523312721,0.20851441405707347,0.20851441405707347,0.20851441405707347,0.20851441405707347,0.20851441405707347,0.20851441405707347,0.20851441405707347,0.20851441405707347,0.20851441405707347,0.20851441405707347,0.20851441405707347,0.20851441405707347,0.20851441405707347,0.20851441405707347,0.20851441405707347,0.20851441405707347,0.20851441405707347,0.20851441405707347,0.20851441405707347,0.20851441405707347,0.20851441405707347,0.20851441405707347,0.20851441405707347,-4.795831523312721
539,-0.814702289929587,-1.293649243427458,-1.5706004444915809,-1.6941350368890797,-1.6559060887012051,-1.4468989134557069,-0.8427479811765868,0.18258913572265476,0.639500188955026,0.6750581189289007,0.5795692177784014,0.3470236945220284,0.07023943209628067,-0.1985317756874671,-0.3846683574755906,0.10763368709228037,0.10679899390040537,0.6643740460729007,1.4346289235351444,1.5501504612906436,1.480870926365019,1.239644593913146,0.75752580628615,0.06623290477528071,-0.2085144140570731,-0.2085144140570731,-0.2085144140570731,-0.2085144140570731,-0.2085144140570731,-0.2085144140570731,-0.2085144140570731,-0.2085144140570731,-0.2085144140570731,-0.2085144140570731,-0.2085144140570731,-0.2085144140570731,-0.2085144140570731,-0.2085144140570731,-0.2085144140570731,-0.2085144140570731,-0.2085144140570731,-0.2085144140570731,-0.2085144140570731,-0.2085144140570731,-0.2085144140570731,-0.2085144140570731,-0.2085144140570731,4.795831523312721,-0.2085144140570731,-0.2085144140570731,-0.2085144140570731,-0.2085144140570731,-0.2085144140570731,-0.2085144140570731,-0.2085144140570731,-0.2085144140570731,-0.2085144140570731,-0.2085144140570731,-0.2085144140570731,-0.2085144140570731,-0.2085144140570731,-0.2085144140570731,-0.2085144140570731,-0.2085144140570731,-0.2085144140570731,-0.2085144140570731,-0.2085144140570731,-0.2085144140570731,-0.2085144140570731,-0.2085144140570731,-0.2085144140570731,4.795831523312721,-0.2085144140570731,-0.2085144140570731,-0.2085144140570731,-0.2085144140570731,-0.2085144140570731,-0.2085144140570731,-0.2085144140570731,-0.2085144140570731,-0.2085144140570731,-0.2085144140570731,-0.2085144140570731,-0.2085144140570731,-0.2085144140570731,-0.2085144140570731,-0.2085144140570731,-0.2085144140570731,-0.2085144140570731,-0.2085144140570731,-0.2085144140570731,-0.2085144140570731,-0.2085144140570731,-0.2085144140570731,-0.2085144140570731,4.795831523312721
540,-0.6086552601231188,-1.122867845710887,-1.517749334297518,-1.7268565266216707,-1.7441895351246293,-1.4999718896790988,-0.9722040025697863,-0.037777069814140266,0.571322626424439,0.9415379106030136,1.0906462273400026,1.0370916754270154,0.8313177539688161,0.592877778024272,0.3911037816052169,0.25088418717743743,0.2766614818741449,0.7964295189051689,1.3724187245419428,1.1837555935289719,0.8173180163318112,0.4333252125739619,-0.26799497762266566,-1.0884240467627002,0.20851441405708587,0.20851441405708587,0.20851441405708587,0.20851441405708587,0.20851441405708587,0.20851441405708587,0.20851441405708587,0.20851441405708587,0.20851441405708587,0.20851441405708587,0.20851441405708587,0.20851441405708587,0.20851441405708587,0.20851441405708587,0.20851441405708587,0.20851441405708587,0.20851441405708587,0.20851441405708587,0.20851441405708587,0.20851441405708587,0.20851441405708587,0.20851441405708587,0.20851441405708587,-4.7958315233127085,0.20851441405708587,0.20851441405708587,0.20851441405708587,0.20851441405708587,0.20851441405708587,0.20851441405708587,0.20851441405708587,0.20851441405708587,0.20851441405708587,0.20851441405708587,0.20851441405708587,0.20851441405708587,0.20851441405708587,0.20851441405708587,0.20851441405708587,0.20851441405708587,0.20851441405708587,0.20851441405708587,0.20851441405708587,0.20851441405708587,0.20851441405708587,0.20851441405708587,0.20851441405708587,-4.7958315233127085,0.20851441405708587,0.20851441405708587,0.20851441405708587,0.20851441405708587,0.20851441405708587,0.20851441405708587,0.20851441405708587,0.20851441405708587,0.20851441405708587,0.20851441405708587,0.20851441405708587,0.20851441405708587,0.20851441405708587,0.20851441405708587,0.20851441405708587,0.20851441405708587,0.20851441405708587,0.20851441405708587,0.20851441405708587,0.20851441405708587,0.20851441405708587,0.20851441405708587,0.20851441405708587,-4.7958315233127085
541,0.06880885288528236,-0.7101639338446166,-1.2353003088583,-1.6777922707550754,-1.853411648628504,-1.810121717948219,-1.544724927016245,-0.9239079665785233,-0.3827838330749622,0.2547587823983243,0.8234310536075211,1.081940810113086,1.0403726380394034,0.7732540885008273,0.6025540209319766,0.5002323665967578,0.4158661948732481,0.7838306056556696,1.2976525669688237,1.1286742580065754,0.7882579849297897,0.5612318143735229,0.29435923035017575,-0.2770186615265389,-0.20851441405707377,-0.20851441405707377,-0.20851441405707377,-0.20851441405707377,-0.20851441405707377,-0.20851441405707377,-0.20851441405707377,-0.20851441405707377,-0.20851441405707377,-0.20851441405707377,-0.20851441405707377,-0.20851441405707377,-0.20851441405707377,-0.20851441405707377,-0.20851441405707377,-0.20851441405707377,-0.20851441405707377,-0.20851441405707377,-0.20851441405707377,-0.20851441405707377,-0.20851441405707377,-0.20851441405707377,-0.20851441405707377,4.795831523312721,-0.20851441405707377,-0.20851441405707377,-0.20851441405707377,-0.20851441405707377,-0.20851441405707377,-0.20851441405707377,-0.20851441405707377,-0.20851441405707377,-0.20851441405707377,-0.20851441405707377,-0.20851441405707377,-0.20851441405707377,-0.20851441405707377,-0.20851441405707377,-0.20851441405707377,-0.20851441405707377,-0.20851441405707377,-0.20851441405707377,-0.20851441405707377,-0.20851441405707377,-0.20851441405707377,-0.20851441405707377,-0.20851441405707377,4.795831523312721,-0.20851441405707377,-0.20851441405707377,-0.20851441405707377,-0.20851441405707377,-0.20851441405707377,-0.20851441405707377,-0.20851441405707377,-0.20851441405707377,-0.20851441405707377,-0.20851441405707377,-0.20851441405707377,-0.20851441405707377,-0.20851441405707377,-0.20851441405707377,-0.20851441405707377,-0.20851441405707377,-0.20851441405707377,-0.20851441405707377,-0.20851441405707377,-0.20851441405707377,-0.20851441405707377,-0.20851441405707377,-0.20851441405707377,4.795831523312721
542,-0.3505500917586177,-0.9465771867007708,-1.3944512267520583,-1.6458385911679423,-1.7469714389214588,-1.6332298205389324,-1.4117882863669469,-0.8827452853914085,-0.16089316688059446,0.5546545663157146,0.9602366882155315,1.1118046184850874,1.0582173433117956,0.8391399536327494,0.5113119172784932,0.21947141376120274,0.19477923794605845,0.5759318667521688,1.1588248256224367,1.2124121007957287,1.0634709977405497,0.7747826868805117,0.3531769189729947,-0.4151700412322932,0.20851441405707613,0.20851441405707613,0.20851441405707613,0.20851441405707613,0.20851441405707613,0.20851441405707613,0.20851441405707613,0.20851441405707613,0.20851441405707613,0.20851441405707613,0.20851441405707613,0.20851441405707613,0.20851441405707613,0.20851441405707613,0.20851441405707613,0.20851441405707613,0.20851441405707613,0.20851441405707613,0.20851441405707613,0.20851441405707613,0.20851441405707613,0.20851441405707613,0.20851441405707613,-4.795831523312718,0.20851441405707613,0.20851441405707613,0.20851441405707613,0.20851441405707613,0.20851441405707613,0.20851441405707613,0.20851441405707613,0.20851441405707613,0.20851441405707613,0.20851441405707613,0.20851441405707613,0.20851441405707613,0.20851441405707613,0.20851441405707613,0.20851441405707613,0.20851441405707613,0.20851441405707613,0.20851441405707613,0.20851441405707613,0.20851441405707613,0.20851441405707613,0.20851441405707613,0.20851441405707613,-4.795831523312718,0.20851441405707613,0.20851441405707613,0.20851441405707613,0.20851441405707613,0.20851441405707613,0.20851441405707613,0.20851441405707613,0.20851441405707613,0.20851441405707613,0.20851441405707613,0.20851441405707613,0.20851441405707613,0.20851441405707613,0.20851441405707613,0.20851441405707613,0.20851441405707613,0.20851441405707613,0.20851441405707613,0.20851441405707613,0.20851441405707613,0.20851441405707613,0.20851441405707613,0.20851441405707613,-4.795831523312718
543,-0.8172678336676145,-1.1372653331153855,-1.3741465989403587,-1.518740184673812,-1.5366531660580356,-1.4410694973918183,-1.2242507707171755,-0.8629817621601532,-0.5447039089252677,-0.2009179701992477,0.1516095034422734,0.41829797029059484,0.5186106660422471,0.513308423552517,0.4701739643793065,0.4581364408891082,0.5299316702770765,0.8820292323653762,1.4679986794060997,1.5385041741344039,1.4030820348696733,1.1567427148738298,0.8152496377649906,0.33432191356135443,-0.20851441405706891,-0.20851441405706891,-0.20851441405706891,-0.20851441405706891,-0.20851441405706891,-0.20851441405706891,-0.20851441405706891,-0.20851441405706891,-0.20851441405706891,-0.20851441405706891,-0.20851441405706891,-0.20851441405706891,-0.20851441405706891,-0.20851441405706891,-0.20851441405706891,-0.20851441405706891,-0.20851441405706891,-0.20851441405706891,-0.20851441405706891,-0.20851441405706891,-0.20851441405706891,-0.20851441405706891,-0.20851441405706891,4.795831523312724,-0.20851441405706891,-0.20851441405706891,-0.20851441405706891,-0.20851441405706891,-0.20851441405706891,-0.20851441405706891,-0.20851441405706891,-0.20851441405706891,-0.20851441405706891,-0.20851441405706891,-0.20851441405706891,-0.20851441405706891,-0.20851441405706891,-0.20851441405706891,-0.20851441405706891,-0.20851441405706891,-0.20851441405706891,-0.20851441405706891,-0.20851441405706891,-0.20851441405706891,-0.20851441405706891,-0.20851441405706891,-0.20851441405706891,4.795831523312724,-0.20851441405706891,-0.20851441405706891,-0.20851441405706891,-0.20851441405706891,-0.20851441405706891,-0.20851441405706891,-0.20851441405706891,-0.20851441405706891,-0.20851441405706891,-0.20851441405706891,-0.20851441405706891,-0.20851441405706891,-0.20851441405706891,-0.20851441405706891,-0.20851441405706891,-0.20851441405706891,-0.20851441405706891,-0.20851441405706891,-0.20851441405706891,-0.20851441405706891,-0.20851441405706891,-0.20851441405706891,-0.20851441405706891,4.795831523312724
544,-1.1889735813749454,-1.5102459316577448,-1.6595560824125626,-1.7025121017324036,-1.6913241995944386,-1.4337262059240083,-0.9284750204835611,-0.21134430566486176,0.28354771112932153,0.49211230654076915,0.5664220762966359,0.6361738118481465,0.5654552205563179,0.4527474656849661,0.4027472116856654,0.3484651679792423,0.33879661057606264,0.6552346821572722,1.302475539175844,1.3635255730644928,1.2345193928563525,0.9919767242851592,0.597223337738194,0.09473459727008386,-0.20851441405708634,-0.20851441405708634,-0.20851441405708634,-0.20851441405708634,-0.20851441405708634,-0.20851441405708634,-0.20851441405708634,-0.20851441405708634,-0.20851441405708634,-0.20851441405708634,-0.20851441405708634,-0.20851441405708634,-0.20851441405708634,-0.20851441405708634,-0.20851441405708634,-0.20851441405708634,-0.20851441405708634,-0.20851441405708634,-0.20851441405708634,-0.20851441405708634,-0.20851441405708634,-0.20851441405708634,-0.20851441405708634,4.795831523312708,-0.20851441405708634,-0.20851441405708634,-0.20851441405708634,-0.20851441405708634,-0.20851441405708634,-0.20851441405708634,-0.20851441405708634,-0.20851441405708634,-0.20851441405708634,-0.20851441405708634,-0.20851441405708634,-0.20851441405708634,-0.20851441405708634,-0.20851441405708634,-0.20851441405708634,-0.20851441405708634,-0.20851441405708634,-0.20851441405708634,-0.20851441405708634,-0.20851441405708634,-0.20851441405708634,-0.20851441405708634,-0.20851441405708634,4.795831523312708,-0.20851441405708634,-0.20851441405708634,-0.20851441405708634,-0.20851441405708634,-0.20851441405708634,-0.20851441405708634,-0.20851441405708634,-0.20851441405708634,-0.20851441405708634,-0.20851441405708634,-0.20851441405708634,-0.20851441405708634,-0.20851441405708634,-0.20851441405708634,-0.20851441405708634,-0.20851441405708634,-0.20851441405708634,-0.20851441405708634,-0.20851441405708634,-0.20851441405708634,-0.20851441405708634,-0.20851441405708634,-0.20851441405708634,4.795831523312708
545,-0.8707484330317501,-1.2910088440413359,-1.5825189557242856,-1.7185570078429953,-1.734457559389338,-1.410042139645207,-0.8071462268463793,0.23323569447057213,0.8100723700128937,0.8542405687527346,0.8378983352189935,0.7829089277878916,0.5733308247673468,0.4123377403606268,0.26614100253175355,0.12966126842564532,0.07643858894413708,0.66122554025963,1.4668534852743271,1.4149558517550143,1.147517408385278,0.669838339013899,-0.048778254483311745,-0.8733985249561406,0.20851441405707585,0.20851441405707585,0.20851441405707585,0.20851441405707585,0.20851441405707585,0.20851441405707585,0.20851441405707585,0.20851441405707585,0.20851441405707585,0.20851441405707585,0.20851441405707585,0.20851441405707585,0.20851441405707585,0.20851441405707585,0.20851441405707585,0.20851441405707585,0.20851441405707585,0.20851441405707585,0.20851441405707585,0.20851441405707585,0.20851441405707585,0.20851441405707585,0.20851441405707585,-4.795831523312718,0.20851441405707585,0.20851441405707585,0.20851441405707585,0.20851441405707585,0.20851441405707585,0.20851441405707585,0.20851441405707585,0.20851441405707585,0.20851441405707585,0.20851441405707585,0.20851441405707585,0.20851441405707585,0.20851441405707585,0.20851441405707585,0.20851441405707585,0.20851441405707585,0.20851441405707585,0.20851441405707585,0.20851441405707585,0.20851441405707585,0.20851441405707585,0.20851441405707585,0.20851441405707585,-4.795831523312718,0.20851441405707585,0.20851441405707585,0.20851441405707585,0.20851441405707585,0.20851441405707585,0.20851441405707585,0.20851441405707585,0.20851441405707585,0.20851441405707585,0.20851441405707585,0.20851441405707585,0.20851441405707585,0.20851441405707585,0.20851441405707585,0.20851441405707585,0.20851441405707585,0.20851441405707585,0.20851441405707585,0.20851441405707585,0.20851441405707585,0.20851441405707585,0.20851441405707585,0.20851441405707585,-4.795831523312718
546,-0.9957228094706042,-1.3227489262930325,-1.5812716775916047,-1.7053694829752737,-1.7329085243918991,-1.5396188774489588,-0.9989930706388285,-0.08280358650946752,0.37727052415703294,0.5283910139307656,0.5366527263557532,0.5345872982495063,0.44749507976942804,0.33148686780189296,0.25833628903898137,0.17417009370941955,0.23527234185255747,0.6941416194570805,1.3958708185544701,1.4996585808933776,1.350431400217038,1.0757294620861981,0.5906980951358809,-0.07075525588969385,-0.20851441405707383,-0.20851441405707383,-0.20851441405707383,-0.20851441405707383,-0.20851441405707383,-0.20851441405707383,-0.20851441405707383,-0.20851441405707383,-0.20851441405707383,-0.20851441405707383,-0.20851441405707383,-0.20851441405707383,-0.20851441405707383,-0.20851441405707383,-0.20851441405707383,-0.20851441405707383,-0.20851441405707383,-0.20851441405707383,-0.20851441405707383,-0.20851441405707383,-0.20851441405707383,-0.20851441405707383,-0.20851441405707383,4.79583152331272,-0.20851441405707383,-0.20851441405707383,-0.20851441405707383,-0.20851441405707383,-0.20851441405707383,-0.20851441405707383,-0.20851441405707383,-0.20851441405707383,-0.20851441405707383,-0.20851441405707383,-0.20851441405707383,-0.20851441405707383,-0.20851441405707383,-0.20851441405707383,-0.20851441405707383,-0.20851441405707383,-0.20851441405707383,-0.20851441405707383,-0.20851441405707383,-0.20851441405707383,-0.20851441405707383,-0.20851441405707383,-0.20851441405707383,4.79583152331272,-0.20851441405707383,-0.20851441405707383,-0.20851441405707383,-0.20851441405707383,-0.20851441405707383,-0.20851441405707383,-0.20851441405707383,-0.20851441405707383,-0.20851441405707383,-0.20851441405707383,-0.20851441405707383,-0.20851441405707383,-0.20851441405707383,-0.20851441405707383,-0.20851441405707383,-0.20851441405707383,-0.20851441405707383,-0.20851441405707383,-0.20851441405707383,-0.20851441405707383,-0.20851441405707383,-0.20851441405707383,-0.20851441405707383,4.79583152331272
547,-0.8175276592062141,-1.2864808802756325,-1.5270897844762519,-1.6905432847348745,-1.693442187195123,-1.3709950366167212,-0.6650007912977585,0.39711247163787616,1.113810356810064,1.2654452547307506,1.2266445602628102,0.9902725135040925,0.5951298089225379,0.24324764874776744,-0.09168708165939679,-0.3655218679044019,-0.3434456107071254,0.21961044407189567,1.2092511455013197,1.2712430596512476,1.0634140525011297,0.7128698473080124,0.13866416768188194,-0.5949811472579118,0.20851441405707477,0.20851441405707477,0.20851441405707477,0.20851441405707477,0.20851441405707477,0.20851441405707477,0.20851441405707477,0.20851441405707477,0.20851441405707477,0.20851441405707477,0.20851441405707477,0.20851441405707477,0.20851441405707477,0.20851441405707477,0.20851441405707477,0.20851441405707477,0.20851441405707477,0.20851441405707477,0.20851441405707477,0.20851441405707477,0.20851441405707477,0.20851441405707477,0.20851441405707477,-4.79583152331272,0.20851441405707477,0.20851441405707477,0.20851441405707477,0.20851441405707477,0.20851441405707477,0.20851441405707477,0.20851441405707477,0.20851441405707477,0.20851441405707477,0.20851441405707477,0.20851441405707477,0.20851441405707477,0.20851441405707477,0.20851441405707477,0.20851441405707477,0.20851441405707477,0.20851441405707477,0.20851441405707477,0.20851441405707477,0.20851441405707477,0.20851441405707477,0.20851441405707477,0.20851441405707477,-4.79583152331272,0.20851441405707477,0.20851441405707477,0.20851441405707477,0.20851441405707477,0.20851441405707477,0.20851441405707477,0.20851441405707477,0.20851441405707477,0.20851441405707477,0.20851441405707477,0.20851441405707477,0.20851441405707477,0.20851441405707477,0.20851441405707477,0.20851441405707477,0.20851441405707477,0.20851441405707477,0.20851441405707477,0.20851441405707477,0.20851441405707477,0.20851441405707477,0.20851441405707477,0.20851441405707477,-4.79583152331272
548,-0.057506029180091525,-0.754144811738899,-1.246925715768287,-1.4782432206881995,-1.62658489803684,-1.4806310142873726,-1.4155636387099004,-0.9200964668814428,-0.22793479732108513,0.3525975214779211,0.8665700936999718,1.045356139438072,0.8507509611054489,0.5406362674128178,0.12098154235811194,-0.07869769737275448,-0.04855180318319169,0.6958428513590816,1.8628769729550274,1.755724735192126,1.1363907704065537,0.5916753555951468,0.0263652209908703,-0.51088833882312,-0.20851441405707427,-0.20851441405707427,-0.20851441405707427,-0.20851441405707427,-0.20851441405707427,-0.20851441405707427,-0.20851441405707427,-0.20851441405707427,-0.20851441405707427,-0.20851441405707427,-0.20851441405707427,-0.20851441405707427,-0.20851441405707427,-0.20851441405707427,-0.20851441405707427,-0.20851441405707427,-0.20851441405707427,-0.20851441405707427,-0.20851441405707427,-0.20851441405707427,-0.20851441405707427,-0.20851441405707427,-0.20851441405707427,4.795831523312719,-0.20851441405707427,-0.20851441405707427,-0.20851441405707427,-0.20851441405707427,-0.20851441405707427,-0.20851441405707427,-0.20851441405707427,-0.20851441405707427,-0.20851441405707427,-0.20851441405707427,-0.20851441405707427,-0.20851441405707427,-0.20851441405707427,-0.20851441405707427,-0.20851441405707427,-0.20851441405707427,-0.20851441405707427,-0.20851441405707427,-0.20851441405707427,-0.20851441405707427,-0.20851441405707427,-0.20851441405707427,-0.20851441405707427,4.795831523312719,-0.20851441405707427,-0.20851441405707427,-0.20851441405707427,-0.20851441405707427,-0.20851441405707427,-0.20851441405707427,-0.20851441405707427,-0.20851441405707427,-0.20851441405707427,-0.20851441405707427,-0.20851441405707427,-0.20851441405707427,-0.20851441405707427,-0.20851441405707427,-0.20851441405707427,-0.20851441405707427,-0.20851441405707427,-0.20851441405707427,-0.20851441405707427,-0.20851441405707427,-0.20851441405707427,-0.20851441405707427,-0.20851441405707427,4.795831523312719
549,0.0358903965534107,-0.3964479510386696,-0.8699756961412609,-1.1841575968601232,-1.3188499332448602,-1.35011779704846,-1.3119349249036796,-0.8128517141923769,-0.43463082318345,-0.05610927963794991,0.12187702201330983,0.07828240421021411,0.0554328114306605,-0.109324778611384,-0.3068534951398936,-0.3991538238678272,-0.3285004777731549,0.6687639860397313,2.035530417300925,2.16511166056392,1.8852041490143883,1.3620687353772396,0.6540320117476507,-0.18328530260836018,-0.20851441405708002,-0.20851441405708002,-0.20851441405708002,-0.20851441405708002,-0.20851441405708002,-0.20851441405708002,-0.20851441405708002,-0.20851441405708002,-0.20851441405708002,-0.20851441405708002,-0.20851441405708002,-0.20851441405708002,-0.20851441405708002,-0.20851441405708002,-0.20851441405708002,-0.20851441405708002,-0.20851441405708002,-0.20851441405708002,-0.20851441405708002,-0.20851441405708002,-0.20851441405708002,-0.20851441405708002,-0.20851441405708002,4.795831523312714,-0.20851441405708002,-0.20851441405708002,-0.20851441405708002,-0.20851441405708002,-0.20851441405708002,-0.20851441405708002,-0.20851441405708002,-0.20851441405708002,-0.20851441405708002,-0.20851441405708002,-0.20851441405708002,-0.20851441405708002,-0.20851441405708002,-0.20851441405708002,-0.20851441405708002,-0.20851441405708002,-0.20851441405708002,-0.20851441405708002,-0.20851441405708002,-0.20851441405708002,-0.20851441405708002,-0.20851441405708002,-0.20851441405708002,4.795831523312714,-0.20851441405708002,-0.20851441405708002,-0.20851441405708002,-0.20851441405708002,-0.20851441405708002,-0.20851441405708002,-0.20851441405708002,-0.20851441405708002,-0.20851441405708002,-0.20851441405708002,-0.20851441405708002,-0.20851441405708002,-0.20851441405708002,-0.20851441405708002,-0.20851441405708002,-0.20851441405708002,-0.20851441405708002,-0.20851441405708002,-0.20851441405708002,-0.20851441405708002,-0.20851441405708002,-0.20851441405708002,-0.20851441405708002,4.795831523312714
550,-0.8403973175011856,-1.227540860748517,-1.4632449497972637,-1.6016555347519479,-1.585073337532438,-1.4214510445603359,-1.0566427057311198,-0.6622233004384933,-0.306213678501262,-0.046651530187710274,0.3271247316275673,0.6335569680003458,0.6880413302930208,0.6460782189620164,0.5665513547459999,0.4958232074219682,0.5924398871397244,1.0552185544393098,1.5174896034566654,1.5645288976099687,1.3002289786622714,0.8775521556588475,0.32915520475648685,-0.3826948330238992,0.20851441405707472,0.20851441405707472,0.20851441405707472,0.20851441405707472,0.20851441405707472,0.20851441405707472,0.20851441405707472,0.20851441405707472,0.20851441405707472,0.20851441405707472,0.20851441405707472,0.20851441405707472,0.20851441405707472,0.20851441405707472,0.20851441405707472,0.20851441405707472,0.20851441405707472,0.20851441405707472,0.20851441405707472,0.20851441405707472,0.20851441405707472,0.20851441405707472,0.20851441405707472,-4.79583152331272,0.20851441405707472,0.20851441405707472,0.20851441405707472,0.20851441405707472,0.20851441405707472,0.20851441405707472,0.20851441405707472,0.20851441405707472,0.20851441405707472,0.20851441405707472,0.20851441405707472,0.20851441405707472,0.20851441405707472,0.20851441405707472,0.20851441405707472,0.20851441405707472,0.20851441405707472,0.20851441405707472,0.20851441405707472,0.20851441405707472,0.20851441405707472,0.20851441405707472,0.20851441405707472,-4.79583152331272,0.20851441405707472,0.20851441405707472,0.20851441405707472,0.20851441405707472,0.20851441405707472,0.20851441405707472,0.20851441405707472,0.20851441405707472,0.20851441405707472,0.20851441405707472,0.20851441405707472,0.20851441405707472,0.20851441405707472,0.20851441405707472,0.20851441405707472,0.20851441405707472,0.20851441405707472,0.20851441405707472,0.20851441405707472,0.20851441405707472,0.20851441405707472,0.20851441405707472,0.20851441405707472,-4.79583152331272
551,-1.2830340603888697,-1.4755938865683358,-1.6184878781521037,-1.692687438270978,-1.6795230001853714,-1.4690116675255325,-0.9888687075304934,-0.21396201112773222,0.2238153935736269,0.2890392004523149,0.3816689738910388,0.4796841992738745,0.4717855364225105,0.49512249484699516,0.5264777928327131,0.5540034361026182,0.5423947952453103,0.824233446987164,1.241546134300898,1.2975548345196615,1.2024118501736853,0.9976449995875657,0.6577631435591732,0.23602241798028045,0.20851441405707374,0.20851441405707374,0.20851441405707374,0.20851441405707374,0.20851441405707374,0.20851441405707374,0.20851441405707374,0.20851441405707374,0.20851441405707374,0.20851441405707374,0.20851441405707374,0.20851441405707374,0.20851441405707374,0.20851441405707374,0.20851441405707374,0.20851441405707374,0.20851441405707374,0.20851441405707374,0.20851441405707374,0.20851441405707374,0.20851441405707374,0.20851441405707374,0.20851441405707374,-4.795831523312721,0.20851441405707374,0.20851441405707374,0.20851441405707374,0.20851441405707374,0.20851441405707374,0.20851441405707374,0.20851441405707374,0.20851441405707374,0.20851441405707374,0.20851441405707374,0.20851441405707374,0.20851441405707374,0.20851441405707374,0.20851441405707374,0.20851441405707374,0.20851441405707374,0.20851441405707374,0.20851441405707374,0.20851441405707374,0.20851441405707374,0.20851441405707374,0.20851441405707374,0.20851441405707374,-4.795831523312721,0.20851441405707374,0.20851441405707374,0.20851441405707374,0.20851441405707374,0.20851441405707374,0.20851441405707374,0.20851441405707374,0.20851441405707374,0.20851441405707374,0.20851441405707374,0.20851441405707374,0.20851441405707374,0.20851441405707374,0.20851441405707374,0.20851441405707374,0.20851441405707374,0.20851441405707374,0.20851441405707374,0.20851441405707374,0.20851441405707374,0.20851441405707374,0.20851441405707374,0.20851441405707374,-4.795831523312721
552,-1.3487785232627505,-1.5841272871096521,-1.7192684164386538,-1.7372222842897775,-1.611545209331911,-1.285452865338244,-0.6446807135043376,0.3522460726786057,0.7942730827186767,0.7348443883587553,0.6589927761195113,0.5334548784318086,0.387736276570362,0.2413217883580967,0.13011914949726022,0.022674296930844995,0.05788614628227382,0.5100730970442985,1.2406145881338237,1.4038695260359029,1.2922493553645753,1.0140339923072383,0.5664398914606174,-0.009754007017308825,0.20851441405707358,0.20851441405707358,0.20851441405707358,0.20851441405707358,0.20851441405707358,0.20851441405707358,0.20851441405707358,0.20851441405707358,0.20851441405707358,0.20851441405707358,0.20851441405707358,0.20851441405707358,0.20851441405707358,0.20851441405707358,0.20851441405707358,0.20851441405707358,0.20851441405707358,0.20851441405707358,0.20851441405707358,0.20851441405707358,0.20851441405707358,0.20851441405707358,0.20851441405707358,-4.79583152331272,0.20851441405707358,0.20851441405707358,0.20851441405707358,0.20851441405707358,0.20851441405707358,0.20851441405707358,0.20851441405707358,0.20851441405707358,0.20851441405707358,0.20851441405707358,0.20851441405707358,0.20851441405707358,0.20851441405707358,0.20851441405707358,0.20851441405707358,0.20851441405707358,0.20851441405707358,0.20851441405707358,0.20851441405707358,0.20851441405707358,0.20851441405707358,0.20851441405707358,0.20851441405707358,-4.79583152331272,0.20851441405707358,0.20851441405707358,0.20851441405707358,0.20851441405707358,0.20851441405707358,0.20851441405707358,0.20851441405707358,0.20851441405707358,0.20851441405707358,0.20851441405707358,0.20851441405707358,0.20851441405707358,0.20851441405707358,0.20851441405707358,0.20851441405707358,0.20851441405707358,0.20851441405707358,0.20851441405707358,0.20851441405707358,0.20851441405707358,0.20851441405707358,0.20851441405707358,0.20851441405707358,-4.79583152331272
553,-1.1893164697888057,-1.516405571520236,-1.7195684728863667,-1.751738573492704,-1.7179837388663501,-1.4810660028738654,-0.7482849920181802,0.33757475849720775,0.7741689810117866,0.6927136523829324,0.6700519558966946,0.6521444614705069,0.4890753308107966,0.37259738033957507,0.29431151975075404,0.20334778700180006,0.23044673874408425,0.5733831806756808,1.2380206286706512,1.328191994409597,1.168767751995925,0.8812970007649101,0.3708541729175568,-0.1525834738939328,-0.20851441405707585,-0.20851441405707585,-0.20851441405707585,-0.20851441405707585,-0.20851441405707585,-0.20851441405707585,-0.20851441405707585,-0.20851441405707585,-0.20851441405707585,-0.20851441405707585,-0.20851441405707585,-0.20851441405707585,-0.20851441405707585,-0.20851441405707585,-0.20851441405707585,-0.20851441405707585,-0.20851441405707585,-0.20851441405707585,-0.20851441405707585,-0.20851441405707585,-0.20851441405707585,-0.20851441405707585,-0.20851441405707585,4.795831523312718,-0.20851441405707585,-0.20851441405707585,-0.20851441405707585,-0.20851441405707585,-0.20851441405707585,-0.20851441405707585,-0.20851441405707585,-0.20851441405707585,-0.20851441405707585,-0.20851441405707585,-0.20851441405707585,-0.20851441405707585,-0.20851441405707585,-0.20851441405707585,-0.20851441405707585,-0.20851441405707585,-0.20851441405707585,-0.20851441405707585,-0.20851441405707585,-0.20851441405707585,-0.20851441405707585,-0.20851441405707585,-0.20851441405707585,4.795831523312718,-0.20851441405707585,-0.20851441405707585,-0.20851441405707585,-0.20851441405707585,-0.20851441405707585,-0.20851441405707585,-0.20851441405707585,-0.20851441405707585,-0.20851441405707585,-0.20851441405707585,-0.20851441405707585,-0.20851441405707585,-0.20851441405707585,-0.20851441405707585,-0.20851441405707585,-0.20851441405707585,-0.20851441405707585,-0.20851441405707585,-0.20851441405707585,-0.20851441405707585,-0.20851441405707585,-0.20851441405707585,-0.20851441405707585,4.795831523312718
554,-1.372994757899337,-1.5939720602845002,-1.730929733246403,-1.751508865453114,-1.6889199185347727,-1.4230943004439502,-0.7016892728114612,0.27972244587409073,0.7690800172447029,0.8004454532287242,0.7878141238052948,0.6840669124735321,0.5584632434877457,0.4070292154562946,0.3215903355360195,0.2108887967688857,0.21684964885634675,0.5603082691338646,1.1643412806632514,1.2084799711204033,1.0380279864289574,0.8237211613797625,0.42732449756360247,0.004955549652076445,-0.20851441405707316,-0.20851441405707316,-0.20851441405707316,-0.20851441405707316,-0.20851441405707316,-0.20851441405707316,-0.20851441405707316,-0.20851441405707316,-0.20851441405707316,-0.20851441405707316,-0.20851441405707316,-0.20851441405707316,-0.20851441405707316,-0.20851441405707316,-0.20851441405707316,-0.20851441405707316,-0.20851441405707316,-0.20851441405707316,-0.20851441405707316,-0.20851441405707316,-0.20851441405707316,-0.20851441405707316,-0.20851441405707316,4.795831523312721,-0.20851441405707316,-0.20851441405707316,-0.20851441405707316,-0.20851441405707316,-0.20851441405707316,-0.20851441405707316,-0.20851441405707316,-0.20851441405707316,-0.20851441405707316,-0.20851441405707316,-0.20851441405707316,-0.20851441405707316,-0.20851441405707316,-0.20851441405707316,-0.20851441405707316,-0.20851441405707316,-0.20851441405707316,-0.20851441405707316,-0.20851441405707316,-0.20851441405707316,-0.20851441405707316,-0.20851441405707316,-0.20851441405707316,4.795831523312721,-0.20851441405707316,-0.20851441405707316,-0.20851441405707316,-0.20851441405707316,-0.20851441405707316,-0.20851441405707316,-0.20851441405707316,-0.20851441405707316,-0.20851441405707316,-0.20851441405707316,-0.20851441405707316,-0.20851441405707316,-0.20851441405707316,-0.20851441405707316,-0.20851441405707316,-0.20851441405707316,-0.20851441405707316,-0.20851441405707316,-0.20851441405707316,-0.20851441405707316,-0.20851441405707316,-0.20851441405707316,-0.20851441405707316,4.795831523312721
555,0.05061363640322217,-0.5215822910409095,-0.9346587464703506,-1.0064354648248035,-0.983086411866126,-0.6501462122701703,-0.2289984792747666,0.6951628020279468,1.3964991705274794,1.6954247003811644,1.4671228492296517,0.9566145431825198,0.2521073156392161,-0.4492290528603165,-1.1266398485750315,-1.6112047624458554,-1.732850445761434,-0.9124627331639535,0.7167822955082036,1.1883755132908733,1.0595233321485424,0.8539940141295672,0.27487984877175337,-0.4498055726864567,-0.20851441405707455,-0.20851441405707455,-0.20851441405707455,-0.20851441405707455,-0.20851441405707455,-0.20851441405707455,-0.20851441405707455,-0.20851441405707455,-0.20851441405707455,-0.20851441405707455,-0.20851441405707455,-0.20851441405707455,-0.20851441405707455,-0.20851441405707455,-0.20851441405707455,-0.20851441405707455,-0.20851441405707455,-0.20851441405707455,-0.20851441405707455,-0.20851441405707455,-0.20851441405707455,-0.20851441405707455,-0.20851441405707455,4.79583152331272,-0.20851441405707455,-0.20851441405707455,-0.20851441405707455,-0.20851441405707455,-0.20851441405707455,-0.20851441405707455,-0.20851441405707455,-0.20851441405707455,-0.20851441405707455,-0.20851441405707455,-0.20851441405707455,-0.20851441405707455,-0.20851441405707455,-0.20851441405707455,-0.20851441405707455,-0.20851441405707455,-0.20851441405707455,-0.20851441405707455,-0.20851441405707455,-0.20851441405707455,-0.20851441405707455,-0.20851441405707455,-0.20851441405707455,4.79583152331272,-0.20851441405707455,-0.20851441405707455,-0.20851441405707455,-0.20851441405707455,-0.20851441405707455,-0.20851441405707455,-0.20851441405707455,-0.20851441405707455,-0.20851441405707455,-0.20851441405707455,-0.20851441405707455,-0.20851441405707455,-0.20851441405707455,-0.20851441405707455,-0.20851441405707455,-0.20851441405707455,-0.20851441405707455,-0.20851441405707455,-0.20851441405707455,-0.20851441405707455,-0.20851441405707455,-0.20851441405707455,-0.20851441405707455,4.79583152331272
556,-0.2628676690765014,-0.5756349547590977,-0.9078489110540833,-0.9976277070479478,-1.0543471630007502,-0.8064021126927853,-0.21651977078364,0.5321770477933521,1.1946602933220845,1.390423444153471,1.073766824348397,0.48907026126922226,-0.0943298571024599,-0.5396586141261772,-1.027445935320278,-1.393043342833199,-1.3609563363227564,-0.47613282345903857,1.177158289770934,1.7346295139927637,1.7138863986728816,1.1677590656416124,0.1558839714436171,-0.9165999128296586,-0.20851441405707571,-0.20851441405707571,-0.20851441405707571,-0.20851441405707571,-0.20851441405707571,-0.20851441405707571,-0.20851441405707571,-0.20851441405707571,-0.20851441405707571,-0.20851441405707571,-0.20851441405707571,-0.20851441405707571,-0.20851441405707571,-0.20851441405707571,-0.20851441405707571,-0.20851441405707571,-0.20851441405707571,-0.20851441405707571,-0.20851441405707571,-0.20851441405707571,-0.20851441405707571,-0.20851441405707571,-0.20851441405707571,4.795831523312718,-0.20851441405707571,-0.20851441405707571,-0.20851441405707571,-0.20851441405707571,-0.20851441405707571,-0.20851441405707571,-0.20851441405707571,-0.20851441405707571,-0.20851441405707571,-0.20851441405707571,-0.20851441405707571,-0.20851441405707571,-0.20851441405707571,-0.20851441405707571,-0.20851441405707571,-0.20851441405707571,-0.20851441405707571,-0.20851441405707571,-0.20851441405707571,-0.20851441405707571,-0.20851441405707571,-0.20851441405707571,-0.20851441405707571,4.795831523312718,-0.20851441405707571,-0.20851441405707571,-0.20851441405707571,-0.20851441405707571,-0.20851441405707571,-0.20851441405707571,-0.20851441405707571,-0.20851441405707571,-0.20851441405707571,-0.20851441405707571,-0.20851441405707571,-0.20851441405707571,-0.20851441405707571,-0.20851441405707571,-0.20851441405707571,-0.20851441405707571,-0.20851441405707571,-0.20851441405707571,-0.20851441405707571,-0.20851441405707571,-0.20851441405707571,-0.20851441405707571,-0.20851441405707571,4.795831523312718
557,-0.8428697000728829,-1.0918946450559706,-1.183777643245068,-1.3643407464402009,-1.2878716716945902,-0.9463631860505809,0.04012791433258327,1.4049607719649724,1.8877969193116022,1.5673074201814388,1.28645372419167,0.9555548222165544,0.5890237335798715,0.24851615205556904,-0.012119280716119219,-0.2581415133400861,-0.39106158043716827,-0.003711686110580889,0.6817074550647345,0.7914065465846155,0.49573946962318427,-0.0045124094063464446,-0.7964277489184807,-1.765503117618744,0.208514414057072,0.208514414057072,0.208514414057072,0.208514414057072,0.208514414057072,0.208514414057072,0.208514414057072,0.208514414057072,0.208514414057072,0.208514414057072,0.208514414057072,0.208514414057072,0.208514414057072,0.208514414057072,0.208514414057072,0.208514414057072,0.208514414057072,0.208514414057072,0.208514414057072,0.208514414057072,0.208514414057072,0.208514414057072,0.208514414057072,-4.795831523312723,0.208514414057072,0.208514414057072,0.208514414057072,0.208514414057072,0.208514414057072,0.208514414057072,0.208514414057072,0.208514414057072,0.208514414057072,0.208514414057072,0.208514414057072,0.208514414057072,0.208514414057072,0.208514414057072,0.208514414057072,0.208514414057072,0.208514414057072,0.208514414057072,0.208514414057072,0.208514414057072,0.208514414057072,0.208514414057072,0.208514414057072,-4.795831523312723,0.208514414057072,0.208514414057072,0.208514414057072,0.208514414057072,0.208514414057072,0.208514414057072,0.208514414057072,0.208514414057072,0.208514414057072,0.208514414057072,0.208514414057072,0.208514414057072,0.208514414057072,0.208514414057072,0.208514414057072,0.208514414057072,0.208514414057072,0.208514414057072,0.208514414057072,0.208514414057072,0.208514414057072,0.208514414057072,0.208514414057072,-4.795831523312723
558,-0.7373886596467099,-1.2689778455438359,-1.6394558140460789,-1.8472659350336817,-1.8647780238809515,-1.5734936127213623,-0.764045950447554,0.4075127934348018,0.8908464456194508,0.793557063134618,0.808150470507343,0.791805854249891,0.6783664342725761,0.595865037925438,0.5147256929330875,0.3386319106355402,0.21468523734986328,0.46880510440024636,1.0527359780742125,1.2848684446830234,1.037947991936518,0.6526820372965803,-0.05266598571845706,-0.7831146694145812,0.20851441405707904,0.20851441405707904,0.20851441405707904,0.20851441405707904,0.20851441405707904,0.20851441405707904,0.20851441405707904,0.20851441405707904,0.20851441405707904,0.20851441405707904,0.20851441405707904,0.20851441405707904,0.20851441405707904,0.20851441405707904,0.20851441405707904,0.20851441405707904,0.20851441405707904,0.20851441405707904,0.20851441405707904,0.20851441405707904,0.20851441405707904,0.20851441405707904,0.20851441405707904,-4.795831523312715,0.20851441405707904,0.20851441405707904,0.20851441405707904,0.20851441405707904,0.20851441405707904,0.20851441405707904,0.20851441405707904,0.20851441405707904,0.20851441405707904,0.20851441405707904,0.20851441405707904,0.20851441405707904,0.20851441405707904,0.20851441405707904,0.20851441405707904,0.20851441405707904,0.20851441405707904,0.20851441405707904,0.20851441405707904,0.20851441405707904,0.20851441405707904,0.20851441405707904,0.20851441405707904,-4.795831523312715,0.20851441405707904,0.20851441405707904,0.20851441405707904,0.20851441405707904,0.20851441405707904,0.20851441405707904,0.20851441405707904,0.20851441405707904,0.20851441405707904,0.20851441405707904,0.20851441405707904,0.20851441405707904,0.20851441405707904,0.20851441405707904,0.20851441405707904,0.20851441405707904,0.20851441405707904,0.20851441405707904,0.20851441405707904,0.20851441405707904,0.20851441405707904,0.20851441405707904,0.20851441405707904,-4.795831523312715
559,-1.112039110217526,-1.5100315729441738,-1.66479624436802,-1.7292662613398468,-1.6719392292029667,-1.3684539504463833,-0.5180724481731084,0.6733407916045469,1.1116270149385867,0.9583275711731912,0.9420269134729281,0.864553001032352,0.7400086500640498,0.6193105216991804,0.49146940849936444,0.3451297961116094,0.20281955978459354,0.43963698008167396,0.9480709775640369,1.0779267787942226,0.8782895103303264,0.4559376377819371,-0.2079936449534973,-0.9658826512870772,0.20851441405707583,0.20851441405707583,0.20851441405707583,0.20851441405707583,0.20851441405707583,0.20851441405707583,0.20851441405707583,0.20851441405707583,0.20851441405707583,0.20851441405707583,0.20851441405707583,0.20851441405707583,0.20851441405707583,0.20851441405707583,0.20851441405707583,0.20851441405707583,0.20851441405707583,0.20851441405707583,0.20851441405707583,0.20851441405707583,0.20851441405707583,0.20851441405707583,0.20851441405707583,-4.795831523312718,0.20851441405707583,0.20851441405707583,0.20851441405707583,0.20851441405707583,0.20851441405707583,0.20851441405707583,0.20851441405707583,0.20851441405707583,0.20851441405707583,0.20851441405707583,0.20851441405707583,0.20851441405707583,0.20851441405707583,0.20851441405707583,0.20851441405707583,0.20851441405707583,0.20851441405707583,0.20851441405707583,0.20851441405707583,0.20851441405707583,0.20851441405707583,0.20851441405707583,0.20851441405707583,-4.795831523312718,0.20851441405707583,0.20851441405707583,0.20851441405707583,0.20851441405707583,0.20851441405707583,0.20851441405707583,0.20851441405707583,0.20851441405707583,0.20851441405707583,0.20851441405707583,0.20851441405707583,0.20851441405707583,0.20851441405707583,0.20851441405707583,0.20851441405707583,0.20851441405707583,0.20851441405707583,0.20851441405707583,0.20851441405707583,0.20851441405707583,0.20851441405707583,0.20851441405707583,0.20851441405707583,-4.795831523312718
560,-1.166795827355043,-1.5197239320228473,-1.6879142119396287,-1.7524237812543664,-1.7136404730491133,-1.5228265966792676,-0.9234952072140877,0.005365024301726694,0.41866581207570847,0.4255175298586365,0.5061868109255632,0.5493655607274118,0.5484606168692892,0.5498826715034818,0.5550537792641822,0.48097766059214864,0.4566734541168566,0.7130311213535804,1.144301508595996,1.2923244682460457,1.1811456513909866,0.9333203119594186,0.5299739066247852,-0.003425858891464034,-0.2085144140570752,-0.2085144140570752,-0.2085144140570752,-0.2085144140570752,-0.2085144140570752,-0.2085144140570752,-0.2085144140570752,-0.2085144140570752,-0.2085144140570752,-0.2085144140570752,-0.2085144140570752,-0.2085144140570752,-0.2085144140570752,-0.2085144140570752,-0.2085144140570752,-0.2085144140570752,-0.2085144140570752,-0.2085144140570752,-0.2085144140570752,-0.2085144140570752,-0.2085144140570752,-0.2085144140570752,-0.2085144140570752,4.795831523312719,-0.2085144140570752,-0.2085144140570752,-0.2085144140570752,-0.2085144140570752,-0.2085144140570752,-0.2085144140570752,-0.2085144140570752,-0.2085144140570752,-0.2085144140570752,-0.2085144140570752,-0.2085144140570752,-0.2085144140570752,-0.2085144140570752,-0.2085144140570752,-0.2085144140570752,-0.2085144140570752,-0.2085144140570752,-0.2085144140570752,-0.2085144140570752,-0.2085144140570752,-0.2085144140570752,-0.2085144140570752,-0.2085144140570752,4.795831523312719,-0.2085144140570752,-0.2085144140570752,-0.2085144140570752,-0.2085144140570752,-0.2085144140570752,-0.2085144140570752,-0.2085144140570752,-0.2085144140570752,-0.2085144140570752,-0.2085144140570752,-0.2085144140570752,-0.2085144140570752,-0.2085144140570752,-0.2085144140570752,-0.2085144140570752,-0.2085144140570752,-0.2085144140570752,-0.2085144140570752,-0.2085144140570752,-0.2085144140570752,-0.2085144140570752,-0.2085144140570752,-0.2085144140570752,4.795831523312719
561,-1.1139947363304228,-1.4554946351692,-1.6570929641223646,-1.7674801384540395,-1.7322963109857867,-1.4364853634564945,-0.6779487229205587,0.37873333710938745,0.8197817904436477,0.8397915501412323,0.9383396166518364,0.9595166123317801,0.9405073406190748,0.7639212112878908,0.6888846124219485,0.5359766987329063,0.4471000160761348,0.6180167134930031,1.0140432075076982,0.9420080725963936,0.6326905372712318,0.31837056202167396,-0.18320741439777977,-0.8136815928691742,0.2085144140570718,0.2085144140570718,0.2085144140570718,0.2085144140570718,0.2085144140570718,0.2085144140570718,0.2085144140570718,0.2085144140570718,0.2085144140570718,0.2085144140570718,0.2085144140570718,0.2085144140570718,0.2085144140570718,0.2085144140570718,0.2085144140570718,0.2085144140570718,0.2085144140570718,0.2085144140570718,0.2085144140570718,0.2085144140570718,0.2085144140570718,0.2085144140570718,0.2085144140570718,-4.795831523312723,0.2085144140570718,0.2085144140570718,0.2085144140570718,0.2085144140570718,0.2085144140570718,0.2085144140570718,0.2085144140570718,0.2085144140570718,0.2085144140570718,0.2085144140570718,0.2085144140570718,0.2085144140570718,0.2085144140570718,0.2085144140570718,0.2085144140570718,0.2085144140570718,0.2085144140570718,0.2085144140570718,0.2085144140570718,0.2085144140570718,0.2085144140570718,0.2085144140570718,0.2085144140570718,-4.795831523312723,0.2085144140570718,0.2085144140570718,0.2085144140570718,0.2085144140570718,0.2085144140570718,0.2085144140570718,0.2085144140570718,0.2085144140570718,0.2085144140570718,0.2085144140570718,0.2085144140570718,0.2085144140570718,0.2085144140570718,0.2085144140570718,0.2085144140570718,0.2085144140570718,0.2085144140570718,0.2085144140570718,0.2085144140570718,0.2085144140570718,0.2085144140570718,0.2085144140570718,0.2085144140570718,-4.795831523312723
562,-0.30401847127010734,-0.7938077804779816,-1.3093202152498278,-1.6552700059979404,-1.768136781431695,-1.6980543883135264,-1.3227067397780172,-0.6512806663837288,-0.05334923745793164,0.4936609020861251,0.9865999817712204,0.9986741019339012,0.8705834358602448,0.6498370215816691,0.37528202831723373,0.1427239747490791,0.09810222632178081,0.5264710112238444,1.4265179250897613,1.5517213015592983,1.2275574232786313,0.7025956770751218,0.09101524274803344,-0.5853979672351883,-0.20851441405707738,-0.20851441405707738,-0.20851441405707738,-0.20851441405707738,-0.20851441405707738,-0.20851441405707738,-0.20851441405707738,-0.20851441405707738,-0.20851441405707738,-0.20851441405707738,-0.20851441405707738,-0.20851441405707738,-0.20851441405707738,-0.20851441405707738,-0.20851441405707738,-0.20851441405707738,-0.20851441405707738,-0.20851441405707738,-0.20851441405707738,-0.20851441405707738,-0.20851441405707738,-0.20851441405707738,-0.20851441405707738,4.795831523312717,-0.20851441405707738,-0.20851441405707738,-0.20851441405707738,-0.20851441405707738,-0.20851441405707738,-0.20851441405707738,-0.20851441405707738,-0.20851441405707738,-0.20851441405707738,-0.20851441405707738,-0.20851441405707738,-0.20851441405707738,-0.20851441405707738,-0.20851441405707738,-0.20851441405707738,-0.20851441405707738,-0.20851441405707738,-0.20851441405707738,-0.20851441405707738,-0.20851441405707738,-0.20851441405707738,-0.20851441405707738,-0.20851441405707738,4.795831523312717,-0.20851441405707738,-0.20851441405707738,-0.20851441405707738,-0.20851441405707738,-0.20851441405707738,-0.20851441405707738,-0.20851441405707738,-0.20851441405707738,-0.20851441405707738,-0.20851441405707738,-0.20851441405707738,-0.20851441405707738,-0.20851441405707738,-0.20851441405707738,-0.20851441405707738,-0.20851441405707738,-0.20851441405707738,-0.20851441405707738,-0.20851441405707738,-0.20851441405707738,-0.20851441405707738,-0.20851441405707738,-0.20851441405707738,4.795831523312717
563,-0.4552718957238578,-0.8383464673902801,-1.1733843168299134,-1.4708706169145953,-1.6110793239217198,-1.6759410909893635,-1.366506570655379,-0.8173761216466058,-0.3243291554406823,0.1584764791229816,0.4349924334639891,0.4837606793795107,0.46913020560485424,0.3594016522949306,0.249673098985007,0.21431612069625383,0.2401632910314803,0.6907818832909,1.6934570193140241,1.7434444713774337,1.5413000920575968,1.1589570440799073,0.5915385028528135,-0.2962874140392574,-0.20851441405707724,-0.20851441405707724,-0.20851441405707724,-0.20851441405707724,-0.20851441405707724,-0.20851441405707724,-0.20851441405707724,-0.20851441405707724,-0.20851441405707724,-0.20851441405707724,-0.20851441405707724,-0.20851441405707724,-0.20851441405707724,-0.20851441405707724,-0.20851441405707724,-0.20851441405707724,-0.20851441405707724,-0.20851441405707724,-0.20851441405707724,-0.20851441405707724,-0.20851441405707724,-0.20851441405707724,-0.20851441405707724,4.795831523312717,-0.20851441405707724,-0.20851441405707724,-0.20851441405707724,-0.20851441405707724,-0.20851441405707724,-0.20851441405707724,-0.20851441405707724,-0.20851441405707724,-0.20851441405707724,-0.20851441405707724,-0.20851441405707724,-0.20851441405707724,-0.20851441405707724,-0.20851441405707724,-0.20851441405707724,-0.20851441405707724,-0.20851441405707724,-0.20851441405707724,-0.20851441405707724,-0.20851441405707724,-0.20851441405707724,-0.20851441405707724,-0.20851441405707724,4.795831523312717,-0.20851441405707724,-0.20851441405707724,-0.20851441405707724,-0.20851441405707724,-0.20851441405707724,-0.20851441405707724,-0.20851441405707724,-0.20851441405707724,-0.20851441405707724,-0.20851441405707724,-0.20851441405707724,-0.20851441405707724,-0.20851441405707724,-0.20851441405707724,-0.20851441405707724,-0.20851441405707724,-0.20851441405707724,-0.20851441405707724,-0.20851441405707724,-0.20851441405707724,-0.20851441405707724,-0.20851441405707724,-0.20851441405707724,4.795831523312717
564,-1.160234644371087,-1.4621423500064992,-1.6426841098662464,-1.6978937165720391,-1.6620392018723,-1.4388210506221557,-0.8891047079912028,-0.0963391772186569,0.37214923830492286,0.5821995810591455,0.7849521022373152,0.8847418798750841,0.8438106197311344,0.7781302255466569,0.7027722853591525,0.5526909981646702,0.5150913522184838,0.7248243983824433,1.1452423804811518,1.234878667230499,0.9902429961375901,0.5669693447265131,-0.013207470569704711,-0.6162296403648712,0.20851441405708004,0.20851441405708004,0.20851441405708004,0.20851441405708004,0.20851441405708004,0.20851441405708004,0.20851441405708004,0.20851441405708004,0.20851441405708004,0.20851441405708004,0.20851441405708004,0.20851441405708004,0.20851441405708004,0.20851441405708004,0.20851441405708004,0.20851441405708004,0.20851441405708004,0.20851441405708004,0.20851441405708004,0.20851441405708004,0.20851441405708004,0.20851441405708004,0.20851441405708004,-4.795831523312715,0.20851441405708004,0.20851441405708004,0.20851441405708004,0.20851441405708004,0.20851441405708004,0.20851441405708004,0.20851441405708004,0.20851441405708004,0.20851441405708004,0.20851441405708004,0.20851441405708004,0.20851441405708004,0.20851441405708004,0.20851441405708004,0.20851441405708004,0.20851441405708004,0.20851441405708004,0.20851441405708004,0.20851441405708004,0.20851441405708004,0.20851441405708004,0.20851441405708004,0.20851441405708004,-4.795831523312715,0.20851441405708004,0.20851441405708004,0.20851441405708004,0.20851441405708004,0.20851441405708004,0.20851441405708004,0.20851441405708004,0.20851441405708004,0.20851441405708004,0.20851441405708004,0.20851441405708004,0.20851441405708004,0.20851441405708004,0.20851441405708004,0.20851441405708004,0.20851441405708004,0.20851441405708004,0.20851441405708004,0.20851441405708004,0.20851441405708004,0.20851441405708004,0.20851441405708004,0.20851441405708004,-4.795831523312715
565,-1.0094763494896333,-1.408203920505072,-1.6320562493720667,-1.839082094458455,-1.799119195479515,-1.5247874152707015,-0.8886862337788523,0.08740006195864035,0.5543349868704653,0.5645510663086907,0.6318570014311159,0.6622047668211379,0.6608526386601964,0.6408711891707264,0.5807766042399896,0.4802684109433322,0.4619395625394575,0.7209472235909332,1.170004009485864,1.2886908147240692,1.1005947638908629,0.714487055710879,0.21119490691595819,-0.42956360490802303,-0.20851441405708068,-0.20851441405708068,-0.20851441405708068,-0.20851441405708068,-0.20851441405708068,-0.20851441405708068,-0.20851441405708068,-0.20851441405708068,-0.20851441405708068,-0.20851441405708068,-0.20851441405708068,-0.20851441405708068,-0.20851441405708068,-0.20851441405708068,-0.20851441405708068,-0.20851441405708068,-0.20851441405708068,-0.20851441405708068,-0.20851441405708068,-0.20851441405708068,-0.20851441405708068,-0.20851441405708068,-0.20851441405708068,4.795831523312714,-0.20851441405708068,-0.20851441405708068,-0.20851441405708068,-0.20851441405708068,-0.20851441405708068,-0.20851441405708068,-0.20851441405708068,-0.20851441405708068,-0.20851441405708068,-0.20851441405708068,-0.20851441405708068,-0.20851441405708068,-0.20851441405708068,-0.20851441405708068,-0.20851441405708068,-0.20851441405708068,-0.20851441405708068,-0.20851441405708068,-0.20851441405708068,-0.20851441405708068,-0.20851441405708068,-0.20851441405708068,-0.20851441405708068,4.795831523312714,-0.20851441405708068,-0.20851441405708068,-0.20851441405708068,-0.20851441405708068,-0.20851441405708068,-0.20851441405708068,-0.20851441405708068,-0.20851441405708068,-0.20851441405708068,-0.20851441405708068,-0.20851441405708068,-0.20851441405708068,-0.20851441405708068,-0.20851441405708068,-0.20851441405708068,-0.20851441405708068,-0.20851441405708068,-0.20851441405708068,-0.20851441405708068,-0.20851441405708068,-0.20851441405708068,-0.20851441405708068,-0.20851441405708068,4.795831523312714
566,-1.0826559833642122,-1.3934063406610664,-1.6435881388746136,-1.737469405453739,-1.7694361449699285,-1.6099389393838877,-0.7722421180622655,0.3738496165918599,0.8346754036173516,0.7216140933285125,0.7125288094660164,0.655493416329236,0.5276264582644774,0.47580669104875944,0.43441817567516655,0.31597299346781127,0.23841158864168796,0.5067639545802273,1.1279281771790282,1.356910979713418,1.1659517726035484,0.826767841737031,0.22310120287340768,-0.48908410434780675,-0.20851441405708004,-0.20851441405708004,-0.20851441405708004,-0.20851441405708004,-0.20851441405708004,-0.20851441405708004,-0.20851441405708004,-0.20851441405708004,-0.20851441405708004,-0.20851441405708004,-0.20851441405708004,-0.20851441405708004,-0.20851441405708004,-0.20851441405708004,-0.20851441405708004,-0.20851441405708004,-0.20851441405708004,-0.20851441405708004,-0.20851441405708004,-0.20851441405708004,-0.20851441405708004,-0.20851441405708004,-0.20851441405708004,4.795831523312715,-0.20851441405708004,-0.20851441405708004,-0.20851441405708004,-0.20851441405708004,-0.20851441405708004,-0.20851441405708004,-0.20851441405708004,-0.20851441405708004,-0.20851441405708004,-0.20851441405708004,-0.20851441405708004,-0.20851441405708004,-0.20851441405708004,-0.20851441405708004,-0.20851441405708004,-0.20851441405708004,-0.20851441405708004,-0.20851441405708004,-0.20851441405708004,-0.20851441405708004,-0.20851441405708004,-0.20851441405708004,-0.20851441405708004,4.795831523312715,-0.20851441405708004,-0.20851441405708004,-0.20851441405708004,-0.20851441405708004,-0.20851441405708004,-0.20851441405708004,-0.20851441405708004,-0.20851441405708004,-0.20851441405708004,-0.20851441405708004,-0.20851441405708004,-0.20851441405708004,-0.20851441405708004,-0.20851441405708004,-0.20851441405708004,-0.20851441405708004,-0.20851441405708004,-0.20851441405708004,-0.20851441405708004,-0.20851441405708004,-0.20851441405708004,-0.20851441405708004,-0.20851441405708004,4.795831523312715
567,-0.9408129726180257,-1.354616716893443,-1.6494677028756213,-1.782882802602689,-1.7870407257649146,-1.5610666408613447,-0.6231837988775677,0.5605588474812935,1.0539054696427674,0.9423646613343654,0.8503480139616316,0.8165422908600575,0.7035552484082725,0.5596549511416792,0.5010824683346738,0.3324154113626491,0.263538510284041,0.4808351903273139,1.0289579306694134,1.1206130195063013,0.9147054333421684,0.5271146829155651,-0.09042729630891105,-0.8666934727696547,-0.20851441405707438,-0.20851441405707438,-0.20851441405707438,-0.20851441405707438,-0.20851441405707438,-0.20851441405707438,-0.20851441405707438,-0.20851441405707438,-0.20851441405707438,-0.20851441405707438,-0.20851441405707438,-0.20851441405707438,-0.20851441405707438,-0.20851441405707438,-0.20851441405707438,-0.20851441405707438,-0.20851441405707438,-0.20851441405707438,-0.20851441405707438,-0.20851441405707438,-0.20851441405707438,-0.20851441405707438,-0.20851441405707438,4.79583152331272,-0.20851441405707438,-0.20851441405707438,-0.20851441405707438,-0.20851441405707438,-0.20851441405707438,-0.20851441405707438,-0.20851441405707438,-0.20851441405707438,-0.20851441405707438,-0.20851441405707438,-0.20851441405707438,-0.20851441405707438,-0.20851441405707438,-0.20851441405707438,-0.20851441405707438,-0.20851441405707438,-0.20851441405707438,-0.20851441405707438,-0.20851441405707438,-0.20851441405707438,-0.20851441405707438,-0.20851441405707438,-0.20851441405707438,4.79583152331272,-0.20851441405707438,-0.20851441405707438,-0.20851441405707438,-0.20851441405707438,-0.20851441405707438,-0.20851441405707438,-0.20851441405707438,-0.20851441405707438,-0.20851441405707438,-0.20851441405707438,-0.20851441405707438,-0.20851441405707438,-0.20851441405707438,-0.20851441405707438,-0.20851441405707438,-0.20851441405707438,-0.20851441405707438,-0.20851441405707438,-0.20851441405707438,-0.20851441405707438,-0.20851441405707438,-0.20851441405707438,-0.20851441405707438,4.79583152331272
568,-0.9682426014659378,-1.3815108724979912,-1.6558461536529725,-1.8168460097748147,-1.7711234629156511,-1.490256389352218,-0.7014983222991574,0.47334163657239997,0.9298609654442027,0.9093829135690561,0.9716997438442867,0.9240353127555835,0.82552882183893,0.8041680953139926,0.7688611093223604,0.6147461154688865,0.4170269939157468,0.4848164070196804,0.8809607898457923,0.9160912409074662,0.6352241673440331,0.2740337006496369,-0.20437595953697774,-0.8400782423163132,0.2085144140570722,0.2085144140570722,0.2085144140570722,0.2085144140570722,0.2085144140570722,0.2085144140570722,0.2085144140570722,0.2085144140570722,0.2085144140570722,0.2085144140570722,0.2085144140570722,0.2085144140570722,0.2085144140570722,0.2085144140570722,0.2085144140570722,0.2085144140570722,0.2085144140570722,0.2085144140570722,0.2085144140570722,0.2085144140570722,0.2085144140570722,0.2085144140570722,0.2085144140570722,-4.795831523312723,0.2085144140570722,0.2085144140570722,0.2085144140570722,0.2085144140570722,0.2085144140570722,0.2085144140570722,0.2085144140570722,0.2085144140570722,0.2085144140570722,0.2085144140570722,0.2085144140570722,0.2085144140570722,0.2085144140570722,0.2085144140570722,0.2085144140570722,0.2085144140570722,0.2085144140570722,0.2085144140570722,0.2085144140570722,0.2085144140570722,0.2085144140570722,0.2085144140570722,0.2085144140570722,-4.795831523312723,0.2085144140570722,0.2085144140570722,0.2085144140570722,0.2085144140570722,0.2085144140570722,0.2085144140570722,0.2085144140570722,0.2085144140570722,0.2085144140570722,0.2085144140570722,0.2085144140570722,0.2085144140570722,0.2085144140570722,0.2085144140570722,0.2085144140570722,0.2085144140570722,0.2085144140570722,0.2085144140570722,0.2085144140570722,0.2085144140570722,0.2085144140570722,0.2085144140570722,0.2085144140570722,-4.795831523312723
569,-0.32463016157577784,-0.9433800017363355,-1.418599714237209,-1.5849954860346163,-1.640093423715877,-1.5709455119258948,-1.3962850494762984,-0.6921334059097867,-0.045283617531786134,0.5417849084620466,0.8988195446366158,0.9484076885497505,0.823610859701695,0.5470192125417663,0.39549988391829943,0.17538362288166295,0.17731205070050707,0.45225075972999795,1.3588873242751427,1.639611316761166,1.3387765770214826,0.82994712253504,0.15885424157728475,-0.6698187411488761,0.2085144140570854,0.2085144140570854,0.2085144140570854,0.2085144140570854,0.2085144140570854,0.2085144140570854,0.2085144140570854,0.2085144140570854,0.2085144140570854,0.2085144140570854,0.2085144140570854,0.2085144140570854,0.2085144140570854,0.2085144140570854,0.2085144140570854,0.2085144140570854,0.2085144140570854,0.2085144140570854,0.2085144140570854,0.2085144140570854,0.2085144140570854,0.2085144140570854,0.2085144140570854,-4.7958315233127085,0.2085144140570854,0.2085144140570854,0.2085144140570854,0.2085144140570854,0.2085144140570854,0.2085144140570854,0.2085144140570854,0.2085144140570854,0.2085144140570854,0.2085144140570854,0.2085144140570854,0.2085144140570854,0.2085144140570854,0.2085144140570854,0.2085144140570854,0.2085144140570854,0.2085144140570854,0.2085144140570854,0.2085144140570854,0.2085144140570854,0.2085144140570854,0.2085144140570854,0.2085144140570854,-4.7958315233127085,0.2085144140570854,0.2085144140570854,0.2085144140570854,0.2085144140570854,0.2085144140570854,0.2085144140570854,0.2085144140570854,0.2085144140570854,0.2085144140570854,0.2085144140570854,0.2085144140570854,0.2085144140570854,0.2085144140570854,0.2085144140570854,0.2085144140570854,0.2085144140570854,0.2085144140570854,0.2085144140570854,0.2085144140570854,0.2085144140570854,0.2085144140570854,0.2085144140570854,0.2085144140570854,-4.7958315233127085
570,-0.6450262422544787,-1.0247613186612827,-1.3018701851907477,-1.4171662975220796,-1.4892037429033511,-1.4511940355413737,-1.3027751782231756,-0.9596018203264641,-0.4611316580651016,-0.09460947993174679,0.20059924724627876,0.31915333449435157,0.36874695267140795,0.4183405708484644,0.35046609341636165,0.304673445975503,0.37833987881514514,0.6958114345909004,1.449127634783998,1.7456033522074228,1.690760774442284,1.3052337426279403,0.8053155915146928,0.11516790498507211,0.20851441405708573,0.20851441405708573,0.20851441405708573,0.20851441405708573,0.20851441405708573,0.20851441405708573,0.20851441405708573,0.20851441405708573,0.20851441405708573,0.20851441405708573,0.20851441405708573,0.20851441405708573,0.20851441405708573,0.20851441405708573,0.20851441405708573,0.20851441405708573,0.20851441405708573,0.20851441405708573,0.20851441405708573,0.20851441405708573,0.20851441405708573,0.20851441405708573,0.20851441405708573,-4.7958315233127085,0.20851441405708573,0.20851441405708573,0.20851441405708573,0.20851441405708573,0.20851441405708573,0.20851441405708573,0.20851441405708573,0.20851441405708573,0.20851441405708573,0.20851441405708573,0.20851441405708573,0.20851441405708573,0.20851441405708573,0.20851441405708573,0.20851441405708573,0.20851441405708573,0.20851441405708573,0.20851441405708573,0.20851441405708573,0.20851441405708573,0.20851441405708573,0.20851441405708573,0.20851441405708573,-4.7958315233127085,0.20851441405708573,0.20851441405708573,0.20851441405708573,0.20851441405708573,0.20851441405708573,0.20851441405708573,0.20851441405708573,0.20851441405708573,0.20851441405708573,0.20851441405708573,0.20851441405708573,0.20851441405708573,0.20851441405708573,0.20851441405708573,0.20851441405708573,0.20851441405708573,0.20851441405708573,0.20851441405708573,0.20851441405708573,0.20851441405708573,0.20851441405708573,0.20851441405708573,0.20851441405708573,-4.7958315233127085
571,-1.4152284928611054,-1.6403305595846702,-1.7401681871846566,-1.7639746626797845,-1.7141181694962706,-1.4156024165599819,-0.6628940107218825,0.3032001859416558,0.7481693876045163,0.7421866084224947,0.7471722577408461,0.737948806501896,0.6670279449483476,0.5962317246277581,0.4997594103176589,0.4133830358772213,0.3916954613423928,0.5321661308869429,0.9418618636224674,1.1065129323610217,1.0015650142097252,0.7576421213093839,0.3275052263686188,-0.1617116129946102,-0.20851441405702736,-0.20851441405702736,-0.20851441405702736,-0.20851441405702736,-0.20851441405702736,-0.20851441405702736,-0.20851441405702736,-0.20851441405702736,-0.20851441405702736,-0.20851441405702736,-0.20851441405702736,-0.20851441405702736,-0.20851441405702736,-0.20851441405702736,-0.20851441405702736,-0.20851441405702736,-0.20851441405702736,-0.20851441405702736,-0.20851441405702736,-0.20851441405702736,-0.20851441405702736,-0.20851441405702736,-0.20851441405702736,4.795831523312767,-0.20851441405702736,-0.20851441405702736,-0.20851441405702736,-0.20851441405702736,-0.20851441405702736,-0.20851441405702736,-0.20851441405702736,-0.20851441405702736,-0.20851441405702736,-0.20851441405702736,-0.20851441405702736,-0.20851441405702736,-0.20851441405702736,-0.20851441405702736,-0.20851441405702736,-0.20851441405702736,-0.20851441405702736,-0.20851441405702736,-0.20851441405702736,-0.20851441405702736,-0.20851441405702736,-0.20851441405702736,-0.20851441405702736,4.795831523312767,-0.20851441405702736,-0.20851441405702736,-0.20851441405702736,-0.20851441405702736,-0.20851441405702736,-0.20851441405702736,-0.20851441405702736,-0.20851441405702736,-0.20851441405702736,-0.20851441405702736,-0.20851441405702736,-0.20851441405702736,-0.20851441405702736,-0.20851441405702736,-0.20851441405702736,-0.20851441405702736,-0.20851441405702736,-0.20851441405702736,-0.20851441405702736,-0.20851441405702736,-0.20851441405702736,-0.20851441405702736,-0.20851441405702736,4.795831523312767
572,-1.0101071046702685,-1.4649215467746155,-1.7047459815709691,-1.779430537229395,-1.6842621107229057,-1.4081830372574131,-0.4748073647204334,0.8742277401582235,1.312183775281421,1.1475877157235304,0.9485497494299582,0.7727147518846347,0.5493861776827393,0.39530396333889917,0.29288460909858194,0.13064510105418553,0.047078158921820476,0.26043670748970266,0.8350727303955535,1.1475877157235304,0.9472808370765383,0.5836468112250756,0.011729886219410087,-0.7298587477578252,0.2085144140570783,0.2085144140570783,0.2085144140570783,0.2085144140570783,0.2085144140570783,0.2085144140570783,0.2085144140570783,0.2085144140570783,0.2085144140570783,0.2085144140570783,0.2085144140570783,0.2085144140570783,0.2085144140570783,0.2085144140570783,0.2085144140570783,0.2085144140570783,0.2085144140570783,0.2085144140570783,0.2085144140570783,0.2085144140570783,0.2085144140570783,0.2085144140570783,0.2085144140570783,-4.795831523312716,0.2085144140570783,0.2085144140570783,0.2085144140570783,0.2085144140570783,0.2085144140570783,0.2085144140570783,0.2085144140570783,0.2085144140570783,0.2085144140570783,0.2085144140570783,0.2085144140570783,0.2085144140570783,0.2085144140570783,0.2085144140570783,0.2085144140570783,0.2085144140570783,0.2085144140570783,0.2085144140570783,0.2085144140570783,0.2085144140570783,0.2085144140570783,0.2085144140570783,0.2085144140570783,-4.795831523312716,0.2085144140570783,0.2085144140570783,0.2085144140570783,0.2085144140570783,0.2085144140570783,0.2085144140570783,0.2085144140570783,0.2085144140570783,0.2085144140570783,0.2085144140570783,0.2085144140570783,0.2085144140570783,0.2085144140570783,0.2085144140570783,0.2085144140570783,0.2085144140570783,0.2085144140570783,0.2085144140570783,0.2085144140570783,0.2085144140570783,0.2085144140570783,0.2085144140570783,0.2085144140570783,-4.795831523312716
573,-1.1515303977059597,-1.510181711872862,-1.7197216190113573,-1.8248998732570245,-1.7548354771834358,-1.5046288226735567,-0.7157919158310526,0.37404424966791816,0.7537638787380676,0.660671324514418,0.6263740676951788,0.635520002846976,0.557126272974429,0.4909815633944674,0.43136966463721815,0.3472597252947979,0.31753543605145723,0.5274019837310882,1.0673387982282556,1.3008867851402184,1.1406695997132006,0.8476730343145562,0.3797604591377914,-0.2767870285447896,0.2085144140570798,0.2085144140570798,0.2085144140570798,0.2085144140570798,0.2085144140570798,0.2085144140570798,0.2085144140570798,0.2085144140570798,0.2085144140570798,0.2085144140570798,0.2085144140570798,0.2085144140570798,0.2085144140570798,0.2085144140570798,0.2085144140570798,0.2085144140570798,0.2085144140570798,0.2085144140570798,0.2085144140570798,0.2085144140570798,0.2085144140570798,0.2085144140570798,0.2085144140570798,-4.795831523312714,0.2085144140570798,0.2085144140570798,0.2085144140570798,0.2085144140570798,0.2085144140570798,0.2085144140570798,0.2085144140570798,0.2085144140570798,0.2085144140570798,0.2085144140570798,0.2085144140570798,0.2085144140570798,0.2085144140570798,0.2085144140570798,0.2085144140570798,0.2085144140570798,0.2085144140570798,0.2085144140570798,0.2085144140570798,0.2085144140570798,0.2085144140570798,0.2085144140570798,0.2085144140570798,-4.795831523312714,0.2085144140570798,0.2085144140570798,0.2085144140570798,0.2085144140570798,0.2085144140570798,0.2085144140570798,0.2085144140570798,0.2085144140570798,0.2085144140570798,0.2085144140570798,0.2085144140570798,0.2085144140570798,0.2085144140570798,0.2085144140570798,0.2085144140570798,0.2085144140570798,0.2085144140570798,0.2085144140570798,0.2085144140570798,0.2085144140570798,0.2085144140570798,0.2085144140570798,0.2085144140570798,-4.795831523312714
574,-1.253969275144817,-1.5664014610974522,-1.74933108670169,-1.764865586653796,-1.6844346242849484,-1.4956977089789887,-0.7464121552143285,0.33897029003748325,0.7700163681477867,0.7353178121799987,0.7223965925936676,0.6620007796957605,0.5641479482217475,0.4774741494235491,0.4016890188160791,0.29483488830439725,0.2605718790642384,0.45047025231054255,0.960205105879177,1.2515858666630701,1.1390696286922095,0.9342174844639717,0.4575841821951518,-0.15944034861279358,0.20851441405706278,0.20851441405706278,0.20851441405706278,0.20851441405706278,0.20851441405706278,0.20851441405706278,0.20851441405706278,0.20851441405706278,0.20851441405706278,0.20851441405706278,0.20851441405706278,0.20851441405706278,0.20851441405706278,0.20851441405706278,0.20851441405706278,0.20851441405706278,0.20851441405706278,0.20851441405706278,0.20851441405706278,0.20851441405706278,0.20851441405706278,0.20851441405706278,0.20851441405706278,-4.7958315233127315,0.20851441405706278,0.20851441405706278,0.20851441405706278,0.20851441405706278,0.20851441405706278,0.20851441405706278,0.20851441405706278,0.20851441405706278,0.20851441405706278,0.20851441405706278,0.20851441405706278,0.20851441405706278,0.20851441405706278,0.20851441405706278,0.20851441405706278,0.20851441405706278,0.20851441405706278,0.20851441405706278,0.20851441405706278,0.20851441405706278,0.20851441405706278,0.20851441405706278,0.20851441405706278,-4.7958315233127315,0.20851441405706278,0.20851441405706278,0.20851441405706278,0.20851441405706278,0.20851441405706278,0.20851441405706278,0.20851441405706278,0.20851441405706278,0.20851441405706278,0.20851441405706278,0.20851441405706278,0.20851441405706278,0.20851441405706278,0.20851441405706278,0.20851441405706278,0.20851441405706278,0.20851441405706278,0.20851441405706278,0.20851441405706278,0.20851441405706278,0.20851441405706278,0.20851441405706278,0.20851441405706278,-4.7958315233127315
575,-1.1454739689607196,-1.499897756611104,-1.683807137741232,-1.736843996669507,-1.6434412007412138,-1.2776135833553983,-0.3309147021442079,1.0301233261209815,1.4466346312198244,1.3360355841031826,1.1137514108474766,0.9251356872868532,0.6621235506903218,0.4226431262462673,0.23800969243452463,0.01825970356447014,-0.052697459233768215,0.123971395080213,0.6597703794750741,0.9139128707218257,0.7428554246903583,0.4248152842911113,-0.045999971928832456,-0.6413522893865007,0.20851441405724513,0.20851441405724513,0.20851441405724513,0.20851441405724513,0.20851441405724513,0.20851441405724513,0.20851441405724513,0.20851441405724513,0.20851441405724513,0.20851441405724513,0.20851441405724513,0.20851441405724513,0.20851441405724513,0.20851441405724513,0.20851441405724513,0.20851441405724513,0.20851441405724513,0.20851441405724513,0.20851441405724513,0.20851441405724513,0.20851441405724513,0.20851441405724513,0.20851441405724513,-4.795831523312549,0.20851441405724513,0.20851441405724513,0.20851441405724513,0.20851441405724513,0.20851441405724513,0.20851441405724513,0.20851441405724513,0.20851441405724513,0.20851441405724513,0.20851441405724513,0.20851441405724513,0.20851441405724513,0.20851441405724513,0.20851441405724513,0.20851441405724513,0.20851441405724513,0.20851441405724513,0.20851441405724513,0.20851441405724513,0.20851441405724513,0.20851441405724513,0.20851441405724513,0.20851441405724513,-4.795831523312549,0.20851441405724513,0.20851441405724513,0.20851441405724513,0.20851441405724513,0.20851441405724513,0.20851441405724513,0.20851441405724513,0.20851441405724513,0.20851441405724513,0.20851441405724513,0.20851441405724513,0.20851441405724513,0.20851441405724513,0.20851441405724513,0.20851441405724513,0.20851441405724513,0.20851441405724513,0.20851441405724513,0.20851441405724513,0.20851441405724513,0.20851441405724513,0.20851441405724513,0.20851441405724513,-4.795831523312549
576,-0.26185688118890216,-0.9293256915222698,-1.3718532223401685,-1.5612451988259448,-1.5502126565063852,-1.209429682635538,-0.723078442048277,0.23552690171791868,1.06787092782693,1.5529963303786845,1.6421760474617928,1.3856694385320274,0.8754143562523868,0.3525944341088032,-0.2269204971769628,-0.6289953728231421,-0.7702732064152829,-0.36329497862707694,0.673763999411544,1.161953997052065,1.0393701935014006,0.5738581995177524,-0.0390608182355696,-0.9256481774157499,0.20851441405707308,0.20851441405707308,0.20851441405707308,0.20851441405707308,0.20851441405707308,0.20851441405707308,0.20851441405707308,0.20851441405707308,0.20851441405707308,0.20851441405707308,0.20851441405707308,0.20851441405707308,0.20851441405707308,0.20851441405707308,0.20851441405707308,0.20851441405707308,0.20851441405707308,0.20851441405707308,0.20851441405707308,0.20851441405707308,0.20851441405707308,0.20851441405707308,0.20851441405707308,-4.795831523312722,0.20851441405707308,0.20851441405707308,0.20851441405707308,0.20851441405707308,0.20851441405707308,0.20851441405707308,0.20851441405707308,0.20851441405707308,0.20851441405707308,0.20851441405707308,0.20851441405707308,0.20851441405707308,0.20851441405707308,0.20851441405707308,0.20851441405707308,0.20851441405707308,0.20851441405707308,0.20851441405707308,0.20851441405707308,0.20851441405707308,0.20851441405707308,0.20851441405707308,0.20851441405707308,-4.795831523312722,0.20851441405707308,0.20851441405707308,0.20851441405707308,0.20851441405707308,0.20851441405707308,0.20851441405707308,0.20851441405707308,0.20851441405707308,0.20851441405707308,0.20851441405707308,0.20851441405707308,0.20851441405707308,0.20851441405707308,0.20851441405707308,0.20851441405707308,0.20851441405707308,0.20851441405707308,0.20851441405707308,0.20851441405707308,0.20851441405707308,0.20851441405707308,0.20851441405707308,0.20851441405707308,-4.795831523312722
577,-0.7228770724680497,-1.1621379089794321,-1.4176525946137806,-1.5490334302281483,-1.5392149336163985,-1.3823527615572513,-0.9802619479332078,-0.4056461224169875,0.19819141920563127,0.5624108887557823,0.6954281404721083,0.501162171796771,0.2564010776895771,0.10117532173238823,-0.1036104647412525,-0.2312509206940012,-0.1933795766201087,0.17364517767625653,1.1896258032635199,1.8444260177756977,1.8079573160749123,1.5077918482299868,0.808107077778381,0.0410954734176329,-0.20851441405707552,-0.20851441405707552,-0.20851441405707552,-0.20851441405707552,-0.20851441405707552,-0.20851441405707552,-0.20851441405707552,-0.20851441405707552,-0.20851441405707552,-0.20851441405707552,-0.20851441405707552,-0.20851441405707552,-0.20851441405707552,-0.20851441405707552,-0.20851441405707552,-0.20851441405707552,-0.20851441405707552,-0.20851441405707552,-0.20851441405707552,-0.20851441405707552,-0.20851441405707552,-0.20851441405707552,-0.20851441405707552,4.795831523312719,-0.20851441405707552,-0.20851441405707552,-0.20851441405707552,-0.20851441405707552,-0.20851441405707552,-0.20851441405707552,-0.20851441405707552,-0.20851441405707552,-0.20851441405707552,-0.20851441405707552,-0.20851441405707552,-0.20851441405707552,-0.20851441405707552,-0.20851441405707552,-0.20851441405707552,-0.20851441405707552,-0.20851441405707552,-0.20851441405707552,-0.20851441405707552,-0.20851441405707552,-0.20851441405707552,-0.20851441405707552,-0.20851441405707552,4.795831523312719,-0.20851441405707552,-0.20851441405707552,-0.20851441405707552,-0.20851441405707552,-0.20851441405707552,-0.20851441405707552,-0.20851441405707552,-0.20851441405707552,-0.20851441405707552,-0.20851441405707552,-0.20851441405707552,-0.20851441405707552,-0.20851441405707552,-0.20851441405707552,-0.20851441405707552,-0.20851441405707552,-0.20851441405707552,-0.20851441405707552,-0.20851441405707552,-0.20851441405707552,-0.20851441405707552,-0.20851441405707552,-0.20851441405707552,4.795831523312719
578,-1.4297064840167626,-1.63055322852044,-1.6859919986910135,-1.6136048044968647,-1.4194107124136561,-0.9454884256983543,0.011067954473339477,1.2414918592876658,1.6417597799192059,1.3339954072294227,0.9956605127027233,0.6910640697369728,0.37046958166485683,0.09137497297757011,-0.05609215567615517,0.21650819707686436,0.15552554988923362,0.39280348621928785,1.033517272904915,0.7982984908954819,0.6630278916792828,0.2988743699017163,-0.27562968555162587,-0.8789619014936663,0.20851441405708573,0.20851441405708573,0.20851441405708573,0.20851441405708573,0.20851441405708573,0.20851441405708573,0.20851441405708573,0.20851441405708573,0.20851441405708573,0.20851441405708573,0.20851441405708573,0.20851441405708573,0.20851441405708573,0.20851441405708573,0.20851441405708573,0.20851441405708573,0.20851441405708573,0.20851441405708573,0.20851441405708573,0.20851441405708573,0.20851441405708573,0.20851441405708573,0.20851441405708573,-4.7958315233127085,0.20851441405708573,0.20851441405708573,0.20851441405708573,0.20851441405708573,0.20851441405708573,0.20851441405708573,0.20851441405708573,0.20851441405708573,0.20851441405708573,0.20851441405708573,0.20851441405708573,0.20851441405708573,0.20851441405708573,0.20851441405708573,0.20851441405708573,0.20851441405708573,0.20851441405708573,0.20851441405708573,0.20851441405708573,0.20851441405708573,0.20851441405708573,0.20851441405708573,0.20851441405708573,-4.7958315233127085,0.20851441405708573,0.20851441405708573,0.20851441405708573,0.20851441405708573,0.20851441405708573,0.20851441405708573,0.20851441405708573,0.20851441405708573,0.20851441405708573,0.20851441405708573,0.20851441405708573,0.20851441405708573,0.20851441405708573,0.20851441405708573,0.20851441405708573,0.20851441405708573,0.20851441405708573,0.20851441405708573,0.20851441405708573,0.20851441405708573,0.20851441405708573,0.20851441405708573,0.20851441405708573,-4.7958315233127085
579,-0.9574225778798202,-1.340805757528282,-1.694015261000707,-1.7598648719495864,-1.6812358216790917,-1.3038873772658375,-0.41997615752077316,0.8206944099527206,1.1879257982363627,1.006173772328944,1.3480237741821555,1.1811810941499545,1.0123859997769513,0.2260954970720047,0.16060087054872585,0.05747789491180168,0.015767224903751455,0.14231917263030383,0.6696485368597387,1.0058187879033436,0.8496256406391555,0.47902190031230923,-0.13971595350923574,-0.86583659607491,0.20851441405707444,0.20851441405707444,0.20851441405707444,0.20851441405707444,0.20851441405707444,0.20851441405707444,0.20851441405707444,0.20851441405707444,0.20851441405707444,0.20851441405707444,0.20851441405707444,0.20851441405707444,0.20851441405707444,0.20851441405707444,0.20851441405707444,0.20851441405707444,0.20851441405707444,0.20851441405707444,0.20851441405707444,0.20851441405707444,0.20851441405707444,0.20851441405707444,0.20851441405707444,-4.79583152331272,0.20851441405707444,0.20851441405707444,0.20851441405707444,0.20851441405707444,0.20851441405707444,0.20851441405707444,0.20851441405707444,0.20851441405707444,0.20851441405707444,0.20851441405707444,0.20851441405707444,0.20851441405707444,0.20851441405707444,0.20851441405707444,0.20851441405707444,0.20851441405707444,0.20851441405707444,0.20851441405707444,0.20851441405707444,0.20851441405707444,0.20851441405707444,0.20851441405707444,0.20851441405707444,-4.79583152331272,0.20851441405707444,0.20851441405707444,0.20851441405707444,0.20851441405707444,0.20851441405707444,0.20851441405707444,0.20851441405707444,0.20851441405707444,0.20851441405707444,0.20851441405707444,0.20851441405707444,0.20851441405707444,0.20851441405707444,0.20851441405707444,0.20851441405707444,0.20851441405707444,0.20851441405707444,0.20851441405707444,0.20851441405707444,0.20851441405707444,0.20851441405707444,0.20851441405707444,0.20851441405707444,-4.79583152331272
580,-1.162247229239853,-1.502837532520505,-1.7312721911373103,-1.7954318172758932,-1.7015839322557038,-1.3961247353182862,-0.5980053757177655,0.550600373457276,0.9365477389181601,0.7638610330901492,0.6474170843656261,0.5011199419879319,0.31903195418074554,0.20720617906002783,0.18774387601541914,0.15409718261626512,0.1663023557120367,0.3986954488463896,1.0008722998283075,1.4254144018352801,1.3170522569174163,1.0406215797753473,0.49287320340970786,-0.22195409655075019,0.20851441405706278,0.20851441405706278,0.20851441405706278,0.20851441405706278,0.20851441405706278,0.20851441405706278,0.20851441405706278,0.20851441405706278,0.20851441405706278,0.20851441405706278,0.20851441405706278,0.20851441405706278,0.20851441405706278,0.20851441405706278,0.20851441405706278,0.20851441405706278,0.20851441405706278,0.20851441405706278,0.20851441405706278,0.20851441405706278,0.20851441405706278,0.20851441405706278,0.20851441405706278,-4.7958315233127315,0.20851441405706278,0.20851441405706278,0.20851441405706278,0.20851441405706278,0.20851441405706278,0.20851441405706278,0.20851441405706278,0.20851441405706278,0.20851441405706278,0.20851441405706278,0.20851441405706278,0.20851441405706278,0.20851441405706278,0.20851441405706278,0.20851441405706278,0.20851441405706278,0.20851441405706278,0.20851441405706278,0.20851441405706278,0.20851441405706278,0.20851441405706278,0.20851441405706278,0.20851441405706278,-4.7958315233127315,0.20851441405706278,0.20851441405706278,0.20851441405706278,0.20851441405706278,0.20851441405706278,0.20851441405706278,0.20851441405706278,0.20851441405706278,0.20851441405706278,0.20851441405706278,0.20851441405706278,0.20851441405706278,0.20851441405706278,0.20851441405706278,0.20851441405706278,0.20851441405706278,0.20851441405706278,0.20851441405706278,0.20851441405706278,0.20851441405706278,0.20851441405706278,0.20851441405706278,0.20851441405706278,-4.7958315233127315
581,-1.313309633401944,-1.5966207378634112,-1.738582241610842,-1.7596928962629383,-1.6810633564717967,-1.3504827426806354,-0.5398641991918044,0.5950629519958984,0.9253376142703628,0.8428836805205081,0.7382482618101174,0.5991932974713087,0.4618210664743337,0.3190946839351604,0.2627996048629034,0.1434785133510543,0.07571025240265797,0.25086749571171846,0.8701133655065454,1.3380662102946816,1.2536235916862961,0.986374941851424,0.4939459757275238,-0.17700570038910443,-0.20851441405707327,-0.20851441405707327,-0.20851441405707327,-0.20851441405707327,-0.20851441405707327,-0.20851441405707327,-0.20851441405707327,-0.20851441405707327,-0.20851441405707327,-0.20851441405707327,-0.20851441405707327,-0.20851441405707327,-0.20851441405707327,-0.20851441405707327,-0.20851441405707327,-0.20851441405707327,-0.20851441405707327,-0.20851441405707327,-0.20851441405707327,-0.20851441405707327,-0.20851441405707327,-0.20851441405707327,-0.20851441405707327,4.795831523312722,-0.20851441405707327,-0.20851441405707327,-0.20851441405707327,-0.20851441405707327,-0.20851441405707327,-0.20851441405707327,-0.20851441405707327,-0.20851441405707327,-0.20851441405707327,-0.20851441405707327,-0.20851441405707327,-0.20851441405707327,-0.20851441405707327,-0.20851441405707327,-0.20851441405707327,-0.20851441405707327,-0.20851441405707327,-0.20851441405707327,-0.20851441405707327,-0.20851441405707327,-0.20851441405707327,-0.20851441405707327,-0.20851441405707327,4.795831523312722,-0.20851441405707327,-0.20851441405707327,-0.20851441405707327,-0.20851441405707327,-0.20851441405707327,-0.20851441405707327,-0.20851441405707327,-0.20851441405707327,-0.20851441405707327,-0.20851441405707327,-0.20851441405707327,-0.20851441405707327,-0.20851441405707327,-0.20851441405707327,-0.20851441405707327,-0.20851441405707327,-0.20851441405707327,-0.20851441405707327,-0.20851441405707327,-0.20851441405707327,-0.20851441405707327,-0.20851441405707327,-0.20851441405707327,4.795831523312722
582,-0.9981915020276316,-1.3420973939081375,-1.5847752504617572,-1.6827316572704742,-1.6094086887162085,-1.2576123986448235,-0.2955611655666762,1.0533120276009043,1.525773675371829,1.395678329590507,1.2538436108910482,0.9942302655374934,0.6191476783661972,0.256189361585764,-0.008042753440500549,-0.36676719802095,-0.5796155004383197,-0.3677294417027645,0.37589247560348904,0.9630535702467032,0.9341862597922679,0.709983481929487,0.2829397359402074,-0.27169752225767635,-0.20851441405707552,-0.20851441405707552,-0.20851441405707552,-0.20851441405707552,-0.20851441405707552,-0.20851441405707552,-0.20851441405707552,-0.20851441405707552,-0.20851441405707552,-0.20851441405707552,-0.20851441405707552,-0.20851441405707552,-0.20851441405707552,-0.20851441405707552,-0.20851441405707552,-0.20851441405707552,-0.20851441405707552,-0.20851441405707552,-0.20851441405707552,-0.20851441405707552,-0.20851441405707552,-0.20851441405707552,-0.20851441405707552,4.795831523312719,-0.20851441405707552,-0.20851441405707552,-0.20851441405707552,-0.20851441405707552,-0.20851441405707552,-0.20851441405707552,-0.20851441405707552,-0.20851441405707552,-0.20851441405707552,-0.20851441405707552,-0.20851441405707552,-0.20851441405707552,-0.20851441405707552,-0.20851441405707552,-0.20851441405707552,-0.20851441405707552,-0.20851441405707552,-0.20851441405707552,-0.20851441405707552,-0.20851441405707552,-0.20851441405707552,-0.20851441405707552,-0.20851441405707552,4.795831523312719,-0.20851441405707552,-0.20851441405707552,-0.20851441405707552,-0.20851441405707552,-0.20851441405707552,-0.20851441405707552,-0.20851441405707552,-0.20851441405707552,-0.20851441405707552,-0.20851441405707552,-0.20851441405707552,-0.20851441405707552,-0.20851441405707552,-0.20851441405707552,-0.20851441405707552,-0.20851441405707552,-0.20851441405707552,-0.20851441405707552,-0.20851441405707552,-0.20851441405707552,-0.20851441405707552,-0.20851441405707552,-0.20851441405707552,4.795831523312719
583,-0.17160163522028823,-0.6859967533449832,-1.0263439288365253,-1.0922079619220164,-1.0472058397685813,-0.702686282090628,-0.0014280474745171834,0.9391461082621788,1.5304322695364516,1.9259144953484273,1.9092249666027825,1.4934768844568096,0.7841719127669057,0.002148280113835273,-0.4609861425778078,-0.8615348324732829,-0.9715069058151209,-0.7593114689062085,0.21255555322857145,0.8160608337630484,0.45395766544236227,-0.039575541750276715,-0.7223560838265665,-1.5243475455146047,-0.2085144140570685,-0.2085144140570685,-0.2085144140570685,-0.2085144140570685,-0.2085144140570685,-0.2085144140570685,-0.2085144140570685,-0.2085144140570685,-0.2085144140570685,-0.2085144140570685,-0.2085144140570685,-0.2085144140570685,-0.2085144140570685,-0.2085144140570685,-0.2085144140570685,-0.2085144140570685,-0.2085144140570685,-0.2085144140570685,-0.2085144140570685,-0.2085144140570685,-0.2085144140570685,-0.2085144140570685,-0.2085144140570685,4.795831523312726,-0.2085144140570685,-0.2085144140570685,-0.2085144140570685,-0.2085144140570685,-0.2085144140570685,-0.2085144140570685,-0.2085144140570685,-0.2085144140570685,-0.2085144140570685,-0.2085144140570685,-0.2085144140570685,-0.2085144140570685,-0.2085144140570685,-0.2085144140570685,-0.2085144140570685,-0.2085144140570685,-0.2085144140570685,-0.2085144140570685,-0.2085144140570685,-0.2085144140570685,-0.2085144140570685,-0.2085144140570685,-0.2085144140570685,4.795831523312726,-0.2085144140570685,-0.2085144140570685,-0.2085144140570685,-0.2085144140570685,-0.2085144140570685,-0.2085144140570685,-0.2085144140570685,-0.2085144140570685,-0.2085144140570685,-0.2085144140570685,-0.2085144140570685,-0.2085144140570685,-0.2085144140570685,-0.2085144140570685,-0.2085144140570685,-0.2085144140570685,-0.2085144140570685,-0.2085144140570685,-0.2085144140570685,-0.2085144140570685,-0.2085144140570685,-0.2085144140570685,-0.2085144140570685,4.795831523312726
584,0.1224699141370203,-0.7900153634098703,-1.3269089212491596,-1.6199016320584088,-1.7406832016739238,-1.5560042855521363,-0.9743046615651562,-0.07078059724780368,0.4053325578172264,0.9320960485274724,0.9375507000584956,0.5491015874563394,0.14506775619411666,-0.06181938401826548,-0.408579374204744,-0.5609199991068935,-0.4814379339405546,0.07688461205632593,1.2850899261779773,1.8613348986339344,1.6228887031349177,1.2819729824459642,0.46026869109396057,-0.0887030237068801,-0.20851441405707308,-0.20851441405707308,-0.20851441405707308,-0.20851441405707308,-0.20851441405707308,-0.20851441405707308,-0.20851441405707308,-0.20851441405707308,-0.20851441405707308,-0.20851441405707308,-0.20851441405707308,-0.20851441405707308,-0.20851441405707308,-0.20851441405707308,-0.20851441405707308,-0.20851441405707308,-0.20851441405707308,-0.20851441405707308,-0.20851441405707308,-0.20851441405707308,-0.20851441405707308,-0.20851441405707308,-0.20851441405707308,4.795831523312722,-0.20851441405707308,-0.20851441405707308,-0.20851441405707308,-0.20851441405707308,-0.20851441405707308,-0.20851441405707308,-0.20851441405707308,-0.20851441405707308,-0.20851441405707308,-0.20851441405707308,-0.20851441405707308,-0.20851441405707308,-0.20851441405707308,-0.20851441405707308,-0.20851441405707308,-0.20851441405707308,-0.20851441405707308,-0.20851441405707308,-0.20851441405707308,-0.20851441405707308,-0.20851441405707308,-0.20851441405707308,-0.20851441405707308,4.795831523312722,-0.20851441405707308,-0.20851441405707308,-0.20851441405707308,-0.20851441405707308,-0.20851441405707308,-0.20851441405707308,-0.20851441405707308,-0.20851441405707308,-0.20851441405707308,-0.20851441405707308,-0.20851441405707308,-0.20851441405707308,-0.20851441405707308,-0.20851441405707308,-0.20851441405707308,-0.20851441405707308,-0.20851441405707308,-0.20851441405707308,-0.20851441405707308,-0.20851441405707308,-0.20851441405707308,-0.20851441405707308,-0.20851441405707308,4.795831523312722
585,-1.2895627280926962,-1.6173776452854698,-1.7327199309644086,-1.7312022693107383,-1.6163658708496895,-1.2173894850070444,-0.34507129229191214,0.7661942963399692,1.1272291408408581,0.9810277348706242,0.8923288426672297,0.7987397073575645,0.6601266096556818,0.5304508528031907,0.43079107087884444,0.28526418119913066,0.2284361837228114,0.3405745170217797,0.8199869705089479,1.1651706821826142,0.9643334566802515,0.5572628753513651,-0.09128453798372074,-0.9069433622951638,0.20851441405707324,0.20851441405707324,0.20851441405707324,0.20851441405707324,0.20851441405707324,0.20851441405707324,0.20851441405707324,0.20851441405707324,0.20851441405707324,0.20851441405707324,0.20851441405707324,0.20851441405707324,0.20851441405707324,0.20851441405707324,0.20851441405707324,0.20851441405707324,0.20851441405707324,0.20851441405707324,0.20851441405707324,0.20851441405707324,0.20851441405707324,0.20851441405707324,0.20851441405707324,-4.795831523312721,0.20851441405707324,0.20851441405707324,0.20851441405707324,0.20851441405707324,0.20851441405707324,0.20851441405707324,0.20851441405707324,0.20851441405707324,0.20851441405707324,0.20851441405707324,0.20851441405707324,0.20851441405707324,0.20851441405707324,0.20851441405707324,0.20851441405707324,0.20851441405707324,0.20851441405707324,0.20851441405707324,0.20851441405707324,0.20851441405707324,0.20851441405707324,0.20851441405707324,0.20851441405707324,-4.795831523312721,0.20851441405707324,0.20851441405707324,0.20851441405707324,0.20851441405707324,0.20851441405707324,0.20851441405707324,0.20851441405707324,0.20851441405707324,0.20851441405707324,0.20851441405707324,0.20851441405707324,0.20851441405707324,0.20851441405707324,0.20851441405707324,0.20851441405707324,0.20851441405707324,0.20851441405707324,0.20851441405707324,0.20851441405707324,0.20851441405707324,0.20851441405707324,0.20851441405707324,0.20851441405707324,-4.795831523312721
586,-1.095408160207975,-1.4728473622016989,-1.6946606498435128,-1.8300309456454946,-1.794654935783649,-1.5383215094863243,-0.8332262806673614,0.15416380104108723,0.5669790128966564,0.5654099156850424,0.6211841892978714,0.6596983935829454,0.6776716889159798,0.654991101948103,0.6542778759428238,0.5973624407215481,0.5554247516111344,0.6271752877422163,0.9404241492608169,1.2007516411877048,1.0710871534279562,0.7638293903537006,0.2978075185043071,-0.34908846828387763,0.20851441405707472,0.20851441405707472,0.20851441405707472,0.20851441405707472,0.20851441405707472,0.20851441405707472,0.20851441405707472,0.20851441405707472,0.20851441405707472,0.20851441405707472,0.20851441405707472,0.20851441405707472,0.20851441405707472,0.20851441405707472,0.20851441405707472,0.20851441405707472,0.20851441405707472,0.20851441405707472,0.20851441405707472,0.20851441405707472,0.20851441405707472,0.20851441405707472,0.20851441405707472,-4.79583152331272,0.20851441405707472,0.20851441405707472,0.20851441405707472,0.20851441405707472,0.20851441405707472,0.20851441405707472,0.20851441405707472,0.20851441405707472,0.20851441405707472,0.20851441405707472,0.20851441405707472,0.20851441405707472,0.20851441405707472,0.20851441405707472,0.20851441405707472,0.20851441405707472,0.20851441405707472,0.20851441405707472,0.20851441405707472,0.20851441405707472,0.20851441405707472,0.20851441405707472,0.20851441405707472,-4.79583152331272,0.20851441405707472,0.20851441405707472,0.20851441405707472,0.20851441405707472,0.20851441405707472,0.20851441405707472,0.20851441405707472,0.20851441405707472,0.20851441405707472,0.20851441405707472,0.20851441405707472,0.20851441405707472,0.20851441405707472,0.20851441405707472,0.20851441405707472,0.20851441405707472,0.20851441405707472,0.20851441405707472,0.20851441405707472,0.20851441405707472,0.20851441405707472,0.20851441405707472,0.20851441405707472,-4.79583152331272
587,-1.255002147574244,-1.5672778928038682,-1.7658397812271867,-1.8049523495572675,-1.7445965332523823,-1.4269474958879547,-0.7572853435527984,0.15030118610016666,0.4550793143975068,0.4312119004964031,0.4734484758816024,0.4818208147893194,0.4758227212434923,0.49319220046994994,0.5205585022727861,0.5371782198060154,0.5253069929965659,0.6762590138998816,1.010777689361948,1.2829411840038532,1.1769748646942408,0.9625430204309215,0.5601709117316861,0.10831453127937685,-0.20851441405707383,-0.20851441405707383,-0.20851441405707383,-0.20851441405707383,-0.20851441405707383,-0.20851441405707383,-0.20851441405707383,-0.20851441405707383,-0.20851441405707383,-0.20851441405707383,-0.20851441405707383,-0.20851441405707383,-0.20851441405707383,-0.20851441405707383,-0.20851441405707383,-0.20851441405707383,-0.20851441405707383,-0.20851441405707383,-0.20851441405707383,-0.20851441405707383,-0.20851441405707383,-0.20851441405707383,-0.20851441405707383,4.79583152331272,-0.20851441405707383,-0.20851441405707383,-0.20851441405707383,-0.20851441405707383,-0.20851441405707383,-0.20851441405707383,-0.20851441405707383,-0.20851441405707383,-0.20851441405707383,-0.20851441405707383,-0.20851441405707383,-0.20851441405707383,-0.20851441405707383,-0.20851441405707383,-0.20851441405707383,-0.20851441405707383,-0.20851441405707383,-0.20851441405707383,-0.20851441405707383,-0.20851441405707383,-0.20851441405707383,-0.20851441405707383,-0.20851441405707383,4.79583152331272,-0.20851441405707383,-0.20851441405707383,-0.20851441405707383,-0.20851441405707383,-0.20851441405707383,-0.20851441405707383,-0.20851441405707383,-0.20851441405707383,-0.20851441405707383,-0.20851441405707383,-0.20851441405707383,-0.20851441405707383,-0.20851441405707383,-0.20851441405707383,-0.20851441405707383,-0.20851441405707383,-0.20851441405707383,-0.20851441405707383,-0.20851441405707383,-0.20851441405707383,-0.20851441405707383,-0.20851441405707383,-0.20851441405707383,4.79583152331272
588,-1.1669101890733822,-1.4617031339728304,-1.646849576083718,-1.7460290418298654,-1.648565483795589,-1.358920262031754,-0.39886989723989513,0.8219984397563649,1.2580105893428015,1.1516243112067959,1.0217300974181565,0.8328086583411526,0.5508850212807372,0.25883752872028265,0.07780926511788566,-0.16567803919661792,-0.2506154709342355,-0.11076899241674397,0.5273770856281037,1.1641504375034546,1.1919481424357656,0.9688801398925277,0.3925067394750383,-0.26365636954445554,-0.20851441405707397,-0.20851441405707397,-0.20851441405707397,-0.20851441405707397,-0.20851441405707397,-0.20851441405707397,-0.20851441405707397,-0.20851441405707397,-0.20851441405707397,-0.20851441405707397,-0.20851441405707397,-0.20851441405707397,-0.20851441405707397,-0.20851441405707397,-0.20851441405707397,-0.20851441405707397,-0.20851441405707397,-0.20851441405707397,-0.20851441405707397,-0.20851441405707397,-0.20851441405707397,-0.20851441405707397,-0.20851441405707397,4.79583152331272,-0.20851441405707397,-0.20851441405707397,-0.20851441405707397,-0.20851441405707397,-0.20851441405707397,-0.20851441405707397,-0.20851441405707397,-0.20851441405707397,-0.20851441405707397,-0.20851441405707397,-0.20851441405707397,-0.20851441405707397,-0.20851441405707397,-0.20851441405707397,-0.20851441405707397,-0.20851441405707397,-0.20851441405707397,-0.20851441405707397,-0.20851441405707397,-0.20851441405707397,-0.20851441405707397,-0.20851441405707397,-0.20851441405707397,4.79583152331272,-0.20851441405707397,-0.20851441405707397,-0.20851441405707397,-0.20851441405707397,-0.20851441405707397,-0.20851441405707397,-0.20851441405707397,-0.20851441405707397,-0.20851441405707397,-0.20851441405707397,-0.20851441405707397,-0.20851441405707397,-0.20851441405707397,-0.20851441405707397,-0.20851441405707397,-0.20851441405707397,-0.20851441405707397,-0.20851441405707397,-0.20851441405707397,-0.20851441405707397,-0.20851441405707397,-0.20851441405707397,-0.20851441405707397,4.79583152331272
589,-0.06425284351791621,-0.4206350772225084,-0.6388322257325326,-0.7513129524223768,-0.7472543695005783,-0.4550363991310862,0.5346780362274912,1.8322649760824978,2.155792014705864,1.9093780515966694,1.5008140374689536,1.0215147209898925,0.536030897201424,0.10524130993052597,-0.24940153109329546,-0.5412329697559496,-0.7845546792104408,-0.7980832889497691,-0.42623978697165876,-0.023667014299931198,-0.24998132865355238,-0.5798861404397448,-1.074453459338905,-1.79088997796305,0.20851441405706203,0.20851441405706203,0.20851441405706203,0.20851441405706203,0.20851441405706203,0.20851441405706203,0.20851441405706203,0.20851441405706203,0.20851441405706203,0.20851441405706203,0.20851441405706203,0.20851441405706203,0.20851441405706203,0.20851441405706203,0.20851441405706203,0.20851441405706203,0.20851441405706203,0.20851441405706203,0.20851441405706203,0.20851441405706203,0.20851441405706203,0.20851441405706203,0.20851441405706203,-4.7958315233127315,0.20851441405706203,0.20851441405706203,0.20851441405706203,0.20851441405706203,0.20851441405706203,0.20851441405706203,0.20851441405706203,0.20851441405706203,0.20851441405706203,0.20851441405706203,0.20851441405706203,0.20851441405706203,0.20851441405706203,0.20851441405706203,0.20851441405706203,0.20851441405706203,0.20851441405706203,0.20851441405706203,0.20851441405706203,0.20851441405706203,0.20851441405706203,0.20851441405706203,0.20851441405706203,-4.7958315233127315,0.20851441405706203,0.20851441405706203,0.20851441405706203,0.20851441405706203,0.20851441405706203,0.20851441405706203,0.20851441405706203,0.20851441405706203,0.20851441405706203,0.20851441405706203,0.20851441405706203,0.20851441405706203,0.20851441405706203,0.20851441405706203,0.20851441405706203,0.20851441405706203,0.20851441405706203,0.20851441405706203,0.20851441405706203,0.20851441405706203,0.20851441405706203,0.20851441405706203,0.20851441405706203,-4.7958315233127315
590,-0.28958757791113193,-0.970352439577954,-1.347254197552378,-1.624912593219927,-1.739209723966609,-1.6173857090000237,-1.3584051371374202,-0.6687195238025644,-0.10448198079943256,0.47397301017462795,0.840560149032888,0.9219620080036955,0.7959563906927195,0.6175413573320454,0.38169898510840433,0.1940844265900705,0.249002804046403,0.5283338406517084,1.128254390326975,1.635900914936018,1.4335113614675032,0.9108110684186534,0.21917404065641527,-0.6104558644707193,0.20851441405706994,0.20851441405706994,0.20851441405706994,0.20851441405706994,0.20851441405706994,0.20851441405706994,0.20851441405706994,0.20851441405706994,0.20851441405706994,0.20851441405706994,0.20851441405706994,0.20851441405706994,0.20851441405706994,0.20851441405706994,0.20851441405706994,0.20851441405706994,0.20851441405706994,0.20851441405706994,0.20851441405706994,0.20851441405706994,0.20851441405706994,0.20851441405706994,0.20851441405706994,-4.795831523312724,0.20851441405706994,0.20851441405706994,0.20851441405706994,0.20851441405706994,0.20851441405706994,0.20851441405706994,0.20851441405706994,0.20851441405706994,0.20851441405706994,0.20851441405706994,0.20851441405706994,0.20851441405706994,0.20851441405706994,0.20851441405706994,0.20851441405706994,0.20851441405706994,0.20851441405706994,0.20851441405706994,0.20851441405706994,0.20851441405706994,0.20851441405706994,0.20851441405706994,0.20851441405706994,-4.795831523312724,0.20851441405706994,0.20851441405706994,0.20851441405706994,0.20851441405706994,0.20851441405706994,0.20851441405706994,0.20851441405706994,0.20851441405706994,0.20851441405706994,0.20851441405706994,0.20851441405706994,0.20851441405706994,0.20851441405706994,0.20851441405706994,0.20851441405706994,0.20851441405706994,0.20851441405706994,0.20851441405706994,0.20851441405706994,0.20851441405706994,0.20851441405706994,0.20851441405706994,0.20851441405706994,-4.795831523312724
591,-0.6407831992765219,-1.0156355323625992,-1.3126979386007274,-1.4090011886504807,-1.4545201851466605,-1.3774096463061172,-1.2476465368916347,-0.9212005993332113,-0.6462183033357674,-0.19221726738692982,0.13847484521777895,0.223228499141636,0.298980261967368,0.3241176182413777,0.2976214859525566,0.34687711648946756,0.34500879946910196,0.5654702078722411,1.140232462137436,1.804164392374625,1.7442084007210747,1.4719436567532533,1.0332288509710434,0.4837737999817096,-0.20851441405707308,-0.20851441405707308,-0.20851441405707308,-0.20851441405707308,-0.20851441405707308,-0.20851441405707308,-0.20851441405707308,-0.20851441405707308,-0.20851441405707308,-0.20851441405707308,-0.20851441405707308,-0.20851441405707308,-0.20851441405707308,-0.20851441405707308,-0.20851441405707308,-0.20851441405707308,-0.20851441405707308,-0.20851441405707308,-0.20851441405707308,-0.20851441405707308,-0.20851441405707308,-0.20851441405707308,-0.20851441405707308,4.795831523312721,-0.20851441405707308,-0.20851441405707308,-0.20851441405707308,-0.20851441405707308,-0.20851441405707308,-0.20851441405707308,-0.20851441405707308,-0.20851441405707308,-0.20851441405707308,-0.20851441405707308,-0.20851441405707308,-0.20851441405707308,-0.20851441405707308,-0.20851441405707308,-0.20851441405707308,-0.20851441405707308,-0.20851441405707308,-0.20851441405707308,-0.20851441405707308,-0.20851441405707308,-0.20851441405707308,-0.20851441405707308,-0.20851441405707308,4.795831523312721,-0.20851441405707308,-0.20851441405707308,-0.20851441405707308,-0.20851441405707308,-0.20851441405707308,-0.20851441405707308,-0.20851441405707308,-0.20851441405707308,-0.20851441405707308,-0.20851441405707308,-0.20851441405707308,-0.20851441405707308,-0.20851441405707308,-0.20851441405707308,-0.20851441405707308,-0.20851441405707308,-0.20851441405707308,-0.20851441405707308,-0.20851441405707308,-0.20851441405707308,-0.20851441405707308,-0.20851441405707308,-0.20851441405707308,4.795831523312721
592,-1.3539676914021954,-1.590590674432757,-1.752166565095679,-1.7989253964821683,-1.6208757538361058,-1.2203472586500568,-0.26620085590938175,0.9283957651710694,1.158695489864668,1.0724994946397517,0.8857969721641609,0.6887775545072096,0.495918175229839,0.35680649181665375,0.24431905403278623,0.10104733224002005,-0.04705003407305997,0.0647717975700746,0.6162264851673186,1.1974670475623619,1.134068062657549,0.840036549988771,0.2969019391506888,-0.43160398188151833,0.20851441405707816,0.20851441405707816,0.20851441405707816,0.20851441405707816,0.20851441405707816,0.20851441405707816,0.20851441405707816,0.20851441405707816,0.20851441405707816,0.20851441405707816,0.20851441405707816,0.20851441405707816,0.20851441405707816,0.20851441405707816,0.20851441405707816,0.20851441405707816,0.20851441405707816,0.20851441405707816,0.20851441405707816,0.20851441405707816,0.20851441405707816,0.20851441405707816,0.20851441405707816,-4.7958315233127164,0.20851441405707816,0.20851441405707816,0.20851441405707816,0.20851441405707816,0.20851441405707816,0.20851441405707816,0.20851441405707816,0.20851441405707816,0.20851441405707816,0.20851441405707816,0.20851441405707816,0.20851441405707816,0.20851441405707816,0.20851441405707816,0.20851441405707816,0.20851441405707816,0.20851441405707816,0.20851441405707816,0.20851441405707816,0.20851441405707816,0.20851441405707816,0.20851441405707816,0.20851441405707816,-4.7958315233127164,0.20851441405707816,0.20851441405707816,0.20851441405707816,0.20851441405707816,0.20851441405707816,0.20851441405707816,0.20851441405707816,0.20851441405707816,0.20851441405707816,0.20851441405707816,0.20851441405707816,0.20851441405707816,0.20851441405707816,0.20851441405707816,0.20851441405707816,0.20851441405707816,0.20851441405707816,0.20851441405707816,0.20851441405707816,0.20851441405707816,0.20851441405707816,0.20851441405707816,0.20851441405707816,-4.7958315233127164
593,-1.091071828466325,-1.430323382716683,-1.6731502071445132,-1.8212244068912469,-1.766973884524815,-1.4838307472424788,-0.5656592351366356,0.7042117250502197,1.02990064870897,0.920099077754993,0.7835438245381183,0.7187033029426227,0.5507496309588747,0.3753643805687663,0.22840491758298687,0.13811123994570645,0.08609019110118274,0.22840491758298687,0.7320801440740716,1.3223332589992567,1.200269583674785,0.9390496026912124,0.31163859573422475,-0.4367213497862804,-0.20851441405708743,-0.20851441405708743,-0.20851441405708743,-0.20851441405708743,-0.20851441405708743,-0.20851441405708743,-0.20851441405708743,-0.20851441405708743,-0.20851441405708743,-0.20851441405708743,-0.20851441405708743,-0.20851441405708743,-0.20851441405708743,-0.20851441405708743,-0.20851441405708743,-0.20851441405708743,-0.20851441405708743,-0.20851441405708743,-0.20851441405708743,-0.20851441405708743,-0.20851441405708743,-0.20851441405708743,-0.20851441405708743,4.795831523312706,-0.20851441405708743,-0.20851441405708743,-0.20851441405708743,-0.20851441405708743,-0.20851441405708743,-0.20851441405708743,-0.20851441405708743,-0.20851441405708743,-0.20851441405708743,-0.20851441405708743,-0.20851441405708743,-0.20851441405708743,-0.20851441405708743,-0.20851441405708743,-0.20851441405708743,-0.20851441405708743,-0.20851441405708743,-0.20851441405708743,-0.20851441405708743,-0.20851441405708743,-0.20851441405708743,-0.20851441405708743,-0.20851441405708743,4.795831523312706,-0.20851441405708743,-0.20851441405708743,-0.20851441405708743,-0.20851441405708743,-0.20851441405708743,-0.20851441405708743,-0.20851441405708743,-0.20851441405708743,-0.20851441405708743,-0.20851441405708743,-0.20851441405708743,-0.20851441405708743,-0.20851441405708743,-0.20851441405708743,-0.20851441405708743,-0.20851441405708743,-0.20851441405708743,-0.20851441405708743,-0.20851441405708743,-0.20851441405708743,-0.20851441405708743,-0.20851441405708743,-0.20851441405708743,4.795831523312706
594,-1.1861912270454373,-1.5579052134652105,-1.7155671829373742,-1.754366166040013,-1.7525577388615001,-1.3404007446313495,-0.41941810335599855,0.7861452148289618,1.0616837558460073,0.9217772532174239,0.7757878591702065,0.6753379495273577,0.48874114519898865,0.30987125699699264,0.16174463082971466,0.008521528068446011,-0.10047731005464532,0.011645175013149985,0.5604206224564062,1.24548571817122,1.3117399138930992,1.077466393040301,0.5595986101025368,-0.12908333996930277,-0.208514414057074,-0.208514414057074,-0.208514414057074,-0.208514414057074,-0.208514414057074,-0.208514414057074,-0.208514414057074,-0.208514414057074,-0.208514414057074,-0.208514414057074,-0.208514414057074,-0.208514414057074,-0.208514414057074,-0.208514414057074,-0.208514414057074,-0.208514414057074,-0.208514414057074,-0.208514414057074,-0.208514414057074,-0.208514414057074,-0.208514414057074,-0.208514414057074,-0.208514414057074,4.79583152331272,-0.208514414057074,-0.208514414057074,-0.208514414057074,-0.208514414057074,-0.208514414057074,-0.208514414057074,-0.208514414057074,-0.208514414057074,-0.208514414057074,-0.208514414057074,-0.208514414057074,-0.208514414057074,-0.208514414057074,-0.208514414057074,-0.208514414057074,-0.208514414057074,-0.208514414057074,-0.208514414057074,-0.208514414057074,-0.208514414057074,-0.208514414057074,-0.208514414057074,-0.208514414057074,4.79583152331272,-0.208514414057074,-0.208514414057074,-0.208514414057074,-0.208514414057074,-0.208514414057074,-0.208514414057074,-0.208514414057074,-0.208514414057074,-0.208514414057074,-0.208514414057074,-0.208514414057074,-0.208514414057074,-0.208514414057074,-0.208514414057074,-0.208514414057074,-0.208514414057074,-0.208514414057074,-0.208514414057074,-0.208514414057074,-0.208514414057074,-0.208514414057074,-0.208514414057074,-0.208514414057074,4.79583152331272
595,-0.8038445217733102,-1.118307739986122,-1.3475164857056827,-1.4231873172629244,-1.2944071421852967,-0.8096346381721492,0.31724180855363504,1.7917248983959309,2.048286952620352,1.6801154133286533,1.2464556609742232,0.8117976126889589,0.4248581098975751,0.0500978174623701,-0.21584821851189367,-0.4917772137945007,-0.610774088749952,-0.550277355341392,-0.06550485132824456,0.6624525414361441,0.6676436802764826,0.37893649707919624,-0.2869268887872975,-1.0616045311147324,-0.20851441405707474,-0.20851441405707474,-0.20851441405707474,-0.20851441405707474,-0.20851441405707474,-0.20851441405707474,-0.20851441405707474,-0.20851441405707474,-0.20851441405707474,-0.20851441405707474,-0.20851441405707474,-0.20851441405707474,-0.20851441405707474,-0.20851441405707474,-0.20851441405707474,-0.20851441405707474,-0.20851441405707474,-0.20851441405707474,-0.20851441405707474,-0.20851441405707474,-0.20851441405707474,-0.20851441405707474,-0.20851441405707474,4.795831523312719,-0.20851441405707474,-0.20851441405707474,-0.20851441405707474,-0.20851441405707474,-0.20851441405707474,-0.20851441405707474,-0.20851441405707474,-0.20851441405707474,-0.20851441405707474,-0.20851441405707474,-0.20851441405707474,-0.20851441405707474,-0.20851441405707474,-0.20851441405707474,-0.20851441405707474,-0.20851441405707474,-0.20851441405707474,-0.20851441405707474,-0.20851441405707474,-0.20851441405707474,-0.20851441405707474,-0.20851441405707474,-0.20851441405707474,4.795831523312719,-0.20851441405707474,-0.20851441405707474,-0.20851441405707474,-0.20851441405707474,-0.20851441405707474,-0.20851441405707474,-0.20851441405707474,-0.20851441405707474,-0.20851441405707474,-0.20851441405707474,-0.20851441405707474,-0.20851441405707474,-0.20851441405707474,-0.20851441405707474,-0.20851441405707474,-0.20851441405707474,-0.20851441405707474,-0.20851441405707474,-0.20851441405707474,-0.20851441405707474,-0.20851441405707474,-0.20851441405707474,-0.20851441405707474,4.795831523312719
596,-0.8313890191865917,-1.1571315661131383,-1.3765815076523684,-1.5145404517279895,-1.4706947520057214,-0.9948138999695906,0.1573536538433403,1.5577587298212328,1.9530343561053154,1.644785800482098,1.3117356369351736,0.9454690342047127,0.6305771907447881,0.39164027155121667,0.2129358287437911,-0.07737584972031658,-0.3371284041355708,-0.34975065102531466,-0.008728542074341459,0.5499719649927399,0.38411121200294845,0.08870634619736517,-0.47774466334587473,-1.2322007186679305,0.20851441405707904,0.20851441405707904,0.20851441405707904,0.20851441405707904,0.20851441405707904,0.20851441405707904,0.20851441405707904,0.20851441405707904,0.20851441405707904,0.20851441405707904,0.20851441405707904,0.20851441405707904,0.20851441405707904,0.20851441405707904,0.20851441405707904,0.20851441405707904,0.20851441405707904,0.20851441405707904,0.20851441405707904,0.20851441405707904,0.20851441405707904,0.20851441405707904,0.20851441405707904,-4.795831523312715,0.20851441405707904,0.20851441405707904,0.20851441405707904,0.20851441405707904,0.20851441405707904,0.20851441405707904,0.20851441405707904,0.20851441405707904,0.20851441405707904,0.20851441405707904,0.20851441405707904,0.20851441405707904,0.20851441405707904,0.20851441405707904,0.20851441405707904,0.20851441405707904,0.20851441405707904,0.20851441405707904,0.20851441405707904,0.20851441405707904,0.20851441405707904,0.20851441405707904,0.20851441405707904,-4.795831523312715,0.20851441405707904,0.20851441405707904,0.20851441405707904,0.20851441405707904,0.20851441405707904,0.20851441405707904,0.20851441405707904,0.20851441405707904,0.20851441405707904,0.20851441405707904,0.20851441405707904,0.20851441405707904,0.20851441405707904,0.20851441405707904,0.20851441405707904,0.20851441405707904,0.20851441405707904,0.20851441405707904,0.20851441405707904,0.20851441405707904,0.20851441405707904,0.20851441405707904,0.20851441405707904,-4.795831523312715
597,-0.14724838855506572,-0.9808076922857417,-1.433735757520786,-1.7136796345756824,-1.6915614273083734,-1.5185772391282253,-1.134644775667324,-0.29316253201999987,0.3707138084957979,1.0058694918137465,1.2617144266221718,1.1630078001605988,0.8101068513732353,0.4189116929887399,0.12543279357623657,-0.09409866661421866,-0.10697344397877168,0.07261319413191653,0.5994886985890091,1.6027309655345632,1.430737144843996,0.9263099701507395,0.1412786734095326,-0.8144259540361335,-0.20851441405707716,-0.20851441405707716,-0.20851441405707716,-0.20851441405707716,-0.20851441405707716,-0.20851441405707716,-0.20851441405707716,-0.20851441405707716,-0.20851441405707716,-0.20851441405707716,-0.20851441405707716,-0.20851441405707716,-0.20851441405707716,-0.20851441405707716,-0.20851441405707716,-0.20851441405707716,-0.20851441405707716,-0.20851441405707716,-0.20851441405707716,-0.20851441405707716,-0.20851441405707716,-0.20851441405707716,-0.20851441405707716,4.795831523312717,-0.20851441405707716,-0.20851441405707716,-0.20851441405707716,-0.20851441405707716,-0.20851441405707716,-0.20851441405707716,-0.20851441405707716,-0.20851441405707716,-0.20851441405707716,-0.20851441405707716,-0.20851441405707716,-0.20851441405707716,-0.20851441405707716,-0.20851441405707716,-0.20851441405707716,-0.20851441405707716,-0.20851441405707716,-0.20851441405707716,-0.20851441405707716,-0.20851441405707716,-0.20851441405707716,-0.20851441405707716,-0.20851441405707716,4.795831523312717,-0.20851441405707716,-0.20851441405707716,-0.20851441405707716,-0.20851441405707716,-0.20851441405707716,-0.20851441405707716,-0.20851441405707716,-0.20851441405707716,-0.20851441405707716,-0.20851441405707716,-0.20851441405707716,-0.20851441405707716,-0.20851441405707716,-0.20851441405707716,-0.20851441405707716,-0.20851441405707716,-0.20851441405707716,-0.20851441405707716,-0.20851441405707716,-0.20851441405707716,-0.20851441405707716,-0.20851441405707716,-0.20851441405707716,4.795831523312717
598,-0.7197193339288648,-1.146162702331528,-1.3529231233752437,-1.4941478752488528,-1.545145702314323,-1.4477652361531086,-1.1632388978195134,-0.6290308903237529,-0.2314324467318758,0.2501624179090107,0.4541537261708908,0.39969450812812646,0.2960835382077824,0.25039317730749705,0.18578054573133593,0.1617815682887618,0.21001028257239635,0.467076252486123,1.0188219742668416,1.9455517185877809,1.8599399817493674,1.412728267482938,0.7993697863063801,0.018018463031803333,-0.20851441405707058,-0.20851441405707058,-0.20851441405707058,-0.20851441405707058,-0.20851441405707058,-0.20851441405707058,-0.20851441405707058,-0.20851441405707058,-0.20851441405707058,-0.20851441405707058,-0.20851441405707058,-0.20851441405707058,-0.20851441405707058,-0.20851441405707058,-0.20851441405707058,-0.20851441405707058,-0.20851441405707058,-0.20851441405707058,-0.20851441405707058,-0.20851441405707058,-0.20851441405707058,-0.20851441405707058,-0.20851441405707058,4.7958315233127236,-0.20851441405707058,-0.20851441405707058,-0.20851441405707058,-0.20851441405707058,-0.20851441405707058,-0.20851441405707058,-0.20851441405707058,-0.20851441405707058,-0.20851441405707058,-0.20851441405707058,-0.20851441405707058,-0.20851441405707058,-0.20851441405707058,-0.20851441405707058,-0.20851441405707058,-0.20851441405707058,-0.20851441405707058,-0.20851441405707058,-0.20851441405707058,-0.20851441405707058,-0.20851441405707058,-0.20851441405707058,-0.20851441405707058,4.7958315233127236,-0.20851441405707058,-0.20851441405707058,-0.20851441405707058,-0.20851441405707058,-0.20851441405707058,-0.20851441405707058,-0.20851441405707058,-0.20851441405707058,-0.20851441405707058,-0.20851441405707058,-0.20851441405707058,-0.20851441405707058,-0.20851441405707058,-0.20851441405707058,-0.20851441405707058,-0.20851441405707058,-0.20851441405707058,-0.20851441405707058,-0.20851441405707058,-0.20851441405707058,-0.20851441405707058,-0.20851441405707058,-0.20851441405707058,4.7958315233127236
599,-1.3358085928504961,-1.5886418939003955,-1.6925046647294166,-1.7154895102794074,-1.642656280942874,-1.4283225961892094,-0.7486894443329174,0.07488630278019223,0.4414945893025463,0.5936255357865482,0.7079751423977527,0.7763550579089755,0.7615585635861689,0.7810956823036611,0.7433143424308636,0.6655968334149571,0.565325444703122,0.5607284755931238,0.8753335490586236,1.229731136382545,1.0671133541163598,0.6710557342330798,0.1146788166386139,-0.47775557741240027,0.20851441405706242,0.20851441405706242,0.20851441405706242,0.20851441405706242,0.20851441405706242,0.20851441405706242,0.20851441405706242,0.20851441405706242,0.20851441405706242,0.20851441405706242,0.20851441405706242,0.20851441405706242,0.20851441405706242,0.20851441405706242,0.20851441405706242,0.20851441405706242,0.20851441405706242,0.20851441405706242,0.20851441405706242,0.20851441405706242,0.20851441405706242,0.20851441405706242,0.20851441405706242,-4.7958315233127315,0.20851441405706242,0.20851441405706242,0.20851441405706242,0.20851441405706242,0.20851441405706242,0.20851441405706242,0.20851441405706242,0.20851441405706242,0.20851441405706242,0.20851441405706242,0.20851441405706242,0.20851441405706242,0.20851441405706242,0.20851441405706242,0.20851441405706242,0.20851441405706242,0.20851441405706242,0.20851441405706242,0.20851441405706242,0.20851441405706242,0.20851441405706242,0.20851441405706242,0.20851441405706242,-4.7958315233127315,0.20851441405706242,0.20851441405706242,0.20851441405706242,0.20851441405706242,0.20851441405706242,0.20851441405706242,0.20851441405706242,0.20851441405706242,0.20851441405706242,0.20851441405706242,0.20851441405706242,0.20851441405706242,0.20851441405706242,0.20851441405706242,0.20851441405706242,0.20851441405706242,0.20851441405706242,0.20851441405706242,0.20851441405706242,0.20851441405706242,0.20851441405706242,0.20851441405706242,0.20851441405706242,-4.7958315233127315
600,-1.0612841764170362,-1.4490536677890669,-1.7236372516342264,-1.8700286158121402,-1.839217783438817,-1.5007775521878062,-0.6953855867815095,0.38059892200708123,0.6609296041187674,0.7144095463211677,0.7718805289864337,0.7586302746497197,0.7345243902540108,0.6708273844666743,0.6775323324442888,0.5625903671137568,0.4356752803946278,0.45786546536816103,0.6888668873588273,1.1414508758477968,1.0665789567644364,0.7578320665571465,0.15518495666442692,-0.4959932052567395,0.20851441405707713,0.20851441405707713,0.20851441405707713,0.20851441405707713,0.20851441405707713,0.20851441405707713,0.20851441405707713,0.20851441405707713,0.20851441405707713,0.20851441405707713,0.20851441405707713,0.20851441405707713,0.20851441405707713,0.20851441405707713,0.20851441405707713,0.20851441405707713,0.20851441405707713,0.20851441405707713,0.20851441405707713,0.20851441405707713,0.20851441405707713,0.20851441405707713,0.20851441405707713,-4.795831523312717,0.20851441405707713,0.20851441405707713,0.20851441405707713,0.20851441405707713,0.20851441405707713,0.20851441405707713,0.20851441405707713,0.20851441405707713,0.20851441405707713,0.20851441405707713,0.20851441405707713,0.20851441405707713,0.20851441405707713,0.20851441405707713,0.20851441405707713,0.20851441405707713,0.20851441405707713,0.20851441405707713,0.20851441405707713,0.20851441405707713,0.20851441405707713,0.20851441405707713,0.20851441405707713,-4.795831523312717,0.20851441405707713,0.20851441405707713,0.20851441405707713,0.20851441405707713,0.20851441405707713,0.20851441405707713,0.20851441405707713,0.20851441405707713,0.20851441405707713,0.20851441405707713,0.20851441405707713,0.20851441405707713,0.20851441405707713,0.20851441405707713,0.20851441405707713,0.20851441405707713,0.20851441405707713,0.20851441405707713,0.20851441405707713,0.20851441405707713,0.20851441405707713,0.20851441405707713,0.20851441405707713,-4.795831523312717
601,-1.1122102428879053,-1.4594673348030596,-1.6923488063252992,-1.813872902992771,-1.8092661071713896,-1.481230473683378,-0.7519270386502247,0.2877791217270325,0.5811843590405228,0.5818197791538168,0.608983988997134,0.6248694918294833,0.6242340717161893,0.6067600186006051,0.640913849690156,0.5743535928226127,0.4876187473579859,0.5333689955151516,0.7173231183137557,1.1611640674495933,1.4648948816041105,0.8070762093165289,0.246635669391248,-0.42865705601191784,0.20851441405707272,0.20851441405707272,0.20851441405707272,0.20851441405707272,0.20851441405707272,0.20851441405707272,0.20851441405707272,0.20851441405707272,0.20851441405707272,0.20851441405707272,0.20851441405707272,0.20851441405707272,0.20851441405707272,0.20851441405707272,0.20851441405707272,0.20851441405707272,0.20851441405707272,0.20851441405707272,0.20851441405707272,0.20851441405707272,0.20851441405707272,0.20851441405707272,0.20851441405707272,-4.795831523312722,0.20851441405707272,0.20851441405707272,0.20851441405707272,0.20851441405707272,0.20851441405707272,0.20851441405707272,0.20851441405707272,0.20851441405707272,0.20851441405707272,0.20851441405707272,0.20851441405707272,0.20851441405707272,0.20851441405707272,0.20851441405707272,0.20851441405707272,0.20851441405707272,0.20851441405707272,0.20851441405707272,0.20851441405707272,0.20851441405707272,0.20851441405707272,0.20851441405707272,0.20851441405707272,-4.795831523312722,0.20851441405707272,0.20851441405707272,0.20851441405707272,0.20851441405707272,0.20851441405707272,0.20851441405707272,0.20851441405707272,0.20851441405707272,0.20851441405707272,0.20851441405707272,0.20851441405707272,0.20851441405707272,0.20851441405707272,0.20851441405707272,0.20851441405707272,0.20851441405707272,0.20851441405707272,0.20851441405707272,0.20851441405707272,0.20851441405707272,0.20851441405707272,0.20851441405707272,0.20851441405707272,-4.795831523312722
602,-1.0898249425145725,-1.5117180624504922,-1.7060503170234391,-1.7880982138082895,-1.7641610155140528,-1.5258914035457638,-0.8290354663615741,0.19506716855566544,0.47475443283569274,0.5204240874760125,0.5361722442485366,0.5917632376555465,0.6035743552349395,0.6243619221746713,0.6653071297832339,0.6382203001344925,0.5988499082031823,0.6895592912129209,0.8980648868811395,1.2527133773983814,1.1557047316796332,0.8690882784196952,0.27412291555373625,-0.3729688462292774,0.20851441405707316,0.20851441405707316,0.20851441405707316,0.20851441405707316,0.20851441405707316,0.20851441405707316,0.20851441405707316,0.20851441405707316,0.20851441405707316,0.20851441405707316,0.20851441405707316,0.20851441405707316,0.20851441405707316,0.20851441405707316,0.20851441405707316,0.20851441405707316,0.20851441405707316,0.20851441405707316,0.20851441405707316,0.20851441405707316,0.20851441405707316,0.20851441405707316,0.20851441405707316,-4.795831523312721,0.20851441405707316,0.20851441405707316,0.20851441405707316,0.20851441405707316,0.20851441405707316,0.20851441405707316,0.20851441405707316,0.20851441405707316,0.20851441405707316,0.20851441405707316,0.20851441405707316,0.20851441405707316,0.20851441405707316,0.20851441405707316,0.20851441405707316,0.20851441405707316,0.20851441405707316,0.20851441405707316,0.20851441405707316,0.20851441405707316,0.20851441405707316,0.20851441405707316,0.20851441405707316,-4.795831523312721,0.20851441405707316,0.20851441405707316,0.20851441405707316,0.20851441405707316,0.20851441405707316,0.20851441405707316,0.20851441405707316,0.20851441405707316,0.20851441405707316,0.20851441405707316,0.20851441405707316,0.20851441405707316,0.20851441405707316,0.20851441405707316,0.20851441405707316,0.20851441405707316,0.20851441405707316,0.20851441405707316,0.20851441405707316,0.20851441405707316,0.20851441405707316,0.20851441405707316,0.20851441405707316,-4.795831523312721
603,-1.0634345442564064,-1.399286085070194,-1.6637181011464508,-1.8299278417827631,-1.8302547045962072,-1.6187744642978905,-0.8962442151797619,0.07895098873063691,0.42656959082841106,0.6145157085587544,0.7923290790723314,0.8452808548502716,0.8451174234435496,0.8058938858302606,0.8111236908453657,0.7316960271784554,0.6408281650410025,0.5975188422596625,0.742645931428832,0.9959646118479903,0.8843409610568386,0.5529020682245462,0.2463047492140035,-0.31034262208125685,-0.20851441405707588,-0.20851441405707588,-0.20851441405707588,-0.20851441405707588,-0.20851441405707588,-0.20851441405707588,-0.20851441405707588,-0.20851441405707588,-0.20851441405707588,-0.20851441405707588,-0.20851441405707588,-0.20851441405707588,-0.20851441405707588,-0.20851441405707588,-0.20851441405707588,-0.20851441405707588,-0.20851441405707588,-0.20851441405707588,-0.20851441405707588,-0.20851441405707588,-0.20851441405707588,-0.20851441405707588,-0.20851441405707588,4.795831523312719,-0.20851441405707588,-0.20851441405707588,-0.20851441405707588,-0.20851441405707588,-0.20851441405707588,-0.20851441405707588,-0.20851441405707588,-0.20851441405707588,-0.20851441405707588,-0.20851441405707588,-0.20851441405707588,-0.20851441405707588,-0.20851441405707588,-0.20851441405707588,-0.20851441405707588,-0.20851441405707588,-0.20851441405707588,-0.20851441405707588,-0.20851441405707588,-0.20851441405707588,-0.20851441405707588,-0.20851441405707588,-0.20851441405707588,4.795831523312719,-0.20851441405707588,-0.20851441405707588,-0.20851441405707588,-0.20851441405707588,-0.20851441405707588,-0.20851441405707588,-0.20851441405707588,-0.20851441405707588,-0.20851441405707588,-0.20851441405707588,-0.20851441405707588,-0.20851441405707588,-0.20851441405707588,-0.20851441405707588,-0.20851441405707588,-0.20851441405707588,-0.20851441405707588,-0.20851441405707588,-0.20851441405707588,-0.20851441405707588,-0.20851441405707588,-0.20851441405707588,-0.20851441405707588,4.795831523312719
604,-0.908861545390779,-1.31888759690332,-1.5375238545169765,-1.67220556133471,-1.650496996748957,-1.534422631004726,-1.018733464110509,-0.37190684584113043,0.21112317446195336,0.8541840213235994,1.1463635793706235,1.0912061040455976,0.846652478508134,0.5349795155269642,0.18808551408523577,-0.05403143583545973,-0.10564465571791358,0.024828247761765884,0.5201379458611942,1.2648746207316226,1.343955820294009,1.1443699356841768,0.8165263072462725,0.18542732250330682,-0.2085144140570758,-0.2085144140570758,-0.2085144140570758,-0.2085144140570758,-0.2085144140570758,-0.2085144140570758,-0.2085144140570758,-0.2085144140570758,-0.2085144140570758,-0.2085144140570758,-0.2085144140570758,-0.2085144140570758,-0.2085144140570758,-0.2085144140570758,-0.2085144140570758,-0.2085144140570758,-0.2085144140570758,-0.2085144140570758,-0.2085144140570758,-0.2085144140570758,-0.2085144140570758,-0.2085144140570758,-0.2085144140570758,4.795831523312718,-0.2085144140570758,-0.2085144140570758,-0.2085144140570758,-0.2085144140570758,-0.2085144140570758,-0.2085144140570758,-0.2085144140570758,-0.2085144140570758,-0.2085144140570758,-0.2085144140570758,-0.2085144140570758,-0.2085144140570758,-0.2085144140570758,-0.2085144140570758,-0.2085144140570758,-0.2085144140570758,-0.2085144140570758,-0.2085144140570758,-0.2085144140570758,-0.2085144140570758,-0.2085144140570758,-0.2085144140570758,-0.2085144140570758,4.795831523312718,-0.2085144140570758,-0.2085144140570758,-0.2085144140570758,-0.2085144140570758,-0.2085144140570758,-0.2085144140570758,-0.2085144140570758,-0.2085144140570758,-0.2085144140570758,-0.2085144140570758,-0.2085144140570758,-0.2085144140570758,-0.2085144140570758,-0.2085144140570758,-0.2085144140570758,-0.2085144140570758,-0.2085144140570758,-0.2085144140570758,-0.2085144140570758,-0.2085144140570758,-0.2085144140570758,-0.2085144140570758,-0.2085144140570758,4.795831523312718
605,-0.10874292582417873,-0.7820083588933971,-1.1637950133815975,-1.2904956154006297,-1.2948762213215004,-0.9889077462329867,-0.4190920068335632,0.33201342375266696,0.7990534088547374,1.154893397503934,1.033584310464435,0.5887843246529394,0.02065343368462001,-0.38168837166305103,-0.776279874227643,-1.0364204719901238,-0.9899186552916492,-0.5798265471608991,0.4088425122110162,2.0023721583493215,1.9717079169032259,1.5258970220330679,0.48567160066936543,-0.5114217008580706,-0.20851441405707444,-0.20851441405707444,-0.20851441405707444,-0.20851441405707444,-0.20851441405707444,-0.20851441405707444,-0.20851441405707444,-0.20851441405707444,-0.20851441405707444,-0.20851441405707444,-0.20851441405707444,-0.20851441405707444,-0.20851441405707444,-0.20851441405707444,-0.20851441405707444,-0.20851441405707444,-0.20851441405707444,-0.20851441405707444,-0.20851441405707444,-0.20851441405707444,-0.20851441405707444,-0.20851441405707444,-0.20851441405707444,4.79583152331272,-0.20851441405707444,-0.20851441405707444,-0.20851441405707444,-0.20851441405707444,-0.20851441405707444,-0.20851441405707444,-0.20851441405707444,-0.20851441405707444,-0.20851441405707444,-0.20851441405707444,-0.20851441405707444,-0.20851441405707444,-0.20851441405707444,-0.20851441405707444,-0.20851441405707444,-0.20851441405707444,-0.20851441405707444,-0.20851441405707444,-0.20851441405707444,-0.20851441405707444,-0.20851441405707444,-0.20851441405707444,-0.20851441405707444,4.79583152331272,-0.20851441405707444,-0.20851441405707444,-0.20851441405707444,-0.20851441405707444,-0.20851441405707444,-0.20851441405707444,-0.20851441405707444,-0.20851441405707444,-0.20851441405707444,-0.20851441405707444,-0.20851441405707444,-0.20851441405707444,-0.20851441405707444,-0.20851441405707444,-0.20851441405707444,-0.20851441405707444,-0.20851441405707444,-0.20851441405707444,-0.20851441405707444,-0.20851441405707444,-0.20851441405707444,-0.20851441405707444,-0.20851441405707444,4.79583152331272
606,-1.2523924195996317,-1.5626885049574153,-1.7213666509964638,-1.764433911990377,-1.7238377233485735,-1.3312902296991365,-0.412580830218327,0.7043438729352872,1.0289368769017058,0.9828690280516594,0.9443909014259502,0.8363697386051518,0.6701018703417662,0.5617276971849522,0.48177085607740044,0.34674440255140254,0.19283189604856565,0.18930179268840885,0.487772031789667,1.143665236106802,1.087183582344293,0.7087565021354832,0.08022159885956347,-0.6783976132381346,0.20851441405707413,0.20851441405707413,0.20851441405707413,0.20851441405707413,0.20851441405707413,0.20851441405707413,0.20851441405707413,0.20851441405707413,0.20851441405707413,0.20851441405707413,0.20851441405707413,0.20851441405707413,0.20851441405707413,0.20851441405707413,0.20851441405707413,0.20851441405707413,0.20851441405707413,0.20851441405707413,0.20851441405707413,0.20851441405707413,0.20851441405707413,0.20851441405707413,0.20851441405707413,-4.79583152331272,0.20851441405707413,0.20851441405707413,0.20851441405707413,0.20851441405707413,0.20851441405707413,0.20851441405707413,0.20851441405707413,0.20851441405707413,0.20851441405707413,0.20851441405707413,0.20851441405707413,0.20851441405707413,0.20851441405707413,0.20851441405707413,0.20851441405707413,0.20851441405707413,0.20851441405707413,0.20851441405707413,0.20851441405707413,0.20851441405707413,0.20851441405707413,0.20851441405707413,0.20851441405707413,-4.79583152331272,0.20851441405707413,0.20851441405707413,0.20851441405707413,0.20851441405707413,0.20851441405707413,0.20851441405707413,0.20851441405707413,0.20851441405707413,0.20851441405707413,0.20851441405707413,0.20851441405707413,0.20851441405707413,0.20851441405707413,0.20851441405707413,0.20851441405707413,0.20851441405707413,0.20851441405707413,0.20851441405707413,0.20851441405707413,0.20851441405707413,0.20851441405707413,0.20851441405707413,0.20851441405707413,-4.79583152331272
607,-0.9933422427205385,-1.3807001909091674,-1.6673042263879243,-1.8099254744468307,-1.7888216143521953,-1.596504179618825,-0.8796537060816967,0.14354312366787986,0.4725250717560255,0.6255280574421315,0.7026252237555975,0.781594506690362,0.7912954746370895,0.8061022151873578,0.7792118128087095,0.6102107396315091,0.5317520339570988,0.5516645471109078,0.7720637311637525,1.1863120817310295,1.07585720107443,0.6978598359922928,0.12090753179218229,-0.5328015538811582,0.20851441405707846,0.20851441405707846,0.20851441405707846,0.20851441405707846,0.20851441405707846,0.20851441405707846,0.20851441405707846,0.20851441405707846,0.20851441405707846,0.20851441405707846,0.20851441405707846,0.20851441405707846,0.20851441405707846,0.20851441405707846,0.20851441405707846,0.20851441405707846,0.20851441405707846,0.20851441405707846,0.20851441405707846,0.20851441405707846,0.20851441405707846,0.20851441405707846,0.20851441405707846,-4.7958315233127164,0.20851441405707846,0.20851441405707846,0.20851441405707846,0.20851441405707846,0.20851441405707846,0.20851441405707846,0.20851441405707846,0.20851441405707846,0.20851441405707846,0.20851441405707846,0.20851441405707846,0.20851441405707846,0.20851441405707846,0.20851441405707846,0.20851441405707846,0.20851441405707846,0.20851441405707846,0.20851441405707846,0.20851441405707846,0.20851441405707846,0.20851441405707846,0.20851441405707846,0.20851441405707846,-4.7958315233127164,0.20851441405707846,0.20851441405707846,0.20851441405707846,0.20851441405707846,0.20851441405707846,0.20851441405707846,0.20851441405707846,0.20851441405707846,0.20851441405707846,0.20851441405707846,0.20851441405707846,0.20851441405707846,0.20851441405707846,0.20851441405707846,0.20851441405707846,0.20851441405707846,0.20851441405707846,0.20851441405707846,0.20851441405707846,0.20851441405707846,0.20851441405707846,0.20851441405707846,0.20851441405707846,-4.7958315233127164
608,-0.9813216999082301,-1.3872869286642577,-1.6015346933059253,-1.736016797695633,-1.765264206454685,-1.6696853539071612,-1.0623468179536422,-0.15581708617785928,0.2223001313673962,0.3405492241970561,0.4853868704440359,0.6078341559185357,0.6279854806137677,0.6551337930503996,0.6948766834215516,0.6555536123148836,0.5948197587195317,0.6288251191427356,0.8304783058498834,1.283603231982947,1.2544957629787228,1.0182774568290591,0.5191123513575838,-0.05995835412067941,0.20851441405707846,0.20851441405707846,0.20851441405707846,0.20851441405707846,0.20851441405707846,0.20851441405707846,0.20851441405707846,0.20851441405707846,0.20851441405707846,0.20851441405707846,0.20851441405707846,0.20851441405707846,0.20851441405707846,0.20851441405707846,0.20851441405707846,0.20851441405707846,0.20851441405707846,0.20851441405707846,0.20851441405707846,0.20851441405707846,0.20851441405707846,0.20851441405707846,0.20851441405707846,-4.795831523312716,0.20851441405707846,0.20851441405707846,0.20851441405707846,0.20851441405707846,0.20851441405707846,0.20851441405707846,0.20851441405707846,0.20851441405707846,0.20851441405707846,0.20851441405707846,0.20851441405707846,0.20851441405707846,0.20851441405707846,0.20851441405707846,0.20851441405707846,0.20851441405707846,0.20851441405707846,0.20851441405707846,0.20851441405707846,0.20851441405707846,0.20851441405707846,0.20851441405707846,0.20851441405707846,-4.795831523312716,0.20851441405707846,0.20851441405707846,0.20851441405707846,0.20851441405707846,0.20851441405707846,0.20851441405707846,0.20851441405707846,0.20851441405707846,0.20851441405707846,0.20851441405707846,0.20851441405707846,0.20851441405707846,0.20851441405707846,0.20851441405707846,0.20851441405707846,0.20851441405707846,0.20851441405707846,0.20851441405707846,0.20851441405707846,0.20851441405707846,0.20851441405707846,0.20851441405707846,0.20851441405707846,-4.795831523312716
609,-1.133633559914822,-1.5186735254602657,-1.7543165409252843,-1.8423669173011872,-1.7393407596974155,-1.2962019802318063,-0.2848856696028408,0.9202136414927634,1.2049339159213999,1.0986599985332712,0.8915250967309426,0.6537169080763526,0.45939261431232126,0.2194192524681599,0.13154930719138808,-0.051949120624786425,-0.07360085252050023,0.007773573187557483,0.36538801166509716,1.0806168886201766,1.2094446933996736,1.0291940253678562,0.5467212662917003,-0.12358026697977292,-0.20851441405707485,-0.20851441405707485,-0.20851441405707485,-0.20851441405707485,-0.20851441405707485,-0.20851441405707485,-0.20851441405707485,-0.20851441405707485,-0.20851441405707485,-0.20851441405707485,-0.20851441405707485,-0.20851441405707485,-0.20851441405707485,-0.20851441405707485,-0.20851441405707485,-0.20851441405707485,-0.20851441405707485,-0.20851441405707485,-0.20851441405707485,-0.20851441405707485,-0.20851441405707485,-0.20851441405707485,-0.20851441405707485,4.795831523312719,-0.20851441405707485,-0.20851441405707485,-0.20851441405707485,-0.20851441405707485,-0.20851441405707485,-0.20851441405707485,-0.20851441405707485,-0.20851441405707485,-0.20851441405707485,-0.20851441405707485,-0.20851441405707485,-0.20851441405707485,-0.20851441405707485,-0.20851441405707485,-0.20851441405707485,-0.20851441405707485,-0.20851441405707485,-0.20851441405707485,-0.20851441405707485,-0.20851441405707485,-0.20851441405707485,-0.20851441405707485,-0.20851441405707485,4.795831523312719,-0.20851441405707485,-0.20851441405707485,-0.20851441405707485,-0.20851441405707485,-0.20851441405707485,-0.20851441405707485,-0.20851441405707485,-0.20851441405707485,-0.20851441405707485,-0.20851441405707485,-0.20851441405707485,-0.20851441405707485,-0.20851441405707485,-0.20851441405707485,-0.20851441405707485,-0.20851441405707485,-0.20851441405707485,-0.20851441405707485,-0.20851441405707485,-0.20851441405707485,-0.20851441405707485,-0.20851441405707485,-0.20851441405707485,4.795831523312719
610,-0.9924339156901563,-1.3335978543007199,-1.5070176012839085,-1.5236238558435107,-1.411794394758594,-0.9825542452559625,0.24588818064676946,1.5447495341123718,1.890958410816992,1.599613235885235,1.2620227950912948,0.9820287308711649,0.5897847940582803,0.23285542390379044,-0.02653847643227582,-0.3115774787464621,-0.5158974715557461,-0.4681807654161293,-0.18608464365680927,0.5868419135034141,0.6696629805475065,0.4388570627444265,-0.049450903609448614,-0.7345114556315231,-0.20851441405707324,-0.20851441405707324,-0.20851441405707324,-0.20851441405707324,-0.20851441405707324,-0.20851441405707324,-0.20851441405707324,-0.20851441405707324,-0.20851441405707324,-0.20851441405707324,-0.20851441405707324,-0.20851441405707324,-0.20851441405707324,-0.20851441405707324,-0.20851441405707324,-0.20851441405707324,-0.20851441405707324,-0.20851441405707324,-0.20851441405707324,-0.20851441405707324,-0.20851441405707324,-0.20851441405707324,-0.20851441405707324,4.795831523312721,-0.20851441405707324,-0.20851441405707324,-0.20851441405707324,-0.20851441405707324,-0.20851441405707324,-0.20851441405707324,-0.20851441405707324,-0.20851441405707324,-0.20851441405707324,-0.20851441405707324,-0.20851441405707324,-0.20851441405707324,-0.20851441405707324,-0.20851441405707324,-0.20851441405707324,-0.20851441405707324,-0.20851441405707324,-0.20851441405707324,-0.20851441405707324,-0.20851441405707324,-0.20851441405707324,-0.20851441405707324,-0.20851441405707324,4.795831523312721,-0.20851441405707324,-0.20851441405707324,-0.20851441405707324,-0.20851441405707324,-0.20851441405707324,-0.20851441405707324,-0.20851441405707324,-0.20851441405707324,-0.20851441405707324,-0.20851441405707324,-0.20851441405707324,-0.20851441405707324,-0.20851441405707324,-0.20851441405707324,-0.20851441405707324,-0.20851441405707324,-0.20851441405707324,-0.20851441405707324,-0.20851441405707324,-0.20851441405707324,-0.20851441405707324,-0.20851441405707324,-0.20851441405707324,4.795831523312721
611,0.28806614971317684,-0.46047489518537543,-0.8637644044647147,-0.9549137861745285,-1.0096034152004167,-0.7086244364116847,0.03842845531609506,0.9685241870488887,1.5477878087720724,1.8171435326818894,1.6500983392626798,1.1035740872964903,0.4725971428889631,-0.19744382225134138,-0.766290371779118,-1.222781356913573,-1.428518532772867,-1.2212932037428006,-0.5940366422622045,0.93169239607227,1.0574413390025437,0.7032608843586959,-0.03932754785676648,-1.1115419073983308,-0.20851441405707452,-0.20851441405707452,-0.20851441405707452,-0.20851441405707452,-0.20851441405707452,-0.20851441405707452,-0.20851441405707452,-0.20851441405707452,-0.20851441405707452,-0.20851441405707452,-0.20851441405707452,-0.20851441405707452,-0.20851441405707452,-0.20851441405707452,-0.20851441405707452,-0.20851441405707452,-0.20851441405707452,-0.20851441405707452,-0.20851441405707452,-0.20851441405707452,-0.20851441405707452,-0.20851441405707452,-0.20851441405707452,4.79583152331272,-0.20851441405707452,-0.20851441405707452,-0.20851441405707452,-0.20851441405707452,-0.20851441405707452,-0.20851441405707452,-0.20851441405707452,-0.20851441405707452,-0.20851441405707452,-0.20851441405707452,-0.20851441405707452,-0.20851441405707452,-0.20851441405707452,-0.20851441405707452,-0.20851441405707452,-0.20851441405707452,-0.20851441405707452,-0.20851441405707452,-0.20851441405707452,-0.20851441405707452,-0.20851441405707452,-0.20851441405707452,-0.20851441405707452,4.79583152331272,-0.20851441405707452,-0.20851441405707452,-0.20851441405707452,-0.20851441405707452,-0.20851441405707452,-0.20851441405707452,-0.20851441405707452,-0.20851441405707452,-0.20851441405707452,-0.20851441405707452,-0.20851441405707452,-0.20851441405707452,-0.20851441405707452,-0.20851441405707452,-0.20851441405707452,-0.20851441405707452,-0.20851441405707452,-0.20851441405707452,-0.20851441405707452,-0.20851441405707452,-0.20851441405707452,-0.20851441405707452,-0.20851441405707452,4.79583152331272
612,-0.4724008780205601,-0.9719462988844546,-1.378792569484946,-1.484938818706312,-1.4815055168447044,-1.2706435608443092,-1.1318809439376718,-0.6374854758661884,-0.14309000779470518,0.4036633136662928,0.55301194464622,0.4889236432295463,0.2937976540948521,0.13844074485711166,-0.03293823973479717,-0.1728452905953037,-0.1113319655748356,0.2706228665290013,0.9858940876972352,2.0007208962907255,2.071389692942147,1.5729887060321215,0.7072244199300912,-0.19687840362655637,0.20851441405688215,0.20851441405688215,0.20851441405688215,0.20851441405688215,0.20851441405688215,0.20851441405688215,0.20851441405688215,0.20851441405688215,0.20851441405688215,0.20851441405688215,0.20851441405688215,0.20851441405688215,0.20851441405688215,0.20851441405688215,0.20851441405688215,0.20851441405688215,0.20851441405688215,0.20851441405688215,0.20851441405688215,0.20851441405688215,0.20851441405688215,0.20851441405688215,0.20851441405688215,-4.795831523312912,0.20851441405688215,0.20851441405688215,0.20851441405688215,0.20851441405688215,0.20851441405688215,0.20851441405688215,0.20851441405688215,0.20851441405688215,0.20851441405688215,0.20851441405688215,0.20851441405688215,0.20851441405688215,0.20851441405688215,0.20851441405688215,0.20851441405688215,0.20851441405688215,0.20851441405688215,0.20851441405688215,0.20851441405688215,0.20851441405688215,0.20851441405688215,0.20851441405688215,0.20851441405688215,-4.795831523312912,0.20851441405688215,0.20851441405688215,0.20851441405688215,0.20851441405688215,0.20851441405688215,0.20851441405688215,0.20851441405688215,0.20851441405688215,0.20851441405688215,0.20851441405688215,0.20851441405688215,0.20851441405688215,0.20851441405688215,0.20851441405688215,0.20851441405688215,0.20851441405688215,0.20851441405688215,0.20851441405688215,0.20851441405688215,0.20851441405688215,0.20851441405688215,0.20851441405688215,0.20851441405688215,-4.795831523312912
613,-1.3067955815681283,-1.5300723363278292,-1.653860857212529,-1.7401983475293406,-1.7463448907141466,-1.507058535100997,-0.7691874671947379,0.14836278171852807,0.510151172433511,0.6366556077487067,0.7673053861420273,0.8409209614949377,0.8256260749653038,0.7380020988656261,0.7185618692578671,0.612498263603771,0.5394544597099123,0.5554640605633607,0.7876032729383637,1.1332391199351353,1.0180271709362114,0.6552381801678879,0.18038198342542502,-0.4139744482588497,0.20851441405707585,0.20851441405707585,0.20851441405707585,0.20851441405707585,0.20851441405707585,0.20851441405707585,0.20851441405707585,0.20851441405707585,0.20851441405707585,0.20851441405707585,0.20851441405707585,0.20851441405707585,0.20851441405707585,0.20851441405707585,0.20851441405707585,0.20851441405707585,0.20851441405707585,0.20851441405707585,0.20851441405707585,0.20851441405707585,0.20851441405707585,0.20851441405707585,0.20851441405707585,-4.795831523312718,0.20851441405707585,0.20851441405707585,0.20851441405707585,0.20851441405707585,0.20851441405707585,0.20851441405707585,0.20851441405707585,0.20851441405707585,0.20851441405707585,0.20851441405707585,0.20851441405707585,0.20851441405707585,0.20851441405707585,0.20851441405707585,0.20851441405707585,0.20851441405707585,0.20851441405707585,0.20851441405707585,0.20851441405707585,0.20851441405707585,0.20851441405707585,0.20851441405707585,0.20851441405707585,-4.795831523312718,0.20851441405707585,0.20851441405707585,0.20851441405707585,0.20851441405707585,0.20851441405707585,0.20851441405707585,0.20851441405707585,0.20851441405707585,0.20851441405707585,0.20851441405707585,0.20851441405707585,0.20851441405707585,0.20851441405707585,0.20851441405707585,0.20851441405707585,0.20851441405707585,0.20851441405707585,0.20851441405707585,0.20851441405707585,0.20851441405707585,0.20851441405707585,0.20851441405707585,0.20851441405707585,-4.795831523312718
614,-1.133061171526401,-1.4904775339914362,-1.73401826825476,-1.8164744304120217,-1.748850808062546,-1.5604935014711998,-0.7907963282198567,0.2546584937160229,0.5975612957239772,0.6935740802862045,0.7576889297779243,0.792936148030835,0.7257909947074169,0.6699696083340291,0.6071306762451295,0.4648658858306665,0.3092039626865905,0.3336058830155286,0.5423778680519995,1.1310542597782132,1.2216443953784542,0.9576889826700057,0.41558357614673264,-0.20116299844152766,0.20851441405707816,0.20851441405707816,0.20851441405707816,0.20851441405707816,0.20851441405707816,0.20851441405707816,0.20851441405707816,0.20851441405707816,0.20851441405707816,0.20851441405707816,0.20851441405707816,0.20851441405707816,0.20851441405707816,0.20851441405707816,0.20851441405707816,0.20851441405707816,0.20851441405707816,0.20851441405707816,0.20851441405707816,0.20851441405707816,0.20851441405707816,0.20851441405707816,0.20851441405707816,-4.7958315233127164,0.20851441405707816,0.20851441405707816,0.20851441405707816,0.20851441405707816,0.20851441405707816,0.20851441405707816,0.20851441405707816,0.20851441405707816,0.20851441405707816,0.20851441405707816,0.20851441405707816,0.20851441405707816,0.20851441405707816,0.20851441405707816,0.20851441405707816,0.20851441405707816,0.20851441405707816,0.20851441405707816,0.20851441405707816,0.20851441405707816,0.20851441405707816,0.20851441405707816,0.20851441405707816,-4.7958315233127164,0.20851441405707816,0.20851441405707816,0.20851441405707816,0.20851441405707816,0.20851441405707816,0.20851441405707816,0.20851441405707816,0.20851441405707816,0.20851441405707816,0.20851441405707816,0.20851441405707816,0.20851441405707816,0.20851441405707816,0.20851441405707816,0.20851441405707816,0.20851441405707816,0.20851441405707816,0.20851441405707816,0.20851441405707816,0.20851441405707816,0.20851441405707816,0.20851441405707816,0.20851441405707816,-4.7958315233127164
615,-0.9505852395984833,-1.382280454131879,-1.690788278611017,-1.7785943517320026,-1.6236932202802394,-1.3287769992571752,-0.1402667859315999,1.2195407788879864,1.4514609965908352,1.2266601902221204,0.9751076564160538,0.743187438713205,0.5030691109892325,0.3140811010285855,0.22260745237183402,0.02261671580388916,-0.15601578676165384,-0.1622722391461958,0.16867251802233432,1.0404767968476474,1.1369124594645528,0.8428591973910805,0.09704692520619873,-0.7510259825053345,0.20851441405707485,0.20851441405707485,0.20851441405707485,0.20851441405707485,0.20851441405707485,0.20851441405707485,0.20851441405707485,0.20851441405707485,0.20851441405707485,0.20851441405707485,0.20851441405707485,0.20851441405707485,0.20851441405707485,0.20851441405707485,0.20851441405707485,0.20851441405707485,0.20851441405707485,0.20851441405707485,0.20851441405707485,0.20851441405707485,0.20851441405707485,0.20851441405707485,0.20851441405707485,-4.795831523312719,0.20851441405707485,0.20851441405707485,0.20851441405707485,0.20851441405707485,0.20851441405707485,0.20851441405707485,0.20851441405707485,0.20851441405707485,0.20851441405707485,0.20851441405707485,0.20851441405707485,0.20851441405707485,0.20851441405707485,0.20851441405707485,0.20851441405707485,0.20851441405707485,0.20851441405707485,0.20851441405707485,0.20851441405707485,0.20851441405707485,0.20851441405707485,0.20851441405707485,0.20851441405707485,-4.795831523312719,0.20851441405707485,0.20851441405707485,0.20851441405707485,0.20851441405707485,0.20851441405707485,0.20851441405707485,0.20851441405707485,0.20851441405707485,0.20851441405707485,0.20851441405707485,0.20851441405707485,0.20851441405707485,0.20851441405707485,0.20851441405707485,0.20851441405707485,0.20851441405707485,0.20851441405707485,0.20851441405707485,0.20851441405707485,0.20851441405707485,0.20851441405707485,0.20851441405707485,0.20851441405707485,-4.795831523312719
616,-1.2073858805015483,-1.570399105635444,-1.781737498089633,-1.8476908909728704,-1.7554999085502523,-1.4406488340776853,-0.5688779652041565,0.532561666897649,0.8308794657700584,0.6989726800035835,0.6044454738548561,0.5782078843154755,0.51117623432788,0.46517059787526743,0.49482266824511534,0.4394721368880659,0.42455624694444544,0.4691242072579138,0.6488337246509315,1.1967680431822425,1.2494229317783967,0.9205545149491743,0.41485193300522244,-0.3075803269147087,0.208514414057072,0.208514414057072,0.208514414057072,0.208514414057072,0.208514414057072,0.208514414057072,0.208514414057072,0.208514414057072,0.208514414057072,0.208514414057072,0.208514414057072,0.208514414057072,0.208514414057072,0.208514414057072,0.208514414057072,0.208514414057072,0.208514414057072,0.208514414057072,0.208514414057072,0.208514414057072,0.208514414057072,0.208514414057072,0.208514414057072,-4.795831523312722,0.208514414057072,0.208514414057072,0.208514414057072,0.208514414057072,0.208514414057072,0.208514414057072,0.208514414057072,0.208514414057072,0.208514414057072,0.208514414057072,0.208514414057072,0.208514414057072,0.208514414057072,0.208514414057072,0.208514414057072,0.208514414057072,0.208514414057072,0.208514414057072,0.208514414057072,0.208514414057072,0.208514414057072,0.208514414057072,0.208514414057072,-4.795831523312722,0.208514414057072,0.208514414057072,0.208514414057072,0.208514414057072,0.208514414057072,0.208514414057072,0.208514414057072,0.208514414057072,0.208514414057072,0.208514414057072,0.208514414057072,0.208514414057072,0.208514414057072,0.208514414057072,0.208514414057072,0.208514414057072,0.208514414057072,0.208514414057072,0.208514414057072,0.208514414057072,0.208514414057072,0.208514414057072,0.208514414057072,-4.795831523312722
617,-1.2389756999601844,-1.5684386316687762,-1.7565793058286825,-1.8075593594720119,-1.8280207415465455,-1.4343992389262807,-0.6365787395624755,0.4170090357329996,0.7841001022735724,0.8519001055883405,0.8638648120556526,0.8711476768618425,0.7657195387150931,0.6589041882243076,0.5780990691842004,0.40400392000766044,0.2879982877376353,0.3100202836992096,0.48394203133274505,1.0487108568984729,1.0310238995120116,0.7535814307047766,0.35718550339643956,-0.1966590249600034,-0.20851441405707427,-0.20851441405707427,-0.20851441405707427,-0.20851441405707427,-0.20851441405707427,-0.20851441405707427,-0.20851441405707427,-0.20851441405707427,-0.20851441405707427,-0.20851441405707427,-0.20851441405707427,-0.20851441405707427,-0.20851441405707427,-0.20851441405707427,-0.20851441405707427,-0.20851441405707427,-0.20851441405707427,-0.20851441405707427,-0.20851441405707427,-0.20851441405707427,-0.20851441405707427,-0.20851441405707427,-0.20851441405707427,4.795831523312719,-0.20851441405707427,-0.20851441405707427,-0.20851441405707427,-0.20851441405707427,-0.20851441405707427,-0.20851441405707427,-0.20851441405707427,-0.20851441405707427,-0.20851441405707427,-0.20851441405707427,-0.20851441405707427,-0.20851441405707427,-0.20851441405707427,-0.20851441405707427,-0.20851441405707427,-0.20851441405707427,-0.20851441405707427,-0.20851441405707427,-0.20851441405707427,-0.20851441405707427,-0.20851441405707427,-0.20851441405707427,-0.20851441405707427,4.795831523312719,-0.20851441405707427,-0.20851441405707427,-0.20851441405707427,-0.20851441405707427,-0.20851441405707427,-0.20851441405707427,-0.20851441405707427,-0.20851441405707427,-0.20851441405707427,-0.20851441405707427,-0.20851441405707427,-0.20851441405707427,-0.20851441405707427,-0.20851441405707427,-0.20851441405707427,-0.20851441405707427,-0.20851441405707427,-0.20851441405707427,-0.20851441405707427,-0.20851441405707427,-0.20851441405707427,-0.20851441405707427,-0.20851441405707427,4.795831523312719
618,-0.5813835798330524,-1.088358988642559,-1.5026701124821296,-1.6681803093359464,-1.7530779345829688,-1.5479309915570407,-1.0393486876324485,-0.4978250338486013,0.20786973752649124,0.8854438443875857,1.1626332517398517,1.031403484007861,0.8356300958199322,0.44381550359156013,0.16073414748398032,-0.0894058587643447,-0.17805290594656695,0.06699859910398699,0.5624579262553803,1.38599167273675,1.529540969684397,1.2084297625197913,0.6106647797079482,-0.14537937193982642,-0.2085144140570818,-0.2085144140570818,-0.2085144140570818,-0.2085144140570818,-0.2085144140570818,-0.2085144140570818,-0.2085144140570818,-0.2085144140570818,-0.2085144140570818,-0.2085144140570818,-0.2085144140570818,-0.2085144140570818,-0.2085144140570818,-0.2085144140570818,-0.2085144140570818,-0.2085144140570818,-0.2085144140570818,-0.2085144140570818,-0.2085144140570818,-0.2085144140570818,-0.2085144140570818,-0.2085144140570818,-0.2085144140570818,4.795831523312713,-0.2085144140570818,-0.2085144140570818,-0.2085144140570818,-0.2085144140570818,-0.2085144140570818,-0.2085144140570818,-0.2085144140570818,-0.2085144140570818,-0.2085144140570818,-0.2085144140570818,-0.2085144140570818,-0.2085144140570818,-0.2085144140570818,-0.2085144140570818,-0.2085144140570818,-0.2085144140570818,-0.2085144140570818,-0.2085144140570818,-0.2085144140570818,-0.2085144140570818,-0.2085144140570818,-0.2085144140570818,-0.2085144140570818,4.795831523312713,-0.2085144140570818,-0.2085144140570818,-0.2085144140570818,-0.2085144140570818,-0.2085144140570818,-0.2085144140570818,-0.2085144140570818,-0.2085144140570818,-0.2085144140570818,-0.2085144140570818,-0.2085144140570818,-0.2085144140570818,-0.2085144140570818,-0.2085144140570818,-0.2085144140570818,-0.2085144140570818,-0.2085144140570818,-0.2085144140570818,-0.2085144140570818,-0.2085144140570818,-0.2085144140570818,-0.2085144140570818,-0.2085144140570818,4.795831523312713
619,-0.5083264922387548,-1.0676115988154773,-1.4049690771068417,-1.64647855494679,-1.4911979233910906,-1.0751695056611086,-0.3678181331540623,0.204177998572131,0.6518122085656625,0.8500354926533583,0.8163684530682731,0.6236418285046728,0.4154558490295538,-0.04763771587549644,-0.5646672523607342,-0.7450263929951195,-0.6622329589134303,-0.3430831652956323,0.41717355513083365,1.9249759708342946,2.140032774714533,1.4076028931288007,0.23647087327619237,0.23647087327619237,0.0,0.0,0.0,0.0,0.0,0.0,0.0,0.0,0.0,0.0,0.0,0.0,0.0,0.0,0.0,0.0,0.0,0.0,0.0,0.0,0.0,0.0,0.0,0.0,0.0,0.0,0.0,0.0,0.0,0.0,0.0,0.0,0.0,0.0,0.0,0.0,0.0,0.0,0.0,0.0,0.0,0.0,0.0,0.0,0.0,0.0,0.0,0.0,0.0,0.0,0.0,0.0,0.0,0.0,0.0,0.0,0.0,0.0,0.0,0.0,0.0,0.0,0.0,0.0,0.0,0.0,0.0,0.0,0.0,0.0,0.0,0.0
620,-1.479301415539947,-1.6671327422412663,-1.7268770395266897,-1.7620120232900778,-1.669208226514209,-1.3687077535674261,-0.6688248069558022,0.3497932244291732,0.8834891803287382,0.9150661910527959,0.9223303860080955,0.9427887309842454,0.799283818397918,0.6955096047507804,0.5720182905106865,0.39293364753105475,0.28901118500727835,0.31362049852931384,0.44541374986117865,0.5978135950458322,0.9973443175873121,0.9000930545122803,0.44482075435462354,-0.1192662212558889,-1.0,-1.0,-1.0,-1.0,-1.0,-1.0,-1.0,-1.0,-1.0,-1.0,-1.0,-1.0,-1.0,-1.0,-1.0,-1.0,-1.0,-1.0,-1.0,-1.0,-1.0,-1.0,-1.0,-1.0,-1.0,-1.0,-1.0,-1.0,-1.0,-1.0,-1.0,-1.0,-1.0,-1.0,-1.0,-1.0,-1.0,-1.0,-1.0,-1.0,-1.0,-1.0,-1.0,-1.0,-1.0,-1.0,-1.0,-1.0,-1.0,-1.0,-1.0,-1.0,-1.0,-1.0,-1.0,-1.0,-1.0,-1.0,-1.0,-1.0,-1.0,-1.0,-1.0,-1.0,-1.0,-1.0,-1.0,-1.0,-1.0,-1.0,-1.0,-1.0
621,-1.126213482755387,-1.4870846403236224,-1.7349921354878222,-1.7452615593427345,-1.662565672511072,-1.2793540139251325,-0.3889769491711535,0.895782024677617,1.4305127264562107,1.3018746802736245,1.1658498555287329,1.013970481674503,0.7377770295765973,0.4347389431912892,0.26754551622008477,0.0261239729642507,-0.14683474459216772,-0.13656532073725539,-0.04756364732801507,0.1727785522256305,0.8498398653266934,1.0510845398168178,0.5143720193995569,-0.10683804115724596,-1.0,-1.0,-1.0,-1.0,-1.0,-1.0,-1.0,-1.0,-1.0,-1.0,-1.0,-1.0,-1.0,-1.0,-1.0,-1.0,-1.0,-1.0,-1.0,-1.0,-1.0,-1.0,-1.0,-1.0,-1.0,-1.0,-1.0,-1.0,-1.0,-1.0,-1.0,-1.0,-1.0,-1.0,-1.0,-1.0,-1.0,-1.0,-1.0,-1.0,-1.0,-1.0,-1.0,-1.0,-1.0,-1.0,-1.0,-1.0,-1.0,-1.0,-1.0,-1.0,-1.0,-1.0,-1.0,-1.0,-1.0,-1.0,-1.0,-1.0,-1.0,-1.0,-1.0,-1.0,-1.0,-1.0,-1.0,-1.0,-1.0,-1.0,-1.0,-1.0
622,-0.7335162998762339,-1.0570585848400436,-1.2207929693423598,-1.325630093232332,-1.2416033347587212,-0.8511144968988807,0.1727162167456987,1.5915512248970651,2.0974786935571,1.7835562944933063,1.413485173645745,1.0638317698104631,0.6542994843526313,0.24928265554174586,-0.01830723184033692,-0.33929730217761156,-0.6966073498924984,-0.8226474876029145,-0.7763149759212039,-0.44786458590636563,0.3639359895337755,0.648606082493438,0.1363962393680866,-0.6443851121495534,0.0,0.0,0.0,0.0,0.0,0.0,0.0,0.0,0.0,0.0,0.0,0.0,0.0,0.0,0.0,0.0,0.0,0.0,0.0,0.0,0.0,0.0,0.0,0.0,0.0,0.0,0.0,0.0,0.0,0.0,0.0,0.0,0.0,0.0,0.0,0.0,0.0,0.0,0.0,0.0,0.0,0.0,0.0,0.0,0.0,0.0,0.0,0.0,0.0,0.0,0.0,0.0,0.0,0.0,0.0,0.0,0.0,0.0,0.0,0.0,0.0,0.0,0.0,0.0,0.0,0.0,0.0,0.0,0.0,0.0,0.0,0.0
623,-0.543723448037606,-0.984274995270293,-1.2180035084408283,-1.1989026721272433,-1.0643752765853272,-0.6959139825361706,0.3182788101141832,1.7134614023527117,2.181739970040603,1.8167702267154349,1.4667936129697479,1.0975107775737705,0.6162929336734507,0.24043776750290652,-0.004176168513005051,-0.40323987773123865,-0.7008432306170957,-0.806822064356987,-0.7930612467977375,-0.5110671795014767,0.24495624491042126,0.3729113096777705,-0.21407998262573522,-0.9306694223902319,0.0,0.0,0.0,0.0,0.0,0.0,0.0,0.0,0.0,0.0,0.0,0.0,0.0,0.0,0.0,0.0,0.0,0.0,0.0,0.0,0.0,0.0,0.0,0.0,0.0,0.0,0.0,0.0,0.0,0.0,0.0,0.0,0.0,0.0,0.0,0.0,0.0,0.0,0.0,0.0,0.0,0.0,0.0,0.0,0.0,0.0,0.0,0.0,0.0,0.0,0.0,0.0,0.0,0.0,0.0,0.0,0.0,0.0,0.0,0.0,0.0,0.0,0.0,0.0,0.0,0.0,0.0,0.0,0.0,0.0,0.0,0.0
624,-0.6589115940811414,-1.0745152637419182,-1.5091542159825782,-1.6663010488365004,-1.6576294201056647,-1.3970575519010453,-0.5322212133550318,0.781636290936442,1.3729990697514711,1.323718838183552,1.3636929316013062,1.3385240579679054,1.068646051613121,0.9184788223718225,0.7234729274979109,0.4747452351207742,0.2898914909561335,0.11074833156545766,0.006900289935207555,-0.021229627655063858,0.27212522721490945,0.08684847677071578,-0.4491004794228764,-1.1663076264049093,0.0,0.0,0.0,0.0,0.0,0.0,0.0,0.0,0.0,0.0,0.0,0.0,0.0,0.0,0.0,0.0,0.0,0.0,0.0,0.0,0.0,0.0,0.0,0.0,0.0,0.0,0.0,0.0,0.0,0.0,0.0,0.0,0.0,0.0,0.0,0.0,0.0,0.0,0.0,0.0,0.0,0.0,0.0,0.0,0.0,0.0,0.0,0.0,0.0,0.0,0.0,0.0,0.0,0.0,0.0,0.0,0.0,0.0,0.0,0.0,0.0,0.0,0.0,0.0,0.0,0.0,0.0,0.0,0.0,0.0,0.0,0.0
625,-0.5828050066450802,-1.0889878959289017,-1.5645959798197409,-1.7574524446062458,-1.798741498042923,-1.7271389623362803,-1.2188654880683232,-0.5901220540895546,0.03757608739714608,0.5806055370263568,1.0590881752703822,1.08835636504828,1.017537798710688,0.7828696342414718,0.5573477790778487,0.4191078470018851,0.3827839329025298,0.41492667703361397,0.47712158031164675,0.5764243670580856,1.074244916405365,1.2464568544735315,0.7141416528880155,-0.09987987530976673,0.0,0.0,0.0,0.0,0.0,0.0,0.0,0.0,0.0,0.0,0.0,0.0,0.0,0.0,0.0,0.0,0.0,0.0,0.0,0.0,0.0,0.0,0.0,0.0,0.0,0.0,0.0,0.0,0.0,0.0,0.0,0.0,0.0,0.0,0.0,0.0,0.0,0.0,0.0,0.0,0.0,0.0,0.0,0.0,0.0,0.0,0.0,0.0,0.0,0.0,0.0,0.0,0.0,0.0,0.0,0.0,0.0,0.0,0.0,0.0,0.0,0.0,0.0,0.0,0.0,0.0,0.0,0.0,0.0,0.0,0.0,0.0
626,-0.6541443511929622,-1.0153491472344942,-1.412304588618021,-1.6024610384112166,-1.6449919785594516,-1.5630120504476364,-1.2014990591876389,-0.6344198572111721,-0.26304461896027953,0.2984870690838087,0.5949708692475918,0.6371936141773613,0.47046000098754154,0.41899139950380787,0.33916883792125085,0.21465796966120057,0.1983236230825306,0.300644435613067,0.5071352319849326,0.8365959205245211,1.6973851656985817,1.9981836989208814,1.2153678440185849,0.26366100939721043,0.0,0.0,0.0,0.0,0.0,0.0,0.0,0.0,0.0,0.0,0.0,0.0,0.0,0.0,0.0,0.0,0.0,0.0,0.0,0.0,0.0,0.0,0.0,0.0,0.0,0.0,0.0,0.0,0.0,0.0,0.0,0.0,0.0,0.0,0.0,0.0,0.0,0.0,0.0,0.0,0.0,0.0,0.0,0.0,0.0,0.0,0.0,0.0,0.0,0.0,0.0,0.0,0.0,0.0,0.0,0.0,0.0,0.0,0.0,0.0,0.0,0.0,0.0,0.0,0.0,0.0,0.0,0.0,0.0,0.0,0.0,0.0
627,-1.217449861195283,-1.5450297893355347,-1.7687287760885417,-1.8297244194972306,-1.7459821822282942,-1.4979428912171882,-0.7604896253021588,0.26745358131220903,0.6415408765170432,0.693553788592386,0.7171696790332799,0.7410753350010559,0.6897868367429183,0.6744292638181653,0.721661044699953,0.6693583670977279,0.6418306420439253,0.6700827809149332,0.7092011270440213,0.7320926036677098,0.9459395625067242,0.886827395022769,0.3523548806886741,-0.3890102198392639,1.0,1.0,1.0,1.0,1.0,1.0,1.0,1.0,1.0,1.0,1.0,1.0,1.0,1.0,1.0,1.0,1.0,1.0,1.0,1.0,1.0,1.0,1.0,1.0,1.0,1.0,1.0,1.0,1.0,1.0,1.0,1.0,1.0,1.0,1.0,1.0,1.0,1.0,1.0,1.0,1.0,1.0,1.0,1.0,1.0,1.0,1.0,1.0,1.0,1.0,1.0,1.0,1.0,1.0,1.0,1.0,1.0,1.0,1.0,1.0,1.0,1.0,1.0,1.0,1.0,1.0,1.0,1.0,1.0,1.0,1.0,1.0
628,-1.0677957743537991,-1.41923945475325,-1.7325319352565327,-1.8759222501205222,-1.8589481993192607,-1.5338547120684345,-0.9578685882122965,0.12572248341489792,0.4918770078421089,0.4794293705878505,0.5390810348322835,0.5887099262226384,0.6266994684921283,0.6446434650534618,0.7094681733516126,0.7038101564178588,0.65466623790754,0.6873210784966335,0.6567677870543629,0.6989604276174984,1.067863131698247,1.1435189009838693,0.6310642244124527,-0.0034419603013676864,0.0,0.0,0.0,0.0,0.0,0.0,0.0,0.0,0.0,0.0,0.0,0.0,0.0,0.0,0.0,0.0,0.0,0.0,0.0,0.0,0.0,0.0,0.0,0.0,0.0,0.0,0.0,0.0,0.0,0.0,0.0,0.0,0.0,0.0,0.0,0.0,0.0,0.0,0.0,0.0,0.0,0.0,0.0,0.0,0.0,0.0,0.0,0.0,0.0,0.0,0.0,0.0,0.0,0.0,0.0,0.0,0.0,0.0,0.0,0.0,0.0,0.0,0.0,0.0,0.0,0.0,0.0,0.0,0.0,0.0,0.0,0.0
629,-1.1414163034958464,-1.5104586705377312,-1.842433266591657,-1.8904033231643096,-1.805547200363443,-1.4112478717170176,-0.6331880904893711,0.5769656094116394,1.0017913376952072,0.8862271104974532,0.8311705682947496,0.7437705788574543,0.6574608179786285,0.5746034475349557,0.5475294383329662,0.4579489917787322,0.3503797740097535,0.37545503085454923,0.4023473352967939,0.5349918099105683,0.9776246046491361,1.0811963177037271,0.5002862007992931,-0.2650542472462108,0.0,0.0,0.0,0.0,0.0,0.0,0.0,0.0,0.0,0.0,0.0,0.0,0.0,0.0,0.0,0.0,0.0,0.0,0.0,0.0,0.0,0.0,0.0,0.0,0.0,0.0,0.0,0.0,0.0,0.0,0.0,0.0,0.0,0.0,0.0,0.0,0.0,0.0,0.0,0.0,0.0,0.0,0.0,0.0,0.0,0.0,0.0,0.0,0.0,0.0,0.0,0.0,0.0,0.0,0.0,0.0,0.0,0.0,0.0,0.0,0.0,0.0,0.0,0.0,0.0,0.0,0.0,0.0,0.0,0.0,0.0,0.0
630,-1.0146041577568727,-1.3606686950362477,-1.7040280935540861,-1.78885351614797,-1.8014130889693878,-1.609348236900321,-0.7023538549966998,0.5650036547829873,1.0086464116749163,1.0051683761243697,0.9091359500898364,0.8569654168316392,0.7818012041003847,0.7076031123553931,0.702579283226826,0.6187199816192052,0.5379522671676258,0.5449083382687188,0.4869410790929441,0.4846223887259131,0.7642178021503997,0.7207423577685687,0.07575998733944903,-0.7894979679576144,0.0,0.0,0.0,0.0,0.0,0.0,0.0,0.0,0.0,0.0,0.0,0.0,0.0,0.0,0.0,0.0,0.0,0.0,0.0,0.0,0.0,0.0,0.0,0.0,0.0,0.0,0.0,0.0,0.0,0.0,0.0,0.0,0.0,0.0,0.0,0.0,0.0,0.0,0.0,0.0,0.0,0.0,0.0,0.0,0.0,0.0,0.0,0.0,0.0,0.0,0.0,0.0,0.0,0.0,0.0,0.0,0.0,0.0,0.0,0.0,0.0,0.0,0.0,0.0,0.0,0.0,0.0,0.0,0.0,0.0,0.0,0.0
631,-0.7658928613124799,-1.178192729192678,-1.5547654172864442,-1.81902335053436,-1.895405596974317,-1.6512698684337017,-0.9365209440856096,0.3046905605636914,0.7888554452556769,0.8471687731829559,0.9508597260113921,1.0155382411420009,0.9999332660628698,0.9841229623642765,0.9451105246664491,0.7794103287604134,0.6141207900933021,0.5385598581311941,0.3812781356231107,0.3211168501206714,0.6194593341993206,0.5410238015647412,-0.009667555833013274,-0.8205102740894384,-1.0,-1.0,-1.0,-1.0,-1.0,-1.0,-1.0,-1.0,-1.0,-1.0,-1.0,-1.0,-1.0,-1.0,-1.0,-1.0,-1.0,-1.0,-1.0,-1.0,-1.0,-1.0,-1.0,-1.0,-1.0,-1.0,-1.0,-1.0,-1.0,-1.0,-1.0,-1.0,-1.0,-1.0,-1.0,-1.0,-1.0,-1.0,-1.0,-1.0,-1.0,-1.0,-1.0,-1.0,-1.0,-1.0,-1.0,-1.0,-1.0,-1.0,-1.0,-1.0,-1.0,-1.0,-1.0,-1.0,-1.0,-1.0,-1.0,-1.0,-1.0,-1.0,-1.0,-1.0,-1.0,-1.0,-1.0,-1.0,-1.0,-1.0,-1.0,-1.0
632,-0.3579347573275425,-0.863620782403326,-1.4615328234214007,-1.7080278114853424,-1.795223317467145,-1.6555667790402468,-1.3388841996228211,-0.8811077932183577,-0.39386697133103254,0.22584394618249273,0.83836842089532,1.1217538153361784,1.1881086371959566,1.038630626941438,0.855136787430282,0.6484067828635358,0.5595344402282371,0.5959457504184403,0.6718824960124827,0.6445740133698302,0.9519142171463486,0.9902419120834046,0.45054005775098394,-0.3251166685376882,0.0,0.0,0.0,0.0,0.0,0.0,0.0,0.0,0.0,0.0,0.0,0.0,0.0,0.0,0.0,0.0,0.0,0.0,0.0,0.0,0.0,0.0,0.0,0.0,0.0,0.0,0.0,0.0,0.0,0.0,0.0,0.0,0.0,0.0,0.0,0.0,0.0,0.0,0.0,0.0,0.0,0.0,0.0,0.0,0.0,0.0,0.0,0.0,0.0,0.0,0.0,0.0,0.0,0.0,0.0,0.0,0.0,0.0,0.0,0.0,0.0,0.0,0.0,0.0,0.0,0.0,0.0,0.0,0.0,0.0,0.0,0.0
633,-0.5607243328561219,-1.0100642300948697,-1.352819132982354,-1.51363158060005,-1.5216722029809346,-1.5067129055281259,-1.3468354140012304,-1.0179178612575943,-0.7243416487462194,-0.2192783684957583,0.1408667176806164,0.34543511034777835,0.49970286532987035,0.5935724568462463,0.6326536214417096,0.6739786806550943,0.710441968196316,0.9105225716276353,1.024026241050823,1.0674082036639687,1.4458784292200344,1.5133822589758346,0.993920654927045,0.2222078975802649,0.0,0.0,0.0,0.0,0.0,0.0,0.0,0.0,0.0,0.0,0.0,0.0,0.0,0.0,0.0,0.0,0.0,0.0,0.0,0.0,0.0,0.0,0.0,0.0,0.0,0.0,0.0,0.0,0.0,0.0,0.0,0.0,0.0,0.0,0.0,0.0,0.0,0.0,0.0,0.0,0.0,0.0,0.0,0.0,0.0,0.0,0.0,0.0,0.0,0.0,0.0,0.0,0.0,0.0,0.0,0.0,0.0,0.0,0.0,0.0,0.0,0.0,0.0,0.0,0.0,0.0,0.0,0.0,0.0,0.0,0.0,0.0
634,-1.297809406148082,-1.5368942977283022,-1.6884097656462613,-1.7596872035108926,-1.723709068207793,-1.5290198379261144,-0.9149477399037772,0.0219772100082613,0.431313353173715,0.545357253757125,0.66035152017873,0.7927239047844737,0.8091516571304174,0.8198772144471904,0.8406494963391686,0.79068740655977,0.7537589054184753,0.6861471643583109,0.6875048298414467,0.6638814504348832,0.8593852800064432,0.880293328446735,0.39153375451783506,-0.18411641033175818,0.0,0.0,0.0,0.0,0.0,0.0,0.0,0.0,0.0,0.0,0.0,0.0,0.0,0.0,0.0,0.0,0.0,0.0,0.0,0.0,0.0,0.0,0.0,0.0,0.0,0.0,0.0,0.0,0.0,0.0,0.0,0.0,0.0,0.0,0.0,0.0,0.0,0.0,0.0,0.0,0.0,0.0,0.0,0.0,0.0,0.0,0.0,0.0,0.0,0.0,0.0,0.0,0.0,0.0,0.0,0.0,0.0,0.0,0.0,0.0,0.0,0.0,0.0,0.0,0.0,0.0,0.0,0.0,0.0,0.0,0.0,0.0
635,-1.0529762291064997,-1.4553931344148714,-1.7004608679181004,-1.8065875219433392,-1.8193931513883153,-1.574165347517024,-0.9793438597978875,0.07664035830844847,0.4558470602478012,0.5147529556946909,0.6812261384793794,0.7252454896964845,0.7438136523916997,0.8043202515192115,0.8613053025493548,0.8320124251939721,0.7053967640567717,0.7042762714803362,0.647451290818255,0.6077538395388293,0.8784328319320103,0.9874407525823687,0.4169499608086865,-0.25454523321224415,0.0,0.0,0.0,0.0,0.0,0.0,0.0,0.0,0.0,0.0,0.0,0.0,0.0,0.0,0.0,0.0,0.0,0.0,0.0,0.0,0.0,0.0,0.0,0.0,0.0,0.0,0.0,0.0,0.0,0.0,0.0,0.0,0.0,0.0,0.0,0.0,0.0,0.0,0.0,0.0,0.0,0.0,0.0,0.0,0.0,0.0,0.0,0.0,0.0,0.0,0.0,0.0,0.0,0.0,0.0,0.0,0.0,0.0,0.0,0.0,0.0,0.0,0.0,0.0,0.0,0.0,0.0,0.0,0.0,0.0,0.0,0.0
636,-0.9979016231720195,-1.3772296065307519,-1.7019989267510796,-1.8648678353506374,-1.8430766533279017,-1.607247638992962,-0.9307524993093672,0.11441715696628924,0.4587178329255132,0.554437617662419,0.6293347173553772,0.6935783502816646,0.7303812354756182,0.770735276258462,0.7873611410609938,0.7597589771655285,0.7005192452963137,0.706653059495306,0.701487742275102,0.7194049363826847,0.997202153131782,0.9557181992070184,0.37187593716083317,-0.3285087946662052,0.0,0.0,0.0,0.0,0.0,0.0,0.0,0.0,0.0,0.0,0.0,0.0,0.0,0.0,0.0,0.0,0.0,0.0,0.0,0.0,0.0,0.0,0.0,0.0,0.0,0.0,0.0,0.0,0.0,0.0,0.0,0.0,0.0,0.0,0.0,0.0,0.0,0.0,0.0,0.0,0.0,0.0,0.0,0.0,0.0,0.0,0.0,0.0,0.0,0.0,0.0,0.0,0.0,0.0,0.0,0.0,0.0,0.0,0.0,0.0,0.0,0.0,0.0,0.0,0.0,0.0,0.0,0.0,0.0,0.0,0.0,0.0
637,-0.8828017815547287,-1.313380402401793,-1.677847906444177,-1.8785790693848132,-1.8635071049319327,-1.6857264333172737,-0.94600126886283,0.16846773903368883,0.6620745748655265,0.7314398658134426,0.8335181705170426,0.8807893317556224,0.8299214517271506,0.8249545543506331,0.7978935272647795,0.6834836152815499,0.594250734827564,0.5766096855247607,0.5838031231045445,0.5889412928043902,0.8122804024243472,0.8225567418240385,0.3005187003197217,-0.4436595445412548,0.0,0.0,0.0,0.0,0.0,0.0,0.0,0.0,0.0,0.0,0.0,0.0,0.0,0.0,0.0,0.0,0.0,0.0,0.0,0.0,0.0,0.0,0.0,0.0,0.0,0.0,0.0,0.0,0.0,0.0,0.0,0.0,0.0,0.0,0.0,0.0,0.0,0.0,0.0,0.0,0.0,0.0,0.0,0.0,0.0,0.0,0.0,0.0,0.0,0.0,0.0,0.0,0.0,0.0,0.0,0.0,0.0,0.0,0.0,0.0,0.0,0.0,0.0,0.0,0.0,0.0,0.0,0.0,0.0,0.0,0.0,0.0
638,-0.9533559081891888,-1.441388366255326,-1.7334736948472012,-1.8168517329910219,-1.8320590481241714,-1.542945263868659,-0.9470632260651269,0.22337564901039403,0.6484812858359118,0.8094690701764964,0.8688999569037481,0.910851171064161,0.8862048327449185,0.8131398014155325,0.794786145220352,0.7432211111481777,0.6699812830931234,0.6488308792872486,0.6343227510567724,0.5706967429134795,0.6411398233578395,0.6830910375182525,0.19051386458473724,-0.4698681649904297,-1.0,-1.0,-1.0,-1.0,-1.0,-1.0,-1.0,-1.0,-1.0,-1.0,-1.0,-1.0,-1.0,-1.0,-1.0,-1.0,-1.0,-1.0,-1.0,-1.0,-1.0,-1.0,-1.0,-1.0,-1.0,-1.0,-1.0,-1.0,-1.0,-1.0,-1.0,-1.0,-1.0,-1.0,-1.0,-1.0,-1.0,-1.0,-1.0,-1.0,-1.0,-1.0,-1.0,-1.0,-1.0,-1.0,-1.0,-1.0,-1.0,-1.0,-1.0,-1.0,-1.0,-1.0,-1.0,-1.0,-1.0,-1.0,-1.0,-1.0,-1.0,-1.0,-1.0,-1.0,-1.0,-1.0,-1.0,-1.0,-1.0,-1.0,-1.0,-1.0
639,-0.11305087933626606,-0.9283875242463062,-1.4703139616995182,-1.6716195679057986,-1.8602008327149235,-1.7323048884153094,-1.3838536932316667,-0.7133787811507815,-0.13164799368595487,0.6862987725363223,1.1339345775849718,1.213543277608201,1.0455167181329426,0.7704751848559663,0.5221873950294195,0.41321483024352373,0.3075049170979243,0.4044056708147238,0.5084842581401751,0.41582495155576077,0.8967398033354322,1.3619939272416817,0.6650915368743965,-0.3404576986649167,1.0,1.0,1.0,1.0,1.0,1.0,1.0,1.0,1.0,1.0,1.0,1.0,1.0,1.0,1.0,1.0,1.0,1.0,1.0,1.0,1.0,1.0,1.0,1.0,1.0,1.0,1.0,1.0,1.0,1.0,1.0,1.0,1.0,1.0,1.0,1.0,1.0,1.0,1.0,1.0,1.0,1.0,1.0,1.0,1.0,1.0,1.0,1.0,1.0,1.0,1.0,1.0,1.0,1.0,1.0,1.0,1.0,1.0,1.0,1.0,1.0,1.0,1.0,1.0,1.0,1.0,1.0,1.0,1.0,1.0,1.0,1.0
640,-0.376790200593747,-0.9292600272776921,-1.4126392572697364,-1.5620381121090496,-1.6966500495751884,-1.6339331241648283,-1.304286845483545,-0.7849601094636114,-0.4053442479350492,0.010729013323925554,0.29142549656297656,0.3962086524315051,0.41736924108622014,0.500736861448772,0.5173084067807778,0.45663105618051064,0.39748338668781324,0.46733882393349896,0.794435634102166,1.036890089651973,1.650292213787447,1.791532769386388,1.1477919699507806,0.22972835855766288,1.0,1.0,1.0,1.0,1.0,1.0,1.0,1.0,1.0,1.0,1.0,1.0,1.0,1.0,1.0,1.0,1.0,1.0,1.0,1.0,1.0,1.0,1.0,1.0,1.0,1.0,1.0,1.0,1.0,1.0,1.0,1.0,1.0,1.0,1.0,1.0,1.0,1.0,1.0,1.0,1.0,1.0,1.0,1.0,1.0,1.0,1.0,1.0,1.0,1.0,1.0,1.0,1.0,1.0,1.0,1.0,1.0,1.0,1.0,1.0,1.0,1.0,1.0,1.0,1.0,1.0,1.0,1.0,1.0,1.0,1.0,1.0
641,-1.1721822889742528,-1.475693313641504,-1.6696375466374935,-1.7564926289799134,-1.7388738484096602,-1.5216673191920083,-1.0181556057077432,-0.11574368837509064,0.30600587152534364,0.4534255120780085,0.590934588559906,0.6864614144642472,0.7632682860126945,0.7778588386724353,0.828375186088708,0.805663476759866,0.7640941663519251,0.8318163541688355,0.848609254399858,0.8490221945694734,0.9057326445299756,0.8886644508525429,0.4024962244921206,-0.23398222360827375,0.0,0.0,0.0,0.0,0.0,0.0,0.0,0.0,0.0,0.0,0.0,0.0,0.0,0.0,0.0,0.0,0.0,0.0,0.0,0.0,0.0,0.0,0.0,0.0,0.0,0.0,0.0,0.0,0.0,0.0,0.0,0.0,0.0,0.0,0.0,0.0,0.0,0.0,0.0,0.0,0.0,0.0,0.0,0.0,0.0,0.0,0.0,0.0,0.0,0.0,0.0,0.0,0.0,0.0,0.0,0.0,0.0,0.0,0.0,0.0,0.0,0.0,0.0,0.0,0.0,0.0,0.0,0.0,0.0,0.0,0.0,0.0
642,-1.0218242711265313,-1.395033424746699,-1.6516047454056257,-1.8138765321656558,-1.8410016095985027,-1.623203193740645,-0.9923058045084333,-0.006229460184946213,0.42186808541698195,0.4831388485594122,0.5613228952776175,0.6849813365155952,0.7050858056717052,0.790450019945664,0.8849091131235773,0.9206503916233284,0.8407111928359389,0.8241170278181973,0.7237542413166644,0.6179664393285621,0.7993853395706018,0.9358085231299191,0.4047952425621902,-0.2538654612189352,0.0,0.0,0.0,0.0,0.0,0.0,0.0,0.0,0.0,0.0,0.0,0.0,0.0,0.0,0.0,0.0,0.0,0.0,0.0,0.0,0.0,0.0,0.0,0.0,0.0,0.0,0.0,0.0,0.0,0.0,0.0,0.0,0.0,0.0,0.0,0.0,0.0,0.0,0.0,0.0,0.0,0.0,0.0,0.0,0.0,0.0,0.0,0.0,0.0,0.0,0.0,0.0,0.0,0.0,0.0,0.0,0.0,0.0,0.0,0.0,0.0,0.0,0.0,0.0,0.0,0.0,0.0,0.0,0.0,0.0,0.0,0.0
643,-1.073654604827344,-1.4058782196306356,-1.7082001353279936,-1.865734876407148,-1.8175774031102236,-1.5671900174389604,-0.883542749459094,0.0360131867302155,0.45636812521415276,0.5797519783670568,0.7021915673376683,0.8173917975773696,0.865234516146863,0.8606705725991153,0.910401819533194,0.8291950998560275,0.6940079444244655,0.7125784733428873,0.6768538117794827,0.6184668098410548,0.6833062836918157,0.8384803643152384,0.3506105367973778,-0.30974488135260375,0.0,0.0,0.0,0.0,0.0,0.0,0.0,0.0,0.0,0.0,0.0,0.0,0.0,0.0,0.0,0.0,0.0,0.0,0.0,0.0,0.0,0.0,0.0,0.0,0.0,0.0,0.0,0.0,0.0,0.0,0.0,0.0,0.0,0.0,0.0,0.0,0.0,0.0,0.0,0.0,0.0,0.0,0.0,0.0,0.0,0.0,0.0,0.0,0.0,0.0,0.0,0.0,0.0,0.0,0.0,0.0,0.0,0.0,0.0,0.0,0.0,0.0,0.0,0.0,0.0,0.0,0.0,0.0,0.0,0.0,0.0,0.0
644,-1.0565897219708966,-1.463673538976227,-1.7923793611735215,-1.8924363758220777,-1.8270287347647807,-1.5011022740855018,-0.7325161689702946,0.4976292389033458,0.9265773665170643,0.9573356339831021,0.9378801033569939,0.8867398514255095,0.8285585503150527,0.7440659601673828,0.6525323208407405,0.5556252492459349,0.40368681959442343,0.37737553055721046,0.32160300942903364,0.35439947534161603,0.6126948057491857,0.9528886555542773,0.518937677208131,-0.26280407242568266,1.0,1.0,1.0,1.0,1.0,1.0,1.0,1.0,1.0,1.0,1.0,1.0,1.0,1.0,1.0,1.0,1.0,1.0,1.0,1.0,1.0,1.0,1.0,1.0,1.0,1.0,1.0,1.0,1.0,1.0,1.0,1.0,1.0,1.0,1.0,1.0,1.0,1.0,1.0,1.0,1.0,1.0,1.0,1.0,1.0,1.0,1.0,1.0,1.0,1.0,1.0,1.0,1.0,1.0,1.0,1.0,1.0,1.0,1.0,1.0,1.0,1.0,1.0,1.0,1.0,1.0,1.0,1.0,1.0,1.0,1.0,1.0
645,-0.7965526418558075,-1.2798254917934115,-1.4819332902350955,-1.6465814536207775,-1.5938766182512867,-1.2846168404633653,-0.2185417613986642,1.193163787630425,1.6555289342809585,1.5494658978142557,1.4423139184680183,1.179225318772378,0.9165722962285517,0.7105443034205421,0.5093076592824861,0.2366363622469385,0.03496414095706858,-0.05781379237930785,-0.20286098393336116,-0.35313510130918213,-0.05520032946842401,0.3721008564610844,-0.07545466702777379,-0.7534305038262241,-1.0,-1.0,-1.0,-1.0,-1.0,-1.0,-1.0,-1.0,-1.0,-1.0,-1.0,-1.0,-1.0,-1.0,-1.0,-1.0,-1.0,-1.0,-1.0,-1.0,-1.0,-1.0,-1.0,-1.0,-1.0,-1.0,-1.0,-1.0,-1.0,-1.0,-1.0,-1.0,-1.0,-1.0,-1.0,-1.0,-1.0,-1.0,-1.0,-1.0,-1.0,-1.0,-1.0,-1.0,-1.0,-1.0,-1.0,-1.0,-1.0,-1.0,-1.0,-1.0,-1.0,-1.0,-1.0,-1.0,-1.0,-1.0,-1.0,-1.0,-1.0,-1.0,-1.0,-1.0,-1.0,-1.0,-1.0,-1.0,-1.0,-1.0,-1.0,-1.0
646,-0.23839750943007765,-1.004099540138226,-1.594795405878037,-1.8382822440948539,-1.899954897195824,-1.6224279582414587,-1.0049004836849917,-0.16831494908806618,0.5645483962026824,1.2261277658312708,1.318236273709343,1.1816753989857665,0.8761154358945963,0.5369158438392607,0.28702145724831696,0.2189412557732201,0.18450068326228874,0.43399459807984964,0.514489424529817,0.3807318522199209,0.6762800209765178,1.3246438220834698,0.40796393280995963,-0.7610131736947918,0.0,0.0,0.0,0.0,0.0,0.0,0.0,0.0,0.0,0.0,0.0,0.0,0.0,0.0,0.0,0.0,0.0,0.0,0.0,0.0,0.0,0.0,0.0,0.0,0.0,0.0,0.0,0.0,0.0,0.0,0.0,0.0,0.0,0.0,0.0,0.0,0.0,0.0,0.0,0.0,0.0,0.0,0.0,0.0,0.0,0.0,0.0,0.0,0.0,0.0,0.0,0.0,0.0,0.0,0.0,0.0,0.0,0.0,0.0,0.0,0.0,0.0,0.0,0.0,0.0,0.0,0.0,0.0,0.0,0.0,0.0,0.0
647,-0.5208482144201155,-0.9186627159513602,-1.2705358368991955,-1.44500984405866,-1.5231273975600377,-1.4415685421423,-1.261416386820841,-0.9907579910991074,-0.7773972722847721,-0.31798346645067893,-0.011019335511344793,0.10340395320763346,0.19029682659572972,0.32416347114214333,0.4539005533889247,0.5746902506531694,0.7095892857744911,0.9009256723241209,1.0914017333946606,1.1629808132549537,1.454975280858121,1.7301073690711226,1.2522825979845023,0.5296091955488502,0.0,0.0,0.0,0.0,0.0,0.0,0.0,0.0,0.0,0.0,0.0,0.0,0.0,0.0,0.0,0.0,0.0,0.0,0.0,0.0,0.0,0.0,0.0,0.0,0.0,0.0,0.0,0.0,0.0,0.0,0.0,0.0,0.0,0.0,0.0,0.0,0.0,0.0,0.0,0.0,0.0,0.0,0.0,0.0,0.0,0.0,0.0,0.0,0.0,0.0,0.0,0.0,0.0,0.0,0.0,0.0,0.0,0.0,0.0,0.0,0.0,0.0,0.0,0.0,0.0,0.0,0.0,0.0,0.0,0.0,0.0,0.0
648,-1.1407060890719676,-1.4643863391694967,-1.6592499165257195,-1.7580681860258998,-1.7486149076936122,-1.5296769815178302,-0.9890755046220736,-0.18100927277812506,0.15703996038448137,0.39627092404690756,0.5523130383852024,0.7092374587011775,0.7802000680488834,0.815744394578285,0.8686827532390958,0.8483897157524517,0.818013181378034,0.8773797693048004,0.8555742072849903,0.7878887344258108,0.8597336497511969,0.8995634624579022,0.4334538188205723,-0.18869793915505237,-1.0,-1.0,-1.0,-1.0,-1.0,-1.0,-1.0,-1.0,-1.0,-1.0,-1.0,-1.0,-1.0,-1.0,-1.0,-1.0,-1.0,-1.0,-1.0,-1.0,-1.0,-1.0,-1.0,-1.0,-1.0,-1.0,-1.0,-1.0,-1.0,-1.0,-1.0,-1.0,-1.0,-1.0,-1.0,-1.0,-1.0,-1.0,-1.0,-1.0,-1.0,-1.0,-1.0,-1.0,-1.0,-1.0,-1.0,-1.0,-1.0,-1.0,-1.0,-1.0,-1.0,-1.0,-1.0,-1.0,-1.0,-1.0,-1.0,-1.0,-1.0,-1.0,-1.0,-1.0,-1.0,-1.0,-1.0,-1.0,-1.0,-1.0,-1.0,-1.0
649,-0.8872161640576084,-1.347920146767659,-1.6727353966440335,-1.8191658008732916,-1.9099230030446317,-1.6906891807396345,-0.968419976526702,0.04358047744918317,0.4818834084436217,0.6115130238861708,0.7660143952776716,0.8440886490512017,0.8829610623224109,0.8554538885245637,0.8495241983645487,0.757614000884317,0.6372083479129023,0.5843352773194356,0.5658873523771669,0.5375566105015399,0.7338952402442572,0.9776713912670941,0.4474582627924238,-0.28057591796496756,-1.0,-1.0,-1.0,-1.0,-1.0,-1.0,-1.0,-1.0,-1.0,-1.0,-1.0,-1.0,-1.0,-1.0,-1.0,-1.0,-1.0,-1.0,-1.0,-1.0,-1.0,-1.0,-1.0,-1.0,-1.0,-1.0,-1.0,-1.0,-1.0,-1.0,-1.0,-1.0,-1.0,-1.0,-1.0,-1.0,-1.0,-1.0,-1.0,-1.0,-1.0,-1.0,-1.0,-1.0,-1.0,-1.0,-1.0,-1.0,-1.0,-1.0,-1.0,-1.0,-1.0,-1.0,-1.0,-1.0,-1.0,-1.0,-1.0,-1.0,-1.0,-1.0,-1.0,-1.0,-1.0,-1.0,-1.0,-1.0,-1.0,-1.0,-1.0,-1.0
650,-1.0711704201374475,-1.4332916146982435,-1.7405916839713635,-1.8421867968898091,-1.8257572241736248,-1.5374014581344724,-0.8101413923915403,0.1374090667092095,0.43079429378392853,0.4986920177640778,0.5345688398177862,0.5734633384928347,0.619566731318862,0.7003734052902989,0.7949272727589513,0.8049861948300845,0.7805094844569936,0.8375100428600819,0.822421659753382,0.7592180994064283,0.8826075434789958,1.0572974901143428,0.4247589405412486,-0.39856383098100584,0.0,0.0,0.0,0.0,0.0,0.0,0.0,0.0,0.0,0.0,0.0,0.0,0.0,0.0,0.0,0.0,0.0,0.0,0.0,0.0,0.0,0.0,0.0,0.0,0.0,0.0,0.0,0.0,0.0,0.0,0.0,0.0,0.0,0.0,0.0,0.0,0.0,0.0,0.0,0.0,0.0,0.0,0.0,0.0,0.0,0.0,0.0,0.0,0.0,0.0,0.0,0.0,0.0,0.0,0.0,0.0,0.0,0.0,0.0,0.0,0.0,0.0,0.0,0.0,0.0,0.0,0.0,0.0,0.0,0.0,0.0,0.0
651,-0.9997202215094608,-1.3395962482389656,-1.6305581581319355,-1.7906152395855828,-1.7921569452738404,-1.5861290032976043,-0.9859850253777118,-0.19074520036195491,0.15501733899544234,0.2950322465017415,0.42733862556675284,0.5900586532092085,0.6898490577582426,0.8224357469483916,0.9813715879014879,0.9724016638970804,0.9740835246479067,0.9691780974579963,0.9389046039431209,0.758384883354419,0.7590856586672633,0.8670050568452916,0.3913187744865537,-0.2759594784038266,0.0,0.0,0.0,0.0,0.0,0.0,0.0,0.0,0.0,0.0,0.0,0.0,0.0,0.0,0.0,0.0,0.0,0.0,0.0,0.0,0.0,0.0,0.0,0.0,0.0,0.0,0.0,0.0,0.0,0.0,0.0,0.0,0.0,0.0,0.0,0.0,0.0,0.0,0.0,0.0,0.0,0.0,0.0,0.0,0.0,0.0,0.0,0.0,0.0,0.0,0.0,0.0,0.0,0.0,0.0,0.0,0.0,0.0,0.0,0.0,0.0,0.0,0.0,0.0,0.0,0.0,0.0,0.0,0.0,0.0,0.0,0.0
652,-0.5645397319965705,-1.108946432889021,-1.498012787177522,-1.716157061016436,-1.7842078986279926,-1.6711608296050566,-1.2142026349891386,-0.6149418710686811,-0.24082126148926053,0.1250314893149243,0.4156785247212911,0.6691201956390966,0.8246195395271856,0.9497504021446969,1.0473747346061353,1.1077937025790123,1.068521373396642,1.0632744630200501,0.9111140620988833,0.6931287855441083,0.6446346138816675,0.7909121152896857,0.3705232960257724,-0.2684867889294727,0.0,0.0,0.0,0.0,0.0,0.0,0.0,0.0,0.0,0.0,0.0,0.0,0.0,0.0,0.0,0.0,0.0,0.0,0.0,0.0,0.0,0.0,0.0,0.0,0.0,0.0,0.0,0.0,0.0,0.0,0.0,0.0,0.0,0.0,0.0,0.0,0.0,0.0,0.0,0.0,0.0,0.0,0.0,0.0,0.0,0.0,0.0,0.0,0.0,0.0,0.0,0.0,0.0,0.0,0.0,0.0,0.0,0.0,0.0,0.0,0.0,0.0,0.0,0.0,0.0,0.0,0.0,0.0,0.0,0.0,0.0,0.0
653,-0.48514568106919137,-0.9304345768946044,-1.2603598478939615,-1.4697778929603686,-1.5600113523784556,-1.553692071018557,-1.4236324430299463,-1.1754169496143942,-0.8703279239597549,-0.327604527166603,0.1467824549206687,0.4896402087030742,0.6930328924728337,0.8039877163501231,0.8573342078301974,0.917734780828298,1.0329514456227282,1.0551424103981861,1.1018757004551107,0.9759309533520153,0.9635863106954692,1.088061457482309,0.7585770665778285,0.17176566029701199,0.0,0.0,0.0,0.0,0.0,0.0,0.0,0.0,0.0,0.0,0.0,0.0,0.0,0.0,0.0,0.0,0.0,0.0,0.0,0.0,0.0,0.0,0.0,0.0,0.0,0.0,0.0,0.0,0.0,0.0,0.0,0.0,0.0,0.0,0.0,0.0,0.0,0.0,0.0,0.0,0.0,0.0,0.0,0.0,0.0,0.0,0.0,0.0,0.0,0.0,0.0,0.0,0.0,0.0,0.0,0.0,0.0,0.0,0.0,0.0,0.0,0.0,0.0,0.0,0.0,0.0,0.0,0.0,0.0,0.0,0.0,0.0
654,-0.030396263497489407,-0.6302537733608451,-1.125408106067106,-1.4194726300989464,-1.6408206909728047,-1.7205742312105918,-1.597958494213994,-1.328203872821479,-0.930502395432514,-0.24619996061150146,0.26089607865442804,0.5739393863257419,0.8070159089992748,0.8944462605968488,0.8624595465977364,0.8547827352379493,0.7259829002015232,0.6754438920829255,0.7225709840416179,0.7345126906012865,0.9703613951547424,1.4599713641011571,0.9801706541144702,0.14723662157758177,-1.0,-1.0,-1.0,-1.0,-1.0,-1.0,-1.0,-1.0,-1.0,-1.0,-1.0,-1.0,-1.0,-1.0,-1.0,-1.0,-1.0,-1.0,-1.0,-1.0,-1.0,-1.0,-1.0,-1.0,-1.0,-1.0,-1.0,-1.0,-1.0,-1.0,-1.0,-1.0,-1.0,-1.0,-1.0,-1.0,-1.0,-1.0,-1.0,-1.0,-1.0,-1.0,-1.0,-1.0,-1.0,-1.0,-1.0,-1.0,-1.0,-1.0,-1.0,-1.0,-1.0,-1.0,-1.0,-1.0,-1.0,-1.0,-1.0,-1.0,-1.0,-1.0,-1.0,-1.0,-1.0,-1.0,-1.0,-1.0,-1.0,-1.0,-1.0,-1.0
655,-1.1771897923430072,-1.4537984731026286,-1.6682353507843808,-1.7120410323941369,-1.7027338762447553,-1.5258979094065048,-0.9867033298189969,-0.32440609822900174,0.05693911306499399,0.3340441754859157,0.5618833580227774,0.7630420262647453,0.8628147401861161,0.9295780736310135,0.9650693624139887,0.9160516733605789,0.8446968095486532,0.8013875096001974,0.7109219518282083,0.67803666676706,0.7778093806884308,0.9335491269214163,0.5275089279777281,-0.11232703343842618,0.0,0.0,0.0,0.0,0.0,0.0,0.0,0.0,0.0,0.0,0.0,0.0,0.0,0.0,0.0,0.0,0.0,0.0,0.0,0.0,0.0,0.0,0.0,0.0,0.0,0.0,0.0,0.0,0.0,0.0,0.0,0.0,0.0,0.0,0.0,0.0,0.0,0.0,0.0,0.0,0.0,0.0,0.0,0.0,0.0,0.0,0.0,0.0,0.0,0.0,0.0,0.0,0.0,0.0,0.0,0.0,0.0,0.0,0.0,0.0,0.0,0.0,0.0,0.0,0.0,0.0,0.0,0.0,0.0,0.0,0.0,0.0
656,-0.9745771544359806,-1.3581775070055084,-1.6358026648962951,-1.7690518853502308,-1.7689161936797075,-1.551131062489721,-0.9870607881241293,-0.2828210181079109,0.04433159952390083,0.21381049600757268,0.370127300450479,0.5246801131765817,0.6511447501043496,0.8056975628304522,0.9313480497350801,0.9662208090595826,0.9579436171576579,0.960657450568125,0.9403036999896216,0.8411130888370483,0.8567176309472342,0.9975655849504779,0.5071758876790687,-0.2412993669277639,0.0,0.0,0.0,0.0,0.0,0.0,0.0,0.0,0.0,0.0,0.0,0.0,0.0,0.0,0.0,0.0,0.0,0.0,0.0,0.0,0.0,0.0,0.0,0.0,0.0,0.0,0.0,0.0,0.0,0.0,0.0,0.0,0.0,0.0,0.0,0.0,0.0,0.0,0.0,0.0,0.0,0.0,0.0,0.0,0.0,0.0,0.0,0.0,0.0,0.0,0.0,0.0,0.0,0.0,0.0,0.0,0.0,0.0,0.0,0.0,0.0,0.0,0.0,0.0,0.0,0.0,0.0,0.0,0.0,0.0,0.0,0.0
657,-0.9758975231817592,-1.3066232913141895,-1.5387154913690813,-1.6531888465752451,-1.716660334005552,-1.5600598853721932,-1.0918312842933993,-0.4925031684691749,-0.14773503586101294,0.06290043127496091,0.26263902357776703,0.4610295488909029,0.6072948172701231,0.740978127079088,0.9315049282858141,1.0191292826143792,1.0431698105968317,1.0793429414863163,1.0701311503902364,0.9388069578131946,0.897241558965029,0.9663299921856284,0.512143755582566,-0.10942746557121716,0.0,0.0,0.0,0.0,0.0,0.0,0.0,0.0,0.0,0.0,0.0,0.0,0.0,0.0,0.0,0.0,0.0,0.0,0.0,0.0,0.0,0.0,0.0,0.0,0.0,0.0,0.0,0.0,0.0,0.0,0.0,0.0,0.0,0.0,0.0,0.0,0.0,0.0,0.0,0.0,0.0,0.0,0.0,0.0,0.0,0.0,0.0,0.0,0.0,0.0,0.0,0.0,0.0,0.0,0.0,0.0,0.0,0.0,0.0,0.0,0.0,0.0,0.0,0.0,0.0,0.0,0.0,0.0,0.0,0.0,0.0,0.0
658,-0.8715933947588711,-1.1981932895250216,-1.5231449705365294,-1.7119288382798517,-1.7390609723947414,-1.5989628032501,-1.1036111771432093,-0.4627095979340126,-0.04976865955926407,0.18719376408900273,0.44355439577268146,0.6565543271419101,0.8365899834182818,0.9694613691771816,1.07203097898534,1.164204163571905,1.1099398953421253,1.0121881411244613,0.9039131760117702,0.7200739495323765,0.6299293357207565,0.701690026884437,0.27150623692265574,-0.41985604031329876,0.0,0.0,0.0,0.0,0.0,0.0,0.0,0.0,0.0,0.0,0.0,0.0,0.0,0.0,0.0,0.0,0.0,0.0,0.0,0.0,0.0,0.0,0.0,0.0,0.0,0.0,0.0,0.0,0.0,0.0,0.0,0.0,0.0,0.0,0.0,0.0,0.0,0.0,0.0,0.0,0.0,0.0,0.0,0.0,0.0,0.0,0.0,0.0,0.0,0.0,0.0,0.0,0.0,0.0,0.0,0.0,0.0,0.0,0.0,0.0,0.0,0.0,0.0,0.0,0.0,0.0,0.0,0.0,0.0,0.0,0.0,0.0
659,-0.734419840204675,-1.225103394427048,-1.5693320587685946,-1.8029097061920314,-1.8939538402972251,-1.6963505604696607,-1.0737041601847037,-0.21867357490840036,0.31275819663820725,0.5978252232746936,0.7354143922314188,0.8414620540543222,0.8994302293272919,0.9476802105103814,1.0295176344251622,0.9816086425083843,0.897725282995734,0.8331078170296883,0.6871644110483293,0.5267289612487278,0.47779700153301513,0.6351635479358123,0.25717694622941867,-0.4461134155382286,1.0,1.0,1.0,1.0,1.0,1.0,1.0,1.0,1.0,1.0,1.0,1.0,1.0,1.0,1.0,1.0,1.0,1.0,1.0,1.0,1.0,1.0,1.0,1.0,1.0,1.0,1.0,1.0,1.0,1.0,1.0,1.0,1.0,1.0,1.0,1.0,1.0,1.0,1.0,1.0,1.0,1.0,1.0,1.0,1.0,1.0,1.0,1.0,1.0,1.0,1.0,1.0,1.0,1.0,1.0,1.0,1.0,1.0,1.0,1.0,1.0,1.0,1.0,1.0,1.0,1.0,1.0,1.0,1.0,1.0,1.0,1.0
660,-0.3136744582948359,-0.826032896846991,-1.3349092877585003,-1.6465525515962918,-1.7980216239643803,-1.6878396879068052,-1.41922458419985,-1.0349557552857338,-0.46016917689057346,0.35288894720020075,0.8893730015482583,1.0928240708374148,1.1286394179983423,1.0453189923114627,0.9147422057872484,0.7393962353118749,0.715021901827355,0.7204936909769412,0.6386655714217668,0.5160477509333142,0.5856887037462285,0.973688297989608,0.5891707513868741,-0.38057951653295713,0.0,0.0,0.0,0.0,0.0,0.0,0.0,0.0,0.0,0.0,0.0,0.0,0.0,0.0,0.0,0.0,0.0,0.0,0.0,0.0,0.0,0.0,0.0,0.0,0.0,0.0,0.0,0.0,0.0,0.0,0.0,0.0,0.0,0.0,0.0,0.0,0.0,0.0,0.0,0.0,0.0,0.0,0.0,0.0,0.0,0.0,0.0,0.0,0.0,0.0,0.0,0.0,0.0,0.0,0.0,0.0,0.0,0.0,0.0,0.0,0.0,0.0,0.0,0.0,0.0,0.0,0.0,0.0,0.0,0.0,0.0,0.0
661,-0.4260025701442146,-0.8592119087457993,-1.272875955803555,-1.5307131579502335,-1.6214782789551392,-1.48546446930767,-1.256275845177289,-1.1617623120954848,-0.6249361539396271,-0.03830966390497186,0.3148443024828466,0.4227450215535751,0.4613001172016766,0.44523549401496765,0.35259616697161267,0.28673121190610595,0.3852609007845875,0.5959752082502533,0.8888868376879132,1.0669364113406041,1.3207574576906056,1.9443325810546914,1.3978676489868085,0.3935609560977205,-1.0,-1.0,-1.0,-1.0,-1.0,-1.0,-1.0,-1.0,-1.0,-1.0,-1.0,-1.0,-1.0,-1.0,-1.0,-1.0,-1.0,-1.0,-1.0,-1.0,-1.0,-1.0,-1.0,-1.0,-1.0,-1.0,-1.0,-1.0,-1.0,-1.0,-1.0,-1.0,-1.0,-1.0,-1.0,-1.0,-1.0,-1.0,-1.0,-1.0,-1.0,-1.0,-1.0,-1.0,-1.0,-1.0,-1.0,-1.0,-1.0,-1.0,-1.0,-1.0,-1.0,-1.0,-1.0,-1.0,-1.0,-1.0,-1.0,-1.0,-1.0,-1.0,-1.0,-1.0,-1.0,-1.0,-1.0,-1.0,-1.0,-1.0,-1.0,-1.0
662,-1.3127102133272286,-1.5785486618004823,-1.7449182063784348,-1.7920064869400576,-1.7169637804542437,-1.4081080843209484,-0.7974531490837654,0.005897343494928804,0.386946023082931,0.4853293182044772,0.5750277431359835,0.6284939752434168,0.6705613152264227,0.7095075299848831,0.7716586322823564,0.7845502364706969,0.8054482053654806,0.8639353780515308,0.8579645297958782,0.7975775417557568,0.8069409174293937,0.9705964400729586,0.5025633574878378,-0.27228990477978793,0.0,0.0,0.0,0.0,0.0,0.0,0.0,0.0,0.0,0.0,0.0,0.0,0.0,0.0,0.0,0.0,0.0,0.0,0.0,0.0,0.0,0.0,0.0,0.0,0.0,0.0,0.0,0.0,0.0,0.0,0.0,0.0,0.0,0.0,0.0,0.0,0.0,0.0,0.0,0.0,0.0,0.0,0.0,0.0,0.0,0.0,0.0,0.0,0.0,0.0,0.0,0.0,0.0,0.0,0.0,0.0,0.0,0.0,0.0,0.0,0.0,0.0,0.0,0.0,0.0,0.0,0.0,0.0,0.0,0.0,0.0,0.0
663,-1.0254884341327108,-1.3754364946761022,-1.6416197479223553,-1.749957179325446,-1.7589146876202268,-1.561365315497496,-0.9952265817854788,-0.32353450708631626,0.04069714776496865,0.2071373356747449,0.34706814092834587,0.45976327906943804,0.5638640511439162,0.6753487151911192,0.808742960337718,0.8842765437964092,0.9256747578074226,0.9728832474691046,0.9792987601667178,0.9186540080628648,0.9136910642779188,1.0950200835425332,0.6671174913526721,-0.027694638539775784,0.0,0.0,0.0,0.0,0.0,0.0,0.0,0.0,0.0,0.0,0.0,0.0,0.0,0.0,0.0,0.0,0.0,0.0,0.0,0.0,0.0,0.0,0.0,0.0,0.0,0.0,0.0,0.0,0.0,0.0,0.0,0.0,0.0,0.0,0.0,0.0,0.0,0.0,0.0,0.0,0.0,0.0,0.0,0.0,0.0,0.0,0.0,0.0,0.0,0.0,0.0,0.0,0.0,0.0,0.0,0.0,0.0,0.0,0.0,0.0,0.0,0.0,0.0,0.0,0.0,0.0,0.0,0.0,0.0,0.0,0.0,0.0
664,-0.9155000352468525,-1.2945079881919075,-1.6022390924765637,-1.7523340263450484,-1.788823880608051,-1.5691549579447746,-1.0272806221391841,-0.39418165067608696,-0.003010412976697725,0.21179319578484498,0.395458795575292,0.5866656319134264,0.6871343639842271,0.7966039267732353,0.9424417109777029,0.9926760770131032,1.0125022311626681,1.0275847042580426,0.9921895456229299,0.887463663888112,0.8391754234134051,0.8306611240853712,0.38207918234552435,-0.23739691019271855,0.0,0.0,0.0,0.0,0.0,0.0,0.0,0.0,0.0,0.0,0.0,0.0,0.0,0.0,0.0,0.0,0.0,0.0,0.0,0.0,0.0,0.0,0.0,0.0,0.0,0.0,0.0,0.0,0.0,0.0,0.0,0.0,0.0,0.0,0.0,0.0,0.0,0.0,0.0,0.0,0.0,0.0,0.0,0.0,0.0,0.0,0.0,0.0,0.0,0.0,0.0,0.0,0.0,0.0,0.0,0.0,0.0,0.0,0.0,0.0,0.0,0.0,0.0,0.0,0.0,0.0,0.0,0.0,0.0,0.0,0.0,0.0
665,-0.7616792780394197,-1.2884682297355272,-1.6514927753147743,-1.8646285196304124,-1.9428804772330501,-1.6963464747241213,-1.0106334441855434,-0.09581158932584052,0.3996765793292119,0.5753804593895676,0.6934844448846826,0.7633465018783777,0.7276894242903718,0.734304538232038,0.81045902068244,0.8136859055320333,0.8099749879550011,0.8188489212913826,0.7880321709777666,0.6833197576084638,0.7030037551909829,0.8633799322157704,0.4298479526729094,-0.30249356394229193,0.0,0.0,0.0,0.0,0.0,0.0,0.0,0.0,0.0,0.0,0.0,0.0,0.0,0.0,0.0,0.0,0.0,0.0,0.0,0.0,0.0,0.0,0.0,0.0,0.0,0.0,0.0,0.0,0.0,0.0,0.0,0.0,0.0,0.0,0.0,0.0,0.0,0.0,0.0,0.0,0.0,0.0,0.0,0.0,0.0,0.0,0.0,0.0,0.0,0.0,0.0,0.0,0.0,0.0,0.0,0.0,0.0,0.0,0.0,0.0,0.0,0.0,0.0,0.0,0.0,0.0,0.0,0.0,0.0,0.0,0.0,0.0
666,-1.029041221315864,-1.4313828050607367,-1.7048599974744516,-1.8270616000646331,-1.8125246064479572,-1.557521510088768,-0.9110795751972129,-0.10745639682535013,0.29806515427317043,0.5161200585233084,0.6587643083869404,0.7877801267349388,0.8366910531743794,0.8746992344013133,0.9605583529498051,0.9537441371919883,0.8813620231422896,0.8383567503596235,0.7568890152995026,0.6122762142169457,0.5698766495016411,0.6884440036876537,0.34803606983049373,-0.2007354391990203,0.0,0.0,0.0,0.0,0.0,0.0,0.0,0.0,0.0,0.0,0.0,0.0,0.0,0.0,0.0,0.0,0.0,0.0,0.0,0.0,0.0,0.0,0.0,0.0,0.0,0.0,0.0,0.0,0.0,0.0,0.0,0.0,0.0,0.0,0.0,0.0,0.0,0.0,0.0,0.0,0.0,0.0,0.0,0.0,0.0,0.0,0.0,0.0,0.0,0.0,0.0,0.0,0.0,0.0,0.0,0.0,0.0,0.0,0.0,0.0,0.0,0.0,0.0,0.0,0.0,0.0,0.0,0.0,0.0,0.0,0.0,0.0
667,-0.4734731729065686,-0.9324647610959983,-1.3577754677164924,-1.626864213017243,-1.7107081096888486,-1.651408259692478,-1.360821079347726,-1.0388820145638051,-0.5813236553773089,-0.030784564625506675,0.36926548081828586,0.6426539131278368,0.7832895090406793,0.89705206114852,0.8873777653787193,0.8683874810898514,0.9239251049535216,1.0165475292680943,1.0532740224682633,0.8927523741397196,0.9126384265554209,0.9945116333479929,0.6014485792935008,-0.07861858259840977,-1.0,-1.0,-1.0,-1.0,-1.0,-1.0,-1.0,-1.0,-1.0,-1.0,-1.0,-1.0,-1.0,-1.0,-1.0,-1.0,-1.0,-1.0,-1.0,-1.0,-1.0,-1.0,-1.0,-1.0,-1.0,-1.0,-1.0,-1.0,-1.0,-1.0,-1.0,-1.0,-1.0,-1.0,-1.0,-1.0,-1.0,-1.0,-1.0,-1.0,-1.0,-1.0,-1.0,-1.0,-1.0,-1.0,-1.0,-1.0,-1.0,-1.0,-1.0,-1.0,-1.0,-1.0,-1.0,-1.0,-1.0,-1.0,-1.0,-1.0,-1.0,-1.0,-1.0,-1.0,-1.0,-1.0,-1.0,-1.0,-1.0,-1.0,-1.0,-1.0
668,-0.20608490043091626,-0.7593481631616978,-1.112620900482066,-1.428176126431172,-1.634306711832256,-1.661717693933464,-1.526855661995521,-1.2474829324200092,-0.8678956522824813,-0.2398552303796045,0.243016630315275,0.48927689351252734,0.6625143003921617,0.7065911596109041,0.6774258746552189,0.6679964968124033,0.685758813213986,0.8927665500423086,1.095388529734438,1.1063529225749211,1.163806341059053,1.4137944978220696,0.8868457779084477,-0.007190814304551286,-1.0,-1.0,-1.0,-1.0,-1.0,-1.0,-1.0,-1.0,-1.0,-1.0,-1.0,-1.0,-1.0,-1.0,-1.0,-1.0,-1.0,-1.0,-1.0,-1.0,-1.0,-1.0,-1.0,-1.0,-1.0,-1.0,-1.0,-1.0,-1.0,-1.0,-1.0,-1.0,-1.0,-1.0,-1.0,-1.0,-1.0,-1.0,-1.0,-1.0,-1.0,-1.0,-1.0,-1.0,-1.0,-1.0,-1.0,-1.0,-1.0,-1.0,-1.0,-1.0,-1.0,-1.0,-1.0,-1.0,-1.0,-1.0,-1.0,-1.0,-1.0,-1.0,-1.0,-1.0,-1.0,-1.0,-1.0,-1.0,-1.0,-1.0,-1.0,-1.0
669,-1.2027357318104128,-1.4974654462375168,-1.6987218614788306,-1.8002034068027288,-1.765938615949511,-1.5197835092453598,-0.889495153359157,-0.14945444056379664,0.2908678143085891,0.5045960882895801,0.6066027645077805,0.73722907446545,0.7391983153190833,0.7722815616601212,0.794074493773662,0.7990632372695329,0.775826195196661,0.8198059075944694,0.8204623212123471,0.8085155933669722,0.7726754098308478,0.8966063008861646,0.5123417689805375,-0.12634868121450032,0.0,0.0,0.0,0.0,0.0,0.0,0.0,0.0,0.0,0.0,0.0,0.0,0.0,0.0,0.0,0.0,0.0,0.0,0.0,0.0,0.0,0.0,0.0,0.0,0.0,0.0,0.0,0.0,0.0,0.0,0.0,0.0,0.0,0.0,0.0,0.0,0.0,0.0,0.0,0.0,0.0,0.0,0.0,0.0,0.0,0.0,0.0,0.0,0.0,0.0,0.0,0.0,0.0,0.0,0.0,0.0,0.0,0.0,0.0,0.0,0.0,0.0,0.0,0.0,0.0,0.0,0.0,0.0,0.0,0.0,0.0,0.0
670,-0.9809298850713388,-1.3853383994512725,-1.707935917692795,-1.8672433341083619,-1.8513125924668052,-1.5318680335085073,-0.9031015743433172,-0.08548944863550721,0.3836377036632504,0.42197105073824615,0.4964804569576102,0.6101529363791344,0.6757013004251228,0.7483853091647251,0.869525323730729,0.863883186066011,0.8622237338116823,0.9266104812796405,0.8595686102047562,0.7805786828987042,0.7044098244250114,0.9281039883085364,0.49764207353564033,-0.3156554763109146,0.0,0.0,0.0,0.0,0.0,0.0,0.0,0.0,0.0,0.0,0.0,0.0,0.0,0.0,0.0,0.0,0.0,0.0,0.0,0.0,0.0,0.0,0.0,0.0,0.0,0.0,0.0,0.0,0.0,0.0,0.0,0.0,0.0,0.0,0.0,0.0,0.0,0.0,0.0,0.0,0.0,0.0,0.0,0.0,0.0,0.0,0.0,0.0,0.0,0.0,0.0,0.0,0.0,0.0,0.0,0.0,0.0,0.0,0.0,0.0,0.0,0.0,0.0,0.0,0.0,0.0,0.0,0.0,0.0,0.0,0.0,0.0
671,-0.8954121425132022,-1.327357847833288,-1.7478166053124429,-1.9172035028398213,-1.8734437015410368,-1.54834484439215,-0.8607689664849978,0.015521054523162643,0.5605129131984418,0.6686360889075219,0.8207013984207983,0.9640147476743176,0.9694847228366656,0.8766774775821601,0.8507862618137126,0.736463780920638,0.5632479007796158,0.5304280498055274,0.5477496378196296,0.5442853202168092,0.6912453195785606,0.8723014974522817,0.35611817463203566,-0.39782673524493967,0.0,0.0,0.0,0.0,0.0,0.0,0.0,0.0,0.0,0.0,0.0,0.0,0.0,0.0,0.0,0.0,0.0,0.0,0.0,0.0,0.0,0.0,0.0,0.0,0.0,0.0,0.0,0.0,0.0,0.0,0.0,0.0,0.0,0.0,0.0,0.0,0.0,0.0,0.0,0.0,0.0,0.0,0.0,0.0,0.0,0.0,0.0,0.0,0.0,0.0,0.0,0.0,0.0,0.0,0.0,0.0,0.0,0.0,0.0,0.0,0.0,0.0,0.0,0.0,0.0,0.0,0.0,0.0,0.0,0.0,0.0,0.0
672,-1.108066121119487,-1.4389916618933118,-1.7177558125193246,-1.8391806879453791,-1.8319978079905985,-1.5740982134237107,-0.8436677304030359,0.12379779112540178,0.6248891784470073,0.7577724576104501,0.8424278285060797,0.939909770749532,0.91955827754432,0.798475444020874,0.8266939009860839,0.6946657265791626,0.5811078149131059,0.5764902492278897,0.5448513732365938,0.5262100895444249,0.5911980510400597,0.8502947922660776,0.44634330528531574,-0.29092801578753114,0.0,0.0,0.0,0.0,0.0,0.0,0.0,0.0,0.0,0.0,0.0,0.0,0.0,0.0,0.0,0.0,0.0,0.0,0.0,0.0,0.0,0.0,0.0,0.0,0.0,0.0,0.0,0.0,0.0,0.0,0.0,0.0,0.0,0.0,0.0,0.0,0.0,0.0,0.0,0.0,0.0,0.0,0.0,0.0,0.0,0.0,0.0,0.0,0.0,0.0,0.0,0.0,0.0,0.0,0.0,0.0,0.0,0.0,0.0,0.0,0.0,0.0,0.0,0.0,0.0,0.0,0.0,0.0,0.0,0.0,0.0,0.0
673,-0.8866499523993279,-1.3843608622806902,-1.704733422974175,-1.8630139178941247,-1.791597116637468,-1.4495587847762335,-0.672399548629358,0.3372655095862393,0.9589527767052809,1.0863394868119576,1.101786379218594,1.1126192648024689,1.024150699200824,0.9743996691119173,0.8706848200959301,0.7406901930894315,0.5721786395624889,0.5023667102441842,0.3575270178079312,0.1549119355910122,0.04357394486785376,0.3671562494380422,0.10275359759457763,-0.5550432881373802,0.0,0.0,0.0,0.0,0.0,0.0,0.0,0.0,0.0,0.0,0.0,0.0,0.0,0.0,0.0,0.0,0.0,0.0,0.0,0.0,0.0,0.0,0.0,0.0,0.0,0.0,0.0,0.0,0.0,0.0,0.0,0.0,0.0,0.0,0.0,0.0,0.0,0.0,0.0,0.0,0.0,0.0,0.0,0.0,0.0,0.0,0.0,0.0,0.0,0.0,0.0,0.0,0.0,0.0,0.0,0.0,0.0,0.0,0.0,0.0,0.0,0.0,0.0,0.0,0.0,0.0,0.0,0.0,0.0,0.0,0.0,0.0
674,-0.18574701967647003,-0.8233576943015503,-1.4432413289878043,-1.7513541660197827,-1.8411148920592357,-1.6686279796385939,-1.2898883644376415,-1.113462109808372,-0.44630636861858136,0.28050226887329077,0.6251947121282436,0.6758433976677469,0.6994794509195151,0.6508004364843258,0.5905847770095831,0.582706092592327,0.7236782673439445,0.9226150488796602,0.986770050563031,0.9397793256458251,0.8429840599481078,1.252112886472762,0.9003859035595448,-0.11033675453987625,0.0,0.0,0.0,0.0,0.0,0.0,0.0,0.0,0.0,0.0,0.0,0.0,0.0,0.0,0.0,0.0,0.0,0.0,0.0,0.0,0.0,0.0,0.0,0.0,0.0,0.0,0.0,0.0,0.0,0.0,0.0,0.0,0.0,0.0,0.0,0.0,0.0,0.0,0.0,0.0,0.0,0.0,0.0,0.0,0.0,0.0,0.0,0.0,0.0,0.0,0.0,0.0,0.0,0.0,0.0,0.0,0.0,0.0,0.0,0.0,0.0,0.0,0.0,0.0,0.0,0.0,0.0,0.0,0.0,0.0,0.0,0.0
675,-0.6327208156872192,-0.9162950358653006,-1.2441947587489888,-1.4189535030227327,-1.4563758536676301,-1.3748096622134607,-1.2283901737678913,-1.1747999143492276,-0.8185609356373648,-0.372944303928951,-0.06448240395304941,0.09810499326628623,0.23889296292548748,0.3816792134443677,0.47196517592259096,0.6000368128383805,0.7419147538755885,0.9733520098056819,1.2369434213869737,1.3156030224997919,1.2383967165576493,1.5712013106423675,1.2681892675564994,0.5662477001201722,0.0,0.0,0.0,0.0,0.0,0.0,0.0,0.0,0.0,0.0,0.0,0.0,0.0,0.0,0.0,0.0,0.0,0.0,0.0,0.0,0.0,0.0,0.0,0.0,0.0,0.0,0.0,0.0,0.0,0.0,0.0,0.0,0.0,0.0,0.0,0.0,0.0,0.0,0.0,0.0,0.0,0.0,0.0,0.0,0.0,0.0,0.0,0.0,0.0,0.0,0.0,0.0,0.0,0.0,0.0,0.0,0.0,0.0,0.0,0.0,0.0,0.0,0.0,0.0,0.0,0.0,0.0,0.0,0.0,0.0,0.0,0.0
676,-1.1327976382464235,-1.4299575562849116,-1.6907783916441368,-1.7451697928156786,-1.73286139384367,-1.4607871651386088,-0.9262509812113877,-0.3080176842745097,0.052911462723716975,0.19756445635665354,0.35886309431363955,0.4657703310990838,0.6047966280591022,0.7551935412123094,0.90289432887641,0.9632640952629272,0.9636157638049846,0.9955003782848539,0.9623263124841075,0.9107482596490248,0.8463929164525238,0.938530074471558,0.5780698188627412,-0.06982085845430944,1.0,1.0,1.0,1.0,1.0,1.0,1.0,1.0,1.0,1.0,1.0,1.0,1.0,1.0,1.0,1.0,1.0,1.0,1.0,1.0,1.0,1.0,1.0,1.0,1.0,1.0,1.0,1.0,1.0,1.0,1.0,1.0,1.0,1.0,1.0,1.0,1.0,1.0,1.0,1.0,1.0,1.0,1.0,1.0,1.0,1.0,1.0,1.0,1.0,1.0,1.0,1.0,1.0,1.0,1.0,1.0,1.0,1.0,1.0,1.0,1.0,1.0,1.0,1.0,1.0,1.0,1.0,1.0,1.0,1.0,1.0,1.0
677,-0.8743995072524402,-1.2244497431330685,-1.527049509770544,-1.6661041107039523,-1.7343951086221374,-1.5573094864342918,-1.11765675156101,-0.5325912883619377,-0.18572011617750064,0.03445948055871698,0.2380373002148241,0.4353747355784074,0.5697196125174578,0.7430374555098174,0.9023438696189631,1.025856381370991,1.1049797444761986,1.1446591691286614,1.0920280034917154,0.9879431032164124,0.8733790670536639,0.9235376275935723,0.5342789394599169,-0.1899588677724225,0.0,0.0,0.0,0.0,0.0,0.0,0.0,0.0,0.0,0.0,0.0,0.0,0.0,0.0,0.0,0.0,0.0,0.0,0.0,0.0,0.0,0.0,0.0,0.0,0.0,0.0,0.0,0.0,0.0,0.0,0.0,0.0,0.0,0.0,0.0,0.0,0.0,0.0,0.0,0.0,0.0,0.0,0.0,0.0,0.0,0.0,0.0,0.0,0.0,0.0,0.0,0.0,0.0,0.0,0.0,0.0,0.0,0.0,0.0,0.0,0.0,0.0,0.0,0.0,0.0,0.0,0.0,0.0,0.0,0.0,0.0,0.0
678,-0.7968667318580911,-1.1858976837633144,-1.4632376717368438,-1.646206566925145,-1.6831778303339464,-1.5412881167109798,-1.1610281251940306,-0.6666346238144761,-0.28615258266744426,-0.06277065480405696,0.14762136969948128,0.3728907194185731,0.5875016868936863,0.8218750714461766,1.0223858874110263,1.1083190942531047,1.1684945440055678,1.1716032388267283,1.1009914564603693,0.9702042243415471,0.8375295703670204,0.8596235085602679,0.46304286923222643,-0.13882265310744676,-1.0,-1.0,-1.0,-1.0,-1.0,-1.0,-1.0,-1.0,-1.0,-1.0,-1.0,-1.0,-1.0,-1.0,-1.0,-1.0,-1.0,-1.0,-1.0,-1.0,-1.0,-1.0,-1.0,-1.0,-1.0,-1.0,-1.0,-1.0,-1.0,-1.0,-1.0,-1.0,-1.0,-1.0,-1.0,-1.0,-1.0,-1.0,-1.0,-1.0,-1.0,-1.0,-1.0,-1.0,-1.0,-1.0,-1.0,-1.0,-1.0,-1.0,-1.0,-1.0,-1.0,-1.0,-1.0,-1.0,-1.0,-1.0,-1.0,-1.0,-1.0,-1.0,-1.0,-1.0,-1.0,-1.0,-1.0,-1.0,-1.0,-1.0,-1.0,-1.0
679,-0.7145506917185972,-1.1889480171972024,-1.5769246709021418,-1.7711949575320134,-1.8258951543479716,-1.6392377817079498,-1.0787017442330809,-0.40777845390538925,-0.042640542169999254,0.1810945411983652,0.43076992408769943,0.6515444297933445,0.8177597185717325,0.9246224742070319,1.1039488926346057,1.0774446735588323,1.0801232914441499,0.9925747805608768,0.8539915499678696,0.7069495260528071,0.6113651615135816,0.7405027395636268,0.3883349775887217,-0.315154667028883,0.0,0.0,0.0,0.0,0.0,0.0,0.0,0.0,0.0,0.0,0.0,0.0,0.0,0.0,0.0,0.0,0.0,0.0,0.0,0.0,0.0,0.0,0.0,0.0,0.0,0.0,0.0,0.0,0.0,0.0,0.0,0.0,0.0,0.0,0.0,0.0,0.0,0.0,0.0,0.0,0.0,0.0,0.0,0.0,0.0,0.0,0.0,0.0,0.0,0.0,0.0,0.0,0.0,0.0,0.0,0.0,0.0,0.0,0.0,0.0,0.0,0.0,0.0,0.0,0.0,0.0,0.0,0.0,0.0,0.0,0.0,0.0
680,-0.7005871094951247,-1.2115804311372582,-1.6293737129830277,-1.793277231245599,-1.8255758657267525,-1.602056459939266,-1.0393210472377716,-0.3232876380436375,0.1804746460280884,0.47276925359634026,0.6890576218134193,0.8367314779735202,0.9196473754475267,0.9493749743480911,1.036790184088129,1.0625005398940226,1.0260239725944111,0.9765315376680661,0.8462121716769434,0.603088619587463,0.3742664529150107,0.44223820607684167,0.20152499984416372,-0.4921725377436005,-1.0,-1.0,-1.0,-1.0,-1.0,-1.0,-1.0,-1.0,-1.0,-1.0,-1.0,-1.0,-1.0,-1.0,-1.0,-1.0,-1.0,-1.0,-1.0,-1.0,-1.0,-1.0,-1.0,-1.0,-1.0,-1.0,-1.0,-1.0,-1.0,-1.0,-1.0,-1.0,-1.0,-1.0,-1.0,-1.0,-1.0,-1.0,-1.0,-1.0,-1.0,-1.0,-1.0,-1.0,-1.0,-1.0,-1.0,-1.0,-1.0,-1.0,-1.0,-1.0,-1.0,-1.0,-1.0,-1.0,-1.0,-1.0,-1.0,-1.0,-1.0,-1.0,-1.0,-1.0,-1.0,-1.0,-1.0,-1.0,-1.0,-1.0,-1.0,-1.0
681,-0.3194954058400313,-0.8363254228538782,-1.2745318110764228,-1.4900247365187067,-1.6118111329525813,-1.5704133855481812,-1.420226208918265,-1.2403546010099995,-0.7766356475266039,-0.2190497086495103,0.16444105218969937,0.35698871453574604,0.4696290970081834,0.5864413454981183,0.6743714446361463,0.8513548376092209,1.0227222570972025,1.2041984288583514,1.2804152118703283,1.2189604163048817,0.9769921872900164,1.0073184441095187,0.7440095158512999,0.20102510803544824,1.0,1.0,1.0,1.0,1.0,1.0,1.0,1.0,1.0,1.0,1.0,1.0,1.0,1.0,1.0,1.0,1.0,1.0,1.0,1.0,1.0,1.0,1.0,1.0,1.0,1.0,1.0,1.0,1.0,1.0,1.0,1.0,1.0,1.0,1.0,1.0,1.0,1.0,1.0,1.0,1.0,1.0,1.0,1.0,1.0,1.0,1.0,1.0,1.0,1.0,1.0,1.0,1.0,1.0,1.0,1.0,1.0,1.0,1.0,1.0,1.0,1.0,1.0,1.0,1.0,1.0,1.0,1.0,1.0,1.0,1.0,1.0
682,-0.4143837802236689,-0.7835314326123896,-1.0770426190425804,-1.2795120562485685,-1.3895497938605184,-1.400785226016686,-1.3874648683057655,-1.371364609855175,-1.0155373151773746,-0.5344986580169238,-0.18898016191540082,0.03306440966576564,0.23321726292202835,0.4198181000723983,0.5866121444526172,0.7831742925868058,1.001975646638357,1.200043574339867,1.303942364485045,1.311934579111597,1.1800051231747433,1.2434795233972156,1.0712415067351422,0.4741419936934557,0.0,0.0,0.0,0.0,0.0,0.0,0.0,0.0,0.0,0.0,0.0,0.0,0.0,0.0,0.0,0.0,0.0,0.0,0.0,0.0,0.0,0.0,0.0,0.0,0.0,0.0,0.0,0.0,0.0,0.0,0.0,0.0,0.0,0.0,0.0,0.0,0.0,0.0,0.0,0.0,0.0,0.0,0.0,0.0,0.0,0.0,0.0,0.0,0.0,0.0,0.0,0.0,0.0,0.0,0.0,0.0,0.0,0.0,0.0,0.0,0.0,0.0,0.0,0.0,0.0,0.0,0.0,0.0,0.0,0.0,0.0,0.0
683,-0.968429491436914,-1.2288307094600739,-1.4475773267494092,-1.5441584355525952,-1.5854132800413736,-1.4769194351358077,-1.1667885402288882,-0.7502425328906436,-0.3873438136376124,-0.1358971355034897,0.10531578275744774,0.3432506998090055,0.5473662385296463,0.7571583159299445,0.9409662374022333,1.052178424774114,1.1466808011030591,1.229270441329625,1.2221547801678008,1.0910347317926143,0.9127434465019645,0.8232779988606025,0.5190634963803682,0.001139305298381955,0.0,0.0,0.0,0.0,0.0,0.0,0.0,0.0,0.0,0.0,0.0,0.0,0.0,0.0,0.0,0.0,0.0,0.0,0.0,0.0,0.0,0.0,0.0,0.0,0.0,0.0,0.0,0.0,0.0,0.0,0.0,0.0,0.0,0.0,0.0,0.0,0.0,0.0,0.0,0.0,0.0,0.0,0.0,0.0,0.0,0.0,0.0,0.0,0.0,0.0,0.0,0.0,0.0,0.0,0.0,0.0,0.0,0.0,0.0,0.0,0.0,0.0,0.0,0.0,0.0,0.0,0.0,0.0,0.0,0.0,0.0,0.0
684,-0.7934902285116209,-1.1308025979378273,-1.395281632694638,-1.5068425391904303,-1.6116301049346926,-1.537840533923904,-1.224274700308945,-0.8187508051967395,-0.46486367251972954,-0.21106261024180187,0.04249939295077766,0.30729717315471916,0.5328095769997852,0.711864831925532,0.94008657207121,1.09746713659206,1.2049640386369342,1.2688725007866668,1.2270371608507447,1.0775455461463828,0.8731500281737347,0.8217523248238875,0.5836494758171534,0.005843666530731596,0.0,0.0,0.0,0.0,0.0,0.0,0.0,0.0,0.0,0.0,0.0,0.0,0.0,0.0,0.0,0.0,0.0,0.0,0.0,0.0,0.0,0.0,0.0,0.0,0.0,0.0,0.0,0.0,0.0,0.0,0.0,0.0,0.0,0.0,0.0,0.0,0.0,0.0,0.0,0.0,0.0,0.0,0.0,0.0,0.0,0.0,0.0,0.0,0.0,0.0,0.0,0.0,0.0,0.0,0.0,0.0,0.0,0.0,0.0,0.0,0.0,0.0,0.0,0.0,0.0,0.0,0.0,0.0,0.0,0.0,0.0,0.0
685,-0.670229572667885,-1.1050547088738356,-1.416632299191252,-1.6393547418008876,-1.707165249262089,-1.6194792482346734,-1.208329332306125,-0.702088819707846,-0.32679273531050745,-0.02788090069705093,0.21929619331023043,0.5038859810892091,0.7550576595877394,0.9365676817144896,1.0947921991239593,1.1789707601102783,1.1731250267084505,1.155685255392998,1.0712144077365877,0.8878532366992586,0.6727302475119992,0.6465218760938051,0.3582297904936688,-0.23092270752053312,0.0,0.0,0.0,0.0,0.0,0.0,0.0,0.0,0.0,0.0,0.0,0.0,0.0,0.0,0.0,0.0,0.0,0.0,0.0,0.0,0.0,0.0,0.0,0.0,0.0,0.0,0.0,0.0,0.0,0.0,0.0,0.0,0.0,0.0,0.0,0.0,0.0,0.0,0.0,0.0,0.0,0.0,0.0,0.0,0.0,0.0,0.0,0.0,0.0,0.0,0.0,0.0,0.0,0.0,0.0,0.0,0.0,0.0,0.0,0.0,0.0,0.0,0.0,0.0,0.0,0.0,0.0,0.0,0.0,0.0,0.0,0.0
686,-0.776160916875323,-1.1641321741824358,-1.441495642309939,-1.5804439011668945,-1.6394347220626861,-1.5407317069795166,-1.2032224771856712,-0.7288971868805018,-0.3145399750462049,-0.005548898125174767,0.2520028937075067,0.5131083494495733,0.7059834581314469,0.9011684483544208,1.0780520694440616,1.202963355858946,1.2217089329809523,1.2445412235987512,1.1327784936485914,0.9098749249324142,0.6608519264822568,0.5857807763964976,0.2648849253790276,-0.279092177550089,1.0,1.0,1.0,1.0,1.0,1.0,1.0,1.0,1.0,1.0,1.0,1.0,1.0,1.0,1.0,1.0,1.0,1.0,1.0,1.0,1.0,1.0,1.0,1.0,1.0,1.0,1.0,1.0,1.0,1.0,1.0,1.0,1.0,1.0,1.0,1.0,1.0,1.0,1.0,1.0,1.0,1.0,1.0,1.0,1.0,1.0,1.0,1.0,1.0,1.0,1.0,1.0,1.0,1.0,1.0,1.0,1.0,1.0,1.0,1.0,1.0,1.0,1.0,1.0,1.0,1.0,1.0,1.0,1.0,1.0,1.0,1.0
687,-0.47215345583193147,-1.0159649482613562,-1.3698998767289055,-1.580080073272843,-1.7086697462925688,-1.655905367792272,-1.259357877115457,-0.7025119538926097,-0.21296881274733812,0.07717260347163363,0.3584155140527881,0.6633459959796816,0.8687636120414071,1.0779411600627737,1.1997629555551454,1.2732069598334683,1.2511486923369073,1.2065308330824995,0.9815615708306402,0.7074625309728038,0.3779671602429218,0.3517729675907555,0.10324146505847862,-0.520781909176623,1.0,1.0,1.0,1.0,1.0,1.0,1.0,1.0,1.0,1.0,1.0,1.0,1.0,1.0,1.0,1.0,1.0,1.0,1.0,1.0,1.0,1.0,1.0,1.0,1.0,1.0,1.0,1.0,1.0,1.0,1.0,1.0,1.0,1.0,1.0,1.0,1.0,1.0,1.0,1.0,1.0,1.0,1.0,1.0,1.0,1.0,1.0,1.0,1.0,1.0,1.0,1.0,1.0,1.0,1.0,1.0,1.0,1.0,1.0,1.0,1.0,1.0,1.0,1.0,1.0,1.0,1.0,1.0,1.0,1.0,1.0,1.0
688,-0.3156394673199023,-0.8368745513468873,-1.2258010366966725,-1.4904182340510719,-1.6232067913691803,-1.5315346909555947,-1.4123449617965695,-1.1933238353285087,-0.7792795144378282,-0.27564291391083345,0.2542314256525104,0.5910024053568699,0.8516199473703624,0.9671299936157531,1.0114461747930015,1.085039833065688,1.201189824165624,1.2042295622247132,1.140875021624748,0.9357726957430432,0.6543569459568349,0.6581966150841055,0.3635020095660864,-0.2345264570063107,0.0,0.0,0.0,0.0,0.0,0.0,0.0,0.0,0.0,0.0,0.0,0.0,0.0,0.0,0.0,0.0,0.0,0.0,0.0,0.0,0.0,0.0,0.0,0.0,0.0,0.0,0.0,0.0,0.0,0.0,0.0,0.0,0.0,0.0,0.0,0.0,0.0,0.0,0.0,0.0,0.0,0.0,0.0,0.0,0.0,0.0,0.0,0.0,0.0,0.0,0.0,0.0,0.0,0.0,0.0,0.0,0.0,0.0,0.0,0.0,0.0,0.0,0.0,0.0,0.0,0.0,0.0,0.0,0.0,0.0,0.0,0.0
689,-0.27857811577012676,-0.6332339623671565,-1.1032348558156266,-1.3889250540709879,-1.5473736311359712,-1.5516839841573253,-1.453580349391302,-1.4006492142890716,-1.000820868028249,-0.4837509195865903,0.008491395452067922,0.3738369175420563,0.6583202169514384,0.85763094065886,0.9395276480645913,0.9765966840482381,0.9824587641572798,1.0781486012313448,1.1865970832486183,1.0929762156248035,0.8967689460927569,0.9650449379510085,0.8071136032485879,0.01831900034075567,0.0,0.0,0.0,0.0,0.0,0.0,0.0,0.0,0.0,0.0,0.0,0.0,0.0,0.0,0.0,0.0,0.0,0.0,0.0,0.0,0.0,0.0,0.0,0.0,0.0,0.0,0.0,0.0,0.0,0.0,0.0,0.0,0.0,0.0,0.0,0.0,0.0,0.0,0.0,0.0,0.0,0.0,0.0,0.0,0.0,0.0,0.0,0.0,0.0,0.0,0.0,0.0,0.0,0.0,0.0,0.0,0.0,0.0,0.0,0.0,0.0,0.0,0.0,0.0,0.0,0.0,0.0,0.0,0.0,0.0,0.0,0.0
690,-1.0656949113822751,-1.4162777590346576,-1.6581313957989645,-1.7707953187819037,-1.7433834911876847,-1.4850040636249486,-1.0275282040620943,-0.40361402288649306,0.033925962062383554,0.31893027480036584,0.4823519838070506,0.6299036873644506,0.7522732335147209,0.8363449152749817,0.9058581622842456,0.9235643667111336,0.96658388561498,0.9559601629588472,0.8840860886926648,0.8046049043764121,0.7416495108585881,0.8152286270325448,0.5853102836226586,-0.0661468822169908,0.0,0.0,0.0,0.0,0.0,0.0,0.0,0.0,0.0,0.0,0.0,0.0,0.0,0.0,0.0,0.0,0.0,0.0,0.0,0.0,0.0,0.0,0.0,0.0,0.0,0.0,0.0,0.0,0.0,0.0,0.0,0.0,0.0,0.0,0.0,0.0,0.0,0.0,0.0,0.0,0.0,0.0,0.0,0.0,0.0,0.0,0.0,0.0,0.0,0.0,0.0,0.0,0.0,0.0,0.0,0.0,0.0,0.0,0.0,0.0,0.0,0.0,0.0,0.0,0.0,0.0,0.0,0.0,0.0,0.0,0.0,0.0
691,-0.8986048629511968,-1.2602587986782399,-1.5751089265732683,-1.7488957673534227,-1.7970033024230978,-1.5798023446288463,-1.0300205685073827,-0.5021414099786163,0.008919667184328389,0.23733267922246085,0.44384307366789566,0.6478763863617755,0.7718608466632959,0.9183997881763444,0.9908870225902723,1.0474687847047413,1.0667639478221176,1.0284343670348968,0.9457780601672164,0.8069311093563654,0.6777317401042026,0.6757761492477117,0.353625148821784,-0.2297927900313226,0.0,0.0,0.0,0.0,0.0,0.0,0.0,0.0,0.0,0.0,0.0,0.0,0.0,0.0,0.0,0.0,0.0,0.0,0.0,0.0,0.0,0.0,0.0,0.0,0.0,0.0,0.0,0.0,0.0,0.0,0.0,0.0,0.0,0.0,0.0,0.0,0.0,0.0,0.0,0.0,0.0,0.0,0.0,0.0,0.0,0.0,0.0,0.0,0.0,0.0,0.0,0.0,0.0,0.0,0.0,0.0,0.0,0.0,0.0,0.0,0.0,0.0,0.0,0.0,0.0,0.0,0.0,0.0,0.0,0.0,0.0,0.0
692,-0.7275718870248611,-1.1992974122293745,-1.5790260058222336,-1.818990030235849,-1.8472967784240504,-1.6817988018009873,-1.131103882503253,-0.466056133877047,0.14286061976232833,0.4402423095349657,0.6099219648676495,0.7503298692329888,0.8687035434745578,0.9359320704215358,0.9709938380637397,0.9286945495779617,0.9064994856576675,0.8942761171218533,0.8079083683885346,0.7099605863054972,0.6113694690363644,0.6885696913678224,0.45600402159430503,-0.27112557249011543,1.0,1.0,1.0,1.0,1.0,1.0,1.0,1.0,1.0,1.0,1.0,1.0,1.0,1.0,1.0,1.0,1.0,1.0,1.0,1.0,1.0,1.0,1.0,1.0,1.0,1.0,1.0,1.0,1.0,1.0,1.0,1.0,1.0,1.0,1.0,1.0,1.0,1.0,1.0,1.0,1.0,1.0,1.0,1.0,1.0,1.0,1.0,1.0,1.0,1.0,1.0,1.0,1.0,1.0,1.0,1.0,1.0,1.0,1.0,1.0,1.0,1.0,1.0,1.0,1.0,1.0,1.0,1.0,1.0,1.0,1.0,1.0
693,-0.9507246651102204,-1.3034747123182755,-1.5819414041700854,-1.6608275147635505,-1.7606817325487956,-1.5790007549907505,-1.1203873373266353,-0.5339196075175202,-0.06316003019963003,0.16736129459780505,0.3521107756473301,0.5363488394482752,0.6547419324945453,0.7613724288234752,0.9034185696165703,0.9924051708694903,1.0573551614391503,1.0788346858795104,1.0403505379238653,0.9429255520693753,0.7547240045919352,0.7800391583966453,0.5631982449987252,-0.03106859785123501,1.0,1.0,1.0,1.0,1.0,1.0,1.0,1.0,1.0,1.0,1.0,1.0,1.0,1.0,1.0,1.0,1.0,1.0,1.0,1.0,1.0,1.0,1.0,1.0,1.0,1.0,1.0,1.0,1.0,1.0,1.0,1.0,1.0,1.0,1.0,1.0,1.0,1.0,1.0,1.0,1.0,1.0,1.0,1.0,1.0,1.0,1.0,1.0,1.0,1.0,1.0,1.0,1.0,1.0,1.0,1.0,1.0,1.0,1.0,1.0,1.0,1.0,1.0,1.0,1.0,1.0,1.0,1.0,1.0,1.0,1.0,1.0
694,-0.8053790962987023,-1.1628410943094727,-1.424017032250002,-1.5861715106864764,-1.6170268162998946,-1.5985355161273143,-1.294359099087234,-0.8201502532412961,-0.3378446250712696,-0.0147392439491988,0.23461976843725543,0.5025794969736427,0.7176913084487497,0.8672629494896813,1.0383895380690644,1.1164031299214303,1.1685945511185953,1.1754877576918057,1.107540435755874,0.9018383983330861,0.7074062065776103,0.6613420801121881,0.445026692886203,0.016881973505687237,0.0,0.0,0.0,0.0,0.0,0.0,0.0,0.0,0.0,0.0,0.0,0.0,0.0,0.0,0.0,0.0,0.0,0.0,0.0,0.0,0.0,0.0,0.0,0.0,0.0,0.0,0.0,0.0,0.0,0.0,0.0,0.0,0.0,0.0,0.0,0.0,0.0,0.0,0.0,0.0,0.0,0.0,0.0,0.0,0.0,0.0,0.0,0.0,0.0,0.0,0.0,0.0,0.0,0.0,0.0,0.0,0.0,0.0,0.0,0.0,0.0,0.0,0.0,0.0,0.0,0.0,0.0,0.0,0.0,0.0,0.0,0.0
695,-0.2773594725050306,-0.6825169619362492,-1.0641889621808784,-1.275820772560592,-1.4080742535666373,-1.426836404145868,-1.5088388105236243,-1.4760378479725218,-1.0843943551123576,-0.5278276225452496,-0.006554725683128021,0.3778725554157938,0.6902689227524944,0.946378838351503,1.0893910350743101,1.1736239069055414,1.2213821083799468,1.231353600995482,1.194616522938247,0.9907257397205936,0.7622998365147156,0.6822654878900254,0.4673535812552015,-0.08908194746170202,0.0,0.0,0.0,0.0,0.0,0.0,0.0,0.0,0.0,0.0,0.0,0.0,0.0,0.0,0.0,0.0,0.0,0.0,0.0,0.0,0.0,0.0,0.0,0.0,0.0,0.0,0.0,0.0,0.0,0.0,0.0,0.0,0.0,0.0,0.0,0.0,0.0,0.0,0.0,0.0,0.0,0.0,0.0,0.0,0.0,0.0,0.0,0.0,0.0,0.0,0.0,0.0,0.0,0.0,0.0,0.0,0.0,0.0,0.0,0.0,0.0,0.0,0.0,0.0,0.0,0.0,0.0,0.0,0.0,0.0,0.0,0.0
696,-0.19513418226983378,-0.53276343939662,-0.9111358899300103,-1.1677281337002785,-1.3211142735839647,-1.4268668270584595,-1.5014628208690803,-1.6166522169340753,-1.2423241275108994,-0.6722190021229011,-0.17745882630667462,0.20375965611908878,0.5291060387630016,0.7927384666880875,0.9208099018448763,1.040343241324546,1.1338129203161673,1.2531964686436068,1.3301891208899101,1.1874381528145654,0.9107738946454554,0.8104138226512466,0.637405041825409,0.014873013156853939,0.0,0.0,0.0,0.0,0.0,0.0,0.0,0.0,0.0,0.0,0.0,0.0,0.0,0.0,0.0,0.0,0.0,0.0,0.0,0.0,0.0,0.0,0.0,0.0,0.0,0.0,0.0,0.0,0.0,0.0,0.0,0.0,0.0,0.0,0.0,0.0,0.0,0.0,0.0,0.0,0.0,0.0,0.0,0.0,0.0,0.0,0.0,0.0,0.0,0.0,0.0,0.0,0.0,0.0,0.0,0.0,0.0,0.0,0.0,0.0,0.0,0.0,0.0,0.0,0.0,0.0,0.0,0.0,0.0,0.0,0.0,0.0
697,-0.4783259755075869,-0.8055442761480837,-1.10421485573861,-1.2555973924617596,-1.3820717582289588,-1.4257463593572002,-1.4044777384952702,-1.3137164580256433,-1.0764632862717065,-0.6422194656789305,-0.1769257333465454,0.214439637701056,0.4829701930754782,0.6759800839989829,0.8595498918661229,1.0532421984322564,1.163224852835927,1.2482993362836474,1.2588767787443933,1.1752808625223685,1.0405037731031859,0.9610023507369339,0.7664001566472953,0.1655331833126606,0.0,0.0,0.0,0.0,0.0,0.0,0.0,0.0,0.0,0.0,0.0,0.0,0.0,0.0,0.0,0.0,0.0,0.0,0.0,0.0,0.0,0.0,0.0,0.0,0.0,0.0,0.0,0.0,0.0,0.0,0.0,0.0,0.0,0.0,0.0,0.0,0.0,0.0,0.0,0.0,0.0,0.0,0.0,0.0,0.0,0.0,0.0,0.0,0.0,0.0,0.0,0.0,0.0,0.0,0.0,0.0,0.0,0.0,0.0,0.0,0.0,0.0,0.0,0.0,0.0,0.0,0.0,0.0,0.0,0.0,0.0,0.0
698,-0.9876948926851806,-1.3278961017685906,-1.5384745668133424,-1.6420791716153602,-1.6506894910749677,-1.5046884219772731,-1.1630833564602316,-0.6530155189073886,-0.18029026248914823,0.1438133928219518,0.4181269399535817,0.6586543422491425,0.8268363429982175,0.9358691926769446,1.0326416961686216,1.0644624419976063,1.0558521225379986,1.07335353274394,0.977891295256986,0.870168711582982,0.6869186517795937,0.6036231700507807,0.42140260496538895,-0.12170265399225288,0.0,0.0,0.0,0.0,0.0,0.0,0.0,0.0,0.0,0.0,0.0,0.0,0.0,0.0,0.0,0.0,0.0,0.0,0.0,0.0,0.0,0.0,0.0,0.0,0.0,0.0,0.0,0.0,0.0,0.0,0.0,0.0,0.0,0.0,0.0,0.0,0.0,0.0,0.0,0.0,0.0,0.0,0.0,0.0,0.0,0.0,0.0,0.0,0.0,0.0,0.0,0.0,0.0,0.0,0.0,0.0,0.0,0.0,0.0,0.0,0.0,0.0,0.0,0.0,0.0,0.0,0.0,0.0,0.0,0.0,0.0,0.0
699,-0.8547892516270824,-1.1565318135458424,-1.4240007214381953,-1.564263490437021,-1.6135138672312697,-1.5040685854662723,-1.192053527802903,-0.8170594308080965,-0.3876307068301729,-0.09625664528914947,0.15383542400718203,0.4306167813128725,0.6734124984915375,0.8770383253543088,1.1007291205406629,1.1681243729959507,1.2234230416772125,1.218622810020853,1.130490556810092,0.9701628194876837,0.7445519316387857,0.6277142931229948,0.4136239612493598,-0.12217789623349093,0.0,0.0,0.0,0.0,0.0,0.0,0.0,0.0,0.0,0.0,0.0,0.0,0.0,0.0,0.0,0.0,0.0,0.0,0.0,0.0,0.0,0.0,0.0,0.0,0.0,0.0,0.0,0.0,0.0,0.0,0.0,0.0,0.0,0.0,0.0,0.0,0.0,0.0,0.0,0.0,0.0,0.0,0.0,0.0,0.0,0.0,0.0,0.0,0.0,0.0,0.0,0.0,0.0,0.0,0.0,0.0,0.0,0.0,0.0,0.0,0.0,0.0,0.0,0.0,0.0,0.0,0.0,0.0,0.0,0.0,0.0,0.0
700,-0.7462323170497696,-1.1301443020276667,-1.3945422853126037,-1.550430113607769,-1.6269476031827161,-1.5551169372035714,-1.252001715518528,-0.8317159039384255,-0.4356793100931266,-0.1450962471533807,0.11145640098206118,0.3934809164859941,0.6211994107603042,0.8353668715945769,1.045255058710943,1.17393893265656,1.216527894896677,1.2032825238650617,1.151116139494392,0.991560362298164,0.8044949683439657,0.6659280098593744,0.4823267898672909,-0.028027544727795825,0.0,0.0,0.0,0.0,0.0,0.0,0.0,0.0,0.0,0.0,0.0,0.0,0.0,0.0,0.0,0.0,0.0,0.0,0.0,0.0,0.0,0.0,0.0,0.0,0.0,0.0,0.0,0.0,0.0,0.0,0.0,0.0,0.0,0.0,0.0,0.0,0.0,0.0,0.0,0.0,0.0,0.0,0.0,0.0,0.0,0.0,0.0,0.0,0.0,0.0,0.0,0.0,0.0,0.0,0.0,0.0,0.0,0.0,0.0,0.0,0.0,0.0,0.0,0.0,0.0,0.0,0.0,0.0,0.0,0.0,0.0,0.0
701,-0.7813278592093058,-1.092306988967705,-1.3518267710694984,-1.4809279824703907,-1.549430666070864,-1.4936075657329784,-1.2657044068314032,-0.9122404396477105,-0.5312765970763278,-0.23956384708056183,0.025966386827523197,0.31981984568580396,0.5873261185439026,0.8220630788142749,1.020737328246898,1.1740450167854573,1.26271976466732,1.30899201008014,1.2335731901546187,1.0712909913847473,0.8079838012954276,0.62890527145044,0.44785070265543875,-0.013060382435246508,0.0,0.0,0.0,0.0,0.0,0.0,0.0,0.0,0.0,0.0,0.0,0.0,0.0,0.0,0.0,0.0,0.0,0.0,0.0,0.0,0.0,0.0,0.0,0.0,0.0,0.0,0.0,0.0,0.0,0.0,0.0,0.0,0.0,0.0,0.0,0.0,0.0,0.0,0.0,0.0,0.0,0.0,0.0,0.0,0.0,0.0,0.0,0.0,0.0,0.0,0.0,0.0,0.0,0.0,0.0,0.0,0.0,0.0,0.0,0.0,0.0,0.0,0.0,0.0,0.0,0.0,0.0,0.0,0.0,0.0,0.0,0.0
702,-0.3386511776182657,-0.7856459820486407,-1.0761085482372044,-1.2667304445686702,-1.3783390511909641,-1.4257843835458806,-1.4424089291348081,-1.375537161484965,-1.086849125443534,-0.6052042849823046,-0.13009718716840624,0.2959768407905095,0.6020365930091344,0.8571953489021107,1.0098983378790567,1.1417739467080765,1.209112695975586,1.2796269202432278,1.2872854187729583,1.1255229864132823,0.8593434643433766,0.7203697349258258,0.495844973151772,0.02736901430873798,0.0,0.0,0.0,0.0,0.0,0.0,0.0,0.0,0.0,0.0,0.0,0.0,0.0,0.0,0.0,0.0,0.0,0.0,0.0,0.0,0.0,0.0,0.0,0.0,0.0,0.0,0.0,0.0,0.0,0.0,0.0,0.0,0.0,0.0,0.0,0.0,0.0,0.0,0.0,0.0,0.0,0.0,0.0,0.0,0.0,0.0,0.0,0.0,0.0,0.0,0.0,0.0,0.0,0.0,0.0,0.0,0.0,0.0,0.0,0.0,0.0,0.0,0.0,0.0,0.0,0.0,0.0,0.0,0.0,0.0,0.0,0.0
703,-0.3680486354944648,-0.7251356197931496,-1.0061004342339355,-1.2168460711553404,-1.3506765989494935,-1.4118210270529445,-1.4393095883905191,-1.401072294735047,-1.1024866076419695,-0.7037262595206155,-0.26064941667874886,0.10912459592958572,0.4484144988494562,0.7400399412448785,0.9670848853696529,1.1347474886562054,1.207345483983646,1.270251999352326,1.2867275152822184,1.164350554712055,0.9947496554337504,0.8428577331709987,0.6472660467305644,0.1729121549308805,0.0,0.0,0.0,0.0,0.0,0.0,0.0,0.0,0.0,0.0,0.0,0.0,0.0,0.0,0.0,0.0,0.0,0.0,0.0,0.0,0.0,0.0,0.0,0.0,0.0,0.0,0.0,0.0,0.0,0.0,0.0,0.0,0.0,0.0,0.0,0.0,0.0,0.0,0.0,0.0,0.0,0.0,0.0,0.0,0.0,0.0,0.0,0.0,0.0,0.0,0.0,0.0,0.0,0.0,0.0,0.0,0.0,0.0,0.0,0.0,0.0,0.0,0.0,0.0,0.0,0.0,0.0,0.0,0.0,0.0,0.0,0.0
704,-0.7578625457419899,-1.0709392781126168,-1.3336556028057285,-1.519542227048843,-1.590098361354713,-1.5376754113832383,-1.2626697721886169,-0.8741383675639658,-0.4697941386856239,-0.15027196164637308,0.1623750744130122,0.43824010623011683,0.7094644178858123,0.9243985127688586,1.0936988593980475,1.1995760304879768,1.2380768199752237,1.2387643340732102,1.1622783906722063,1.0118846817376477,0.7608560967103072,0.5611332512452133,0.30400297859824227,-0.2381018876641553,0.0,0.0,0.0,0.0,0.0,0.0,0.0,0.0,0.0,0.0,0.0,0.0,0.0,0.0,0.0,0.0,0.0,0.0,0.0,0.0,0.0,0.0,0.0,0.0,0.0,0.0,0.0,0.0,0.0,0.0,0.0,0.0,0.0,0.0,0.0,0.0,0.0,0.0,0.0,0.0,0.0,0.0,0.0,0.0,0.0,0.0,0.0,0.0,0.0,0.0,0.0,0.0,0.0,0.0,0.0,0.0,0.0,0.0,0.0,0.0,0.0,0.0,0.0,0.0,0.0,0.0,0.0,0.0,0.0,0.0,0.0,0.0
705,-0.5823733313927277,-0.9551887193191572,-1.2980484570541764,-1.5312745906872993,-1.612684674030622,-1.5944463700025184,-1.3503180099391883,-0.9358296256580416,-0.47039625805817015,-0.13772551698689595,0.13646038323448195,0.4368320048816845,0.6623145010503613,0.867622783824823,1.05713812177048,1.1806287613350694,1.248895038982161,1.2678465727767265,1.193670677064663,1.012306536450002,0.7757180339178431,0.5660284825779711,0.33402502854449745,-0.2712013732819554,0.0,0.0,0.0,0.0,0.0,0.0,0.0,0.0,0.0,0.0,0.0,0.0,0.0,0.0,0.0,0.0,0.0,0.0,0.0,0.0,0.0,0.0,0.0,0.0,0.0,0.0,0.0,0.0,0.0,0.0,0.0,0.0,0.0,0.0,0.0,0.0,0.0,0.0,0.0,0.0,0.0,0.0,0.0,0.0,0.0,0.0,0.0,0.0,0.0,0.0,0.0,0.0,0.0,0.0,0.0,0.0,0.0,0.0,0.0,0.0,0.0,0.0,0.0,0.0,0.0,0.0,0.0,0.0,0.0,0.0,0.0,0.0
706,-0.6904461003024617,-1.0304037435923386,-1.3433412335631498,-1.5296332430112656,-1.5886364349528987,-1.550495742342653,-1.3089686575722297,-0.8851933958232103,-0.4656457771105075,-0.17127315438612906,0.10674032789337284,0.3726223127643147,0.5757329890742979,0.7854608457889503,0.9923396387182589,1.1578610541183856,1.2288119329017824,1.2805546074549592,1.2428734412617042,1.096100703674807,0.8512650287020489,0.6355633285665147,0.41002776310737493,-0.17191649136991635,0.0,0.0,0.0,0.0,0.0,0.0,0.0,0.0,0.0,0.0,0.0,0.0,0.0,0.0,0.0,0.0,0.0,0.0,0.0,0.0,0.0,0.0,0.0,0.0,0.0,0.0,0.0,0.0,0.0,0.0,0.0,0.0,0.0,0.0,0.0,0.0,0.0,0.0,0.0,0.0,0.0,0.0,0.0,0.0,0.0,0.0,0.0,0.0,0.0,0.0,0.0,0.0,0.0,0.0,0.0,0.0,0.0,0.0,0.0,0.0,0.0,0.0,0.0,0.0,0.0,0.0,0.0,0.0,0.0,0.0,0.0,0.0
707,-0.7277474378465933,-1.0742118714865525,-1.3310001575577783,-1.4539117304339757,-1.527862676770277,-1.508822433115873,-1.315444958500832,-0.9607354193498141,-0.5631853319763871,-0.24154121595734757,0.03955738120834052,0.315640914197199,0.4978832463179233,0.7167610472558268,0.9423539341254173,1.0943358790096782,1.2211575019220478,1.3299588942329281,1.282953292711118,1.1506065990954615,0.9192336382593553,0.7191410777126273,0.500093274599238,-0.02521344765173034,0.0,0.0,0.0,0.0,0.0,0.0,0.0,0.0,0.0,0.0,0.0,0.0,0.0,0.0,0.0,0.0,0.0,0.0,0.0,0.0,0.0,0.0,0.0,0.0,0.0,0.0,0.0,0.0,0.0,0.0,0.0,0.0,0.0,0.0,0.0,0.0,0.0,0.0,0.0,0.0,0.0,0.0,0.0,0.0,0.0,0.0,0.0,0.0,0.0,0.0,0.0,0.0,0.0,0.0,0.0,0.0,0.0,0.0,0.0,0.0,0.0,0.0,0.0,0.0,0.0,0.0,0.0,0.0,0.0,0.0,0.0,0.0
708,-0.669965938608929,-1.0040833188454232,-1.2822521693249351,-1.461193036648955,-1.5320139603919707,-1.4754359113128281,-1.299878710345419,-0.9787451661284776,-0.6321947792793206,-0.30925136701116873,-0.00094427898324021,0.2900510276852845,0.5408357876508303,0.7676201234590206,0.9907060332495202,1.1480071738742852,1.2928753078863875,1.357873177899422,1.317583941281173,1.1547745065875068,0.8581922159348108,0.5922203023221516,0.3947873049096778,-0.059568265859403245,0.0,0.0,0.0,0.0,0.0,0.0,0.0,0.0,0.0,0.0,0.0,0.0,0.0,0.0,0.0,0.0,0.0,0.0,0.0,0.0,0.0,0.0,0.0,0.0,0.0,0.0,0.0,0.0,0.0,0.0,0.0,0.0,0.0,0.0,0.0,0.0,0.0,0.0,0.0,0.0,0.0,0.0,0.0,0.0,0.0,0.0,0.0,0.0,0.0,0.0,0.0,0.0,0.0,0.0,0.0,0.0,0.0,0.0,0.0,0.0,0.0,0.0,0.0,0.0,0.0,0.0,0.0,0.0,0.0,0.0,0.0,0.0
709,-0.4895458425478692,-0.7971857125595907,-1.0821417752885203,-1.267022217652191,-1.386371661198907,-1.3881507833387339,-1.3907453364593145,-1.3421159979707147,-1.0062325639892424,-0.5939210080843762,-0.18813290002554162,0.1542739818019624,0.44879282603246107,0.6748895979687864,0.8844553600225543,1.0825309582566074,1.238130015402295,1.3427275712062803,1.3667457200939424,1.2579227492078684,1.0109212921285777,0.7581376880948499,0.570588562521439,0.14144947637737737,0.0,0.0,0.0,0.0,0.0,0.0,0.0,0.0,0.0,0.0,0.0,0.0,0.0,0.0,0.0,0.0,0.0,0.0,0.0,0.0,0.0,0.0,0.0,0.0,0.0,0.0,0.0,0.0,0.0,0.0,0.0,0.0,0.0,0.0,0.0,0.0,0.0,0.0,0.0,0.0,0.0,0.0,0.0,0.0,0.0,0.0,0.0,0.0,0.0,0.0,0.0,0.0,0.0,0.0,0.0,0.0,0.0,0.0,0.0,0.0,0.0,0.0,0.0,0.0,0.0,0.0,0.0,0.0,0.0,0.0,0.0,0.0
710,-0.4442800722534787,-0.7975760653554893,-1.01333947434958,-1.2046557505667423,-1.333666762678133,-1.4213970448719102,-1.46875463350836,-1.4131548686785458,-1.068240749671482,-0.6193913918870771,-0.2617647638360106,0.0967000516245506,0.39670129527285736,0.6564695432654192,0.8529546418411321,1.0170298272497171,1.1512096617196583,1.2625488892808692,1.306763275131714,1.246902724303635,1.0645271137877494,0.8860630445161722,0.7386119093958985,0.36973960026744496,0.0,0.0,0.0,0.0,0.0,0.0,0.0,0.0,0.0,0.0,0.0,0.0,0.0,0.0,0.0,0.0,0.0,0.0,0.0,0.0,0.0,0.0,0.0,0.0,0.0,0.0,0.0,0.0,0.0,0.0,0.0,0.0,0.0,0.0,0.0,0.0,0.0,0.0,0.0,0.0,0.0,0.0,0.0,0.0,0.0,0.0,0.0,0.0,0.0,0.0,0.0,0.0,0.0,0.0,0.0,0.0,0.0,0.0,0.0,0.0,0.0,0.0,0.0,0.0,0.0,0.0,0.0,0.0,0.0,0.0,0.0,0.0
711,-0.8085673011377459,-1.070688992616553,-1.28527346315634,-1.4332815706973459,-1.5010099836933737,-1.4956135389694287,-1.3291119972620948,-1.0267291900900357,-0.6283624278842148,-0.272985320838809,0.09579194670088696,0.4267334669625871,0.7022553189356846,0.9303612183905244,1.0941948548410767,1.194059399339248,1.236563980816612,1.2257104571583408,1.1545258941705732,1.0009394392744781,0.8039995239556796,0.6079084875822207,0.39750777755875066,-0.018927979340728412,0.0,0.0,0.0,0.0,0.0,0.0,0.0,0.0,0.0,0.0,0.0,0.0,0.0,0.0,0.0,0.0,0.0,0.0,0.0,0.0,0.0,0.0,0.0,0.0,0.0,0.0,0.0,0.0,0.0,0.0,0.0,0.0,0.0,0.0,0.0,0.0,0.0,0.0,0.0,0.0,0.0,0.0,0.0,0.0,0.0,0.0,0.0,0.0,0.0,0.0,0.0,0.0,0.0,0.0,0.0,0.0,0.0,0.0,0.0,0.0,0.0,0.0,0.0,0.0,0.0,0.0,0.0,0.0,0.0,0.0,0.0,0.0
712,-0.617402571757678,-0.9664646648669581,-1.2853983489916925,-1.4556204125679937,-1.5550372678442295,-1.510775394690732,-1.3342794518979695,-1.024653171006447,-0.6231938448805655,-0.25069088436912157,0.10843699297755832,0.4081353770869877,0.6828071880582246,0.9190773427265049,1.1144638668963054,1.236356377387557,1.2946138272546994,1.273034440499178,1.167550537189441,1.0069805954846192,0.7625061372255815,0.5399557843603323,0.29872168130100557,-0.18912413557461494,0.0,0.0,0.0,0.0,0.0,0.0,0.0,0.0,0.0,0.0,0.0,0.0,0.0,0.0,0.0,0.0,0.0,0.0,0.0,0.0,0.0,0.0,0.0,0.0,0.0,0.0,0.0,0.0,0.0,0.0,0.0,0.0,0.0,0.0,0.0,0.0,0.0,0.0,0.0,0.0,0.0,0.0,0.0,0.0,0.0,0.0,0.0,0.0,0.0,0.0,0.0,0.0,0.0,0.0,0.0,0.0,0.0,0.0,0.0,0.0,0.0,0.0,0.0,0.0,0.0,0.0,0.0,0.0,0.0,0.0,0.0,0.0
713,-0.5648848240097516,-0.9381087613593422,-1.241505832976684,-1.4187789533517503,-1.5130914213398254,-1.4680801525029694,-1.276551263698635,-1.006549649605412,-0.67939296393929,-0.3501903115078563,0.007325880998373926,0.3783718537268263,0.6619692469701844,0.8848476265333264,1.0531448927121867,1.1741869265051397,1.2235541245842723,1.542328946405408,1.4416145824097446,0.9775101213235695,0.6953647044943034,0.4681303956888852,0.2079626218547409,-0.2591777899154451,0.0,0.0,0.0,0.0,0.0,0.0,0.0,0.0,0.0,0.0,0.0,0.0,0.0,0.0,0.0,0.0,0.0,0.0,0.0,0.0,0.0,0.0,0.0,0.0,0.0,0.0,0.0,0.0,0.0,0.0,0.0,0.0,0.0,0.0,0.0,0.0,0.0,0.0,0.0,0.0,0.0,0.0,0.0,0.0,0.0,0.0,0.0,0.0,0.0,0.0,0.0,0.0,0.0,0.0,0.0,0.0,0.0,0.0,0.0,0.0,0.0,0.0,0.0,0.0,0.0,0.0,0.0,0.0,0.0,0.0,0.0,0.0
714,-0.6234457732306526,-0.9765797578651726,-1.242851989760795,-1.4103469050188093,-1.5152174077409857,-1.4557749923826442,-1.2724377933047533,-1.0384594476573412,-0.6971733248539257,-0.4034817555777471,-0.11913307163123951,0.19818651923954173,0.483753840402963,0.7817106399383391,1.0118976697997977,1.1664614901450066,1.255286602844487,1.3309098123607368,1.3122240417013948,1.1958441874861456,0.9547571247400709,0.6920054003599766,0.4314878442108906,-0.059622954205291845,0.0,0.0,0.0,0.0,0.0,0.0,0.0,0.0,0.0,0.0,0.0,0.0,0.0,0.0,0.0,0.0,0.0,0.0,0.0,0.0,0.0,0.0,0.0,0.0,0.0,0.0,0.0,0.0,0.0,0.0,0.0,0.0,0.0,0.0,0.0,0.0,0.0,0.0,0.0,0.0,0.0,0.0,0.0,0.0,0.0,0.0,0.0,0.0,0.0,0.0,0.0,0.0,0.0,0.0,0.0,0.0,0.0,0.0,0.0,0.0,0.0,0.0,0.0,0.0,0.0,0.0,0.0,0.0,0.0,0.0,0.0,0.0
715,-0.4992695581401293,-0.8781884012959926,-1.2038339258354993,-1.4035735435124759,-1.5058809246218716,-1.4616513524019257,-1.2973095233546503,-1.0684603469642269,-0.7149770405482686,-0.3740701939648189,-0.05209869139885413,0.2955909649819035,0.5952357186317294,0.9092232888321129,1.1789812868125504,1.3398610566924498,1.3898136246788744,1.371514169079887,1.2500594811468406,1.0233299328180758,0.7173262949832737,0.44120941281785997,0.1869246996875314,-0.23975642912437584,0.0,0.0,0.0,0.0,0.0,0.0,0.0,0.0,0.0,0.0,0.0,0.0,0.0,0.0,0.0,0.0,0.0,0.0,0.0,0.0,0.0,0.0,0.0,0.0,0.0,0.0,0.0,0.0,0.0,0.0,0.0,0.0,0.0,0.0,0.0,0.0,0.0,0.0,0.0,0.0,0.0,0.0,0.0,0.0,0.0,0.0,0.0,0.0,0.0,0.0,0.0,0.0,0.0,0.0,0.0,0.0,0.0,0.0,0.0,0.0,0.0,0.0,0.0,0.0,0.0,0.0,0.0,0.0,0.0,0.0,0.0,0.0
716,-0.17169600988509862,-0.6375684403276572,-1.0237655204657696,-1.2553484388665912,-1.408186398527031,-1.4580046377301297,-1.4524222883457418,-1.369617439143987,-1.0801810816685993,-0.650255598019448,-0.21009580716558549,0.14531377030711445,0.48143886808829234,0.7906671915628737,1.0397583875783667,1.2254137951349056,1.3089798737981677,1.3458572121556396,1.2891033267476955,1.1037862433962708,0.8417541465351513,0.6497551601327171,0.4633385231146708,0.0319751615937832,0.0,0.0,0.0,0.0,0.0,0.0,0.0,0.0,0.0,0.0,0.0,0.0,0.0,0.0,0.0,0.0,0.0,0.0,0.0,0.0,0.0,0.0,0.0,0.0,0.0,0.0,0.0,0.0,0.0,0.0,0.0,0.0,0.0,0.0,0.0,0.0,0.0,0.0,0.0,0.0,0.0,0.0,0.0,0.0,0.0,0.0,0.0,0.0,0.0,0.0,0.0,0.0,0.0,0.0,0.0,0.0,0.0,0.0,0.0,0.0,0.0,0.0,0.0,0.0,0.0,0.0,0.0,0.0,0.0,0.0,0.0,0.0
717,0.17875718396252394,-0.3915167007886265,-0.8806057616689533,-1.1831924908826172,-1.3870208520339073,-1.4778587494747373,-1.5115207496162981,-1.6384957942679215,-1.27959946922922,-0.6678668710684266,-0.09437529512727402,0.40721325845267664,0.7218044509521176,0.9518693710372714,1.1033483716742958,1.1758701808028058,1.209408423590905,1.2356449825247688,1.1844094381916577,0.9787247167384432,0.6887612375778648,0.5141396118435173,0.3766451921476562,-0.21454368533850818,0.0,0.0,0.0,0.0,0.0,0.0,0.0,0.0,0.0,0.0,0.0,0.0,0.0,0.0,0.0,0.0,0.0,0.0,0.0,0.0,0.0,0.0,0.0,0.0,0.0,0.0,0.0,0.0,0.0,0.0,0.0,0.0,0.0,0.0,0.0,0.0,0.0,0.0,0.0,0.0,0.0,0.0,0.0,0.0,0.0,0.0,0.0,0.0,0.0,0.0,0.0,0.0,0.0,0.0,0.0,0.0,0.0,0.0,0.0,0.0,0.0,0.0,0.0,0.0,0.0,0.0,0.0,0.0,0.0,0.0,0.0,0.0
718,-0.8627685074301409,-1.138363996350597,-1.3429715851779118,-1.4626123584922044,-1.5532800724725528,-1.5122804602075375,-1.2701875115950654,-0.9095471126620347,-0.49064821706290584,-0.14836002552469146,0.1645646341818166,0.49248343780238746,0.7479305458383215,0.945587724205472,1.128485042157217,1.2168880156505455,1.2092347546944093,1.2089223766961996,1.1371535316075345,0.9871339979673543,0.7418391748732336,0.5226279146296179,0.3220812397790282,-0.13391254310749556,0.0,0.0,0.0,0.0,0.0,0.0,0.0,0.0,0.0,0.0,0.0,0.0,0.0,0.0,0.0,0.0,0.0,0.0,0.0,0.0,0.0,0.0,0.0,0.0,0.0,0.0,0.0,0.0,0.0,0.0,0.0,0.0,0.0,0.0,0.0,0.0,0.0,0.0,0.0,0.0,0.0,0.0,0.0,0.0,0.0,0.0,0.0,0.0,0.0,0.0,0.0,0.0,0.0,0.0,0.0,0.0,0.0,0.0,0.0,0.0,0.0,0.0,0.0,0.0,0.0,0.0,0.0,0.0,0.0,0.0,0.0,0.0
719,-0.6671053770298621,-1.065728320240995,-1.322278834270792,-1.4944231185765,-1.5801962508062424,-1.5098862031717026,-1.2862267806841874,-0.956119825568924,-0.5644168262926607,-0.22533957348404784,0.08238435310114318,0.3924149276646241,0.6648556833226402,0.8807408478092527,1.0871431261628954,1.1883793429878404,1.2424574233677477,1.2531363491931637,1.1782984370086476,1.0440002658282144,0.8094056232954729,0.5880528487862475,0.37814788276186817,-0.11769600116385333,0.0,0.0,0.0,0.0,0.0,0.0,0.0,0.0,0.0,0.0,0.0,0.0,0.0,0.0,0.0,0.0,0.0,0.0,0.0,0.0,0.0,0.0,0.0,0.0,0.0,0.0,0.0,0.0,0.0,0.0,0.0,0.0,0.0,0.0,0.0,0.0,0.0,0.0,0.0,0.0,0.0,0.0,0.0,0.0,0.0,0.0,0.0,0.0,0.0,0.0,0.0,0.0,0.0,0.0,0.0,0.0,0.0,0.0,0.0,0.0,0.0,0.0,0.0,0.0,0.0,0.0,0.0,0.0,0.0,0.0,0.0,0.0
720,-0.768436722641677,-1.0263584313559553,-1.2876718182481859,-1.4584119810701004,-1.5397351737460012,-1.454634884917381,-1.3265990336996833,-1.0474022527782498,-0.6439467167918385,-0.3323748259899518,-0.010936235034022185,0.29585647288074995,0.5466094072643565,0.7861852203797112,1.0010942831099587,1.1201113537181013,1.2118408317127192,1.2323450679703396,1.2246367084749936,1.107469644145734,0.8994210213663444,0.7540413612841183,0.5739740834728349,0.14292262049308466,0.0,0.0,0.0,0.0,0.0,0.0,0.0,0.0,0.0,0.0,0.0,0.0,0.0,0.0,0.0,0.0,0.0,0.0,0.0,0.0,0.0,0.0,0.0,0.0,0.0,0.0,0.0,0.0,0.0,0.0,0.0,0.0,0.0,0.0,0.0,0.0,0.0,0.0,0.0,0.0,0.0,0.0,0.0,0.0,0.0,0.0,0.0,0.0,0.0,0.0,0.0,0.0,0.0,0.0,0.0,0.0,0.0,0.0,0.0,0.0,0.0,0.0,0.0,0.0,0.0,0.0,0.0,0.0,0.0,0.0,0.0,0.0
721,-0.6597735494065831,-0.9912619263489536,-1.320499402847213,-1.512518525348696,-1.6098266830095016,-1.5346812374137906,-1.3243086189834012,-1.0054599137656548,-0.5596084796436364,-0.20561109826015414,0.10890895225737848,0.43468350499546693,0.6673919816789593,0.8754271265712331,1.0905612651718575,1.1737580085099661,1.179644978902257,1.1868305457046118,1.1102133575108282,0.9135192879331143,0.998620639339317,0.712583136749191,0.3536510890074651,-0.08224443930406165,0.0,0.0,0.0,0.0,0.0,0.0,0.0,0.0,0.0,0.0,0.0,0.0,0.0,0.0,0.0,0.0,0.0,0.0,0.0,0.0,0.0,0.0,0.0,0.0,0.0,0.0,0.0,0.0,0.0,0.0,0.0,0.0,0.0,0.0,0.0,0.0,0.0,0.0,0.0,0.0,0.0,0.0,0.0,0.0,0.0,0.0,0.0,0.0,0.0,0.0,0.0,0.0,0.0,0.0,0.0,0.0,0.0,0.0,0.0,0.0,0.0,0.0,0.0,0.0,0.0,0.0,0.0,0.0,0.0,0.0,0.0,0.0
722,-0.3760186763893309,-0.8603863441628661,-1.2354787941343526,-1.464441964625369,-1.5603795220104655,-1.4857354224840125,-1.2435515885972448,-0.8968894147776832,-0.39824811041758496,0.042479668447851546,0.45255422775853776,0.7923135773272204,1.025839631645089,1.2287124664082074,1.3627910527049396,1.3813935790759522,1.3033565659346604,1.1655340749594854,0.9473346304189919,0.6571820178396761,0.24921340491061403,-0.04093920766870174,-0.2627655598664367,-0.7838702922971917,0.0,0.0,0.0,0.0,0.0,0.0,0.0,0.0,0.0,0.0,0.0,0.0,0.0,0.0,0.0,0.0,0.0,0.0,0.0,0.0,0.0,0.0,0.0,0.0,0.0,0.0,0.0,0.0,0.0,0.0,0.0,0.0,0.0,0.0,0.0,0.0,0.0,0.0,0.0,0.0,0.0,0.0,0.0,0.0,0.0,0.0,0.0,0.0,0.0,0.0,0.0,0.0,0.0,0.0,0.0,0.0,0.0,0.0,0.0,0.0,0.0,0.0,0.0,0.0,0.0,0.0,0.0,0.0,0.0,0.0,0.0,0.0
723,-0.03244098575955233,-0.5676833403540787,-0.9809837596266389,-1.2526741894930444,-1.4298223180030423,-1.5044252817706525,-1.5390139286083626,-1.4523388488856301,-0.9794917003512866,-0.4392306009214846,0.09763945470069876,0.5326425543420181,0.8796141567375576,1.0823985764331523,1.1618846432837333,1.224551132848526,1.26239518174155,1.2721613879074916,1.1770765195418649,0.9478419581468447,0.5854071959885642,0.2898438177165234,0.09723252944378453,-0.4325841550585521,0.0,0.0,0.0,0.0,0.0,0.0,0.0,0.0,0.0,0.0,0.0,0.0,0.0,0.0,0.0,0.0,0.0,0.0,0.0,0.0,0.0,0.0,0.0,0.0,0.0,0.0,0.0,0.0,0.0,0.0,0.0,0.0,0.0,0.0,0.0,0.0,0.0,0.0,0.0,0.0,0.0,0.0,0.0,0.0,0.0,0.0,0.0,0.0,0.0,0.0,0.0,0.0,0.0,0.0,0.0,0.0,0.0,0.0,0.0,0.0,0.0,0.0,0.0,0.0,0.0,0.0,0.0,0.0,0.0,0.0,0.0,0.0
724,-0.33391427794324,-0.6771320105338393,-0.9950636783374327,-1.2253060572466383,-1.4094999603740028,-1.4510247823636733,-1.4803705364513453,-1.4072961290393555,-1.0741696241389833,-0.6234281206421707,-0.21363148352064745,0.12239479945162902,0.37850319876222155,0.6379753406362231,0.8262289330642537,0.9628664758123868,1.0891808086245405,1.2642114130446873,1.3641957609639495,1.3030684392082057,1.0757258383709043,0.8859643613454834,0.7593020551647013,0.2212192361421294,0.0,0.0,0.0,0.0,0.0,0.0,0.0,0.0,0.0,0.0,0.0,0.0,0.0,0.0,0.0,0.0,0.0,0.0,0.0,0.0,0.0,0.0,0.0,0.0,0.0,0.0,0.0,0.0,0.0,0.0,0.0,0.0,0.0,0.0,0.0,0.0,0.0,0.0,0.0,0.0,0.0,0.0,0.0,0.0,0.0,0.0,0.0,0.0,0.0,0.0,0.0,0.0,0.0,0.0,0.0,0.0,0.0,0.0,0.0,0.0,0.0,0.0,0.0,0.0,0.0,0.0,0.0,0.0,0.0,0.0,0.0,0.0
725,-0.8691360399800486,-1.2043688549391833,-1.4567805510034788,-1.5893319444674103,-1.6117058676194782,-1.4675914802576293,-1.2058729842267175,-0.796749818017476,-0.405112154775817,-0.06527294387360937,0.22803226719551592,0.518517235850515,0.7516572754182812,0.9486042040047612,1.116690651886683,1.193307237470445,1.1795820577216973,1.165010805248712,1.0581236177533289,0.9182395940126691,0.7061573644703785,0.5574365811654566,0.394426569628962,-0.06386282266654626,0.0,0.0,0.0,0.0,0.0,0.0,0.0,0.0,0.0,0.0,0.0,0.0,0.0,0.0,0.0,0.0,0.0,0.0,0.0,0.0,0.0,0.0,0.0,0.0,0.0,0.0,0.0,0.0,0.0,0.0,0.0,0.0,0.0,0.0,0.0,0.0,0.0,0.0,0.0,0.0,0.0,0.0,0.0,0.0,0.0,0.0,0.0,0.0,0.0,0.0,0.0,0.0,0.0,0.0,0.0,0.0,0.0,0.0,0.0,0.0,0.0,0.0,0.0,0.0,0.0,0.0,0.0,0.0,0.0,0.0,0.0,0.0
726,-0.7815727995995463,-1.1115472050009942,-1.3765872616654222,-1.5101771252561973,-1.5842283309792173,-1.4944551984129932,-1.262533520187504,-0.8969289492183214,-0.5269520080619755,-0.19744274842511933,0.0986690453140431,0.34891746666445056,0.5795367367490826,0.7947131674492656,0.9862601933081834,1.1148264826413667,1.2123210348998155,1.268975789027101,1.224414824779203,1.0974300310456322,0.8561124083753878,0.6603790706351436,0.502601627285593,-0.002732731366977033,0.0,0.0,0.0,0.0,0.0,0.0,0.0,0.0,0.0,0.0,0.0,0.0,0.0,0.0,0.0,0.0,0.0,0.0,0.0,0.0,0.0,0.0,0.0,0.0,0.0,0.0,0.0,0.0,0.0,0.0,0.0,0.0,0.0,0.0,0.0,0.0,0.0,0.0,0.0,0.0,0.0,0.0,0.0,0.0,0.0,0.0,0.0,0.0,0.0,0.0,0.0,0.0,0.0,0.0,0.0,0.0,0.0,0.0,0.0,0.0,0.0,0.0,0.0,0.0,0.0,0.0,0.0,0.0,0.0,0.0,0.0,0.0
727,-0.7586458808793072,-1.0457710860926661,-1.3199657104707816,-1.4554881442247776,-1.5511412870701056,-1.4844161744267008,-1.3040511494427893,-0.9671929410169547,-0.6226261170931865,-0.30574399829102955,-0.001958237001491226,0.28566429824399253,0.529190237307748,0.7708926329203792,0.990298065426084,1.146957025545382,1.2387144164723995,1.246754585325083,1.2291822575233418,1.1027775410249663,0.9044257465458762,0.7385661808322701,0.5526476371562989,0.08093010168596808,0.0,0.0,0.0,0.0,0.0,0.0,0.0,0.0,0.0,0.0,0.0,0.0,0.0,0.0,0.0,0.0,0.0,0.0,0.0,0.0,0.0,0.0,0.0,0.0,0.0,0.0,0.0,0.0,0.0,0.0,0.0,0.0,0.0,0.0,0.0,0.0,0.0,0.0,0.0,0.0,0.0,0.0,0.0,0.0,0.0,0.0,0.0,0.0,0.0,0.0,0.0,0.0,0.0,0.0,0.0,0.0,0.0,0.0,0.0,0.0,0.0,0.0,0.0,0.0,0.0,0.0,0.0,0.0,0.0,0.0,0.0,0.0
728,-0.7574911319184192,-1.0603539125883916,-1.319295861257044,-1.4860422547507512,-1.571363244916794,-1.489250385088239,-1.2787359277045205,-0.9853447699357024,-0.6190832230725202,-0.2994159501585644,0.012078228800363022,0.29286601738619367,0.5498219806078297,0.7711065898388285,1.005834792865014,1.140499882983844,1.2068012432919237,1.21596732997046,1.1911425118827574,1.1005510218765564,0.8971402816687035,0.7453651630832722,0.5860280229880483,0.15117359414715237,0.0,0.0,0.0,0.0,0.0,0.0,0.0,0.0,0.0,0.0,0.0,0.0,0.0,0.0,0.0,0.0,0.0,0.0,0.0,0.0,0.0,0.0,0.0,0.0,0.0,0.0,0.0,0.0,0.0,0.0,0.0,0.0,0.0,0.0,0.0,0.0,0.0,0.0,0.0,0.0,0.0,0.0,0.0,0.0,0.0,0.0,0.0,0.0,0.0,0.0,0.0,0.0,0.0,0.0,0.0,0.0,0.0,0.0,0.0,0.0,0.0,0.0,0.0,0.0,0.0,0.0,0.0,0.0,0.0,0.0,0.0,0.0
729,-0.5334798559013896,-0.9539216983108338,-1.2472263373695687,-1.4620259760376204,-1.55191108973522,-1.4877201381133933,-1.2961252617352261,-0.9685024684853208,-0.5844236443768837,-0.21448105476688212,0.14034732185737078,0.4789945998733516,0.7786116455320167,1.0167049536251636,1.2259923499101777,1.3511735962862608,1.3659321807311684,1.298451665106561,1.1404636858378823,0.8944576427110198,0.5968854611621913,0.3189617564948361,0.08060172699605836,-0.38776106129173027,0.0,0.0,0.0,0.0,0.0,0.0,0.0,0.0,0.0,0.0,0.0,0.0,0.0,0.0,0.0,0.0,0.0,0.0,0.0,0.0,0.0,0.0,0.0,0.0,0.0,0.0,0.0,0.0,0.0,0.0,0.0,0.0,0.0,0.0,0.0,0.0,0.0,0.0,0.0,0.0,0.0,0.0,0.0,0.0,0.0,0.0,0.0,0.0,0.0,0.0,0.0,0.0,0.0,0.0,0.0,0.0,0.0,0.0,0.0,0.0,0.0,0.0,0.0,0.0,0.0,0.0,0.0,0.0,0.0,0.0,0.0,0.0
730,-0.2773114720281977,-0.6859298266035798,-1.0293036234817243,-1.2366186476009955,-1.3639251016443859,-1.3938067554406817,-1.414317239703228,-1.3802804446985715,-1.0710318500848357,-0.630852103777863,-0.16034866737583284,0.267896098864572,0.6099437868464312,0.8571304851140141,1.046410428243805,1.189099745484105,1.327015070697778,1.3911987412779871,1.3568967244940737,1.1580687973110286,0.8252154643434142,0.4945723128696087,0.26718884078655314,-0.14691076389347496,0.0,0.0,0.0,0.0,0.0,0.0,0.0,0.0,0.0,0.0,0.0,0.0,0.0,0.0,0.0,0.0,0.0,0.0,0.0,0.0,0.0,0.0,0.0,0.0,0.0,0.0,0.0,0.0,0.0,0.0,0.0,0.0,0.0,0.0,0.0,0.0,0.0,0.0,0.0,0.0,0.0,0.0,0.0,0.0,0.0,0.0,0.0,0.0,0.0,0.0,0.0,0.0,0.0,0.0,0.0,0.0,0.0,0.0,0.0,0.0,0.0,0.0,0.0,0.0,0.0,0.0,0.0,0.0,0.0,0.0,0.0,0.0
731,-0.3916369727511433,-0.7277629756209638,-1.0089197181255096,-1.2034029380624018,-1.3147099880966515,-1.3448176327780468,-1.392336011378734,-1.3745451304306366,-1.126233091214886,-0.729435622547708,-0.3258715367677923,0.04066622840646805,0.37595590781291655,0.6566564738828956,0.87410057435964,1.069039970731099,1.2476330448639215,1.3660868590397144,1.397867150647854,1.2784249541971666,1.0318615913139213,0.7891757281244919,0.5926397142320499,0.21956342016233502,0.0,0.0,0.0,0.0,0.0,0.0,0.0,0.0,0.0,0.0,0.0,0.0,0.0,0.0,0.0,0.0,0.0,0.0,0.0,0.0,0.0,0.0,0.0,0.0,0.0,0.0,0.0,0.0,0.0,0.0,0.0,0.0,0.0,0.0,0.0,0.0,0.0,0.0,0.0,0.0,0.0,0.0,0.0,0.0,0.0,0.0,0.0,0.0,0.0,0.0,0.0,0.0,0.0,0.0,0.0,0.0,0.0,0.0,0.0,0.0,0.0,0.0,0.0,0.0,0.0,0.0,0.0,0.0,0.0,0.0,0.0,0.0
732,-0.529089726335574,-0.8932411078036703,-1.1410394033043603,-1.3174735145149732,-1.4093198665015978,-1.3967430968633667,-1.3334999123968334,-1.203635782475213,-0.9398110890926631,-0.5313894784979935,-0.11815276181325829,0.27201456599220736,0.5747913116257359,0.8408438899156297,1.0594640798556236,1.217428306511806,1.3230013042178712,1.3738114535563248,1.323216905983098,1.1467827947724851,0.8404845536402518,0.5576150376626661,0.32016562689286343,-0.03622409102706732,0.0,0.0,0.0,0.0,0.0,0.0,0.0,0.0,0.0,0.0,0.0,0.0,0.0,0.0,0.0,0.0,0.0,0.0,0.0,0.0,0.0,0.0,0.0,0.0,0.0,0.0,0.0,0.0,0.0,0.0,0.0,0.0,0.0,0.0,0.0,0.0,0.0,0.0,0.0,0.0,0.0,0.0,0.0,0.0,0.0,0.0,0.0,0.0,0.0,0.0,0.0,0.0,0.0,0.0,0.0,0.0,0.0,0.0,0.0,0.0,0.0,0.0,0.0,0.0,0.0,0.0,0.0,0.0,0.0,0.0,0.0,0.0
733,-0.24135243960718814,-0.6362946134277969,-0.9623598960878742,-1.1815500026846877,-1.3125840883071622,-1.4040199612415265,-1.4371384663988551,-1.4085797554298543,-1.171470457636805,-0.7944474750124321,-0.3131092007814004,0.14191026138015977,0.5212531392933312,0.7831613177597425,1.0070712113234217,1.166024036800746,1.2898584473890187,1.3715347608325759,1.347295854884096,1.1625841920621827,0.8913964324405778,0.6282883081351327,0.41213806433053785,0.1403903299840505,0.0,0.0,0.0,0.0,0.0,0.0,0.0,0.0,0.0,0.0,0.0,0.0,0.0,0.0,0.0,0.0,0.0,0.0,0.0,0.0,0.0,0.0,0.0,0.0,0.0,0.0,0.0,0.0,0.0,0.0,0.0,0.0,0.0,0.0,0.0,0.0,0.0,0.0,0.0,0.0,0.0,0.0,0.0,0.0,0.0,0.0,0.0,0.0,0.0,0.0,0.0,0.0,0.0,0.0,0.0,0.0,0.0,0.0,0.0,0.0,0.0,0.0,0.0,0.0,0.0,0.0,0.0,0.0,0.0,0.0,0.0,0.0
734,-0.7395379792828193,-1.015961447054767,-1.270573522049774,-1.4265656033427385,-1.4889374371289479,-1.4518768184563806,-1.2993220626726762,-1.0725835727163961,-0.7061646734292765,-0.35880730651168974,-0.04338581841650078,0.2822226525515861,0.5835198576450884,0.8340696388564243,1.0440589790584918,1.1824894518405096,1.2534858478135895,1.2671101561957474,1.2211749880265452,1.0983062252773592,0.887816910455763,0.6910144008437658,0.48190001622587353,0.046547116271229934,0.0,0.0,0.0,0.0,0.0,0.0,0.0,0.0,0.0,0.0,0.0,0.0,0.0,0.0,0.0,0.0,0.0,0.0,0.0,0.0,0.0,0.0,0.0,0.0,0.0,0.0,0.0,0.0,0.0,0.0,0.0,0.0,0.0,0.0,0.0,0.0,0.0,0.0,0.0,0.0,0.0,0.0,0.0,0.0,0.0,0.0,0.0,0.0,0.0,0.0,0.0,0.0,0.0,0.0,0.0,0.0,0.0,0.0,0.0,0.0,0.0,0.0,0.0,0.0,0.0,0.0,0.0,0.0,0.0,0.0,0.0,0.0
735,-0.6395768185692957,-0.9209462118845614,-1.2033864088009822,-1.3790611878375338,-1.471528228219627,-1.4491043410424982,-1.3124823992245416,-1.0806849137980412,-0.7729233611366603,-0.5069231489203255,-0.18114690038068948,0.1867056308396266,0.5100883183884456,0.7927174806462466,1.0254597927796487,1.1632155266458868,1.2642489958372203,1.3234581361363806,1.282641622398236,1.1700812673827043,0.9571803160942338,0.7153046791274507,0.4767674298583861,0.049894723680289875,0.0,0.0,0.0,0.0,0.0,0.0,0.0,0.0,0.0,0.0,0.0,0.0,0.0,0.0,0.0,0.0,0.0,0.0,0.0,0.0,0.0,0.0,0.0,0.0,0.0,0.0,0.0,0.0,0.0,0.0,0.0,0.0,0.0,0.0,0.0,0.0,0.0,0.0,0.0,0.0,0.0,0.0,0.0,0.0,0.0,0.0,0.0,0.0,0.0,0.0,0.0,0.0,0.0,0.0,0.0,0.0,0.0,0.0,0.0,0.0,0.0,0.0,0.0,0.0,0.0,0.0,0.0,0.0,0.0,0.0,0.0,0.0
736,-0.3532296550264532,-0.7701622007642923,-1.1293936350328704,-1.3552262618391404,-1.494577247062234,-1.4786814311599012,-1.3303671664852719,-1.1318445317578998,-0.7702322263850074,-0.3403449408148707,0.06706412050571173,0.4847669480714171,0.835875410337041,1.1016226409509309,1.3074279402326756,1.4022426306809515,1.388307532158642,1.3027362236447624,1.1236807114761944,0.8650760941752471,0.5249616543618975,0.2258122026668943,-0.029151082356866524,-0.44636373057756606,0.0,0.0,0.0,0.0,0.0,0.0,0.0,0.0,0.0,0.0,0.0,0.0,0.0,0.0,0.0,0.0,0.0,0.0,0.0,0.0,0.0,0.0,0.0,0.0,0.0,0.0,0.0,0.0,0.0,0.0,0.0,0.0,0.0,0.0,0.0,0.0,0.0,0.0,0.0,0.0,0.0,0.0,0.0,0.0,0.0,0.0,0.0,0.0,0.0,0.0,0.0,0.0,0.0,0.0,0.0,0.0,0.0,0.0,0.0,0.0,0.0,0.0,0.0,0.0,0.0,0.0,0.0,0.0,0.0,0.0,0.0,0.0
737,-0.13641164092039798,-0.5998825173005453,-1.0184899103431473,-1.2131352410214877,-1.3709125606402612,-1.430167894078168,-1.4546873423973017,-1.3976529734810557,-1.096134830020404,-0.6613588152601124,-0.2121021118185934,0.18207467148574122,0.4892784841218442,0.7481541087666113,0.9467083370030746,1.125096207382859,1.2622629762406217,1.3769535841391782,1.3911677570778065,1.2487595119489248,0.9724715254543382,0.601481611756141,0.36614821104097706,-0.11962114913664335,0.0,0.0,0.0,0.0,0.0,0.0,0.0,0.0,0.0,0.0,0.0,0.0,0.0,0.0,0.0,0.0,0.0,0.0,0.0,0.0,0.0,0.0,0.0,0.0,0.0,0.0,0.0,0.0,0.0,0.0,0.0,0.0,0.0,0.0,0.0,0.0,0.0,0.0,0.0,0.0,0.0,0.0,0.0,0.0,0.0,0.0,0.0,0.0,0.0,0.0,0.0,0.0,0.0,0.0,0.0,0.0,0.0,0.0,0.0,0.0,0.0,0.0,0.0,0.0,0.0,0.0,0.0,0.0,0.0,0.0,0.0,0.0
738,-0.4542447057774173,-0.7236076154259976,-1.0029213354874553,-1.17913360321549,-1.2979214025192123,-1.3605976875503212,-1.395010906894855,-1.3907265301893108,-1.1234367060434132,-0.7667277938817991,-0.3485173451405964,0.01890250878487858,0.3657297133837048,0.6611443975159985,0.8880090543595822,1.0611807966836824,1.1861187496453636,1.3022115377955983,1.3487177559057815,1.2519046629304964,1.05903860833091,0.8882163629098505,0.7171868089385225,0.2944846749415072,0.0,0.0,0.0,0.0,0.0,0.0,0.0,0.0,0.0,0.0,0.0,0.0,0.0,0.0,0.0,0.0,0.0,0.0,0.0,0.0,0.0,0.0,0.0,0.0,0.0,0.0,0.0,0.0,0.0,0.0,0.0,0.0,0.0,0.0,0.0,0.0,0.0,0.0,0.0,0.0,0.0,0.0,0.0,0.0,0.0,0.0,0.0,0.0,0.0,0.0,0.0,0.0,0.0,0.0,0.0,0.0,0.0,0.0,0.0,0.0,0.0,0.0,0.0,0.0,0.0,0.0,0.0,0.0,0.0,0.0,0.0,0.0
739,-0.7711481596817639,-1.0447800546664328,-1.2874397063818537,-1.4396105371898746,-1.5117259934460259,-1.4468942638909055,-1.2441310611324816,-0.9935971102808112,-0.7087443390269869,-0.3778925369855719,-0.06561095707381194,0.2637316042998219,0.5549494340221146,0.8110610134286284,1.0188768914661455,1.1447344393271994,1.2182278979321943,1.2575993936134418,1.2660642651849099,1.1509026403172615,0.9366560846518073,0.7189973326939784,0.49628590545705603,0.053487817361961204,0.0,0.0,0.0,0.0,0.0,0.0,0.0,0.0,0.0,0.0,0.0,0.0,0.0,0.0,0.0,0.0,0.0,0.0,0.0,0.0,0.0,0.0,0.0,0.0,0.0,0.0,0.0,0.0,0.0,0.0,0.0,0.0,0.0,0.0,0.0,0.0,0.0,0.0,0.0,0.0,0.0,0.0,0.0,0.0,0.0,0.0,0.0,0.0,0.0,0.0,0.0,0.0,0.0,0.0,0.0,0.0,0.0,0.0,0.0,0.0,0.0,0.0,0.0,0.0,0.0,0.0,0.0,0.0,0.0,0.0,0.0,0.0
740,-0.6687722574478696,-0.9783181777035593,-1.2696436495688728,-1.4432421652292096,-1.5423452682823995,-1.4897681810452255,-1.2879313320861507,-1.0255837689154945,-0.7158361462790996,-0.3951293609577183,-0.06225319866711892,0.28158212630846685,0.5783535624528227,0.8290696216694748,1.0314443436437637,1.1499781093715615,1.2232633076944768,1.2630659108203168,1.2314658711764912,1.1297406371741325,0.9067250382410044,0.6984337130993609,0.481670887968096,0.07403037656274271,0.0,0.0,0.0,0.0,0.0,0.0,0.0,0.0,0.0,0.0,0.0,0.0,0.0,0.0,0.0,0.0,0.0,0.0,0.0,0.0,0.0,0.0,0.0,0.0,0.0,0.0,0.0,0.0,0.0,0.0,0.0,0.0,0.0,0.0,0.0,0.0,0.0,0.0,0.0,0.0,0.0,0.0,0.0,0.0,0.0,0.0,0.0,0.0,0.0,0.0,0.0,0.0,0.0,0.0,0.0,0.0,0.0,0.0,0.0,0.0,0.0,0.0,0.0,0.0,0.0,0.0,0.0,0.0,0.0,0.0,0.0,0.0
741,-0.541158821576917,-0.9131963463971334,-1.2289240257288252,-1.4360251401457549,-1.5484417908145525,-1.5005919581698566,-1.3077036653305594,-1.0842916461507277,-0.7498165783571111,-0.39855684508133826,-0.034031811666441765,0.35445197812217794,0.6499433067314312,0.8960281603327241,1.0740945106696334,1.1942266930520027,1.27767625974353,1.2944609252256865,1.2233968173375245,1.0646869763872957,0.811766432408189,0.607846282820539,0.37347008699510514,-0.07930980040661365,0.0,0.0,0.0,0.0,0.0,0.0,0.0,0.0,0.0,0.0,0.0,0.0,0.0,0.0,0.0,0.0,0.0,0.0,0.0,0.0,0.0,0.0,0.0,0.0,0.0,0.0,0.0,0.0,0.0,0.0,0.0,0.0,0.0,0.0,0.0,0.0,0.0,0.0,0.0,0.0,0.0,0.0,0.0,0.0,0.0,0.0,0.0,0.0,0.0,0.0,0.0,0.0,0.0,0.0,0.0,0.0,0.0,0.0,0.0,0.0,0.0,0.0,0.0,0.0,0.0,0.0,0.0,0.0,0.0,0.0,0.0,0.0
742,-0.47938952147278896,-0.8545964087946,-1.1878893110712065,-1.425401892994032,-1.5569585050145291,-1.5003463595103128,-1.3122583611090002,-1.0488221005744012,-0.7027692568004105,-0.32158619434691316,0.07195301398696229,0.4395685437090639,0.7072042786605236,0.9895381740709953,1.2058918656627156,1.3293725653430963,1.3526311928826318,1.3279996602452764,1.1721345520810287,0.9494008897406164,0.651965038254127,0.4058919892507782,0.1405175097545511,-0.35405136195418135,0.0,0.0,0.0,0.0,0.0,0.0,0.0,0.0,0.0,0.0,0.0,0.0,0.0,0.0,0.0,0.0,0.0,0.0,0.0,0.0,0.0,0.0,0.0,0.0,0.0,0.0,0.0,0.0,0.0,0.0,0.0,0.0,0.0,0.0,0.0,0.0,0.0,0.0,0.0,0.0,0.0,0.0,0.0,0.0,0.0,0.0,0.0,0.0,0.0,0.0,0.0,0.0,0.0,0.0,0.0,0.0,0.0,0.0,0.0,0.0,0.0,0.0,0.0,0.0,0.0,0.0,0.0,0.0,0.0,0.0,0.0,0.0
743,-0.3917305947608723,-0.8219771303852702,-1.2002544811206137,-1.4135339577197523,-1.5394263065929068,-1.5043513946793372,-1.3242601599152877,-1.0671584828568974,-0.678847477613271,-0.3106037813862101,0.08448208459377815,0.4612157961740013,0.7787766734746083,1.0460835205029615,1.2310629459248923,1.3338864652020803,1.364930763766169,1.3330288878936802,1.1626282767145535,0.9215632953232474,0.5787038874248336,0.2977615611929166,0.06467204876973272,-0.4066524399270364,0.0,0.0,0.0,0.0,0.0,0.0,0.0,0.0,0.0,0.0,0.0,0.0,0.0,0.0,0.0,0.0,0.0,0.0,0.0,0.0,0.0,0.0,0.0,0.0,0.0,0.0,0.0,0.0,0.0,0.0,0.0,0.0,0.0,0.0,0.0,0.0,0.0,0.0,0.0,0.0,0.0,0.0,0.0,0.0,0.0,0.0,0.0,0.0,0.0,0.0,0.0,0.0,0.0,0.0,0.0,0.0,0.0,0.0,0.0,0.0,0.0,0.0,0.0,0.0,0.0,0.0,0.0,0.0,0.0,0.0,0.0,0.0
744,-0.34070070302750505,-0.6966476068605609,-1.0299886255201502,-1.2227900055080876,-1.3545938105872815,-1.3873915016186158,-1.3800350101723353,-1.3436357035370927,-1.0745107247939945,-0.7050769199760908,-0.2968682748267499,0.09440511397229925,0.4300450362088514,0.7159520110637774,0.9411679314868885,1.1211720815630668,1.2757350320541914,1.3831704592175809,1.3948182373408584,1.2627079117847362,0.9725096502528131,0.7203199278600065,0.48728773527522223,0.03294775834816345,0.0,0.0,0.0,0.0,0.0,0.0,0.0,0.0,0.0,0.0,0.0,0.0,0.0,0.0,0.0,0.0,0.0,0.0,0.0,0.0,0.0,0.0,0.0,0.0,0.0,0.0,0.0,0.0,0.0,0.0,0.0,0.0,0.0,0.0,0.0,0.0,0.0,0.0,0.0,0.0,0.0,0.0,0.0,0.0,0.0,0.0,0.0,0.0,0.0,0.0,0.0,0.0,0.0,0.0,0.0,0.0,0.0,0.0,0.0,0.0,0.0,0.0,0.0,0.0,0.0,0.0,0.0,0.0,0.0,0.0,0.0,0.0
745,-0.35705470700838443,-0.6657564376706121,-0.9738191813098499,-1.1600483992323483,-1.3018325197779943,-1.3654472278445435,-1.3907227145316994,-1.4345998234436719,-1.179005014247715,-0.7526586727972374,-0.3060067437273031,0.053884947332225944,0.3853772151477598,0.6737733581905309,0.9103405538130108,1.1018946635937583,1.2501396529274134,1.3539395448842158,1.3773690690605116,1.263771376084531,1.0120104890265136,0.7829691405636924,0.5816882283218765,0.1397932026453114,0.0,0.0,0.0,0.0,0.0,0.0,0.0,0.0,0.0,0.0,0.0,0.0,0.0,0.0,0.0,0.0,0.0,0.0,0.0,0.0,0.0,0.0,0.0,0.0,0.0,0.0,0.0,0.0,0.0,0.0,0.0,0.0,0.0,0.0,0.0,0.0,0.0,0.0,0.0,0.0,0.0,0.0,0.0,0.0,0.0,0.0,0.0,0.0,0.0,0.0,0.0,0.0,0.0,0.0,0.0,0.0,0.0,0.0,0.0,0.0,0.0,0.0,0.0,0.0,0.0,0.0,0.0,0.0,0.0,0.0,0.0,0.0
746,-0.767191504894862,-1.039345583394519,-1.270974964678986,-1.415168879954243,-1.4647056968741368,-1.412184734356659,-1.245848458747329,-1.0282445617715068,-0.7201613702769387,-0.4227017371097696,-0.10620325503001485,0.23225853864795787,0.522257807821167,0.7957845932957128,1.0084944914914975,1.1439150187098575,1.2414368968389013,1.2993293214320303,1.2912124454066018,1.1818136677991737,0.9675520138926456,0.7167047349597379,0.4758841852347123,0.01608703155897582,0.0,0.0,0.0,0.0,0.0,0.0,0.0,0.0,0.0,0.0,0.0,0.0,0.0,0.0,0.0,0.0,0.0,0.0,0.0,0.0,0.0,0.0,0.0,0.0,0.0,0.0,0.0,0.0,0.0,0.0,0.0,0.0,0.0,0.0,0.0,0.0,0.0,0.0,0.0,0.0,0.0,0.0,0.0,0.0,0.0,0.0,0.0,0.0,0.0,0.0,0.0,0.0,0.0,0.0,0.0,0.0,0.0,0.0,0.0,0.0,0.0,0.0,0.0,0.0,0.0,0.0,0.0,0.0,0.0,0.0,0.0,0.0
747,-0.6668785583999011,-0.9689524050497269,-1.2238014515020557,-1.3883816467040562,-1.469111323849653,-1.4512106514555891,-1.2913411595151842,-1.0648741002139699,-0.7585606206287079,-0.4485963460157092,-0.13721886042423184,0.19523902226288642,0.5242816450853478,0.7856079085223705,0.9993560690172766,1.1754186034194167,1.2706925768851902,1.324983431975081,1.3091436922579653,1.1742998113947878,0.9281066821856412,0.6945735679920332,0.460098313146106,0.027125799614688997,0.0,0.0,0.0,0.0,0.0,0.0,0.0,0.0,0.0,0.0,0.0,0.0,0.0,0.0,0.0,0.0,0.0,0.0,0.0,0.0,0.0,0.0,0.0,0.0,0.0,0.0,0.0,0.0,0.0,0.0,0.0,0.0,0.0,0.0,0.0,0.0,0.0,0.0,0.0,0.0,0.0,0.0,0.0,0.0,0.0,0.0,0.0,0.0,0.0,0.0,0.0,0.0,0.0,0.0,0.0,0.0,0.0,0.0,0.0,0.0,0.0,0.0,0.0,0.0,0.0,0.0,0.0,0.0,0.0,0.0,0.0,0.0
748,-0.6030881674725148,-0.9467754098365125,-1.206234745421298,-1.3850292132792514,-1.4787780276902331,-1.4447831305019518,-1.3118992969910588,-1.1154648653000112,-0.7871395781946353,-0.43983088630198897,-0.08574657916219387,0.2898911937206868,0.6173987341583033,0.9152921631277778,1.123934384358947,1.2443767864246444,1.2997499179272056,1.296654162684974,1.2267368225915503,1.0543675071231347,0.8237629468150001,0.6189174065412849,0.37043924049498195,-0.07675136581684111,0.0,0.0,0.0,0.0,0.0,0.0,0.0,0.0,0.0,0.0,0.0,0.0,0.0,0.0,0.0,0.0,0.0,0.0,0.0,0.0,0.0,0.0,0.0,0.0,0.0,0.0,0.0,0.0,0.0,0.0,0.0,0.0,0.0,0.0,0.0,0.0,0.0,0.0,0.0,0.0,0.0,0.0,0.0,0.0,0.0,0.0,0.0,0.0,0.0,0.0,0.0,0.0,0.0,0.0,0.0,0.0,0.0,0.0,0.0,0.0,0.0,0.0,0.0,0.0,0.0,0.0,0.0,0.0,0.0,0.0,0.0,0.0
749,-0.6360455290019646,-0.9474562207462135,-1.2053772765329172,-1.3798499088407898,-1.4754081104173056,-1.4487780770650514,-1.2844064918907925,-1.0781959103505996,-0.8021388835739987,-0.49818919255344174,-0.16324765237293376,0.18219668113400203,0.5068076049278596,0.7893499631027466,1.0412448259972376,1.1604486606365307,1.2640417860693303,1.319425368364428,1.285104765035445,1.156086844828834,0.9388569391428808,0.7327037499159472,0.49309084205891834,0.04973522213184091,0.0,0.0,0.0,0.0,0.0,0.0,0.0,0.0,0.0,0.0,0.0,0.0,0.0,0.0,0.0,0.0,0.0,0.0,0.0,0.0,0.0,0.0,0.0,0.0,0.0,0.0,0.0,0.0,0.0,0.0,0.0,0.0,0.0,0.0,0.0,0.0,0.0,0.0,0.0,0.0,0.0,0.0,0.0,0.0,0.0,0.0,0.0,0.0,0.0,0.0,0.0,0.0,0.0,0.0,0.0,0.0,0.0,0.0,0.0,0.0,0.0,0.0,0.0,0.0,0.0,0.0,0.0,0.0,0.0,0.0,0.0,0.0
750,-0.37870053967587863,-0.8154722518770138,-1.1481563816865101,-1.3784604025687974,-1.5164925574333,-1.515399774416065,-1.363639532897547,-1.1346331918482262,-0.7893820573405268,-0.4273293839428385,-0.050729036628208456,0.37040221863874995,0.7534909651182131,1.0303065631715673,1.2455165186282955,1.334100241962912,1.3476234318011957,1.2776853186981525,1.149419912050188,0.922804033851069,0.6456469411048288,0.45167795554560697,0.1972644093455713,-0.2075433996014385,0.0,0.0,0.0,0.0,0.0,0.0,0.0,0.0,0.0,0.0,0.0,0.0,0.0,0.0,0.0,0.0,0.0,0.0,0.0,0.0,0.0,0.0,0.0,0.0,0.0,0.0,0.0,0.0,0.0,0.0,0.0,0.0,0.0,0.0,0.0,0.0,0.0,0.0,0.0,0.0,0.0,0.0,0.0,0.0,0.0,0.0,0.0,0.0,0.0,0.0,0.0,0.0,0.0,0.0,0.0,0.0,0.0,0.0,0.0,0.0,0.0,0.0,0.0,0.0,0.0,0.0,0.0,0.0,0.0,0.0,0.0,0.0
751,-0.14770616302724496,-0.5621555046803214,-0.9401809295183003,-1.1862186127789909,-1.3583901593587417,-1.4412643614885763,-1.4162767712433804,-1.3941874281426117,-1.1480714138780177,-0.7565730563686479,-0.3085197140409977,0.14666174964186507,0.5294653657179536,0.8327630128320552,1.0774690690263873,1.2335044288020305,1.3271883094705392,1.3538991818016106,1.3246033863417257,1.1190628320991114,0.8418494092848537,0.6173527520976081,0.364186947481705,-0.10846233007162386,0.0,0.0,0.0,0.0,0.0,0.0,0.0,0.0,0.0,0.0,0.0,0.0,0.0,0.0,0.0,0.0,0.0,0.0,0.0,0.0,0.0,0.0,0.0,0.0,0.0,0.0,0.0,0.0,0.0,0.0,0.0,0.0,0.0,0.0,0.0,0.0,0.0,0.0,0.0,0.0,0.0,0.0,0.0,0.0,0.0,0.0,0.0,0.0,0.0,0.0,0.0,0.0,0.0,0.0,0.0,0.0,0.0,0.0,0.0,0.0,0.0,0.0,0.0,0.0,0.0,0.0,0.0,0.0,0.0,0.0,0.0,0.0
752,0.058892677592736434,-0.3636854659837056,-0.7472749749619537,-1.0496094091802493,-1.3084697906607354,-1.4480353012356861,-1.482020969447386,-1.5000489000469934,-1.2636156092645832,-0.8464717222803674,-0.4189768703585779,-0.04987871229293276,0.30533190114813447,0.6667530935517458,0.9505420489235552,1.1384983205816623,1.253911579635608,1.394512186704316,1.4227185661592041,1.2566718369522942,0.9567526278860994,0.7018601162983495,0.43342509225060766,-0.0617823219711424,0.0,0.0,0.0,0.0,0.0,0.0,0.0,0.0,0.0,0.0,0.0,0.0,0.0,0.0,0.0,0.0,0.0,0.0,0.0,0.0,0.0,0.0,0.0,0.0,0.0,0.0,0.0,0.0,0.0,0.0,0.0,0.0,0.0,0.0,0.0,0.0,0.0,0.0,0.0,0.0,0.0,0.0,0.0,0.0,0.0,0.0,0.0,0.0,0.0,0.0,0.0,0.0,0.0,0.0,0.0,0.0,0.0,0.0,0.0,0.0,0.0,0.0,0.0,0.0,0.0,0.0,0.0,0.0,0.0,0.0,0.0,0.0
753,-0.700867890683939,-1.060925884639703,-1.3465995507558084,-1.5113077052579096,-1.5731733399582126,-1.489472775363685,-1.2285453631277006,-0.9397420237267563,-0.6088700527296059,-0.2441539403964073,0.06881338808747894,0.38352751096290316,0.6531888951565772,0.8591650671587628,1.0295503034333624,1.1501518995491296,1.2034291284910377,1.2591081997213105,1.2394567628165083,1.1216209244873427,0.8402414612504349,0.6196358862191187,0.3769770319946358,-0.10120793268888345,0.0,0.0,0.0,0.0,0.0,0.0,0.0,0.0,0.0,0.0,0.0,0.0,0.0,0.0,0.0,0.0,0.0,0.0,0.0,0.0,0.0,0.0,0.0,0.0,0.0,0.0,0.0,0.0,0.0,0.0,0.0,0.0,0.0,0.0,0.0,0.0,0.0,0.0,0.0,0.0,0.0,0.0,0.0,0.0,0.0,0.0,0.0,0.0,0.0,0.0,0.0,0.0,0.0,0.0,0.0,0.0,0.0,0.0,0.0,0.0,0.0,0.0,0.0,0.0,0.0,0.0,0.0,0.0,0.0,0.0,0.0,0.0
754,-0.6564010215134533,-0.9741728283686332,-1.2560151660701728,-1.3913758218376413,-1.5083111088083712,-1.4650114921360358,-1.285364146367835,-1.0242503485626262,-0.7234562029558695,-0.43621786439242777,-0.11423454466942193,0.1947194071187474,0.478404281699961,0.755377057648077,0.9905637293607324,1.1617222445047215,1.2621405044469465,1.322286172590586,1.2902391918619727,1.1894919074769488,0.9324580127624463,0.7477436905751425,0.4889988687580857,0.020665476878128045,0.0,0.0,0.0,0.0,0.0,0.0,0.0,0.0,0.0,0.0,0.0,0.0,0.0,0.0,0.0,0.0,0.0,0.0,0.0,0.0,0.0,0.0,0.0,0.0,0.0,0.0,0.0,0.0,0.0,0.0,0.0,0.0,0.0,0.0,0.0,0.0,0.0,0.0,0.0,0.0,0.0,0.0,0.0,0.0,0.0,0.0,0.0,0.0,0.0,0.0,0.0,0.0,0.0,0.0,0.0,0.0,0.0,0.0,0.0,0.0,0.0,0.0,0.0,0.0,0.0,0.0,0.0,0.0,0.0,0.0,0.0,0.0
755,-0.6842794075164724,-0.9702546295699132,-1.241305005890357,-1.4001660757263241,-1.4783950340810579,-1.4420315328248154,-1.255154756803604,-1.0209105678416526,-0.7561842786962075,-0.4711576697190166,-0.1455304210783341,0.22575673696583892,0.553787138733021,0.8677780669717059,1.1242198019179026,1.2416581007576284,1.2890255136983686,1.3114127822978638,1.2451995895756276,1.0779274837969124,0.8508295133427094,0.6908933486869925,0.42268881159529814,-0.03580750859210685,0.0,0.0,0.0,0.0,0.0,0.0,0.0,0.0,0.0,0.0,0.0,0.0,0.0,0.0,0.0,0.0,0.0,0.0,0.0,0.0,0.0,0.0,0.0,0.0,0.0,0.0,0.0,0.0,0.0,0.0,0.0,0.0,0.0,0.0,0.0,0.0,0.0,0.0,0.0,0.0,0.0,0.0,0.0,0.0,0.0,0.0,0.0,0.0,0.0,0.0,0.0,0.0,0.0,0.0,0.0,0.0,0.0,0.0,0.0,0.0,0.0,0.0,0.0,0.0,0.0,0.0,0.0,0.0,0.0,0.0,0.0,0.0
756,-0.5313531234776663,-0.8963717496820558,-1.214962890876373,-1.4129602952537188,-1.5270792005637386,-1.4640967486324832,-1.2616846864094888,-1.0026914261314295,-0.7158858214257834,-0.4277558193664426,-0.07436245882226128,0.2780743925220294,0.6100566625148144,0.846535167780065,1.0995686399664983,1.2715195630545166,1.3617257383672725,1.371364407996939,1.2904290141600454,1.102879633350735,0.783405560587288,0.5444989935069307,0.25725192301671956,-0.2881054761824209,0.0,0.0,0.0,0.0,0.0,0.0,0.0,0.0,0.0,0.0,0.0,0.0,0.0,0.0,0.0,0.0,0.0,0.0,0.0,0.0,0.0,0.0,0.0,0.0,0.0,0.0,0.0,0.0,0.0,0.0,0.0,0.0,0.0,0.0,0.0,0.0,0.0,0.0,0.0,0.0,0.0,0.0,0.0,0.0,0.0,0.0,0.0,0.0,0.0,0.0,0.0,0.0,0.0,0.0,0.0,0.0,0.0,0.0,0.0,0.0,0.0,0.0,0.0,0.0,0.0,0.0,0.0,0.0,0.0,0.0,0.0,0.0
757,-0.4825479148146873,-0.874355517684719,-1.1837525244495646,-1.412088626952951,-1.5276063700483704,-1.4777471654683543,-1.2551274048913394,-1.024647674165564,-0.6937349915389597,-0.3378133129844811,0.003499936202604254,0.35426102829577544,0.6700095260899225,0.9492369504655864,1.1672518800463578,1.311986481876564,1.3945558652574825,1.3943176843438838,1.2806259949193883,1.0295039183483832,0.6495259675204255,0.36291493482319864,0.09916926983145696,-0.3974379350220482,0.0,0.0,0.0,0.0,0.0,0.0,0.0,0.0,0.0,0.0,0.0,0.0,0.0,0.0,0.0,0.0,0.0,0.0,0.0,0.0,0.0,0.0,0.0,0.0,0.0,0.0,0.0,0.0,0.0,0.0,0.0,0.0,0.0,0.0,0.0,0.0,0.0,0.0,0.0,0.0,0.0,0.0,0.0,0.0,0.0,0.0,0.0,0.0,0.0,0.0,0.0,0.0,0.0,0.0,0.0,0.0,0.0,0.0,0.0,0.0,0.0,0.0,0.0,0.0,0.0,0.0,0.0,0.0,0.0,0.0,0.0,0.0
758,-0.13713219836205354,-0.5525152186307725,-0.9428619985006114,-1.2321696653321133,-1.3865598144585398,-1.4379238473403688,-1.3995746854595448,-1.3643053785484243,-1.112254021834303,-0.6724308621285825,-0.23221030178160962,0.15138066718694423,0.4392974317740639,0.667007999211496,0.8953146676108062,1.089047480221187,1.290827655816922,1.4553515212952761,1.4646904363646995,1.2935101101453734,0.9367436844613338,0.6467405665076408,0.35147189005735796,-0.2114461182761893,0.0,0.0,0.0,0.0,0.0,0.0,0.0,0.0,0.0,0.0,0.0,0.0,0.0,0.0,0.0,0.0,0.0,0.0,0.0,0.0,0.0,0.0,0.0,0.0,0.0,0.0,0.0,0.0,0.0,0.0,0.0,0.0,0.0,0.0,0.0,0.0,0.0,0.0,0.0,0.0,0.0,0.0,0.0,0.0,0.0,0.0,0.0,0.0,0.0,0.0,0.0,0.0,0.0,0.0,0.0,0.0,0.0,0.0,0.0,0.0,0.0,0.0,0.0,0.0,0.0,0.0,0.0,0.0,0.0,0.0,0.0,0.0
759,-0.43956310632674545,-0.7194009655814196,-0.9846807859153304,-1.1567750914182677,-1.268035079691928,-1.3226804721626195,-1.3307682715630438,-1.329291369063836,-1.117953654296232,-0.7810792270959582,-0.4283808445470287,-0.08862294103877764,0.23664725223914845,0.5583306823047125,0.8212193271637153,1.0497875710887443,1.2396047065821763,1.3896861319778724,1.4422919924258484,1.3559283605674066,1.1004242282044432,0.8992841735504176,0.6634017458197875,0.21062563677691434,0.0,0.0,0.0,0.0,0.0,0.0,0.0,0.0,0.0,0.0,0.0,0.0,0.0,0.0,0.0,0.0,0.0,0.0,0.0,0.0,0.0,0.0,0.0,0.0,0.0,0.0,0.0,0.0,0.0,0.0,0.0,0.0,0.0,0.0,0.0,0.0,0.0,0.0,0.0,0.0,0.0,0.0,0.0,0.0,0.0,0.0,0.0,0.0,0.0,0.0,0.0,0.0,0.0,0.0,0.0,0.0,0.0,0.0,0.0,0.0,0.0,0.0,0.0,0.0,0.0,0.0,0.0,0.0,0.0,0.0,0.0,0.0
760,-0.7958571333673342,-1.0498324511732993,-1.2746906902102053,-1.4069089620657134,-1.4620628697540112,-1.395459731491852,-1.203786825742636,-1.0421608855095952,-0.7587778993260973,-0.41123272759161866,-0.06328073040527699,0.2814747810878546,0.5797940731468978,0.8334788013443893,1.0445630929396446,1.1954372176591606,1.2717460488443397,1.321204400206554,1.274419473242297,1.1187215610221186,0.8745100540608679,0.6906830677404405,0.4225850949626563,-0.0445667596195743,0.0,0.0,0.0,0.0,0.0,0.0,0.0,0.0,0.0,0.0,0.0,0.0,0.0,0.0,0.0,0.0,0.0,0.0,0.0,0.0,0.0,0.0,0.0,0.0,0.0,0.0,0.0,0.0,0.0,0.0,0.0,0.0,0.0,0.0,0.0,0.0,0.0,0.0,0.0,0.0,0.0,0.0,0.0,0.0,0.0,0.0,0.0,0.0,0.0,0.0,0.0,0.0,0.0,0.0,0.0,0.0,0.0,0.0,0.0,0.0,0.0,0.0,0.0,0.0,0.0,0.0,0.0,0.0,0.0,0.0,0.0,0.0
761,-0.6154082682218427,-0.9443208278215204,-1.221303402809883,-1.4095835826179233,-1.506918318172116,-1.4615135672292383,-1.2588234964033986,-1.016710138830749,-0.7098202428620478,-0.43664405418027374,-0.09182623751377963,0.27066408700473266,0.6145982782786259,0.8992615970642117,1.164009358924254,1.2885325680969364,1.3495027201863992,1.3408703798125288,1.2455747797797228,1.0369032447578153,0.7436075855983589,0.5824479082247619,0.2928906641878479,-0.15599103525341504,0.0,0.0,0.0,0.0,0.0,0.0,0.0,0.0,0.0,0.0,0.0,0.0,0.0,0.0,0.0,0.0,0.0,0.0,0.0,0.0,0.0,0.0,0.0,0.0,0.0,0.0,0.0,0.0,0.0,0.0,0.0,0.0,0.0,0.0,0.0,0.0,0.0,0.0,0.0,0.0,0.0,0.0,0.0,0.0,0.0,0.0,0.0,0.0,0.0,0.0,0.0,0.0,0.0,0.0,0.0,0.0,0.0,0.0,0.0,0.0,0.0,0.0,0.0,0.0,0.0,0.0,0.0,0.0,0.0,0.0,0.0,0.0
762,-0.5418214489047063,-0.940410645708875,-1.2525357410629154,-1.424138259273136,-1.5287937006365364,-1.48187919243915,-1.2590168662142027,-1.0291578707918432,-0.7412633456056835,-0.3786149337313807,-0.004477254543432254,0.39123962543232504,0.7468913681092154,1.0073147605518504,1.2271574716494933,1.3091289749833883,1.297345111071957,1.2673699072472533,1.1592529558598696,0.9704165366791807,0.68068078275686,0.5095201594433182,0.24394132653943196,-0.22814972141229042,0.0,0.0,0.0,0.0,0.0,0.0,0.0,0.0,0.0,0.0,0.0,0.0,0.0,0.0,0.0,0.0,0.0,0.0,0.0,0.0,0.0,0.0,0.0,0.0,0.0,0.0,0.0,0.0,0.0,0.0,0.0,0.0,0.0,0.0,0.0,0.0,0.0,0.0,0.0,0.0,0.0,0.0,0.0,0.0,0.0,0.0,0.0,0.0,0.0,0.0,0.0,0.0,0.0,0.0,0.0,0.0,0.0,0.0,0.0,0.0,0.0,0.0,0.0,0.0,0.0,0.0,0.0,0.0,0.0,0.0,0.0,0.0
763,-0.5622649241820997,-0.9818017885950452,-1.2830368896153719,-1.470517172164141,-1.559344989014879,-1.4837520297022309,-1.2398409128652872,-0.9226103091762263,-0.5980721154354594,-0.268743390438574,0.06911085628530174,0.45048586153933784,0.7804641500963748,1.0375289290263894,1.266824865759921,1.3550843144955262,1.3596312594165876,1.288910026805077,1.1106048295434499,0.8716466348526624,0.5679756704817671,0.4161401882963195,0.12773396758898795,-0.33215703299837857,0.0,0.0,0.0,0.0,0.0,0.0,0.0,0.0,0.0,0.0,0.0,0.0,0.0,0.0,0.0,0.0,0.0,0.0,0.0,0.0,0.0,0.0,0.0,0.0,0.0,0.0,0.0,0.0,0.0,0.0,0.0,0.0,0.0,0.0,0.0,0.0,0.0,0.0,0.0,0.0,0.0,0.0,0.0,0.0,0.0,0.0,0.0,0.0,0.0,0.0,0.0,0.0,0.0,0.0,0.0,0.0,0.0,0.0,0.0,0.0,0.0,0.0,0.0,0.0,0.0,0.0,0.0,0.0,0.0,0.0,0.0,0.0
764,-0.22473578259768348,-0.8143660448992697,-1.2492981530499832,-1.5012458749801665,-1.6381712638483334,-1.5674556836741886,-1.2301486242594626,-0.8827035790144608,-0.5288753575059523,-0.1611543406003993,0.18741714751463306,0.5436234150820952,0.829739904069874,1.0723006020831354,1.2855737854756004,1.396090347057494,1.402098042364324,1.267425539236218,1.0761805719687962,0.7826796241663723,0.3994387277181752,0.23848255762268805,-0.05001197742404428,-0.6328835825054466,0.0,0.0,0.0,0.0,0.0,0.0,0.0,0.0,0.0,0.0,0.0,0.0,0.0,0.0,0.0,0.0,0.0,0.0,0.0,0.0,0.0,0.0,0.0,0.0,0.0,0.0,0.0,0.0,0.0,0.0,0.0,0.0,0.0,0.0,0.0,0.0,0.0,0.0,0.0,0.0,0.0,0.0,0.0,0.0,0.0,0.0,0.0,0.0,0.0,0.0,0.0,0.0,0.0,0.0,0.0,0.0,0.0,0.0,0.0,0.0,0.0,0.0,0.0,0.0,0.0,0.0,0.0,0.0,0.0,0.0,0.0,0.0
765,-0.3591164929296521,-0.7694668158549698,-1.0893784514778908,-1.2978191469373928,-1.419031341057496,-1.4600995821703346,-1.4009878820240924,-1.3827230308553098,-1.0311523198731654,-0.5774091384135276,-0.09831655745297321,0.29520796318352654,0.6205437061232376,0.8732628286585762,1.0823677005242156,1.2005911008166998,1.2622488105198026,1.2712151920026595,1.2136532368040718,1.0202672065503544,0.7640058098489488,0.7434163412586847,0.5232418626240861,0.015479000131927418,0.0,0.0,0.0,0.0,0.0,0.0,0.0,0.0,0.0,0.0,0.0,0.0,0.0,0.0,0.0,0.0,0.0,0.0,0.0,0.0,0.0,0.0,0.0,0.0,0.0,0.0,0.0,0.0,0.0,0.0,0.0,0.0,0.0,0.0,0.0,0.0,0.0,0.0,0.0,0.0,0.0,0.0,0.0,0.0,0.0,0.0,0.0,0.0,0.0,0.0,0.0,0.0,0.0,0.0,0.0,0.0,0.0,0.0,0.0,0.0,0.0,0.0,0.0,0.0,0.0,0.0,0.0,0.0,0.0,0.0,0.0,0.0
766,-0.407989734087683,-0.7824961441070759,-1.0945640478303902,-1.2252985650052133,-1.3775936841545304,-1.4040147686550666,-1.3770951731262184,-1.3778429396686864,-1.1500233997301006,-0.669708023951485,-0.2332616186643257,0.1603128381880013,0.4381081087148654,0.6660522764105291,0.8245787834137464,0.9366191370268692,1.0634901937322743,1.2235122338204274,1.289689572828846,1.186373162211183,1.045419168955964,1.0892881394474203,0.8563588614686366,0.3200856227619985,0.0,0.0,0.0,0.0,0.0,0.0,0.0,0.0,0.0,0.0,0.0,0.0,0.0,0.0,0.0,0.0,0.0,0.0,0.0,0.0,0.0,0.0,0.0,0.0,0.0,0.0,0.0,0.0,0.0,0.0,0.0,0.0,0.0,0.0,0.0,0.0,0.0,0.0,0.0,0.0,0.0,0.0,0.0,0.0,0.0,0.0,0.0,0.0,0.0,0.0,0.0,0.0,0.0,0.0,0.0,0.0,0.0,0.0,0.0,0.0,0.0,0.0,0.0,0.0,0.0,0.0,0.0,0.0,0.0,0.0,0.0,0.0
767,-0.9710959772259028,-1.2295172418284932,-1.4318271163082104,-1.5356417677587861,-1.5540023755359953,-1.4461552541530418,-1.1400307282227489,-0.8055931155332079,-0.45545460927717496,-0.14426804662325887,0.15353414774446728,0.47372941982178046,0.7405588132195414,0.9400373790233338,1.1096585078810102,1.1712609208905254,1.1909084871567914,1.1826719528268284,1.1113744525330858,0.9666345211305061,0.7558307206230146,0.660938981363232,0.39556814091973536,-0.13912021266703198,0.0,0.0,0.0,0.0,0.0,0.0,0.0,0.0,0.0,0.0,0.0,0.0,0.0,0.0,0.0,0.0,0.0,0.0,0.0,0.0,0.0,0.0,0.0,0.0,0.0,0.0,0.0,0.0,0.0,0.0,0.0,0.0,0.0,0.0,0.0,0.0,0.0,0.0,0.0,0.0,0.0,0.0,0.0,0.0,0.0,0.0,0.0,0.0,0.0,0.0,0.0,0.0,0.0,0.0,0.0,0.0,0.0,0.0,0.0,0.0,0.0,0.0,0.0,0.0,0.0,0.0,0.0,0.0,0.0,0.0,0.0,0.0
768,-0.7887467683511669,-1.0801508879534927,-1.2923707947892134,-1.4300689547719656,-1.4927014135451588,-1.4376843157642398,-1.1950029649594227,-0.9277659603427831,-0.6499606996552325,-0.36228655278381644,-0.05215486176171443,0.24624295671106725,0.4938976044904306,0.7372783251822931,0.9993866172939319,1.1674685134805534,1.2825537137821652,1.3629035430271799,1.3329860534146745,1.171742440568054,0.8859332800620929,0.7268654846418366,0.41028404910586985,-0.108648407081952,0.0,0.0,0.0,0.0,0.0,0.0,0.0,0.0,0.0,0.0,0.0,0.0,0.0,0.0,0.0,0.0,0.0,0.0,0.0,0.0,0.0,0.0,0.0,0.0,0.0,0.0,0.0,0.0,0.0,0.0,0.0,0.0,0.0,0.0,0.0,0.0,0.0,0.0,0.0,0.0,0.0,0.0,0.0,0.0,0.0,0.0,0.0,0.0,0.0,0.0,0.0,0.0,0.0,0.0,0.0,0.0,0.0,0.0,0.0,0.0,0.0,0.0,0.0,0.0,0.0,0.0,0.0,0.0,0.0,0.0,0.0,0.0
769,-0.7042191486061082,-0.9912591243844067,-1.274056735768882,-1.4520759510870456,-1.5156313723831887,-1.456798583148094,-1.2081800207478166,-0.9687665886360235,-0.7165460187315567,-0.4018906520878058,-0.051055121179751785,0.2809699260953128,0.5783356567189543,0.8390409554110674,1.0612447961139553,1.1901966647639382,1.2748838634179926,1.3289139759808348,1.283288547594435,1.1101520535597278,0.8293555574553579,0.7138511834876824,0.384947876049582,-0.1347017398881516,0.0,0.0,0.0,0.0,0.0,0.0,0.0,0.0,0.0,0.0,0.0,0.0,0.0,0.0,0.0,0.0,0.0,0.0,0.0,0.0,0.0,0.0,0.0,0.0,0.0,0.0,0.0,0.0,0.0,0.0,0.0,0.0,0.0,0.0,0.0,0.0,0.0,0.0,0.0,0.0,0.0,0.0,0.0,0.0,0.0,0.0,0.0,0.0,0.0,0.0,0.0,0.0,0.0,0.0,0.0,0.0,0.0,0.0,0.0,0.0,0.0,0.0,0.0,0.0,0.0,0.0,0.0,0.0,0.0,0.0,0.0,0.0
770,-0.7771693790156651,-1.0697040739485362,-1.3121592999901843,-1.4454839359663774,-1.510271031551058,-1.4532789781139097,-1.1872915493627296,-0.9090967904559795,-0.6656855686792567,-0.3823431404297965,-0.03789052326902008,0.31200391576833564,0.6144662587192906,0.875379556261228,1.1057009902807737,1.2149786566131635,1.2989592050328063,1.3097693106524975,1.242702532930331,1.0562833645907561,0.804856486266099,0.6567506854629812,0.358847706786998,-0.10032439858274748,0.0,0.0,0.0,0.0,0.0,0.0,0.0,0.0,0.0,0.0,0.0,0.0,0.0,0.0,0.0,0.0,0.0,0.0,0.0,0.0,0.0,0.0,0.0,0.0,0.0,0.0,0.0,0.0,0.0,0.0,0.0,0.0,0.0,0.0,0.0,0.0,0.0,0.0,0.0,0.0,0.0,0.0,0.0,0.0,0.0,0.0,0.0,0.0,0.0,0.0,0.0,0.0,0.0,0.0,0.0,0.0,0.0,0.0,0.0,0.0,0.0,0.0,0.0,0.0,0.0,0.0,0.0,0.0,0.0,0.0,0.0,0.0
771,-0.5550154054986983,-0.9553828920577746,-1.2733108193788838,-1.4958510532992266,-1.580339957512601,-1.498086702363307,-1.1800656229978612,-0.8895243967117377,-0.6095093514356595,-0.27947165835078114,0.09732836099111361,0.45894459710612856,0.7800396939346851,1.0302460850230237,1.2148734368983352,1.2834333415301362,1.327121650324042,1.3301956677871525,1.2022979109128826,0.9300144853167496,0.5822779038079008,0.40677945227758444,0.09434749557233967,-0.4213422218755539,0.0,0.0,0.0,0.0,0.0,0.0,0.0,0.0,0.0,0.0,0.0,0.0,0.0,0.0,0.0,0.0,0.0,0.0,0.0,0.0,0.0,0.0,0.0,0.0,0.0,0.0,0.0,0.0,0.0,0.0,0.0,0.0,0.0,0.0,0.0,0.0,0.0,0.0,0.0,0.0,0.0,0.0,0.0,0.0,0.0,0.0,0.0,0.0,0.0,0.0,0.0,0.0,0.0,0.0,0.0,0.0,0.0,0.0,0.0,0.0,0.0,0.0,0.0,0.0,0.0,0.0,0.0,0.0,0.0,0.0,0.0,0.0
772,-0.2057831183946204,-0.6769071346175026,-0.9972002893924459,-1.216067278488657,-1.3813427331911523,-1.4222690807457283,-1.384064178297083,-1.3741204365638742,-1.1062674355609068,-0.6317939484384174,-0.15711111938470254,0.24827953043338738,0.5839593171534014,0.8496142278785014,1.051838533442289,1.2249643105657388,1.3595711723437052,1.4085571842504612,1.3532909144069416,1.1026039517644615,0.733429456048375,0.5923329944024195,0.28962456185041435,-0.24513940146500557,0.0,0.0,0.0,0.0,0.0,0.0,0.0,0.0,0.0,0.0,0.0,0.0,0.0,0.0,0.0,0.0,0.0,0.0,0.0,0.0,0.0,0.0,0.0,0.0,0.0,0.0,0.0,0.0,0.0,0.0,0.0,0.0,0.0,0.0,0.0,0.0,0.0,0.0,0.0,0.0,0.0,0.0,0.0,0.0,0.0,0.0,0.0,0.0,0.0,0.0,0.0,0.0,0.0,0.0,0.0,0.0,0.0,0.0,0.0,0.0,0.0,0.0,0.0,0.0,0.0,0.0,0.0,0.0,0.0,0.0,0.0,0.0
773,-0.4399177808928631,-0.7505624529883956,-1.0062650167033953,-1.184034869848974,-1.2952767993377297,-1.33845206407828,-1.3236077382555331,-1.3387236066238182,-1.1785135047563668,-0.7602474704459194,-0.4021733670630738,-0.021108661491339588,0.2992210280617168,0.6194602034329271,0.8582366151427216,1.0436096595633657,1.214500434888647,1.3282767614690911,1.374076937483176,1.240387490896608,1.0421614326538293,1.0181751744646348,0.7214696863733889,0.2793079080555929,0.0,0.0,0.0,0.0,0.0,0.0,0.0,0.0,0.0,0.0,0.0,0.0,0.0,0.0,0.0,0.0,0.0,0.0,0.0,0.0,0.0,0.0,0.0,0.0,0.0,0.0,0.0,0.0,0.0,0.0,0.0,0.0,0.0,0.0,0.0,0.0,0.0,0.0,0.0,0.0,0.0,0.0,0.0,0.0,0.0,0.0,0.0,0.0,0.0,0.0,0.0,0.0,0.0,0.0,0.0,0.0,0.0,0.0,0.0,0.0,0.0,0.0,0.0,0.0,0.0,0.0,0.0,0.0,0.0,0.0,0.0,0.0
774,-0.9438759417529451,-1.1995962760440708,-1.400133273369848,-1.4938323271559093,-1.521461535323594,-1.4143983536738156,-1.165585321424611,-0.8128624410665051,-0.5632235357470707,-0.2880576446205364,0.007454755781657156,0.3267673164804704,0.6258084472736455,0.8359556039620956,1.0293600611358888,1.1604486411923498,1.212778962096905,1.2214130896493063,1.1789932455875078,1.0508327609618613,0.8918146552576321,0.8105787768950373,0.47917843762286194,-0.028358103718303797,0.0,0.0,0.0,0.0,0.0,0.0,0.0,0.0,0.0,0.0,0.0,0.0,0.0,0.0,0.0,0.0,0.0,0.0,0.0,0.0,0.0,0.0,0.0,0.0,0.0,0.0,0.0,0.0,0.0,0.0,0.0,0.0,0.0,0.0,0.0,0.0,0.0,0.0,0.0,0.0,0.0,0.0,0.0,0.0,0.0,0.0,0.0,0.0,0.0,0.0,0.0,0.0,0.0,0.0,0.0,0.0,0.0,0.0,0.0,0.0,0.0,0.0,0.0,0.0,0.0,0.0,0.0,0.0,0.0,0.0,0.0,0.0
775,-0.7446476825709666,-1.0498386023473854,-1.3074857177957093,-1.475493729636433,-1.528486039013116,-1.4573569251596246,-1.1719448250801368,-0.8955638087113234,-0.6379166932629993,-0.34653362874670224,-0.03619275214353546,0.3191542689020819,0.6291219602279481,0.8819923041268246,1.08948331830595,1.2260691297979642,1.2977207030396767,1.3356363272134162,1.2282336044063078,1.0440293515307388,0.7941444898502669,0.697340228918495,0.3165419719609778,-0.20800725381272495,0.0,0.0,0.0,0.0,0.0,0.0,0.0,0.0,0.0,0.0,0.0,0.0,0.0,0.0,0.0,0.0,0.0,0.0,0.0,0.0,0.0,0.0,0.0,0.0,0.0,0.0,0.0,0.0,0.0,0.0,0.0,0.0,0.0,0.0,0.0,0.0,0.0,0.0,0.0,0.0,0.0,0.0,0.0,0.0,0.0,0.0,0.0,0.0,0.0,0.0,0.0,0.0,0.0,0.0,0.0,0.0,0.0,0.0,0.0,0.0,0.0,0.0,0.0,0.0,0.0,0.0,0.0,0.0,0.0,0.0,0.0,0.0
776,-0.7541961460924624,-1.0605043151462348,-1.3124199709525977,-1.4735856343792013,-1.5329359856901128,-1.4555506002641423,-1.1740316215278814,-0.8569455436404085,-0.6504408103867043,-0.4029800235649375,-0.08697173656083469,0.2711422476202586,0.6078441195850667,0.8821778257655271,1.1187888510280353,1.2615602167117896,1.3131504736624366,1.2961213777051896,1.1885578475448573,1.0202069115624532,0.8161451709777211,0.7046297409116985,0.3791368941339391,-0.09889928900346341,0.0,0.0,0.0,0.0,0.0,0.0,0.0,0.0,0.0,0.0,0.0,0.0,0.0,0.0,0.0,0.0,0.0,0.0,0.0,0.0,0.0,0.0,0.0,0.0,0.0,0.0,0.0,0.0,0.0,0.0,0.0,0.0,0.0,0.0,0.0,0.0,0.0,0.0,0.0,0.0,0.0,0.0,0.0,0.0,0.0,0.0,0.0,0.0,0.0,0.0,0.0,0.0,0.0,0.0,0.0,0.0,0.0,0.0,0.0,0.0,0.0,0.0,0.0,0.0,0.0,0.0,0.0,0.0,0.0,0.0,0.0,0.0
777,-0.6816228072404907,-1.030496226425628,-1.325878435247957,-1.518349091713223,-1.588693697121848,-1.5032868787495706,-1.1767218182241128,-0.8038302756645027,-0.5377583190957678,-0.30417189210809936,0.04014215450425682,0.35791413935363636,0.6325349194963361,0.8862314362246648,1.1078495102087824,1.2142620093628023,1.297307724081318,1.3306074273360953,1.2339650122666068,1.0414129384339699,0.77721358131477,0.6103079782040275,0.2514202228322455,-0.3103596120283025,0.0,0.0,0.0,0.0,0.0,0.0,0.0,0.0,0.0,0.0,0.0,0.0,0.0,0.0,0.0,0.0,0.0,0.0,0.0,0.0,0.0,0.0,0.0,0.0,0.0,0.0,0.0,0.0,0.0,0.0,0.0,0.0,0.0,0.0,0.0,0.0,0.0,0.0,0.0,0.0,0.0,0.0,0.0,0.0,0.0,0.0,0.0,0.0,0.0,0.0,0.0,0.0,0.0,0.0,0.0,0.0,0.0,0.0,0.0,0.0,0.0,0.0,0.0,0.0,0.0,0.0,0.0,0.0,0.0,0.0,0.0,0.0
778,-0.5666597539376638,-0.9390164644546743,-1.2610659373962514,-1.4572225877110412,-1.5470272432176002,-1.5075298252864746,-1.2175772014426123,-0.9193924841773152,-0.6475670963523693,-0.2927555546426586,0.024304770770776325,0.36996954201222637,0.6831217018619499,0.9419753061137262,1.1729728366667087,1.3027738248572074,1.3715409082867671,1.378525714826166,1.2363350102741142,0.9623476585203067,0.6353090380505875,0.4981074810266778,0.12134369019314153,-0.342813334841685,0.0,0.0,0.0,0.0,0.0,0.0,0.0,0.0,0.0,0.0,0.0,0.0,0.0,0.0,0.0,0.0,0.0,0.0,0.0,0.0,0.0,0.0,0.0,0.0,0.0,0.0,0.0,0.0,0.0,0.0,0.0,0.0,0.0,0.0,0.0,0.0,0.0,0.0,0.0,0.0,0.0,0.0,0.0,0.0,0.0,0.0,0.0,0.0,0.0,0.0,0.0,0.0,0.0,0.0,0.0,0.0,0.0,0.0,0.0,0.0,0.0,0.0,0.0,0.0,0.0,0.0,0.0,0.0,0.0,0.0,0.0,0.0
779,-0.4026307909642011,-0.7353388881213413,-1.014893753179179,-1.2001516709144049,-1.322693222741667,-1.360797492335867,-1.2853302813496887,-1.292891829012351,-1.130763351186445,-0.7257757543126802,-0.28957824012537786,0.12089518544482833,0.4746570035450674,0.7903145520511063,1.049112227446734,1.2443039430917318,1.383451246648762,1.4470572063993918,1.3870096220194268,1.1540843008813397,0.8253793760161972,0.6585063976960718,0.3311358635949285,-0.10506165059237384,0.0,0.0,0.0,0.0,0.0,0.0,0.0,0.0,0.0,0.0,0.0,0.0,0.0,0.0,0.0,0.0,0.0,0.0,0.0,0.0,0.0,0.0,0.0,0.0,0.0,0.0,0.0,0.0,0.0,0.0,0.0,0.0,0.0,0.0,0.0,0.0,0.0,0.0,0.0,0.0,0.0,0.0,0.0,0.0,0.0,0.0,0.0,0.0,0.0,0.0,0.0,0.0,0.0,0.0,0.0,0.0,0.0,0.0,0.0,0.0,0.0,0.0,0.0,0.0,0.0,0.0,0.0,0.0,0.0,0.0,0.0,0.0
780,-0.45714968168219383,-0.7420409342881381,-0.9925012689341097,-1.1609832274849088,-1.274113386496247,-1.3297930995400884,-1.3305800919506021,-1.3295307687365838,-1.1765263275925535,-0.8052626579327352,-0.4115697045732778,-0.04915969953173825,0.3364009989190781,0.6734304987215521,0.9042816058055585,1.0822730559833975,1.2260303363038925,1.3379800066994603,1.371558349548043,1.2370482300510837,1.057351629650465,0.9725531974176184,0.6285719313222736,0.23173100832076154,0.0,0.0,0.0,0.0,0.0,0.0,0.0,0.0,0.0,0.0,0.0,0.0,0.0,0.0,0.0,0.0,0.0,0.0,0.0,0.0,0.0,0.0,0.0,0.0,0.0,0.0,0.0,0.0,0.0,0.0,0.0,0.0,0.0,0.0,0.0,0.0,0.0,0.0,0.0,0.0,0.0,0.0,0.0,0.0,0.0,0.0,0.0,0.0,0.0,0.0,0.0,0.0,0.0,0.0,0.0,0.0,0.0,0.0,0.0,0.0,0.0,0.0,0.0,0.0,0.0,0.0,0.0,0.0,0.0,0.0,0.0,0.0
781,-0.7669873840311395,-1.1139070336765657,-1.3430686884501424,-1.4894211906875445,-1.54904378051359,-1.4742789456523582,-1.1926602277211724,-0.8620320113502099,-0.6321943634947054,-0.2985917775632599,0.09388980580411047,0.5254437893069166,0.8985243712229547,1.1533737631097936,1.0140515889244421,1.0680634361704857,1.1870382185898056,1.2234066463975295,1.1524273727950944,0.9750467880971991,0.77846799987255,0.6496237184570818,0.243419475526574,-0.2405915711338414,0.0,0.0,0.0,0.0,0.0,0.0,0.0,0.0,0.0,0.0,0.0,0.0,0.0,0.0,0.0,0.0,0.0,0.0,0.0,0.0,0.0,0.0,0.0,0.0,0.0,0.0,0.0,0.0,0.0,0.0,0.0,0.0,0.0,0.0,0.0,0.0,0.0,0.0,0.0,0.0,0.0,0.0,0.0,0.0,0.0,0.0,0.0,0.0,0.0,0.0,0.0,0.0,0.0,0.0,0.0,0.0,0.0,0.0,0.0,0.0,0.0,0.0,0.0,0.0,0.0,0.0,0.0,0.0,0.0,0.0,0.0,0.0
782,-0.48699586415086044,-0.9319199353317471,-1.2689566064868076,-1.5064277707309817,-1.5881606495384257,-1.5075175424484142,-1.1707780817617444,-0.7528010930482817,-0.46619113136351104,-0.17205183781284245,0.0961310748317045,0.5004363819991947,0.8018077969473705,1.042449206187712,1.2098777700478096,1.308551645553524,1.3930584887326147,1.3528360053437392,1.1907572299146743,0.8725438884243585,0.5178727294781161,0.36847493403372134,-0.09021988884926808,-0.7127767499716666,0.0,0.0,0.0,0.0,0.0,0.0,0.0,0.0,0.0,0.0,0.0,0.0,0.0,0.0,0.0,0.0,0.0,0.0,0.0,0.0,0.0,0.0,0.0,0.0,0.0,0.0,0.0,0.0,0.0,0.0,0.0,0.0,0.0,0.0,0.0,0.0,0.0,0.0,0.0,0.0,0.0,0.0,0.0,0.0,0.0,0.0,0.0,0.0,0.0,0.0,0.0,0.0,0.0,0.0,0.0,0.0,0.0,0.0,0.0,0.0,0.0,0.0,0.0,0.0,0.0,0.0,0.0,0.0,0.0,0.0,0.0,0.0
783,-0.6278492205127348,-1.0338754817968487,-1.3085349093351761,-1.4942098196015672,-1.5586089238540408,-1.5092546245836265,-1.1951484522752656,-0.8055430452093748,-0.5714312018300123,-0.30998184695885894,0.010270678604367815,0.3352017715705521,0.6014214304604072,0.8610360530166752,1.0826717166548179,1.2466050489898182,1.3263241680715838,1.3634774974480108,1.253852241633615,1.0268041176665608,0.7482000156512301,0.669765209189884,0.2476850401505239,-0.35887746315055186,0.0,0.0,0.0,0.0,0.0,0.0,0.0,0.0,0.0,0.0,0.0,0.0,0.0,0.0,0.0,0.0,0.0,0.0,0.0,0.0,0.0,0.0,0.0,0.0,0.0,0.0,0.0,0.0,0.0,0.0,0.0,0.0,0.0,0.0,0.0,0.0,0.0,0.0,0.0,0.0,0.0,0.0,0.0,0.0,0.0,0.0,0.0,0.0,0.0,0.0,0.0,0.0,0.0,0.0,0.0,0.0,0.0,0.0,0.0,0.0,0.0,0.0,0.0,0.0,0.0,0.0,0.0,0.0,0.0,0.0,0.0,0.0
784,-0.7185505864512364,-1.0505606819536213,-1.3021904177536276,-1.4744200421403093,-1.578032286293253,-1.5524478059489595,-1.1873053182765698,-0.7721701678624571,-0.527304145256919,-0.26783242314448535,0.0016378315162929053,0.31247456397512446,0.5887085318303711,0.856610389228664,1.1322562081104786,1.2729218375896407,1.34634243443974,1.3346774798000047,1.2063629787629153,0.952772746384802,0.7401568924891206,0.7044758547675771,0.2845374877371027,-0.3031213615504076,0.0,0.0,0.0,0.0,0.0,0.0,0.0,0.0,0.0,0.0,0.0,0.0,0.0,0.0,0.0,0.0,0.0,0.0,0.0,0.0,0.0,0.0,0.0,0.0,0.0,0.0,0.0,0.0,0.0,0.0,0.0,0.0,0.0,0.0,0.0,0.0,0.0,0.0,0.0,0.0,0.0,0.0,0.0,0.0,0.0,0.0,0.0,0.0,0.0,0.0,0.0,0.0,0.0,0.0,0.0,0.0,0.0,0.0,0.0,0.0,0.0,0.0,0.0,0.0,0.0,0.0,0.0,0.0,0.0,0.0,0.0,0.0
785,-0.6822525036797855,-1.0860728244140254,-1.384888843467575,-1.5869642781815165,-1.6680588910220078,-1.544213313803649,-1.1327903731156128,-0.6217620927430604,-0.3813430095664951,-0.13155838007003615,0.14191557247085979,0.4273994608807959,0.6692509217298155,0.9431656058622357,1.1818217626727034,1.2896908196983026,1.3183383731473892,1.3098542900105443,1.142596651027031,0.8554600191488784,0.5914617958257572,0.5644669858448872,0.1530440451568511,-0.36856179341228723,0.0,0.0,0.0,0.0,0.0,0.0,0.0,0.0,0.0,0.0,0.0,0.0,0.0,0.0,0.0,0.0,0.0,0.0,0.0,0.0,0.0,0.0,0.0,0.0,0.0,0.0,0.0,0.0,0.0,0.0,0.0,0.0,0.0,0.0,0.0,0.0,0.0,0.0,0.0,0.0,0.0,0.0,0.0,0.0,0.0,0.0,0.0,0.0,0.0,0.0,0.0,0.0,0.0,0.0,0.0,0.0,0.0,0.0,0.0,0.0,0.0,0.0,0.0,0.0,0.0,0.0,0.0,0.0,0.0,0.0,0.0,0.0
786,-0.41575729575687187,-0.8209034790993459,-1.1647212805097915,-1.3243171470047228,-1.4465003326299224,-1.444606019674493,-1.2807479490298455,-1.2072249274472397,-0.992220407005997,-0.57772105344609,-0.12841369933016683,0.26228834772715764,0.5671543389915851,0.8038250638605523,0.9985841145906428,1.159482321242432,1.3023845548176411,1.3678567463396716,1.2945705138764947,1.0832362247863965,0.9043420450580276,0.8037066693008379,0.39240396885321815,-0.1367013185101707,0.0,0.0,0.0,0.0,0.0,0.0,0.0,0.0,0.0,0.0,0.0,0.0,0.0,0.0,0.0,0.0,0.0,0.0,0.0,0.0,0.0,0.0,0.0,0.0,0.0,0.0,0.0,0.0,0.0,0.0,0.0,0.0,0.0,0.0,0.0,0.0,0.0,0.0,0.0,0.0,0.0,0.0,0.0,0.0,0.0,0.0,0.0,0.0,0.0,0.0,0.0,0.0,0.0,0.0,0.0,0.0,0.0,0.0,0.0,0.0,0.0,0.0,0.0,0.0,0.0,0.0,0.0,0.0,0.0,0.0,0.0,0.0
787,-0.4678316805177395,-0.7981433474088129,-1.015312009012954,-1.2021627391033152,-1.335188155998922,-1.3816536814711282,-1.322775379690744,-1.2424768002104065,-1.1206558362655445,-0.777931393066293,-0.3338176354205963,0.023626383223751286,0.36030920963583646,0.6420682470736826,0.8716496849860017,1.043121754163576,1.1835069587817308,1.2863242917415063,1.3212558215291224,1.2117377863144898,1.1505526853971875,1.1226514005982742,0.6745831301464321,0.1065613045748522,0.0,0.0,0.0,0.0,0.0,0.0,0.0,0.0,0.0,0.0,0.0,0.0,0.0,0.0,0.0,0.0,0.0,0.0,0.0,0.0,0.0,0.0,0.0,0.0,0.0,0.0,0.0,0.0,0.0,0.0,0.0,0.0,0.0,0.0,0.0,0.0,0.0,0.0,0.0,0.0,0.0,0.0,0.0,0.0,0.0,0.0,0.0,0.0,0.0,0.0,0.0,0.0,0.0,0.0,0.0,0.0,0.0,0.0,0.0,0.0,0.0,0.0,0.0,0.0,0.0,0.0,0.0,0.0,0.0,0.0,0.0,0.0
788,-0.9935872477859596,-1.2959522784718753,-1.4810350514335187,-1.6051605288634263,-1.6408505516358933,-1.4869307484106815,-1.0947616191261982,-0.5778353305928255,-0.25715152715644,-0.024903178377495047,0.23145435982591886,0.4869696556040238,0.703636519514753,0.8926146636934504,1.0650638002754593,1.1331801564223214,1.129390065508431,1.1189673154952327,1.0644321184564778,0.932305337986135,0.8283936787636423,0.8044950499455007,0.3452623675457917,-0.27799702718283675,0.0,0.0,0.0,0.0,0.0,0.0,0.0,0.0,0.0,0.0,0.0,0.0,0.0,0.0,0.0,0.0,0.0,0.0,0.0,0.0,0.0,0.0,0.0,0.0,0.0,0.0,0.0,0.0,0.0,0.0,0.0,0.0,0.0,0.0,0.0,0.0,0.0,0.0,0.0,0.0,0.0,0.0,0.0,0.0,0.0,0.0,0.0,0.0,0.0,0.0,0.0,0.0,0.0,0.0,0.0,0.0,0.0,0.0,0.0,0.0,0.0,0.0,0.0,0.0,0.0,0.0,0.0,0.0,0.0,0.0,0.0,0.0
789,-0.8467099848700315,-1.1511290087105899,-1.402108014309115,-1.5461074675609254,-1.6071106913642148,-1.5027185514463508,-1.1450585410890555,-0.6525545368435752,-0.440685265265756,-0.22483535918201258,0.01867995671790455,0.28966165070869915,0.5118805720019214,0.7552963720391904,1.0021952272691432,1.1427116253282699,1.2549655183953343,1.285616404090951,1.208093547088076,1.063596514523025,0.9103420860449407,0.8488412829284108,0.3950489492530441,-0.16791228574729555,0.0,0.0,0.0,0.0,0.0,0.0,0.0,0.0,0.0,0.0,0.0,0.0,0.0,0.0,0.0,0.0,0.0,0.0,0.0,0.0,0.0,0.0,0.0,0.0,0.0,0.0,0.0,0.0,0.0,0.0,0.0,0.0,0.0,0.0,0.0,0.0,0.0,0.0,0.0,0.0,0.0,0.0,0.0,0.0,0.0,0.0,0.0,0.0,0.0,0.0,0.0,0.0,0.0,0.0,0.0,0.0,0.0,0.0,0.0,0.0,0.0,0.0,0.0,0.0,0.0,0.0,0.0,0.0,0.0,0.0,0.0,0.0
790,-0.7656080054576161,-1.1017527935566975,-1.3722389102637356,-1.5282321794842537,-1.5624851263208388,-1.471374013324784,-1.1684468185055141,-0.7700082580739028,-0.530323909680872,-0.30513451108266804,0.0014164211853084062,0.318062050631825,0.587771652171283,0.8370330209644674,1.0796508711016894,1.2139017156299672,1.279215269169753,1.294314175206031,1.1973360587215935,1.0075212399798126,0.8561007823017099,0.7751706459472596,0.3413575056592254,-0.2132468829190331,0.0,0.0,0.0,0.0,0.0,0.0,0.0,0.0,0.0,0.0,0.0,0.0,0.0,0.0,0.0,0.0,0.0,0.0,0.0,0.0,0.0,0.0,0.0,0.0,0.0,0.0,0.0,0.0,0.0,0.0,0.0,0.0,0.0,0.0,0.0,0.0,0.0,0.0,0.0,0.0,0.0,0.0,0.0,0.0,0.0,0.0,0.0,0.0,0.0,0.0,0.0,0.0,0.0,0.0,0.0,0.0,0.0,0.0,0.0,0.0,0.0,0.0,0.0,0.0,0.0,0.0,0.0,0.0,0.0,0.0,0.0,0.0
791,-0.5922401640226403,-1.0446604122492487,-1.3393258659658234,-1.5722562304228762,-1.6723764213068613,-1.5772679350860108,-1.1969478925813168,-0.65408915566087,-0.4096546509543491,-0.1504128370158395,0.1034755651234127,0.37649956688554254,0.6438284497122921,0.8965778280644683,1.1374813590310535,1.257078856674039,1.3175610197677774,1.2732529944505189,1.1355450185930243,0.8999948994256964,0.7504410761826107,0.6873391583785974,0.16760260433579446,-0.4374468313590048,0.0,0.0,0.0,0.0,0.0,0.0,0.0,0.0,0.0,0.0,0.0,0.0,0.0,0.0,0.0,0.0,0.0,0.0,0.0,0.0,0.0,0.0,0.0,0.0,0.0,0.0,0.0,0.0,0.0,0.0,0.0,0.0,0.0,0.0,0.0,0.0,0.0,0.0,0.0,0.0,0.0,0.0,0.0,0.0,0.0,0.0,0.0,0.0,0.0,0.0,0.0,0.0,0.0,0.0,0.0,0.0,0.0,0.0,0.0,0.0,0.0,0.0,0.0,0.0,0.0,0.0,0.0,0.0,0.0,0.0,0.0,0.0
792,-0.5206837726098749,-1.0339603192352897,-1.4071928055384564,-1.6073680386276943,-1.7003813995526673,-1.5509049984042247,-1.191034994938167,-0.6178892850131567,-0.2977137158573338,-0.022865784560723187,0.2695367810513049,0.5498869111631955,0.7750840483885881,0.9688400495266659,1.1987533571651556,1.2607185962039054,1.2854784908726657,1.2591465393995396,1.1010238258270855,0.7872674886224227,0.568358578614493,0.4880526768581431,0.018793720754968987,-0.5809459501105617,0.0,0.0,0.0,0.0,0.0,0.0,0.0,0.0,0.0,0.0,0.0,0.0,0.0,0.0,0.0,0.0,0.0,0.0,0.0,0.0,0.0,0.0,0.0,0.0,0.0,0.0,0.0,0.0,0.0,0.0,0.0,0.0,0.0,0.0,0.0,0.0,0.0,0.0,0.0,0.0,0.0,0.0,0.0,0.0,0.0,0.0,0.0,0.0,0.0,0.0,0.0,0.0,0.0,0.0,0.0,0.0,0.0,0.0,0.0,0.0,0.0,0.0,0.0,0.0,0.0,0.0,0.0,0.0,0.0,0.0,0.0,0.0
793,-0.34018489431945204,-0.7930621974630263,-1.0601308420870914,-1.2579594677345471,-1.3650122999678223,-1.4053292730428102,-1.3564981565855267,-1.2592115476437082,-1.1008234391348277,-0.6882631090662412,-0.22612041459487472,0.13522984718902223,0.4353534014149408,0.6796341916922738,0.8804678091217162,1.0646487637593158,1.2497061743333282,1.3540044307664487,1.3679025177581372,1.2096396172401724,1.0358509258486102,0.9494574121164934,0.5152360996194197,-0.024535549219935684,0.0,0.0,0.0,0.0,0.0,0.0,0.0,0.0,0.0,0.0,0.0,0.0,0.0,0.0,0.0,0.0,0.0,0.0,0.0,0.0,0.0,0.0,0.0,0.0,0.0,0.0,0.0,0.0,0.0,0.0,0.0,0.0,0.0,0.0,0.0,0.0,0.0,0.0,0.0,0.0,0.0,0.0,0.0,0.0,0.0,0.0,0.0,0.0,0.0,0.0,0.0,0.0,0.0,0.0,0.0,0.0,0.0,0.0,0.0,0.0,0.0,0.0,0.0,0.0,0.0,0.0,0.0,0.0,0.0,0.0,0.0,0.0
794,-0.6181401694202411,-0.8831145845823182,-1.0434516887200156,-1.1644608239182779,-1.2559294937593173,-1.2786187066089914,-1.2335072128255216,-1.1796759431233534,-1.1156122833125088,-0.798764099164706,-0.42719487226180675,-0.05971860140237812,0.2879157303767472,0.6079670975150923,0.8887794730192948,1.1140700100207654,1.2845505269618465,1.42157557711282,1.4367906963178956,1.2484257410129536,1.0552560112221983,0.9556014292942175,0.6112592578109273,0.14599692843466763,0.0,0.0,0.0,0.0,0.0,0.0,0.0,0.0,0.0,0.0,0.0,0.0,0.0,0.0,0.0,0.0,0.0,0.0,0.0,0.0,0.0,0.0,0.0,0.0,0.0,0.0,0.0,0.0,0.0,0.0,0.0,0.0,0.0,0.0,0.0,0.0,0.0,0.0,0.0,0.0,0.0,0.0,0.0,0.0,0.0,0.0,0.0,0.0,0.0,0.0,0.0,0.0,0.0,0.0,0.0,0.0,0.0,0.0,0.0,0.0,0.0,0.0,0.0,0.0,0.0,0.0,0.0,0.0,0.0,0.0,0.0,0.0
795,-0.5744751039470686,-0.8243925875308411,-1.0668486754702207,-1.2099503898289994,-1.3104828785113465,-1.3248558827526509,-1.243408858718593,-1.1629828677727152,-1.131959170093397,-0.7750688352710645,-0.3646135338226688,0.07851482644748978,0.46556490787452653,0.7867976256173391,1.0157446603900282,1.1901056954484743,1.3156142242878421,1.3803320138771031,1.3263743422171246,1.1564901445453144,1.0170798575053408,0.868244649651397,0.43430558717485923,-0.04612975131726415,0.0,0.0,0.0,0.0,0.0,0.0,0.0,0.0,0.0,0.0,0.0,0.0,0.0,0.0,0.0,0.0,0.0,0.0,0.0,0.0,0.0,0.0,0.0,0.0,0.0,0.0,0.0,0.0,0.0,0.0,0.0,0.0,0.0,0.0,0.0,0.0,0.0,0.0,0.0,0.0,0.0,0.0,0.0,0.0,0.0,0.0,0.0,0.0,0.0,0.0,0.0,0.0,0.0,0.0,0.0,0.0,0.0,0.0,0.0,0.0,0.0,0.0,0.0,0.0,0.0,0.0,0.0,0.0,0.0,0.0,0.0,0.0
796,-0.7227806300762523,-1.140596321934191,-1.4178905317833561,-1.6033970638127237,-1.692117579131117,-1.5821541235252212,-1.1390059413779074,-0.5340933369343174,-0.24509847013535144,-0.008245365860255583,0.27541036621404386,0.5628148524567261,0.8337475400807567,1.0261835873910743,1.1704538235682311,1.2481552736038022,1.187948009687351,1.1510284610593382,1.0103933804394012,0.7716090997745325,0.6897045011259262,0.6127982413684969,0.09694694807678939,-0.5518147202757634,0.0,0.0,0.0,0.0,0.0,0.0,0.0,0.0,0.0,0.0,0.0,0.0,0.0,0.0,0.0,0.0,0.0,0.0,0.0,0.0,0.0,0.0,0.0,0.0,0.0,0.0,0.0,0.0,0.0,0.0,0.0,0.0,0.0,0.0,0.0,0.0,0.0,0.0,0.0,0.0,0.0,0.0,0.0,0.0,0.0,0.0,0.0,0.0,0.0,0.0,0.0,0.0,0.0,0.0,0.0,0.0,0.0,0.0,0.0,0.0,0.0,0.0,0.0,0.0,0.0,0.0,0.0,0.0,0.0,0.0,0.0,0.0
797,-0.7432901611270383,-1.1417724292186826,-1.5150888597232413,-1.7250359025768291,-1.781068126596694,-1.6089393590120968,-1.08351560077123,-0.3963909082000834,-0.10302119931195722,0.10942852352266684,0.3473221594978251,0.5682531867126271,0.7474728809101602,0.9054197952688859,1.0148425255508553,1.077548562853483,1.0717089762310654,1.0525217630431216,0.9852274791085942,0.8635694244748926,0.8510560245697119,0.8338153402559073,0.22107585823222387,-0.5511399536941518,0.0,0.0,0.0,0.0,0.0,0.0,0.0,0.0,0.0,0.0,0.0,0.0,0.0,0.0,0.0,0.0,0.0,0.0,0.0,0.0,0.0,0.0,0.0,0.0,0.0,0.0,0.0,0.0,0.0,0.0,0.0,0.0,0.0,0.0,0.0,0.0,0.0,0.0,0.0,0.0,0.0,0.0,0.0,0.0,0.0,0.0,0.0,0.0,0.0,0.0,0.0,0.0,0.0,0.0,0.0,0.0,0.0,0.0,0.0,0.0,0.0,0.0,0.0,0.0,0.0,0.0,0.0,0.0,0.0,0.0,0.0,0.0
798,-0.9400013683627019,-1.2672023239468038,-1.5474672055417482,-1.7086717319128866,-1.7374231489638365,-1.5326000198017269,-1.0738060400228924,-0.39200427414374023,-0.13201282764882483,0.06752692145691368,0.27787916928266754,0.4839309914811426,0.635305973561358,0.7841007002652061,0.9279806548235926,1.0052654468109754,1.0651027976819696,1.112407479582037,1.039668851829206,0.9358442902563311,0.9456738345472542,0.8978776754326407,0.4353976165447099,-0.28277346321085756,0.0,0.0,0.0,0.0,0.0,0.0,0.0,0.0,0.0,0.0,0.0,0.0,0.0,0.0,0.0,0.0,0.0,0.0,0.0,0.0,0.0,0.0,0.0,0.0,0.0,0.0,0.0,0.0,0.0,0.0,0.0,0.0,0.0,0.0,0.0,0.0,0.0,0.0,0.0,0.0,0.0,0.0,0.0,0.0,0.0,0.0,0.0,0.0,0.0,0.0,0.0,0.0,0.0,0.0,0.0,0.0,0.0,0.0,0.0,0.0,0.0,0.0,0.0,0.0,0.0,0.0,0.0,0.0,0.0,0.0,0.0,0.0
799,-0.9164623857552516,-1.2299996134306797,-1.493564630365073,-1.6044958499533273,-1.640764097465142,-1.5082136945066529,-1.1235576231761353,-0.49388414031628924,-0.20338374737963608,0.00418404049742763,0.21458713111157132,0.44731823078021987,0.6264148536724388,0.8000771463185876,1.0049277690726164,1.1666581627002204,1.2497089053738548,1.3153934187828744,1.1839062543507903,0.906400998959087,0.754357889683173,0.6571306333241386,0.22002146135764128,-0.33676111363644023,0.0,0.0,0.0,0.0,0.0,0.0,0.0,0.0,0.0,0.0,0.0,0.0,0.0,0.0,0.0,0.0,0.0,0.0,0.0,0.0,0.0,0.0,0.0,0.0,0.0,0.0,0.0,0.0,0.0,0.0,0.0,0.0,0.0,0.0,0.0,0.0,0.0,0.0,0.0,0.0,0.0,0.0,0.0,0.0,0.0,0.0,0.0,0.0,0.0,0.0,0.0,0.0,0.0,0.0,0.0,0.0,0.0,0.0,0.0,0.0,0.0,0.0,0.0,0.0,0.0,0.0,0.0,0.0,0.0,0.0,0.0,0.0
800,-0.4355274511266537,-0.8567853990294001,-1.130785993555473,-1.3598384695708312,-1.4373217087477321,-1.4447695074544493,-1.3266500332286173,-1.1424150125887684,-0.897813623483948,-0.5286902665282226,-0.11919200079397718,0.17166413817361387,0.4397848916154363,0.685823575207518,0.914614724952465,1.1074735125158812,1.314574581816704,1.4013349035932001,1.3706290668198922,1.1304702243120608,0.9991537734304665,0.8999804538094416,0.4282865357173465,-0.18400091585593817,0.0,0.0,0.0,0.0,0.0,0.0,0.0,0.0,0.0,0.0,0.0,0.0,0.0,0.0,0.0,0.0,0.0,0.0,0.0,0.0,0.0,0.0,0.0,0.0,0.0,0.0,0.0,0.0,0.0,0.0,0.0,0.0,0.0,0.0,0.0,0.0,0.0,0.0,0.0,0.0,0.0,0.0,0.0,0.0,0.0,0.0,0.0,0.0,0.0,0.0,0.0,0.0,0.0,0.0,0.0,0.0,0.0,0.0,0.0,0.0,0.0,0.0,0.0,0.0,0.0,0.0,0.0,0.0,0.0,0.0,0.0,0.0
801,-0.47119833961679813,-0.7691968672717929,-1.0535182940853682,-1.2410568463007638,-1.3578917416240757,-1.370525673757251,-1.3034151535268965,-1.1901733948653135,-1.0463320207619107,-0.6947841660837313,-0.363751962667681,-0.05300359524526129,0.25310846680718574,0.5421821066249831,0.7853563232800508,1.0014081535207784,1.1787468339222338,1.3349903248903134,1.377528426659813,1.2305575464316787,1.2458573541525886,1.1800218178989763,0.6857916654598872,0.09929903615834165,0.0,0.0,0.0,0.0,0.0,0.0,0.0,0.0,0.0,0.0,0.0,0.0,0.0,0.0,0.0,0.0,0.0,0.0,0.0,0.0,0.0,0.0,0.0,0.0,0.0,0.0,0.0,0.0,0.0,0.0,0.0,0.0,0.0,0.0,0.0,0.0,0.0,0.0,0.0,0.0,0.0,0.0,0.0,0.0,0.0,0.0,0.0,0.0,0.0,0.0,0.0,0.0,0.0,0.0,0.0,0.0,0.0,0.0,0.0,0.0,0.0,0.0,0.0,0.0,0.0,0.0,0.0,0.0,0.0,0.0,0.0,0.0
802,-0.993340868846479,-1.2834102318595477,-1.5263050002059837,-1.6245112318704833,-1.6076984832471553,-1.4541090796469862,-1.0346804507556038,-0.5131885478684876,-0.2953151054144165,-0.09662797609520234,0.13558575194935457,0.37294220310222365,0.5554099749259918,0.750833453041854,0.9582236522366734,1.0740338206950106,1.1782728621596457,1.2240628775278868,1.1559217963427506,1.0074751158508937,0.9958050903358776,0.8629843762115846,0.378678317338418,-0.22104231590783122,0.0,0.0,0.0,0.0,0.0,0.0,0.0,0.0,0.0,0.0,0.0,0.0,0.0,0.0,0.0,0.0,0.0,0.0,0.0,0.0,0.0,0.0,0.0,0.0,0.0,0.0,0.0,0.0,0.0,0.0,0.0,0.0,0.0,0.0,0.0,0.0,0.0,0.0,0.0,0.0,0.0,0.0,0.0,0.0,0.0,0.0,0.0,0.0,0.0,0.0,0.0,0.0,0.0,0.0,0.0,0.0,0.0,0.0,0.0,0.0,0.0,0.0,0.0,0.0,0.0,0.0,0.0,0.0,0.0,0.0,0.0,0.0
803,-0.9126138299874218,-1.2158807450908284,-1.4568774362717054,-1.6065444656995393,-1.6838906385717338,-1.5290890468204632,-1.1087104123399487,-0.5341856621494533,-0.2618353669935482,-0.10463036309088172,0.0831635227386413,0.31629450142404103,0.5140297738797924,0.7188660367828499,0.9266519418717113,1.0916134122629735,1.1555223262887273,1.1910272785252574,1.1468918917450786,1.0098973991155138,1.0599320702673005,0.9261057118373032,0.4300195945878185,-0.15575749431148486,0.0,0.0,0.0,0.0,0.0,0.0,0.0,0.0,0.0,0.0,0.0,0.0,0.0,0.0,0.0,0.0,0.0,0.0,0.0,0.0,0.0,0.0,0.0,0.0,0.0,0.0,0.0,0.0,0.0,0.0,0.0,0.0,0.0,0.0,0.0,0.0,0.0,0.0,0.0,0.0,0.0,0.0,0.0,0.0,0.0,0.0,0.0,0.0,0.0,0.0,0.0,0.0,0.0,0.0,0.0,0.0,0.0,0.0,0.0,0.0,0.0,0.0,0.0,0.0,0.0,0.0,0.0,0.0,0.0,0.0,0.0,0.0
804,-0.8427404910394304,-1.1666355700829445,-1.460309812551103,-1.5897272821379256,-1.624867789783688,-1.5256711567722212,-1.169948817946688,-0.5866163910270296,-0.3392272172008613,-0.18932785172907993,0.04340271033628458,0.29028987691037056,0.4978196749212025,0.7281406021765718,0.9327587581253264,1.05846137404674,1.1715134072156788,1.238380773193044,1.194906945162715,1.0600677972534032,1.0433007550338538,0.9119756578891183,0.43818121337382265,-0.11412716536714808,0.0,0.0,0.0,0.0,0.0,0.0,0.0,0.0,0.0,0.0,0.0,0.0,0.0,0.0,0.0,0.0,0.0,0.0,0.0,0.0,0.0,0.0,0.0,0.0,0.0,0.0,0.0,0.0,0.0,0.0,0.0,0.0,0.0,0.0,0.0,0.0,0.0,0.0,0.0,0.0,0.0,0.0,0.0,0.0,0.0,0.0,0.0,0.0,0.0,0.0,0.0,0.0,0.0,0.0,0.0,0.0,0.0,0.0,0.0,0.0,0.0,0.0,0.0,0.0,0.0,0.0,0.0,0.0,0.0,0.0,0.0,0.0
805,-0.8603603654220634,-1.1362970218610429,-1.3506428568450861,-1.4908515919296694,-1.5325638942906843,-1.4451472918817605,-1.1376820006503734,-0.6563611366877249,-0.5122418732567964,-0.34229682887188023,-0.12094463060063515,0.15352557770846484,0.41659007834072487,0.6798989869946314,0.971151879456796,1.1647230326008808,1.3093311120751023,1.3692925467190613,1.2950739774790523,1.0970220106047803,1.0083833680876237,0.8579094960938844,0.4040437998962008,-0.14155637375949603,0.0,0.0,0.0,0.0,0.0,0.0,0.0,0.0,0.0,0.0,0.0,0.0,0.0,0.0,0.0,0.0,0.0,0.0,0.0,0.0,0.0,0.0,0.0,0.0,0.0,0.0,0.0,0.0,0.0,0.0,0.0,0.0,0.0,0.0,0.0,0.0,0.0,0.0,0.0,0.0,0.0,0.0,0.0,0.0,0.0,0.0,0.0,0.0,0.0,0.0,0.0,0.0,0.0,0.0,0.0,0.0,0.0,0.0,0.0,0.0,0.0,0.0,0.0,0.0,0.0,0.0,0.0,0.0,0.0,0.0,0.0,0.0
806,-0.7803386038406025,-1.0755831942674716,-1.3156049638721061,-1.4404565587745493,-1.5198442044166114,-1.4801891072763813,-1.1739464235020265,-0.7276716779512344,-0.5901180597460615,-0.357841426301628,-0.07723514321753916,0.23977327981949523,0.5513601075443888,0.8457527329936357,1.1124952223509645,1.2892392295267554,1.3868279451452903,1.4030152797201108,1.2817264474513603,0.9817573239667685,0.8060976358534057,0.585206352564468,0.2133623655132092,-0.15778455928363147,0.0,0.0,0.0,0.0,0.0,0.0,0.0,0.0,0.0,0.0,0.0,0.0,0.0,0.0,0.0,0.0,0.0,0.0,0.0,0.0,0.0,0.0,0.0,0.0,0.0,0.0,0.0,0.0,0.0,0.0,0.0,0.0,0.0,0.0,0.0,0.0,0.0,0.0,0.0,0.0,0.0,0.0,0.0,0.0,0.0,0.0,0.0,0.0,0.0,0.0,0.0,0.0,0.0,0.0,0.0,0.0,0.0,0.0,0.0,0.0,0.0,0.0,0.0,0.0,0.0,0.0,0.0,0.0,0.0,0.0,0.0,0.0
807,-0.3442348436205606,-0.7287451061192866,-1.0286856627898469,-1.234168363412333,-1.379975210076073,-1.3971493657211773,-1.3392082749589058,-1.2045039127526074,-1.0475945816314265,-0.6523287873145543,-0.2545475863627933,0.13898344475760355,0.5518570855186988,0.8422564446086456,1.0901541053849504,1.2649314974298256,1.4082229374586763,1.4488163962561957,1.3325005239325343,1.049473908427607,0.8851918337214065,0.6337379083923278,0.22121122027052756,-0.25619561139944474,0.0,0.0,0.0,0.0,0.0,0.0,0.0,0.0,0.0,0.0,0.0,0.0,0.0,0.0,0.0,0.0,0.0,0.0,0.0,0.0,0.0,0.0,0.0,0.0,0.0,0.0,0.0,0.0,0.0,0.0,0.0,0.0,0.0,0.0,0.0,0.0,0.0,0.0,0.0,0.0,0.0,0.0,0.0,0.0,0.0,0.0,0.0,0.0,0.0,0.0,0.0,0.0,0.0,0.0,0.0,0.0,0.0,0.0,0.0,0.0,0.0,0.0,0.0,0.0,0.0,0.0,0.0,0.0,0.0,0.0,0.0,0.0
808,-0.38857760237913636,-0.743561988189142,-1.010278575959668,-1.207946265559409,-1.3367389836840093,-1.3751767834213984,-1.3593494541177675,-1.2708207660348216,-1.1462022886056844,-0.7514756528409574,-0.3229202747734151,0.09676484181626815,0.4822733627118475,0.7704698973944439,1.0060536066446413,1.1518911409423824,1.2719875242847678,1.3332097211515597,1.292163020979506,1.1206712990742314,1.1022350693359362,0.8755216215635979,0.4615760859301764,-0.05176855626395958,0.0,0.0,0.0,0.0,0.0,0.0,0.0,0.0,0.0,0.0,0.0,0.0,0.0,0.0,0.0,0.0,0.0,0.0,0.0,0.0,0.0,0.0,0.0,0.0,0.0,0.0,0.0,0.0,0.0,0.0,0.0,0.0,0.0,0.0,0.0,0.0,0.0,0.0,0.0,0.0,0.0,0.0,0.0,0.0,0.0,0.0,0.0,0.0,0.0,0.0,0.0,0.0,0.0,0.0,0.0,0.0,0.0,0.0,0.0,0.0,0.0,0.0,0.0,0.0,0.0,0.0,0.0,0.0,0.0,0.0,0.0,0.0
809,-0.9281339365007814,-1.2552918360445084,-1.448341487293489,-1.5718535283155641,-1.5918869826904583,-1.484020903969437,-1.0931201950510465,-0.5843366802241876,-0.35138568596405406,-0.14931270195943924,0.1276787787777345,0.43894236741245457,0.6983838798542664,0.9471464021540893,1.1214043420679418,1.1856438486585117,1.1934254383743796,1.1796006991983163,1.057827098431914,0.9273612963871483,0.9291825195121387,0.70633103530877,0.2554127461350146,-0.3106565142597237,0.0,0.0,0.0,0.0,0.0,0.0,0.0,0.0,0.0,0.0,0.0,0.0,0.0,0.0,0.0,0.0,0.0,0.0,0.0,0.0,0.0,0.0,0.0,0.0,0.0,0.0,0.0,0.0,0.0,0.0,0.0,0.0,0.0,0.0,0.0,0.0,0.0,0.0,0.0,0.0,0.0,0.0,0.0,0.0,0.0,0.0,0.0,0.0,0.0,0.0,0.0,0.0,0.0,0.0,0.0,0.0,0.0,0.0,0.0,0.0,0.0,0.0,0.0,0.0,0.0,0.0,0.0,0.0,0.0,0.0,0.0,0.0
810,-0.8841163459228538,-1.1779397726029417,-1.4138634071081309,-1.5442380428767826,-1.582677738926508,-1.4686399739789895,-1.1039433577072204,-0.6182417815789203,-0.42988727093526624,-0.26139326991730355,-0.037321875027446376,0.21758135940229467,0.47336550353317525,0.721621873854318,0.9788475065870633,1.1518261388108273,1.2371142144211553,1.292050946692221,1.2311080119133857,1.0783102201157275,1.0495605307785372,0.8397438565071198,0.3867160220210861,-0.13558334805455674,0.0,0.0,0.0,0.0,0.0,0.0,0.0,0.0,0.0,0.0,0.0,0.0,0.0,0.0,0.0,0.0,0.0,0.0,0.0,0.0,0.0,0.0,0.0,0.0,0.0,0.0,0.0,0.0,0.0,0.0,0.0,0.0,0.0,0.0,0.0,0.0,0.0,0.0,0.0,0.0,0.0,0.0,0.0,0.0,0.0,0.0,0.0,0.0,0.0,0.0,0.0,0.0,0.0,0.0,0.0,0.0,0.0,0.0,0.0,0.0,0.0,0.0,0.0,0.0,0.0,0.0,0.0,0.0,0.0,0.0,0.0,0.0
811,-0.8644021440600433,-1.1368910495648485,-1.344045971913985,-1.4629010261193989,-1.5168840546258002,-1.444554715697908,-1.1482420042141164,-0.7202054236609153,-0.5500730917666581,-0.3489896102764324,-0.08441997545716272,0.2186901100317137,0.5290595269823312,0.8201587185981452,1.0628843651098123,1.2247014627842572,1.305082060242444,1.332403544107542,1.240474010232949,1.0487616657206071,0.9673251655043491,0.7342346316600835,0.319792799117052,-0.18195899273400995,0.0,0.0,0.0,0.0,0.0,0.0,0.0,0.0,0.0,0.0,0.0,0.0,0.0,0.0,0.0,0.0,0.0,0.0,0.0,0.0,0.0,0.0,0.0,0.0,0.0,0.0,0.0,0.0,0.0,0.0,0.0,0.0,0.0,0.0,0.0,0.0,0.0,0.0,0.0,0.0,0.0,0.0,0.0,0.0,0.0,0.0,0.0,0.0,0.0,0.0,0.0,0.0,0.0,0.0,0.0,0.0,0.0,0.0,0.0,0.0,0.0,0.0,0.0,0.0,0.0,0.0,0.0,0.0,0.0,0.0,0.0,0.0
812,-0.7620125720312171,-1.0668228772996182,-1.3022372343806146,-1.4531227677114413,-1.5287871455252633,-1.4634435154801886,-1.1464129383138228,-0.7637221437475127,-0.6114436260552599,-0.4140830690295834,-0.1211764483042772,0.1993365897656536,0.539034821540679,0.8485939371321235,1.110474997080214,1.275796913793092,1.339747559476741,1.3337323997342194,1.219824269452156,1.024996411265436,0.9362253169600145,0.7151207083191219,0.2920333672714574,-0.2016529539121164,0.0,0.0,0.0,0.0,0.0,0.0,0.0,0.0,0.0,0.0,0.0,0.0,0.0,0.0,0.0,0.0,0.0,0.0,0.0,0.0,0.0,0.0,0.0,0.0,0.0,0.0,0.0,0.0,0.0,0.0,0.0,0.0,0.0,0.0,0.0,0.0,0.0,0.0,0.0,0.0,0.0,0.0,0.0,0.0,0.0,0.0,0.0,0.0,0.0,0.0,0.0,0.0,0.0,0.0,0.0,0.0,0.0,0.0,0.0,0.0,0.0,0.0,0.0,0.0,0.0,0.0,0.0,0.0,0.0,0.0,0.0,0.0
813,-0.733191652085593,-1.0157017939980058,-1.251215696086732,-1.4053444221583689,-1.4810474331589925,-1.4357084914651084,-1.1681140327209185,-0.8095457444943532,-0.6429872824491972,-0.4149312219445824,-0.06932537266182977,0.31925184955794605,0.7020285283234129,0.994482459014641,1.245799882555413,1.3667826460309989,1.4254983512011463,1.3883867109373536,1.2067349980672102,0.9027391696862858,0.6935052807987141,0.44183272194441303,0.070775508525407,-0.3307049634192601,0.0,0.0,0.0,0.0,0.0,0.0,0.0,0.0,0.0,0.0,0.0,0.0,0.0,0.0,0.0,0.0,0.0,0.0,0.0,0.0,0.0,0.0,0.0,0.0,0.0,0.0,0.0,0.0,0.0,0.0,0.0,0.0,0.0,0.0,0.0,0.0,0.0,0.0,0.0,0.0,0.0,0.0,0.0,0.0,0.0,0.0,0.0,0.0,0.0,0.0,0.0,0.0,0.0,0.0,0.0,0.0,0.0,0.0,0.0,0.0,0.0,0.0,0.0,0.0,0.0,0.0,0.0,0.0,0.0,0.0,0.0,0.0
814,-0.3720363581549296,-0.7234958296793921,-1.0073467052594034,-1.206884137258883,-1.3287506044622566,-1.3686054771688105,-1.3298028783290963,-1.212079739476404,-1.0796905336046332,-0.6967943803083345,-0.2296505505481816,0.22138033562598827,0.6343320612438962,0.9534341113630377,1.2076240173215047,1.3401447574266303,1.4489893355278627,1.43129798114162,1.2764164213661504,0.9642856856148221,0.7875036759857512,0.4912885824703734,0.1026706900231337,-0.3042304608604459,0.0,0.0,0.0,0.0,0.0,0.0,0.0,0.0,0.0,0.0,0.0,0.0,0.0,0.0,0.0,0.0,0.0,0.0,0.0,0.0,0.0,0.0,0.0,0.0,0.0,0.0,0.0,0.0,0.0,0.0,0.0,0.0,0.0,0.0,0.0,0.0,0.0,0.0,0.0,0.0,0.0,0.0,0.0,0.0,0.0,0.0,0.0,0.0,0.0,0.0,0.0,0.0,0.0,0.0,0.0,0.0,0.0,0.0,0.0,0.0,0.0,0.0,0.0,0.0,0.0,0.0,0.0,0.0,0.0,0.0,0.0,0.0
815,-0.42790552319172304,-0.7488424251817914,-1.0031088759654123,-1.1569351125478862,-1.2774261235271362,-1.3353437501338545,-1.3164724119897575,-1.2432218231409606,-1.148927209190687,-0.77665281823625,-0.3534754757089199,0.09459465167295893,0.5108193959366744,0.8632912971938519,1.1273038009005756,1.2837993386021156,1.3614573781358827,1.416209089461848,1.3198038653244057,1.063054343732351,0.9567168363611736,0.6947528660714078,0.2736861337312466,-0.17717744831012025,0.0,0.0,0.0,0.0,0.0,0.0,0.0,0.0,0.0,0.0,0.0,0.0,0.0,0.0,0.0,0.0,0.0,0.0,0.0,0.0,0.0,0.0,0.0,0.0,0.0,0.0,0.0,0.0,0.0,0.0,0.0,0.0,0.0,0.0,0.0,0.0,0.0,0.0,0.0,0.0,0.0,0.0,0.0,0.0,0.0,0.0,0.0,0.0,0.0,0.0,0.0,0.0,0.0,0.0,0.0,0.0,0.0,0.0,0.0,0.0,0.0,0.0,0.0,0.0,0.0,0.0,0.0,0.0,0.0,0.0,0.0,0.0
816,-0.859676012451874,-1.1253587918058907,-1.3357740699199891,-1.4608269165812255,-1.4939749556563513,-1.4120394831304293,-1.1266672670325406,-0.7452778926362137,-0.566826795058844,-0.3356005300066028,-0.03714356164221701,0.29963303835976735,0.6526098078345576,0.9437143915920546,1.179551474109633,1.2867841343507829,1.3311476753686204,1.3216768070614417,1.1991786025093785,0.9834671151445552,0.8741782795472415,0.5749736110533417,0.15757001375208476,-0.305318674761281,0.0,0.0,0.0,0.0,0.0,0.0,0.0,0.0,0.0,0.0,0.0,0.0,0.0,0.0,0.0,0.0,0.0,0.0,0.0,0.0,0.0,0.0,0.0,0.0,0.0,0.0,0.0,0.0,0.0,0.0,0.0,0.0,0.0,0.0,0.0,0.0,0.0,0.0,0.0,0.0,0.0,0.0,0.0,0.0,0.0,0.0,0.0,0.0,0.0,0.0,0.0,0.0,0.0,0.0,0.0,0.0,0.0,0.0,0.0,0.0,0.0,0.0,0.0,0.0,0.0,0.0,0.0,0.0,0.0,0.0,0.0,0.0
817,-0.767452106565152,-1.07712596689593,-1.3272845994666844,-1.4687027925319749,-1.5424015558796678,-1.45062573737122,-1.1506856759731559,-0.7239281199088728,-0.5389164130520697,-0.32595479783133025,-0.010510185276157194,0.3435915144689379,0.6727329726651444,0.9598800411802128,1.1857737035544154,1.2996591510671711,1.3501358512468176,1.321143035854376,1.161856369034032,0.9437497458060007,0.8562150825468067,0.5587779980171549,0.11602920084912713,-0.38595671553798977,0.0,0.0,0.0,0.0,0.0,0.0,0.0,0.0,0.0,0.0,0.0,0.0,0.0,0.0,0.0,0.0,0.0,0.0,0.0,0.0,0.0,0.0,0.0,0.0,0.0,0.0,0.0,0.0,0.0,0.0,0.0,0.0,0.0,0.0,0.0,0.0,0.0,0.0,0.0,0.0,0.0,0.0,0.0,0.0,0.0,0.0,0.0,0.0,0.0,0.0,0.0,0.0,0.0,0.0,0.0,0.0,0.0,0.0,0.0,0.0,0.0,0.0,0.0,0.0,0.0,0.0,0.0,0.0,0.0,0.0,0.0,0.0
818,-0.5389518667853419,-1.0225506152315078,-1.3896221303045795,-1.6096933601832317,-1.689094974083867,-1.5662370714943707,-1.123197525824475,-0.48605322401099976,-0.2596513249159454,-0.06704876146778299,0.1867145045795173,0.4754574005343947,0.729220666581695,1.0010102449740044,1.205415751029018,1.2975860028407014,1.3033801746658826,1.1914668188572848,0.9943576773228701,0.8105536710907241,0.8524004676059237,0.5280341448740046,-0.07574001920555522,-0.7477566514483636,0.0,0.0,0.0,0.0,0.0,0.0,0.0,0.0,0.0,0.0,0.0,0.0,0.0,0.0,0.0,0.0,0.0,0.0,0.0,0.0,0.0,0.0,0.0,0.0,0.0,0.0,0.0,0.0,0.0,0.0,0.0,0.0,0.0,0.0,0.0,0.0,0.0,0.0,0.0,0.0,0.0,0.0,0.0,0.0,0.0,0.0,0.0,0.0,0.0,0.0,0.0,0.0,0.0,0.0,0.0,0.0,0.0,0.0,0.0,0.0,0.0,0.0,0.0,0.0,0.0,0.0,0.0,0.0,0.0,0.0,0.0,0.0
819,-0.7924094731808075,-1.1729998225506153,-1.4252195064129018,-1.6092836307531537,-1.6768877698907056,-1.5649494318407622,-1.0998814795682383,-0.4804158196406201,-0.2739640276903795,-0.09023075558081706,0.13518989759562086,0.40979724906789605,0.6802138056181044,0.8714463949566285,1.0855077882127273,1.1977769784933603,1.2389129391757534,1.223473168410244,1.0748102327537672,0.8906358243366188,0.9458881468617634,0.689036531769824,0.17709784681628937,-0.43354508695960925,0.0,0.0,0.0,0.0,0.0,0.0,0.0,0.0,0.0,0.0,0.0,0.0,0.0,0.0,0.0,0.0,0.0,0.0,0.0,0.0,0.0,0.0,0.0,0.0,0.0,0.0,0.0,0.0,0.0,0.0,0.0,0.0,0.0,0.0,0.0,0.0,0.0,0.0,0.0,0.0,0.0,0.0,0.0,0.0,0.0,0.0,0.0,0.0,0.0,0.0,0.0,0.0,0.0,0.0,0.0,0.0,0.0,0.0,0.0,0.0,0.0,0.0,0.0,0.0,0.0,0.0,0.0,0.0,0.0,0.0,0.0,0.0
820,-0.7578178452944946,-1.1667500589106963,-1.4620504117746609,-1.640038039013536,-1.686345693865545,-1.553597083289786,-1.0970511014795958,-0.4063546187254014,-0.1675733522961965,0.021931819867409198,0.2786424603546996,0.5399838663271909,0.7570361562489147,0.9568714975718147,1.1478015206539436,1.248847198292558,1.2778191669691994,1.236261015178935,1.0310824829115726,0.7589359574736125,0.7364945555068697,0.4592423142775343,0.02798743627113344,-0.5413592432554889,1.0,1.0,1.0,1.0,1.0,1.0,1.0,1.0,1.0,1.0,1.0,1.0,1.0,1.0,1.0,1.0,1.0,1.0,1.0,1.0,1.0,1.0,1.0,1.0,1.0,1.0,1.0,1.0,1.0,1.0,1.0,1.0,1.0,1.0,1.0,1.0,1.0,1.0,1.0,1.0,1.0,1.0,1.0,1.0,1.0,1.0,1.0,1.0,1.0,1.0,1.0,1.0,1.0,1.0,1.0,1.0,1.0,1.0,1.0,1.0,1.0,1.0,1.0,1.0,1.0,1.0,1.0,1.0,1.0,1.0,1.0,1.0
821,-0.2842268593847702,-0.7874940862076122,-1.201160588606358,-1.423983442766281,-1.5633950962287726,-1.5340685433333858,-1.3942147810332755,-1.0601278694059306,-0.8558735864260012,-0.39254352460139946,-0.009677271223436524,0.2670828611259916,0.5031689804144814,0.6947494767160025,0.8951721497699016,1.0843947322707885,1.2473855237396212,1.3212176996219764,1.2510697640531119,1.0736367505553954,1.157784799315525,0.8596560731478503,0.37716796169309647,-0.22572112320653645,0.0,0.0,0.0,0.0,0.0,0.0,0.0,0.0,0.0,0.0,0.0,0.0,0.0,0.0,0.0,0.0,0.0,0.0,0.0,0.0,0.0,0.0,0.0,0.0,0.0,0.0,0.0,0.0,0.0,0.0,0.0,0.0,0.0,0.0,0.0,0.0,0.0,0.0,0.0,0.0,0.0,0.0,0.0,0.0,0.0,0.0,0.0,0.0,0.0,0.0,0.0,0.0,0.0,0.0,0.0,0.0,0.0,0.0,0.0,0.0,0.0,0.0,0.0,0.0,0.0,0.0,0.0,0.0,0.0,0.0,0.0,0.0
822,-0.5539492579691665,-0.9229861787944054,-1.162995220781545,-1.3300807993720807,-1.4198233107237939,-1.4341870232110037,-1.30380870986556,-1.1145023452905374,-0.9170933736714475,-0.5324650726250492,-0.18024719975491932,0.09389100523601827,0.30075301840651975,0.5282398495073739,0.7020776006346321,0.8301233452855716,1.0038383296394349,1.1512812244867776,1.2326755952476336,1.2891483110093136,1.501780362529378,1.2564923492862552,0.7708269937358078,0.21101050705480665,0.0,0.0,0.0,0.0,0.0,0.0,0.0,0.0,0.0,0.0,0.0,0.0,0.0,0.0,0.0,0.0,0.0,0.0,0.0,0.0,0.0,0.0,0.0,0.0,0.0,0.0,0.0,0.0,0.0,0.0,0.0,0.0,0.0,0.0,0.0,0.0,0.0,0.0,0.0,0.0,0.0,0.0,0.0,0.0,0.0,0.0,0.0,0.0,0.0,0.0,0.0,0.0,0.0,0.0,0.0,0.0,0.0,0.0,0.0,0.0,0.0,0.0,0.0,0.0,0.0,0.0,0.0,0.0,0.0,0.0,0.0,0.0
823,-1.118210355042481,-1.391148781032141,-1.5492590448914965,-1.6126897112185534,-1.6136225151351278,-1.4757540962654363,-1.0271686927848227,-0.4465915351089359,-0.1802760169269538,-0.0314937922333421,0.14573895191578784,0.3635486664359028,0.5682991261239766,0.7525278996474143,0.9266823908718488,1.046267852976683,1.1180004741612517,1.1344178230929607,1.0620322391667896,0.9843296729161448,1.0850724959061766,0.8553228912539097,0.45039271106897644,-0.046418654898531996,0.0,0.0,0.0,0.0,0.0,0.0,0.0,0.0,0.0,0.0,0.0,0.0,0.0,0.0,0.0,0.0,0.0,0.0,0.0,0.0,0.0,0.0,0.0,0.0,0.0,0.0,0.0,0.0,0.0,0.0,0.0,0.0,0.0,0.0,0.0,0.0,0.0,0.0,0.0,0.0,0.0,0.0,0.0,0.0,0.0,0.0,0.0,0.0,0.0,0.0,0.0,0.0,0.0,0.0,0.0,0.0,0.0,0.0,0.0,0.0,0.0,0.0,0.0,0.0,0.0,0.0,0.0,0.0,0.0,0.0,0.0,0.0
824,-0.9248531981539521,-1.2634678145862757,-1.489111358222983,-1.6275631311381393,-1.6719552883776503,-1.5549033222035138,-1.1146645072475563,-0.4705800913352791,-0.2121898666855694,-0.048854597559924724,0.16882622728942623,0.40721012098590337,0.6328536646226106,0.8467521980479673,1.0137702246127642,1.0822496061840279,1.1048438207431512,1.1053414906673609,1.0255152348241148,0.9887871944174341,1.0760784991238268,0.8045497884749793,0.34539951639905064,-0.2240344108817618,0.0,0.0,0.0,0.0,0.0,0.0,0.0,0.0,0.0,0.0,0.0,0.0,0.0,0.0,0.0,0.0,0.0,0.0,0.0,0.0,0.0,0.0,0.0,0.0,0.0,0.0,0.0,0.0,0.0,0.0,0.0,0.0,0.0,0.0,0.0,0.0,0.0,0.0,0.0,0.0,0.0,0.0,0.0,0.0,0.0,0.0,0.0,0.0,0.0,0.0,0.0,0.0,0.0,0.0,0.0,0.0,0.0,0.0,0.0,0.0,0.0,0.0,0.0,0.0,0.0,0.0,0.0,0.0,0.0,0.0,0.0,0.0
825,-0.7448403127390474,-1.1305622760831096,-1.466045976718898,-1.6531750760685087,-1.7222948334859323,-1.5863031156402694,-1.105386949804243,-0.41879735945783403,-0.15277058578784705,-0.009810697275712111,0.2046291354924903,0.438624802066598,0.6804877581028514,0.8924550141829508,1.0590167710815233,1.147692362304852,1.1852305720242335,1.159043737100234,1.018556425276202,0.953819871987688,0.9898970136640994,0.6844214028339243,0.11617832396807977,-0.5400660070243384,0.0,0.0,0.0,0.0,0.0,0.0,0.0,0.0,0.0,0.0,0.0,0.0,0.0,0.0,0.0,0.0,0.0,0.0,0.0,0.0,0.0,0.0,0.0,0.0,0.0,0.0,0.0,0.0,0.0,0.0,0.0,0.0,0.0,0.0,0.0,0.0,0.0,0.0,0.0,0.0,0.0,0.0,0.0,0.0,0.0,0.0,0.0,0.0,0.0,0.0,0.0,0.0,0.0,0.0,0.0,0.0,0.0,0.0,0.0,0.0,0.0,0.0,0.0,0.0,0.0,0.0,0.0,0.0,0.0,0.0,0.0,0.0
826,-0.8534577337087615,-1.2132886207106233,-1.4703565114543011,-1.6357824794162268,-1.6825123746970034,-1.560822166849123,-1.1122365588334289,-0.45855269189661424,-0.19196772865868217,-0.05402364419140084,0.1718196940992179,0.4273905172595298,0.6545170563358907,0.8645342516023563,1.0456794291896234,1.1235269435246473,1.1683320376268107,1.1671557702398805,1.0366970236894284,0.9651585798843033,1.0093220735935957,0.7294773689029947,0.2271042612849423,-0.3577144968170435,0.0,0.0,0.0,0.0,0.0,0.0,0.0,0.0,0.0,0.0,0.0,0.0,0.0,0.0,0.0,0.0,0.0,0.0,0.0,0.0,0.0,0.0,0.0,0.0,0.0,0.0,0.0,0.0,0.0,0.0,0.0,0.0,0.0,0.0,0.0,0.0,0.0,0.0,0.0,0.0,0.0,0.0,0.0,0.0,0.0,0.0,0.0,0.0,0.0,0.0,0.0,0.0,0.0,0.0,0.0,0.0,0.0,0.0,0.0,0.0,0.0,0.0,0.0,0.0,0.0,0.0,0.0,0.0,0.0,0.0,0.0,0.0
827,-0.8437268955186074,-1.230052292236446,-1.506252748280694,-1.647350328518732,-1.6980832900992069,-1.589734558146158,-1.1094921253296721,-0.42176631134489906,-0.10893155043947679,0.06080739541729774,0.2622960721537567,0.5280613019648216,0.7345455657278044,0.9389205816351437,1.1326383452192323,1.214121920274087,1.1830382676646056,1.1217590668059139,0.9955372346024132,0.8707585719843527,0.783835357722839,0.5242868584336703,0.14329008787745698,-0.3385065275695028,0.0,0.0,0.0,0.0,0.0,0.0,0.0,0.0,0.0,0.0,0.0,0.0,0.0,0.0,0.0,0.0,0.0,0.0,0.0,0.0,0.0,0.0,0.0,0.0,0.0,0.0,0.0,0.0,0.0,0.0,0.0,0.0,0.0,0.0,0.0,0.0,0.0,0.0,0.0,0.0,0.0,0.0,0.0,0.0,0.0,0.0,0.0,0.0,0.0,0.0,0.0,0.0,0.0,0.0,0.0,0.0,0.0,0.0,0.0,0.0,0.0,0.0,0.0,0.0,0.0,0.0,0.0,0.0,0.0,0.0,0.0,0.0
828,-0.4508972634442501,-0.8982449395889274,-1.2375433998376977,-1.4496547756923932,-1.5476034498809337,-1.5390977305484146,-1.3788180818762574,-1.0315455097532504,-0.7463381083847188,-0.27985256374187345,0.16457127138225042,0.57763026646771,0.8855638866778162,1.0875747208251452,1.1800744185662906,1.2020032262204414,1.186055002471968,1.1344890790185709,0.994011808167435,0.9113468484045147,0.9153339043416331,0.5571633793238359,0.14516759915494118,-0.3813895882738204,0.0,0.0,0.0,0.0,0.0,0.0,0.0,0.0,0.0,0.0,0.0,0.0,0.0,0.0,0.0,0.0,0.0,0.0,0.0,0.0,0.0,0.0,0.0,0.0,0.0,0.0,0.0,0.0,0.0,0.0,0.0,0.0,0.0,0.0,0.0,0.0,0.0,0.0,0.0,0.0,0.0,0.0,0.0,0.0,0.0,0.0,0.0,0.0,0.0,0.0,0.0,0.0,0.0,0.0,0.0,0.0,0.0,0.0,0.0,0.0,0.0,0.0,0.0,0.0,0.0,0.0,0.0,0.0,0.0,0.0,0.0,0.0
829,-0.4725847962436337,-0.8211081404005305,-1.0863133234542823,-1.2658454579443699,-1.37417028112827,-1.3926729683180668,-1.313391757147241,-1.1507923848732706,-0.9935756125090591,-0.6976447549704329,-0.34284171091881727,-0.014278841427276865,0.31192914060374394,0.5913757859187332,0.8260795694838506,0.9864361917954215,1.1518390015223916,1.2634158121517713,1.2824791868321679,1.265658562114171,1.4054940222697856,1.0871356651071633,0.6393706351140845,0.11400645642197986,0.0,0.0,0.0,0.0,0.0,0.0,0.0,0.0,0.0,0.0,0.0,0.0,0.0,0.0,0.0,0.0,0.0,0.0,0.0,0.0,0.0,0.0,0.0,0.0,0.0,0.0,0.0,0.0,0.0,0.0,0.0,0.0,0.0,0.0,0.0,0.0,0.0,0.0,0.0,0.0,0.0,0.0,0.0,0.0,0.0,0.0,0.0,0.0,0.0,0.0,0.0,0.0,0.0,0.0,0.0,0.0,0.0,0.0,0.0,0.0,0.0,0.0,0.0,0.0,0.0,0.0,0.0,0.0,0.0,0.0,0.0,0.0
830,-1.0822456509910565,-1.3195136681575896,-1.4874373887968642,-1.579242819931924,-1.5789754254723074,-1.4541022128313181,-1.0746694746352505,-0.5080606147075076,-0.2626816322659351,-0.10964286987865578,0.1551667766283954,0.4170350840796631,0.6559965994904353,0.8639403575856728,1.038727202688442,1.1306217653100405,1.1639569412755866,1.173583141821787,1.0688536451385877,1.0026289506401902,1.016266068080641,0.7170516677695771,0.27068118318280077,-0.2179376260234108,0.0,0.0,0.0,0.0,0.0,0.0,0.0,0.0,0.0,0.0,0.0,0.0,0.0,0.0,0.0,0.0,0.0,0.0,0.0,0.0,0.0,0.0,0.0,0.0,0.0,0.0,0.0,0.0,0.0,0.0,0.0,0.0,0.0,0.0,0.0,0.0,0.0,0.0,0.0,0.0,0.0,0.0,0.0,0.0,0.0,0.0,0.0,0.0,0.0,0.0,0.0,0.0,0.0,0.0,0.0,0.0,0.0,0.0,0.0,0.0,0.0,0.0,0.0,0.0,0.0,0.0,0.0,0.0,0.0,0.0,0.0,0.0
831,-0.7931623019623382,-1.209854742701493,-1.5167377178352943,-1.6892765037683435,-1.7589020707282594,-1.6302605470118432,-1.0649009432973249,-0.26586467485257403,0.07218403025376123,0.22536027756557653,0.36726381403626257,0.5591651385905455,0.7539841059507677,0.9147197005325167,1.0888499279960782,1.1217397196266672,1.0413719223357927,0.9671046509118821,0.9002641066303627,0.9698896735902788,0.9734704170339317,0.571631430579559,0.03266323224603745,-0.6307026457225341,0.0,0.0,0.0,0.0,0.0,0.0,0.0,0.0,0.0,0.0,0.0,0.0,0.0,0.0,0.0,0.0,0.0,0.0,0.0,0.0,0.0,0.0,0.0,0.0,0.0,0.0,0.0,0.0,0.0,0.0,0.0,0.0,0.0,0.0,0.0,0.0,0.0,0.0,0.0,0.0,0.0,0.0,0.0,0.0,0.0,0.0,0.0,0.0,0.0,0.0,0.0,0.0,0.0,0.0,0.0,0.0,0.0,0.0,0.0,0.0,0.0,0.0,0.0,0.0,0.0,0.0,0.0,0.0,0.0,0.0,0.0,0.0
832,-0.8128300547038163,-1.2433769309055172,-1.5831615257038734,-1.7577985629403259,-1.8275921553853938,-1.6355067200376743,-1.08006604682901,-0.17366768178582725,0.1906058928178159,0.27647037826010323,0.3908033027260366,0.48753477295692,0.6086021668693072,0.7261492699346845,0.8926743326106358,0.9179285930348379,0.9361422717650201,0.9457848075633518,0.9390503381168979,1.0562913289347091,1.1363396816732407,0.8039017808164706,0.2346860564673324,-0.42896529625594354,0.0,0.0,0.0,0.0,0.0,0.0,0.0,0.0,0.0,0.0,0.0,0.0,0.0,0.0,0.0,0.0,0.0,0.0,0.0,0.0,0.0,0.0,0.0,0.0,0.0,0.0,0.0,0.0,0.0,0.0,0.0,0.0,0.0,0.0,0.0,0.0,0.0,0.0,0.0,0.0,0.0,0.0,0.0,0.0,0.0,0.0,0.0,0.0,0.0,0.0,0.0,0.0,0.0,0.0,0.0,0.0,0.0,0.0,0.0,0.0,0.0,0.0,0.0,0.0,0.0,0.0,0.0,0.0,0.0,0.0,0.0,0.0
833,-0.9617510275090804,-1.3163205767052917,-1.5938814084802584,-1.7333481765729222,-1.7439180005327006,-1.5808407165818301,-1.059762122408846,-0.2769087971800453,0.08905419862216106,0.1925561111633702,0.34231816233374046,0.48178493042640425,0.6094464405899647,0.7865253095265161,0.911853222192463,0.9523480022981085,0.9647023419913563,0.959623335673021,0.923109398357422,1.0415737889715646,1.1314859278502012,0.8154893725851303,0.34753443909311177,-0.2826741557035609,0.0,0.0,0.0,0.0,0.0,0.0,0.0,0.0,0.0,0.0,0.0,0.0,0.0,0.0,0.0,0.0,0.0,0.0,0.0,0.0,0.0,0.0,0.0,0.0,0.0,0.0,0.0,0.0,0.0,0.0,0.0,0.0,0.0,0.0,0.0,0.0,0.0,0.0,0.0,0.0,0.0,0.0,0.0,0.0,0.0,0.0,0.0,0.0,0.0,0.0,0.0,0.0,0.0,0.0,0.0,0.0,0.0,0.0,0.0,0.0,0.0,0.0,0.0,0.0,0.0,0.0,0.0,0.0,0.0,0.0,0.0,0.0
834,-0.844770699752545,-1.2145880740267714,-1.5324599304260729,-1.665857012128744,-1.7055290066871591,-1.5548994023481766,-1.1392112843657827,-0.41098223425287417,-0.04141280994463789,0.06309810072018707,0.2501763500597136,0.4507678725457003,0.6171422997250539,0.8063281237754962,1.0157218700541313,1.1339940038314065,1.2106105433223457,1.211230418237321,1.0754778118577442,0.9568337531314838,0.9056320851545292,0.5715195059828765,0.15508753810251225,-0.3139098225677521,0.0,0.0,0.0,0.0,0.0,0.0,0.0,0.0,0.0,0.0,0.0,0.0,0.0,0.0,0.0,0.0,0.0,0.0,0.0,0.0,0.0,0.0,0.0,0.0,0.0,0.0,0.0,0.0,0.0,0.0,0.0,0.0,0.0,0.0,0.0,0.0,0.0,0.0,0.0,0.0,0.0,0.0,0.0,0.0,0.0,0.0,0.0,0.0,0.0,0.0,0.0,0.0,0.0,0.0,0.0,0.0,0.0,0.0,0.0,0.0,0.0,0.0,0.0,0.0,0.0,0.0,0.0,0.0,0.0,0.0,0.0,0.0
835,-0.5517823057550605,-0.9311690274716602,-1.213459272344436,-1.377457589940407,-1.4719490393567136,-1.4517008716246478,-1.30037246015342,-1.0486320823851643,-0.8518341012699991,-0.5194562835863239,-0.11993980447527289,0.21622714401206378,0.5152132464884728,0.7570071558971172,0.9723955600177461,1.1514319904907482,1.2706712004684686,1.3226533386811987,1.223070244747472,1.1888496571769047,1.0880824598670338,0.7694402413466312,0.4184720006574921,-0.055761401488257575,0.0,0.0,0.0,0.0,0.0,0.0,0.0,0.0,0.0,0.0,0.0,0.0,0.0,0.0,0.0,0.0,0.0,0.0,0.0,0.0,0.0,0.0,0.0,0.0,0.0,0.0,0.0,0.0,0.0,0.0,0.0,0.0,0.0,0.0,0.0,0.0,0.0,0.0,0.0,0.0,0.0,0.0,0.0,0.0,0.0,0.0,0.0,0.0,0.0,0.0,0.0,0.0,0.0,0.0,0.0,0.0,0.0,0.0,0.0,0.0,0.0,0.0,0.0,0.0,0.0,0.0,0.0,0.0,0.0,0.0,0.0,0.0
836,0.1018911482596517,-0.5546183043106447,-1.0329008618710855,-1.397505943751569,-1.6175908239924166,-1.6109816684296283,-1.531892106861596,-1.1879957124111824,-0.8736202128078894,-0.4175884789755023,-0.008481749638911547,0.38828788931380787,0.7039852200296585,0.8471835905567365,0.8709765505827741,0.8650283105762647,0.836388636470849,0.9150375876680289,0.9914834870109459,1.3369220177593435,1.5252829512988078,0.9685717477266135,0.3314491514738292,-0.44931242567688573,1.0,1.0,1.0,1.0,1.0,1.0,1.0,1.0,1.0,1.0,1.0,1.0,1.0,1.0,1.0,1.0,1.0,1.0,1.0,1.0,1.0,1.0,1.0,1.0,1.0,1.0,1.0,1.0,1.0,1.0,1.0,1.0,1.0,1.0,1.0,1.0,1.0,1.0,1.0,1.0,1.0,1.0,1.0,1.0,1.0,1.0,1.0,1.0,1.0,1.0,1.0,1.0,1.0,1.0,1.0,1.0,1.0,1.0,1.0,1.0,1.0,1.0,1.0,1.0,1.0,1.0,1.0,1.0,1.0,1.0,1.0,1.0
837,-1.1310189903544212,-1.455948898475912,-1.6399110594594022,-1.7724896526763312,-1.763950692435241,-1.6310724865782735,-0.9418136081702613,0.09574496428222579,0.5110080833752513,0.5553507541009134,0.6221643728294449,0.6325010089107648,0.6674058814752218,0.696618113878952,0.7460541994852645,0.7109995206007884,0.696618113878952,0.7002134655594111,0.7127971964410179,1.0061179710384724,1.1515799077770466,0.8416306316574688,0.32779495399185654,-0.3383937511332099,0.0,0.0,0.0,0.0,0.0,0.0,0.0,0.0,0.0,0.0,0.0,0.0,0.0,0.0,0.0,0.0,0.0,0.0,0.0,0.0,0.0,0.0,0.0,0.0,0.0,0.0,0.0,0.0,0.0,0.0,0.0,0.0,0.0,0.0,0.0,0.0,0.0,0.0,0.0,0.0,0.0,0.0,0.0,0.0,0.0,0.0,0.0,0.0,0.0,0.0,0.0,0.0,0.0,0.0,0.0,0.0,0.0,0.0,0.0,0.0,0.0,0.0,0.0,0.0,0.0,0.0,0.0,0.0,0.0,0.0,0.0,0.0
838,-1.0535583905634718,-1.4287094922584516,-1.6656796796871118,-1.8389098494239007,-1.8390649346250973,-1.559601402068523,-0.8302357008401272,0.19813426829563566,0.5686328139547123,0.5659963655343673,0.556225997858971,0.6004252802000496,0.6146931187101522,0.6368703024812898,0.7203061407251505,0.755975737000407,0.7458951989226171,0.7735003647356418,0.7404672168807304,0.9920154132218866,1.1471006144186537,0.8178547322779172,0.2559810483420298,-0.4743151640935466,0.0,0.0,0.0,0.0,0.0,0.0,0.0,0.0,0.0,0.0,0.0,0.0,0.0,0.0,0.0,0.0,0.0,0.0,0.0,0.0,0.0,0.0,0.0,0.0,0.0,0.0,0.0,0.0,0.0,0.0,0.0,0.0,0.0,0.0,0.0,0.0,0.0,0.0,0.0,0.0,0.0,0.0,0.0,0.0,0.0,0.0,0.0,0.0,0.0,0.0,0.0,0.0,0.0,0.0,0.0,0.0,0.0,0.0,0.0,0.0,0.0,0.0,0.0,0.0,0.0,0.0,0.0,0.0,0.0,0.0,0.0,0.0
839,-1.0624362936579343,-1.3875696618234414,-1.631968158541643,-1.772522889448999,-1.772084112973742,-1.5986211464221038,-0.9436741276883476,0.06419543597719839,0.4090737455292746,0.3624171803269369,0.41375402793201693,0.4996079582573218,0.5638155824699432,0.663710360003475,0.7820337494978049,0.85223798553894,0.9086938920220194,0.9146905038505331,0.8576495620671108,1.062119399536917,1.1514835416642784,0.7924181260788895,0.28636259128237385,-0.41538725147880584,0.0,0.0,0.0,0.0,0.0,0.0,0.0,0.0,0.0,0.0,0.0,0.0,0.0,0.0,0.0,0.0,0.0,0.0,0.0,0.0,0.0,0.0,0.0,0.0,0.0,0.0,0.0,0.0,0.0,0.0,0.0,0.0,0.0,0.0,0.0,0.0,0.0,0.0,0.0,0.0,0.0,0.0,0.0,0.0,0.0,0.0,0.0,0.0,0.0,0.0,0.0,0.0,0.0,0.0,0.0,0.0,0.0,0.0,0.0,0.0,0.0,0.0,0.0,0.0,0.0,0.0,0.0,0.0,0.0,0.0,0.0,0.0
840,-1.0378165337652614,-1.425695387237926,-1.6325031423902427,-1.7556994235706815,-1.7549155660021953,-1.544449808863609,-0.9522454158721676,-0.07798294115371955,0.25110659468246854,0.2838979696308144,0.3667255860342059,0.4858719364441319,0.5940442808952489,0.6887604037540168,0.876755577262661,0.9735619869707258,0.9974696428095596,0.9701652708406183,0.8716605030674996,1.0036098604293695,1.1100838468154326,0.7692364474519493,0.2673063177645199,-0.32894800599743423,0.0,0.0,0.0,0.0,0.0,0.0,0.0,0.0,0.0,0.0,0.0,0.0,0.0,0.0,0.0,0.0,0.0,0.0,0.0,0.0,0.0,0.0,0.0,0.0,0.0,0.0,0.0,0.0,0.0,0.0,0.0,0.0,0.0,0.0,0.0,0.0,0.0,0.0,0.0,0.0,0.0,0.0,0.0,0.0,0.0,0.0,0.0,0.0,0.0,0.0,0.0,0.0,0.0,0.0,0.0,0.0,0.0,0.0,0.0,0.0,0.0,0.0,0.0,0.0,0.0,0.0,0.0,0.0,0.0,0.0,0.0,0.0
841,-0.8931609735036887,-1.2851173507304208,-1.6025406360907721,-1.7729437441617526,-1.788288792487184,-1.5952334702215192,-1.0737941137916234,-0.15133749445712186,0.22571226439633413,0.3432114915739227,0.4307513386875739,0.6070001794539568,0.7538742134259426,0.923985034862153,1.0484991412742244,1.0730512185949146,1.0213164842406033,0.9327536339052566,0.7762341409858569,0.8845263391681867,0.8583666853562608,0.5535117252910248,0.13612641083929206,-0.4065037266114374,0.0,0.0,0.0,0.0,0.0,0.0,0.0,0.0,0.0,0.0,0.0,0.0,0.0,0.0,0.0,0.0,0.0,0.0,0.0,0.0,0.0,0.0,0.0,0.0,0.0,0.0,0.0,0.0,0.0,0.0,0.0,0.0,0.0,0.0,0.0,0.0,0.0,0.0,0.0,0.0,0.0,0.0,0.0,0.0,0.0,0.0,0.0,0.0,0.0,0.0,0.0,0.0,0.0,0.0,0.0,0.0,0.0,0.0,0.0,0.0,0.0,0.0,0.0,0.0,0.0,0.0,0.0,0.0,0.0,0.0,0.0,0.0
842,-0.4323232811848206,-0.8988346502757273,-1.2696471120433122,-1.4830140671537446,-1.6070065644683096,-1.562236119129225,-1.4144437196455557,-1.0797471933373812,-0.6824719032838691,-0.2885252708763856,0.08495011700802209,0.42414033113833527,0.6162038773141848,0.7566732299765913,0.8938139249929692,0.9833548156711381,1.0810509175820773,1.0763907968776372,1.0547545221784513,1.261963460643731,1.2466516354719996,0.8854922808778977,0.4184816131400867,-0.06567164147477156,0.0,0.0,0.0,0.0,0.0,0.0,0.0,0.0,0.0,0.0,0.0,0.0,0.0,0.0,0.0,0.0,0.0,0.0,0.0,0.0,0.0,0.0,0.0,0.0,0.0,0.0,0.0,0.0,0.0,0.0,0.0,0.0,0.0,0.0,0.0,0.0,0.0,0.0,0.0,0.0,0.0,0.0,0.0,0.0,0.0,0.0,0.0,0.0,0.0,0.0,0.0,0.0,0.0,0.0,0.0,0.0,0.0,0.0,0.0,0.0,0.0,0.0,0.0,0.0,0.0,0.0,0.0,0.0,0.0,0.0,0.0,0.0
843,-0.10657270145567664,-0.6282264446702889,-1.0884840791616448,-1.3816078621285806,-1.5623852933692797,-1.6124828126399924,-1.4123059164902085,-1.0718559663824294,-0.8695472609019771,-0.48880611444456085,0.015153611325501765,0.3112619273553736,0.46262038983284587,0.5623890665081375,0.5913816734052307,0.5736876559606812,0.6116338620465827,0.7951826454171511,1.0699728681403367,1.5656185375207918,1.7811444608513896,1.3462553573949905,0.6444637257388794,-0.1084913298532784,0.0,0.0,0.0,0.0,0.0,0.0,0.0,0.0,0.0,0.0,0.0,0.0,0.0,0.0,0.0,0.0,0.0,0.0,0.0,0.0,0.0,0.0,0.0,0.0,0.0,0.0,0.0,0.0,0.0,0.0,0.0,0.0,0.0,0.0,0.0,0.0,0.0,0.0,0.0,0.0,0.0,0.0,0.0,0.0,0.0,0.0,0.0,0.0,0.0,0.0,0.0,0.0,0.0,0.0,0.0,0.0,0.0,0.0,0.0,0.0,0.0,0.0,0.0,0.0,0.0,0.0,0.0,0.0,0.0,0.0,0.0,0.0
844,-1.202180584988571,-1.4982029843947422,-1.6928370553441412,-1.7655950008947263,-1.7170021491732166,-1.5223680782238174,-0.9426684903893722,-0.006271104512708373,0.456280311063394,0.5247042995685471,0.616505389712697,0.7398261674599883,0.739432171364949,0.7580813198634744,0.7553233471981996,0.7274809564820912,0.7117211126805204,0.7488880776458915,0.8145540934857697,1.0383438754680747,1.0244226801100207,0.7302389291473661,0.2528469939914512,-0.2915242773211395,1.0,1.0,1.0,1.0,1.0,1.0,1.0,1.0,1.0,1.0,1.0,1.0,1.0,1.0,1.0,1.0,1.0,1.0,1.0,1.0,1.0,1.0,1.0,1.0,1.0,1.0,1.0,1.0,1.0,1.0,1.0,1.0,1.0,1.0,1.0,1.0,1.0,1.0,1.0,1.0,1.0,1.0,1.0,1.0,1.0,1.0,1.0,1.0,1.0,1.0,1.0,1.0,1.0,1.0,1.0,1.0,1.0,1.0,1.0,1.0,1.0,1.0,1.0,1.0,1.0,1.0,1.0,1.0,1.0,1.0,1.0,1.0
845,-1.0129103156252328,-1.4059481580546358,-1.7331750129144643,-1.8591603988404783,-1.8041655689501626,-1.5636203157734079,-0.9205921247290241,0.13573516186224732,0.6337354358551615,0.6125601412436548,0.672886879849098,0.7131047055860602,0.6683166723789887,0.6520162657355988,0.620634174440848,0.5548231868712735,0.5272496018016138,0.5532997843812371,0.689644307239499,1.0762838592107489,1.202269245136763,0.9033776765916123,0.3459647054872768,-0.2623299087842759,1.0,1.0,1.0,1.0,1.0,1.0,1.0,1.0,1.0,1.0,1.0,1.0,1.0,1.0,1.0,1.0,1.0,1.0,1.0,1.0,1.0,1.0,1.0,1.0,1.0,1.0,1.0,1.0,1.0,1.0,1.0,1.0,1.0,1.0,1.0,1.0,1.0,1.0,1.0,1.0,1.0,1.0,1.0,1.0,1.0,1.0,1.0,1.0,1.0,1.0,1.0,1.0,1.0,1.0,1.0,1.0,1.0,1.0,1.0,1.0,1.0,1.0,1.0,1.0,1.0,1.0,1.0,1.0,1.0,1.0,1.0,1.0
846,-1.0103875393144268,-1.4170175708154416,-1.7557906830135617,-1.8915045216193511,-1.8325133304665833,-1.4916942810030493,-0.5933573267142246,0.611699722614569,1.1078395094774425,1.0215691547858226,0.9032457829360513,0.7600301743570775,0.5897058970113694,0.4551855218104048,0.4038665954029392,0.3215176204700293,0.22569955853981113,0.23865716122076588,0.40352560585870356,0.998552360549916,1.1511451815953702,0.8374348008985705,0.3131633766362558,-0.3505727712184405,-1.0,-1.0,-1.0,-1.0,-1.0,-1.0,-1.0,-1.0,-1.0,-1.0,-1.0,-1.0,-1.0,-1.0,-1.0,-1.0,-1.0,-1.0,-1.0,-1.0,-1.0,-1.0,-1.0,-1.0,-1.0,-1.0,-1.0,-1.0,-1.0,-1.0,-1.0,-1.0,-1.0,-1.0,-1.0,-1.0,-1.0,-1.0,-1.0,-1.0,-1.0,-1.0,-1.0,-1.0,-1.0,-1.0,-1.0,-1.0,-1.0,-1.0,-1.0,-1.0,-1.0,-1.0,-1.0,-1.0,-1.0,-1.0,-1.0,-1.0,-1.0,-1.0,-1.0,-1.0,-1.0,-1.0,-1.0,-1.0,-1.0,-1.0,-1.0,-1.0
847,-1.1737691726110089,-1.4841869772601417,-1.7122526599211685,-1.8198073709659794,-1.767804845658835,-1.4872041886260852,-0.611502960416353,0.6477390773112615,1.0664215250913098,0.961174093326338,0.7936301210057082,0.6880277231976841,0.5684041666890989,0.5268731396519937,0.5774558007869295,0.5224360641138414,0.49332884858356246,0.469013674634488,0.535392324685246,0.9700482444026425,1.037669275604083,0.7178448708140674,0.09860660870953644,-0.6175373831482401,1.0,1.0,1.0,1.0,1.0,1.0,1.0,1.0,1.0,1.0,1.0,1.0,1.0,1.0,1.0,1.0,1.0,1.0,1.0,1.0,1.0,1.0,1.0,1.0,1.0,1.0,1.0,1.0,1.0,1.0,1.0,1.0,1.0,1.0,1.0,1.0,1.0,1.0,1.0,1.0,1.0,1.0,1.0,1.0,1.0,1.0,1.0,1.0,1.0,1.0,1.0,1.0,1.0,1.0,1.0,1.0,1.0,1.0,1.0,1.0,1.0,1.0,1.0,1.0,1.0,1.0,1.0,1.0,1.0,1.0,1.0,1.0
848,-1.0672145093047278,-1.3875175881649495,-1.6742181303593735,-1.7995340125120973,-1.8374524713184566,-1.6341417104827336,-0.9455979889867706,0.05723734838791827,0.5472486514180652,0.6348002148408785,0.7796918867025765,0.9051619089317491,0.9039287883201602,0.8542956837037061,0.8055874195459438,0.730675342391917,0.617382386202185,0.5928741140468552,0.6804256774696685,0.8993045860267017,0.8100574817629537,0.5642040598274128,0.2173888878180292,-0.2545880262676298,0.0,0.0,0.0,0.0,0.0,0.0,0.0,0.0,0.0,0.0,0.0,0.0,0.0,0.0,0.0,0.0,0.0,0.0,0.0,0.0,0.0,0.0,0.0,0.0,0.0,0.0,0.0,0.0,0.0,0.0,0.0,0.0,0.0,0.0,0.0,0.0,0.0,0.0,0.0,0.0,0.0,0.0,0.0,0.0,0.0,0.0,0.0,0.0,0.0,0.0,0.0,0.0,0.0,0.0,0.0,0.0,0.0,0.0,0.0,0.0,0.0,0.0,0.0,0.0,0.0,0.0,0.0,0.0,0.0,0.0,0.0,0.0
849,-0.5163794606258106,-1.0894752044103309,-1.4742108086293095,-1.6861454337474846,-1.7837438039353875,-1.6326313515430066,-1.2825502410863991,-0.5661216251418674,0.19557000306372088,0.8139287591092975,1.2076226678382769,1.2573648323543336,1.0527382977574749,0.6595158787395481,0.39123823315057893,0.1686950895337187,0.07793332015607975,0.1694023241002977,0.48176425767269154,1.144443046557219,1.2691520751306502,0.9181279852519375,0.42589272691295016,-0.20213156820920616,0.0,0.0,0.0,0.0,0.0,0.0,0.0,0.0,0.0,0.0,0.0,0.0,0.0,0.0,0.0,0.0,0.0,0.0,0.0,0.0,0.0,0.0,0.0,0.0,0.0,0.0,0.0,0.0,0.0,0.0,0.0,0.0,0.0,0.0,0.0,0.0,0.0,0.0,0.0,0.0,0.0,0.0,0.0,0.0,0.0,0.0,0.0,0.0,0.0,0.0,0.0,0.0,0.0,0.0,0.0,0.0,0.0,0.0,0.0,0.0,0.0,0.0,0.0,0.0,0.0,0.0,0.0,0.0,0.0,0.0,0.0,0.0
850,-0.7225257536070572,-1.1455792484018186,-1.3560384491288446,-1.549111889795812,-1.4966495962812492,-1.3624437291509714,-1.0321142880098566,-0.25951551200759965,0.37247211684225284,0.972128332247084,1.133785399472191,0.7927804916275312,0.47617665053383096,0.25870214311590395,-0.08657295141017378,-0.3833509257687194,-0.39677151248174714,-0.14391545827492874,0.45116555711409745,1.5345729208567016,1.9439008156040483,1.5065116940930983,0.6622347845098976,-0.16984159169782326,0.0,0.0,0.0,0.0,0.0,0.0,0.0,0.0,0.0,0.0,0.0,0.0,0.0,0.0,0.0,0.0,0.0,0.0,0.0,0.0,0.0,0.0,0.0,0.0,0.0,0.0,0.0,0.0,0.0,0.0,0.0,0.0,0.0,0.0,0.0,0.0,0.0,0.0,0.0,0.0,0.0,0.0,0.0,0.0,0.0,0.0,0.0,0.0,0.0,0.0,0.0,0.0,0.0,0.0,0.0,0.0,0.0,0.0,0.0,0.0,0.0,0.0,0.0,0.0,0.0,0.0,0.0,0.0,0.0,0.0,0.0,0.0
851,-1.3653463717140943,-1.6087472316943314,-1.7199471279981517,-1.7802307674345978,-1.7140547421885743,-1.3298409700409994,-0.65690029322413,0.4759486503710398,1.0160840162489715,0.9967449038483072,0.9199928015081702,0.8226928922423274,0.6879234527001974,0.6043724436567018,0.518101871931863,0.41475849004081256,0.3573455001013401,0.41294544825325025,0.5637300902521806,0.9503612514498386,0.992665559826292,0.6974419220848993,0.19130108972376053,-0.44734287994505556,0.0,0.0,0.0,0.0,0.0,0.0,0.0,0.0,0.0,0.0,0.0,0.0,0.0,0.0,0.0,0.0,0.0,0.0,0.0,0.0,0.0,0.0,0.0,0.0,0.0,0.0,0.0,0.0,0.0,0.0,0.0,0.0,0.0,0.0,0.0,0.0,0.0,0.0,0.0,0.0,0.0,0.0,0.0,0.0,0.0,0.0,0.0,0.0,0.0,0.0,0.0,0.0,0.0,0.0,0.0,0.0,0.0,0.0,0.0,0.0,0.0,0.0,0.0,0.0,0.0,0.0,0.0,0.0,0.0,0.0,0.0,0.0
852,-1.135941230775734,-1.5128858153876967,-1.7147412600645686,-1.8274325176079913,-1.74866797753982,-1.4729920873012203,-0.5798158418095545,0.674790760704889,1.2351783001076577,1.1463550850091355,1.0285492469418056,0.9456930424545086,0.7523618986508153,0.5989244829335983,0.47446969018518914,0.35819822627503145,0.2755125078051979,0.28676458495779383,0.3899086255232563,0.7230383036470804,0.7646368919081926,0.6137567664529293,0.1933382473877551,-0.46899993045823113,0.0,0.0,0.0,0.0,0.0,0.0,0.0,0.0,0.0,0.0,0.0,0.0,0.0,0.0,0.0,0.0,0.0,0.0,0.0,0.0,0.0,0.0,0.0,0.0,0.0,0.0,0.0,0.0,0.0,0.0,0.0,0.0,0.0,0.0,0.0,0.0,0.0,0.0,0.0,0.0,0.0,0.0,0.0,0.0,0.0,0.0,0.0,0.0,0.0,0.0,0.0,0.0,0.0,0.0,0.0,0.0,0.0,0.0,0.0,0.0,0.0,0.0,0.0,0.0,0.0,0.0,0.0,0.0,0.0,0.0,0.0,0.0
853,-1.0040155223988094,-1.4146501150160464,-1.6719067613246381,-1.7897289109890067,-1.788683152264175,-1.505456830955597,-0.835125488338494,0.3038800561240038,0.8527290935398272,0.7966067086405274,0.8049727784391808,0.836345540184131,0.836345540184131,0.6942966467278286,0.6507233665265089,0.5116374561238963,0.46074386484875485,0.5341212687077773,0.7593079807881977,1.081924547398769,1.0233620588081953,0.5928580504191563,-0.011067613171135212,-0.7192205630029835,0.0,0.0,0.0,0.0,0.0,0.0,0.0,0.0,0.0,0.0,0.0,0.0,0.0,0.0,0.0,0.0,0.0,0.0,0.0,0.0,0.0,0.0,0.0,0.0,0.0,0.0,0.0,0.0,0.0,0.0,0.0,0.0,0.0,0.0,0.0,0.0,0.0,0.0,0.0,0.0,0.0,0.0,0.0,0.0,0.0,0.0,0.0,0.0,0.0,0.0,0.0,0.0,0.0,0.0,0.0,0.0,0.0,0.0,0.0,0.0,0.0,0.0,0.0,0.0,0.0,0.0,0.0,0.0,0.0,0.0,0.0,0.0
854,-0.9785597269222336,-1.3584421815932246,-1.6551353791384182,-1.810755355583216,-1.8209077785839964,-1.574522109938192,-0.9887121499230139,-0.017564701982694147,0.4461131246201111,0.4098977649606109,0.49414772299693766,0.5915806780641284,0.6538589743823483,0.7176525577156101,0.810236594334667,0.775839579093217,0.7362905880006249,0.7843251863774514,0.8763031081904915,1.1623892966303921,1.0942013809535092,0.7576561349127149,0.25579307553085506,-0.3616863830986976,0.0,0.0,0.0,0.0,0.0,0.0,0.0,0.0,0.0,0.0,0.0,0.0,0.0,0.0,0.0,0.0,0.0,0.0,0.0,0.0,0.0,0.0,0.0,0.0,0.0,0.0,0.0,0.0,0.0,0.0,0.0,0.0,0.0,0.0,0.0,0.0,0.0,0.0,0.0,0.0,0.0,0.0,0.0,0.0,0.0,0.0,0.0,0.0,0.0,0.0,0.0,0.0,0.0,0.0,0.0,0.0,0.0,0.0,0.0,0.0,0.0,0.0,0.0,0.0,0.0,0.0,0.0,0.0,0.0,0.0,0.0,0.0
855,-0.865594198830893,-1.310163613334342,-1.6760141578260899,-1.8453182243268396,-1.8324491096964766,-1.5667102491474225,-1.0076558538413936,0.05713803330201753,0.6685045439236778,0.6422649205864441,0.7731287745549406,0.8386442672186067,0.8690621745267375,0.8687279118090657,0.8558587971787027,0.7896747790796931,0.6905658832900143,0.6541312470637919,0.6823764467070561,0.9330734849608807,0.8266108093824232,0.4861642314337294,0.017026507181405588,-0.5490474051957304,0.0,0.0,0.0,0.0,0.0,0.0,0.0,0.0,0.0,0.0,0.0,0.0,0.0,0.0,0.0,0.0,0.0,0.0,0.0,0.0,0.0,0.0,0.0,0.0,0.0,0.0,0.0,0.0,0.0,0.0,0.0,0.0,0.0,0.0,0.0,0.0,0.0,0.0,0.0,0.0,0.0,0.0,0.0,0.0,0.0,0.0,0.0,0.0,0.0,0.0,0.0,0.0,0.0,0.0,0.0,0.0,0.0,0.0,0.0,0.0,0.0,0.0,0.0,0.0,0.0,0.0,0.0,0.0,0.0,0.0,0.0,0.0
856,-0.3555664921952487,-0.8719018268044778,-1.346678463750037,-1.5964504345569406,-1.7314112557576455,-1.6950998684050453,-1.3557038374850765,-0.9245848223276145,-0.36962928382891475,0.1267662715982506,0.5400444316980766,0.7566534013390215,0.8836383108669009,0.8542533731249123,0.8288563912193364,0.8422895056156741,0.881749279154916,0.9136529258462179,1.06729417175433,1.253678634003515,1.1187178128028101,0.6208530104885454,0.10010993521801803,-0.5415311696195483,0.0,0.0,0.0,0.0,0.0,0.0,0.0,0.0,0.0,0.0,0.0,0.0,0.0,0.0,0.0,0.0,0.0,0.0,0.0,0.0,0.0,0.0,0.0,0.0,0.0,0.0,0.0,0.0,0.0,0.0,0.0,0.0,0.0,0.0,0.0,0.0,0.0,0.0,0.0,0.0,0.0,0.0,0.0,0.0,0.0,0.0,0.0,0.0,0.0,0.0,0.0,0.0,0.0,0.0,0.0,0.0,0.0,0.0,0.0,0.0,0.0,0.0,0.0,0.0,0.0,0.0,0.0,0.0,0.0,0.0,0.0,0.0
857,-0.5956854186614989,-0.8970392724304512,-1.1516553757306076,-1.3451636142387264,-1.4389181465224006,-1.453148745172601,-1.3930174900918517,-1.174954493128485,-0.8744377333977797,-0.5746185520322805,-0.0674790805275855,0.24796585621852607,0.43840474991973893,0.5900582865155033,0.7295739595566849,0.7542682336849741,0.80574951703717,0.8576493474084896,1.118543655995499,1.4897948619580834,1.4800287648452006,1.2132747979904615,0.856393706351119,0.3844121844528017,0.0,0.0,0.0,0.0,0.0,0.0,0.0,0.0,0.0,0.0,0.0,0.0,0.0,0.0,0.0,0.0,0.0,0.0,0.0,0.0,0.0,0.0,0.0,0.0,0.0,0.0,0.0,0.0,0.0,0.0,0.0,0.0,0.0,0.0,0.0,0.0,0.0,0.0,0.0,0.0,0.0,0.0,0.0,0.0,0.0,0.0,0.0,0.0,0.0,0.0,0.0,0.0,0.0,0.0,0.0,0.0,0.0,0.0,0.0,0.0,0.0,0.0,0.0,0.0,0.0,0.0,0.0,0.0,0.0,0.0,0.0,0.0
858,-1.3296420124163368,-1.5421324309648048,-1.6711775380898277,-1.6980281792135994,-1.6762699010615776,-1.4568353511879961,-0.8151976167475238,-0.015580894660723049,0.26357318460883306,0.4245612958293773,0.5440003546213267,0.6114741639970113,0.6578841083531853,0.6627450002807647,0.7311446938331311,0.71760363774916,0.7085762670265128,0.8741937991304658,1.20184106215373,1.2217475719523883,0.9731476705133308,0.6723510486138382,0.23012561872620385,-0.2901055530468703,0.20851441405707555,0.20851441405707555,0.20851441405707555,0.20851441405707555,0.20851441405707555,0.20851441405707555,0.20851441405707555,0.20851441405707555,0.20851441405707555,0.20851441405707555,0.20851441405707555,0.20851441405707555,0.20851441405707555,0.20851441405707555,0.20851441405707555,0.20851441405707555,0.20851441405707555,0.20851441405707555,0.20851441405707555,0.20851441405707555,0.20851441405707555,0.20851441405707555,0.20851441405707555,-4.795831523312719,0.20851441405707555,0.20851441405707555,0.20851441405707555,0.20851441405707555,0.20851441405707555,0.20851441405707555,0.20851441405707555,0.20851441405707555,0.20851441405707555,0.20851441405707555,0.20851441405707555,0.20851441405707555,0.20851441405707555,0.20851441405707555,0.20851441405707555,0.20851441405707555,0.20851441405707555,0.20851441405707555,0.20851441405707555,0.20851441405707555,0.20851441405707555,0.20851441405707555,0.20851441405707555,-4.795831523312719,0.20851441405707555,0.20851441405707555,0.20851441405707555,0.20851441405707555,0.20851441405707555,0.20851441405707555,0.20851441405707555,0.20851441405707555,0.20851441405707555,0.20851441405707555,0.20851441405707555,0.20851441405707555,0.20851441405707555,0.20851441405707555,0.20851441405707555,0.20851441405707555,0.20851441405707555,0.20851441405707555,0.20851441405707555,0.20851441405707555,0.20851441405707555,0.20851441405707555,0.20851441405707555,-4.795831523312719
859,-0.9751958704920605,-1.364101428637396,-1.6102302693537696,-1.7255197199509733,-1.8034264876569854,-1.6289216107993651,-0.8842522848029857,0.12288117191264093,0.40764925628965765,0.5039332252489026,0.5356613846775609,0.5538815158346122,0.5496406232377122,0.5479128521797161,0.5579653383353306,0.5199543750594132,0.5378603660241016,0.8158744362653148,1.3626354410730341,1.4084999091580253,1.1014278711232388,0.7170773457671661,0.15979264451528788,-0.4110000850081973,-0.2085144140570624,-0.2085144140570624,-0.2085144140570624,-0.2085144140570624,-0.2085144140570624,-0.2085144140570624,-0.2085144140570624,-0.2085144140570624,-0.2085144140570624,-0.2085144140570624,-0.2085144140570624,-0.2085144140570624,-0.2085144140570624,-0.2085144140570624,-0.2085144140570624,-0.2085144140570624,-0.2085144140570624,-0.2085144140570624,-0.2085144140570624,-0.2085144140570624,-0.2085144140570624,-0.2085144140570624,-0.2085144140570624,4.7958315233127315,-0.2085144140570624,-0.2085144140570624,-0.2085144140570624,-0.2085144140570624,-0.2085144140570624,-0.2085144140570624,-0.2085144140570624,-0.2085144140570624,-0.2085144140570624,-0.2085144140570624,-0.2085144140570624,-0.2085144140570624,-0.2085144140570624,-0.2085144140570624,-0.2085144140570624,-0.2085144140570624,-0.2085144140570624,-0.2085144140570624,-0.2085144140570624,-0.2085144140570624,-0.2085144140570624,-0.2085144140570624,-0.2085144140570624,4.7958315233127315,-0.2085144140570624,-0.2085144140570624,-0.2085144140570624,-0.2085144140570624,-0.2085144140570624,-0.2085144140570624,-0.2085144140570624,-0.2085144140570624,-0.2085144140570624,-0.2085144140570624,-0.2085144140570624,-0.2085144140570624,-0.2085144140570624,-0.2085144140570624,-0.2085144140570624,-0.2085144140570624,-0.2085144140570624,-0.2085144140570624,-0.2085144140570624,-0.2085144140570624,-0.2085144140570624,-0.2085144140570624,-0.2085144140570624,4.7958315233127315
860,-1.0085182729691051,-1.42295905606073,-1.6197988419809015,-1.773745182013991,-1.7463247143236187,-1.5500725098539552,-0.6234565624028792,0.5967542498186815,0.8926994403911981,0.8110256187705897,0.7305269600509972,0.5405422910534187,0.3822870203832708,0.2453805424149127,0.12570978699478852,0.028758847660972697,0.06773508387800169,0.4714035403769803,1.3445495758318307,1.4426756780666623,1.223507797027188,0.8433425985485282,0.284748499598947,-0.2867723912618097,0.20851441405707424,0.20851441405707424,0.20851441405707424,0.20851441405707424,0.20851441405707424,0.20851441405707424,0.20851441405707424,0.20851441405707424,0.20851441405707424,0.20851441405707424,0.20851441405707424,0.20851441405707424,0.20851441405707424,0.20851441405707424,0.20851441405707424,0.20851441405707424,0.20851441405707424,0.20851441405707424,0.20851441405707424,0.20851441405707424,0.20851441405707424,0.20851441405707424,0.20851441405707424,-4.79583152331272,0.20851441405707424,0.20851441405707424,0.20851441405707424,0.20851441405707424,0.20851441405707424,0.20851441405707424,0.20851441405707424,0.20851441405707424,0.20851441405707424,0.20851441405707424,0.20851441405707424,0.20851441405707424,0.20851441405707424,0.20851441405707424,0.20851441405707424,0.20851441405707424,0.20851441405707424,0.20851441405707424,0.20851441405707424,0.20851441405707424,0.20851441405707424,0.20851441405707424,0.20851441405707424,-4.79583152331272,0.20851441405707424,0.20851441405707424,0.20851441405707424,0.20851441405707424,0.20851441405707424,0.20851441405707424,0.20851441405707424,0.20851441405707424,0.20851441405707424,0.20851441405707424,0.20851441405707424,0.20851441405707424,0.20851441405707424,0.20851441405707424,0.20851441405707424,0.20851441405707424,0.20851441405707424,0.20851441405707424,0.20851441405707424,0.20851441405707424,0.20851441405707424,0.20851441405707424,0.20851441405707424,-4.79583152331272
861,-1.118554885785703,-1.4679831029671495,-1.6970422469523994,-1.7857649910453706,-1.711923556471178,-1.4308740146734864,-0.46000984682810936,0.7578087106263653,1.0693743554878814,0.872715024632124,0.6903718902754447,0.555874991586737,0.3422622701399661,0.17385859026923128,0.0755289248413526,-0.05463544069631825,-0.07347254135299999,0.313441506135243,1.1170322201492862,1.3553215434563102,1.2260990329514734,0.9785795303226754,0.4735568617170378,-0.20156482581843585,-0.20851441405707305,-0.20851441405707305,-0.20851441405707305,-0.20851441405707305,-0.20851441405707305,-0.20851441405707305,-0.20851441405707305,-0.20851441405707305,-0.20851441405707305,-0.20851441405707305,-0.20851441405707305,-0.20851441405707305,-0.20851441405707305,-0.20851441405707305,-0.20851441405707305,-0.20851441405707305,-0.20851441405707305,-0.20851441405707305,-0.20851441405707305,-0.20851441405707305,-0.20851441405707305,-0.20851441405707305,-0.20851441405707305,4.795831523312721,-0.20851441405707305,-0.20851441405707305,-0.20851441405707305,-0.20851441405707305,-0.20851441405707305,-0.20851441405707305,-0.20851441405707305,-0.20851441405707305,-0.20851441405707305,-0.20851441405707305,-0.20851441405707305,-0.20851441405707305,-0.20851441405707305,-0.20851441405707305,-0.20851441405707305,-0.20851441405707305,-0.20851441405707305,-0.20851441405707305,-0.20851441405707305,-0.20851441405707305,-0.20851441405707305,-0.20851441405707305,-0.20851441405707305,4.795831523312721,-0.20851441405707305,-0.20851441405707305,-0.20851441405707305,-0.20851441405707305,-0.20851441405707305,-0.20851441405707305,-0.20851441405707305,-0.20851441405707305,-0.20851441405707305,-0.20851441405707305,-0.20851441405707305,-0.20851441405707305,-0.20851441405707305,-0.20851441405707305,-0.20851441405707305,-0.20851441405707305,-0.20851441405707305,-0.20851441405707305,-0.20851441405707305,-0.20851441405707305,-0.20851441405707305,-0.20851441405707305,-0.20851441405707305,4.795831523312721
862,-1.1046318426982438,-1.4250891808840858,-1.6291295675117874,-1.690859552501691,-1.666208988025857,-1.3784809707407022,-0.2718984881364565,0.9902518425463718,1.3272809887831947,1.293515929879321,1.1387766722032875,0.8400698320843579,0.5343199735437614,0.2876071811847841,0.08170246615134717,-0.04320753703292091,-0.07821548154061794,0.3936667527110615,1.0878183624465214,1.0345814290827455,0.733595965356806,0.4060956087492971,-0.11322342604831497,-0.7483379696021557,-0.20851441405707494,-0.20851441405707494,-0.20851441405707494,-0.20851441405707494,-0.20851441405707494,-0.20851441405707494,-0.20851441405707494,-0.20851441405707494,-0.20851441405707494,-0.20851441405707494,-0.20851441405707494,-0.20851441405707494,-0.20851441405707494,-0.20851441405707494,-0.20851441405707494,-0.20851441405707494,-0.20851441405707494,-0.20851441405707494,-0.20851441405707494,-0.20851441405707494,-0.20851441405707494,-0.20851441405707494,-0.20851441405707494,4.795831523312719,-0.20851441405707494,-0.20851441405707494,-0.20851441405707494,-0.20851441405707494,-0.20851441405707494,-0.20851441405707494,-0.20851441405707494,-0.20851441405707494,-0.20851441405707494,-0.20851441405707494,-0.20851441405707494,-0.20851441405707494,-0.20851441405707494,-0.20851441405707494,-0.20851441405707494,-0.20851441405707494,-0.20851441405707494,-0.20851441405707494,-0.20851441405707494,-0.20851441405707494,-0.20851441405707494,-0.20851441405707494,-0.20851441405707494,4.795831523312719,-0.20851441405707494,-0.20851441405707494,-0.20851441405707494,-0.20851441405707494,-0.20851441405707494,-0.20851441405707494,-0.20851441405707494,-0.20851441405707494,-0.20851441405707494,-0.20851441405707494,-0.20851441405707494,-0.20851441405707494,-0.20851441405707494,-0.20851441405707494,-0.20851441405707494,-0.20851441405707494,-0.20851441405707494,-0.20851441405707494,-0.20851441405707494,-0.20851441405707494,-0.20851441405707494,-0.20851441405707494,-0.20851441405707494,4.795831523312719
863,0.32012992142677454,-0.45683574487641043,-1.0878146419177863,-1.3970958901992478,-1.4219286911561535,-1.1672043540678938,-0.5302053840672681,0.41231228861528807,1.1550387899627395,1.7145293206130234,1.5824639700694796,1.10198689700935,0.4047871974162257,-0.1708822793120421,-0.5516518939845957,-0.8154063405117302,-0.6652807710904368,0.19972846224177737,1.3168282507425795,1.3096794141034702,0.8190434679246067,0.162855515366372,-0.6502305886923122,-1.584846915615853,0.20851441405707882,0.20851441405707882,0.20851441405707882,0.20851441405707882,0.20851441405707882,0.20851441405707882,0.20851441405707882,0.20851441405707882,0.20851441405707882,0.20851441405707882,0.20851441405707882,0.20851441405707882,0.20851441405707882,0.20851441405707882,0.20851441405707882,0.20851441405707882,0.20851441405707882,0.20851441405707882,0.20851441405707882,0.20851441405707882,0.20851441405707882,0.20851441405707882,0.20851441405707882,-4.795831523312716,0.20851441405707882,0.20851441405707882,0.20851441405707882,0.20851441405707882,0.20851441405707882,0.20851441405707882,0.20851441405707882,0.20851441405707882,0.20851441405707882,0.20851441405707882,0.20851441405707882,0.20851441405707882,0.20851441405707882,0.20851441405707882,0.20851441405707882,0.20851441405707882,0.20851441405707882,0.20851441405707882,0.20851441405707882,0.20851441405707882,0.20851441405707882,0.20851441405707882,0.20851441405707882,-4.795831523312716,0.20851441405707882,0.20851441405707882,0.20851441405707882,0.20851441405707882,0.20851441405707882,0.20851441405707882,0.20851441405707882,0.20851441405707882,0.20851441405707882,0.20851441405707882,0.20851441405707882,0.20851441405707882,0.20851441405707882,0.20851441405707882,0.20851441405707882,0.20851441405707882,0.20851441405707882,0.20851441405707882,0.20851441405707882,0.20851441405707882,0.20851441405707882,0.20851441405707882,0.20851441405707882,-4.795831523312716
864,-0.5993117926720961,-1.0033574963947023,-1.3109427809479033,-1.4364877950512507,-1.4655723899851927,-1.4314659944871166,-1.2772548688301717,-0.9234271707489046,-0.5195907087164706,-0.02536183652962658,0.24016586829895303,0.28347889816460786,0.32218861084647327,0.3305582784533631,0.3278381364811239,0.2974980914061483,0.4477336249498206,1.004525762498166,1.7213877930282793,1.8019458437445939,1.5406029727194592,1.1242120092766905,0.5441940441192258,0.006442900376554743,-0.20851441405706916,-0.20851441405706916,-0.20851441405706916,-0.20851441405706916,-0.20851441405706916,-0.20851441405706916,-0.20851441405706916,-0.20851441405706916,-0.20851441405706916,-0.20851441405706916,-0.20851441405706916,-0.20851441405706916,-0.20851441405706916,-0.20851441405706916,-0.20851441405706916,-0.20851441405706916,-0.20851441405706916,-0.20851441405706916,-0.20851441405706916,-0.20851441405706916,-0.20851441405706916,-0.20851441405706916,-0.20851441405706916,4.795831523312725,-0.20851441405706916,-0.20851441405706916,-0.20851441405706916,-0.20851441405706916,-0.20851441405706916,-0.20851441405706916,-0.20851441405706916,-0.20851441405706916,-0.20851441405706916,-0.20851441405706916,-0.20851441405706916,-0.20851441405706916,-0.20851441405706916,-0.20851441405706916,-0.20851441405706916,-0.20851441405706916,-0.20851441405706916,-0.20851441405706916,-0.20851441405706916,-0.20851441405706916,-0.20851441405706916,-0.20851441405706916,-0.20851441405706916,4.795831523312725,-0.20851441405706916,-0.20851441405706916,-0.20851441405706916,-0.20851441405706916,-0.20851441405706916,-0.20851441405706916,-0.20851441405706916,-0.20851441405706916,-0.20851441405706916,-0.20851441405706916,-0.20851441405706916,-0.20851441405706916,-0.20851441405706916,-0.20851441405706916,-0.20851441405706916,-0.20851441405706916,-0.20851441405706916,-0.20851441405706916,-0.20851441405706916,-0.20851441405706916,-0.20851441405706916,-0.20851441405706916,-0.20851441405706916,4.795831523312725
865,-1.325488767991256,-1.5890172137772134,-1.6793574737596055,-1.7842501520166734,-1.706445143419398,-1.4113624441467674,-0.6576624441979737,0.3128829963784121,0.6532078673168656,0.7470061276813591,0.7681863800217286,0.7066627898901792,0.594854110868909,0.5216597694477683,0.4981741835193314,0.4170552578892089,0.38290750411596014,0.6997467891259769,1.182426009127594,1.221472596775486,1.0118313236106045,0.6409607826302575,0.19358198319592287,-0.39903283228665953,-0.20851441405707538,-0.20851441405707538,-0.20851441405707538,-0.20851441405707538,-0.20851441405707538,-0.20851441405707538,-0.20851441405707538,-0.20851441405707538,-0.20851441405707538,-0.20851441405707538,-0.20851441405707538,-0.20851441405707538,-0.20851441405707538,-0.20851441405707538,-0.20851441405707538,-0.20851441405707538,-0.20851441405707538,-0.20851441405707538,-0.20851441405707538,-0.20851441405707538,-0.20851441405707538,-0.20851441405707538,-0.20851441405707538,4.795831523312719,-0.20851441405707538,-0.20851441405707538,-0.20851441405707538,-0.20851441405707538,-0.20851441405707538,-0.20851441405707538,-0.20851441405707538,-0.20851441405707538,-0.20851441405707538,-0.20851441405707538,-0.20851441405707538,-0.20851441405707538,-0.20851441405707538,-0.20851441405707538,-0.20851441405707538,-0.20851441405707538,-0.20851441405707538,-0.20851441405707538,-0.20851441405707538,-0.20851441405707538,-0.20851441405707538,-0.20851441405707538,-0.20851441405707538,4.795831523312719,-0.20851441405707538,-0.20851441405707538,-0.20851441405707538,-0.20851441405707538,-0.20851441405707538,-0.20851441405707538,-0.20851441405707538,-0.20851441405707538,-0.20851441405707538,-0.20851441405707538,-0.20851441405707538,-0.20851441405707538,-0.20851441405707538,-0.20851441405707538,-0.20851441405707538,-0.20851441405707538,-0.20851441405707538,-0.20851441405707538,-0.20851441405707538,-0.20851441405707538,-0.20851441405707538,-0.20851441405707538,-0.20851441405707538,4.795831523312719
866,-1.042605023477431,-1.342371467398928,-1.5987778308283362,-1.743123726492476,-1.8435464237360584,-1.5542915144793101,-0.595113976320982,0.6245994567421914,0.9536480329440601,0.8614843986513518,0.7779552392618301,0.6572602965933751,0.5352514120918266,0.456790314058523,0.3980383435216235,0.3094411227758836,0.3238944829399132,0.6615775340449684,1.2307020537506534,1.248346415509339,0.9786129277728385,0.5525203618981996,-0.05132976339638776,-0.7989626664266463,0.20851441405707666,0.20851441405707666,0.20851441405707666,0.20851441405707666,0.20851441405707666,0.20851441405707666,0.20851441405707666,0.20851441405707666,0.20851441405707666,0.20851441405707666,0.20851441405707666,0.20851441405707666,0.20851441405707666,0.20851441405707666,0.20851441405707666,0.20851441405707666,0.20851441405707666,0.20851441405707666,0.20851441405707666,0.20851441405707666,0.20851441405707666,0.20851441405707666,0.20851441405707666,-4.795831523312717,0.20851441405707666,0.20851441405707666,0.20851441405707666,0.20851441405707666,0.20851441405707666,0.20851441405707666,0.20851441405707666,0.20851441405707666,0.20851441405707666,0.20851441405707666,0.20851441405707666,0.20851441405707666,0.20851441405707666,0.20851441405707666,0.20851441405707666,0.20851441405707666,0.20851441405707666,0.20851441405707666,0.20851441405707666,0.20851441405707666,0.20851441405707666,0.20851441405707666,0.20851441405707666,-4.795831523312717,0.20851441405707666,0.20851441405707666,0.20851441405707666,0.20851441405707666,0.20851441405707666,0.20851441405707666,0.20851441405707666,0.20851441405707666,0.20851441405707666,0.20851441405707666,0.20851441405707666,0.20851441405707666,0.20851441405707666,0.20851441405707666,0.20851441405707666,0.20851441405707666,0.20851441405707666,0.20851441405707666,0.20851441405707666,0.20851441405707666,0.20851441405707666,0.20851441405707666,0.20851441405707666,-4.795831523312717
867,-1.1534636981997424,-1.4986558454885333,-1.7009656747348176,-1.806365411586801,-1.7643977352110873,-1.5052233062954197,-0.7589355038738528,0.21240796766175196,0.5699341267098176,0.623755268932107,0.672931133998306,0.6984000673713536,0.6601165763263322,0.5827486843817912,0.6051741603077452,0.5241220830325116,0.4606900225562419,0.7350817387073783,1.1988085444619256,1.1821496194883598,1.0195649190251939,0.6458603809162615,0.15506282207966976,-0.35880094056647466,-0.20851441405707927,-0.20851441405707927,-0.20851441405707927,-0.20851441405707927,-0.20851441405707927,-0.20851441405707927,-0.20851441405707927,-0.20851441405707927,-0.20851441405707927,-0.20851441405707927,-0.20851441405707927,-0.20851441405707927,-0.20851441405707927,-0.20851441405707927,-0.20851441405707927,-0.20851441405707927,-0.20851441405707927,-0.20851441405707927,-0.20851441405707927,-0.20851441405707927,-0.20851441405707927,-0.20851441405707927,-0.20851441405707927,4.795831523312716,-0.20851441405707927,-0.20851441405707927,-0.20851441405707927,-0.20851441405707927,-0.20851441405707927,-0.20851441405707927,-0.20851441405707927,-0.20851441405707927,-0.20851441405707927,-0.20851441405707927,-0.20851441405707927,-0.20851441405707927,-0.20851441405707927,-0.20851441405707927,-0.20851441405707927,-0.20851441405707927,-0.20851441405707927,-0.20851441405707927,-0.20851441405707927,-0.20851441405707927,-0.20851441405707927,-0.20851441405707927,-0.20851441405707927,4.795831523312716,-0.20851441405707927,-0.20851441405707927,-0.20851441405707927,-0.20851441405707927,-0.20851441405707927,-0.20851441405707927,-0.20851441405707927,-0.20851441405707927,-0.20851441405707927,-0.20851441405707927,-0.20851441405707927,-0.20851441405707927,-0.20851441405707927,-0.20851441405707927,-0.20851441405707927,-0.20851441405707927,-0.20851441405707927,-0.20851441405707927,-0.20851441405707927,-0.20851441405707927,-0.20851441405707927,-0.20851441405707927,-0.20851441405707927,4.795831523312716
868,-1.1784853304038638,-1.5283705314197997,-1.690547050269078,-1.7734477780773583,-1.7963006403058768,-1.5296313789910283,-0.6315926963834595,0.3997806168815335,0.7362693124531655,0.7028568518156076,0.6584119749297996,0.6554174619481317,0.5430444221623829,0.4576219992116454,0.42310629694926255,0.3454065653723002,0.3584878589237969,0.7033296696548184,1.2082991219318717,1.2443908836582904,1.0510083874211043,0.7477745465406265,0.21490884175014033,-0.3217394057540316,-0.20851441405707968,-0.20851441405707968,-0.20851441405707968,-0.20851441405707968,-0.20851441405707968,-0.20851441405707968,-0.20851441405707968,-0.20851441405707968,-0.20851441405707968,-0.20851441405707968,-0.20851441405707968,-0.20851441405707968,-0.20851441405707968,-0.20851441405707968,-0.20851441405707968,-0.20851441405707968,-0.20851441405707968,-0.20851441405707968,-0.20851441405707968,-0.20851441405707968,-0.20851441405707968,-0.20851441405707968,-0.20851441405707968,4.795831523312715,-0.20851441405707968,-0.20851441405707968,-0.20851441405707968,-0.20851441405707968,-0.20851441405707968,-0.20851441405707968,-0.20851441405707968,-0.20851441405707968,-0.20851441405707968,-0.20851441405707968,-0.20851441405707968,-0.20851441405707968,-0.20851441405707968,-0.20851441405707968,-0.20851441405707968,-0.20851441405707968,-0.20851441405707968,-0.20851441405707968,-0.20851441405707968,-0.20851441405707968,-0.20851441405707968,-0.20851441405707968,-0.20851441405707968,4.795831523312715,-0.20851441405707968,-0.20851441405707968,-0.20851441405707968,-0.20851441405707968,-0.20851441405707968,-0.20851441405707968,-0.20851441405707968,-0.20851441405707968,-0.20851441405707968,-0.20851441405707968,-0.20851441405707968,-0.20851441405707968,-0.20851441405707968,-0.20851441405707968,-0.20851441405707968,-0.20851441405707968,-0.20851441405707968,-0.20851441405707968,-0.20851441405707968,-0.20851441405707968,-0.20851441405707968,-0.20851441405707968,-0.20851441405707968,4.795831523312715
869,-0.77450448546439,-1.2036402204469183,-1.5153517632957587,-1.6502171998569028,-1.7021353228037495,-1.4626224196778677,-0.5603422283086481,0.6554747524192618,1.0430354280107605,1.1091499127008855,1.1089471075331243,1.0134258735176374,0.9089812121206609,0.7495763502604211,0.6568943885935896,0.4871464631775328,0.3768204519154839,0.696644201474769,0.9556264007057182,0.7554577001254935,0.38371582761936196,-0.035279648975110385,-0.633352088702651,-1.3634506926426804,0.20851441405707308,0.20851441405707308,0.20851441405707308,0.20851441405707308,0.20851441405707308,0.20851441405707308,0.20851441405707308,0.20851441405707308,0.20851441405707308,0.20851441405707308,0.20851441405707308,0.20851441405707308,0.20851441405707308,0.20851441405707308,0.20851441405707308,0.20851441405707308,0.20851441405707308,0.20851441405707308,0.20851441405707308,0.20851441405707308,0.20851441405707308,0.20851441405707308,0.20851441405707308,-4.795831523312722,0.20851441405707308,0.20851441405707308,0.20851441405707308,0.20851441405707308,0.20851441405707308,0.20851441405707308,0.20851441405707308,0.20851441405707308,0.20851441405707308,0.20851441405707308,0.20851441405707308,0.20851441405707308,0.20851441405707308,0.20851441405707308,0.20851441405707308,0.20851441405707308,0.20851441405707308,0.20851441405707308,0.20851441405707308,0.20851441405707308,0.20851441405707308,0.20851441405707308,0.20851441405707308,-4.795831523312722,0.20851441405707308,0.20851441405707308,0.20851441405707308,0.20851441405707308,0.20851441405707308,0.20851441405707308,0.20851441405707308,0.20851441405707308,0.20851441405707308,0.20851441405707308,0.20851441405707308,0.20851441405707308,0.20851441405707308,0.20851441405707308,0.20851441405707308,0.20851441405707308,0.20851441405707308,0.20851441405707308,0.20851441405707308,0.20851441405707308,0.20851441405707308,0.20851441405707308,0.20851441405707308,-4.795831523312722
870,-0.6300763134050363,-1.0793005065532602,-1.406072895781143,-1.5863247620971686,-1.6290159935930695,-1.5550529958162207,-1.3412454701762566,-0.9271580930740416,-0.4981375691522729,0.022765728729809084,0.432812371986733,0.6014690890075757,0.6771889275867249,0.6633098852485514,0.6684047235752226,0.6035772979703362,0.6557554697986595,0.9877983814334436,1.463023818455714,1.3637623131257388,1.127642909296559,0.8627113163096519,0.5336550340387786,-0.011492666915049597,-0.20851441405707968,-0.20851441405707968,-0.20851441405707968,-0.20851441405707968,-0.20851441405707968,-0.20851441405707968,-0.20851441405707968,-0.20851441405707968,-0.20851441405707968,-0.20851441405707968,-0.20851441405707968,-0.20851441405707968,-0.20851441405707968,-0.20851441405707968,-0.20851441405707968,-0.20851441405707968,-0.20851441405707968,-0.20851441405707968,-0.20851441405707968,-0.20851441405707968,-0.20851441405707968,-0.20851441405707968,-0.20851441405707968,4.795831523312715,-0.20851441405707968,-0.20851441405707968,-0.20851441405707968,-0.20851441405707968,-0.20851441405707968,-0.20851441405707968,-0.20851441405707968,-0.20851441405707968,-0.20851441405707968,-0.20851441405707968,-0.20851441405707968,-0.20851441405707968,-0.20851441405707968,-0.20851441405707968,-0.20851441405707968,-0.20851441405707968,-0.20851441405707968,-0.20851441405707968,-0.20851441405707968,-0.20851441405707968,-0.20851441405707968,-0.20851441405707968,-0.20851441405707968,4.795831523312715,-0.20851441405707968,-0.20851441405707968,-0.20851441405707968,-0.20851441405707968,-0.20851441405707968,-0.20851441405707968,-0.20851441405707968,-0.20851441405707968,-0.20851441405707968,-0.20851441405707968,-0.20851441405707968,-0.20851441405707968,-0.20851441405707968,-0.20851441405707968,-0.20851441405707968,-0.20851441405707968,-0.20851441405707968,-0.20851441405707968,-0.20851441405707968,-0.20851441405707968,-0.20851441405707968,-0.20851441405707968,-0.20851441405707968,4.795831523312715
871,-0.753216073089334,-1.1820122933226669,-1.3884627241587508,-1.4813748795579418,-1.4669933646692686,-1.3368028088349644,-1.0836124546106929,-0.5759071329487193,-0.12667402313674567,0.29001144771665194,0.44309888909739614,0.3535928819613121,0.24800228580500153,0.11402712078946768,-0.08844947040632499,-0.23491384571991708,-0.08693562673383308,0.5403633450550013,1.5372294033909226,1.760899806001602,1.7181337222537054,1.4636187548160036,0.9498580584640622,0.3865189818380111,-0.20851441405706916,-0.20851441405706916,-0.20851441405706916,-0.20851441405706916,-0.20851441405706916,-0.20851441405706916,-0.20851441405706916,-0.20851441405706916,-0.20851441405706916,-0.20851441405706916,-0.20851441405706916,-0.20851441405706916,-0.20851441405706916,-0.20851441405706916,-0.20851441405706916,-0.20851441405706916,-0.20851441405706916,-0.20851441405706916,-0.20851441405706916,-0.20851441405706916,-0.20851441405706916,-0.20851441405706916,-0.20851441405706916,4.795831523312725,-0.20851441405706916,-0.20851441405706916,-0.20851441405706916,-0.20851441405706916,-0.20851441405706916,-0.20851441405706916,-0.20851441405706916,-0.20851441405706916,-0.20851441405706916,-0.20851441405706916,-0.20851441405706916,-0.20851441405706916,-0.20851441405706916,-0.20851441405706916,-0.20851441405706916,-0.20851441405706916,-0.20851441405706916,-0.20851441405706916,-0.20851441405706916,-0.20851441405706916,-0.20851441405706916,-0.20851441405706916,-0.20851441405706916,4.795831523312725,-0.20851441405706916,-0.20851441405706916,-0.20851441405706916,-0.20851441405706916,-0.20851441405706916,-0.20851441405706916,-0.20851441405706916,-0.20851441405706916,-0.20851441405706916,-0.20851441405706916,-0.20851441405706916,-0.20851441405706916,-0.20851441405706916,-0.20851441405706916,-0.20851441405706916,-0.20851441405706916,-0.20851441405706916,-0.20851441405706916,-0.20851441405706916,-0.20851441405706916,-0.20851441405706916,-0.20851441405706916,-0.20851441405706916,4.795831523312725
872,-1.2983743089051187,-1.54036628795948,-1.6643133991824455,-1.691857201676438,-1.590803640578349,-1.123632133342583,-0.10969826101503358,1.0508974168000074,1.4511768322646494,1.331164549969397,1.0267518756526766,0.7332494088173425,0.42382877041080513,0.12460291604425194,-0.02706685353305654,-0.2014513173748912,-0.2865867069017766,0.15822781779016468,0.9578923694176956,1.0682464352540155,0.91747094497846,0.6384558028315247,0.15590269160560688,-0.5037177213674046,0.20851441405707252,0.20851441405707252,0.20851441405707252,0.20851441405707252,0.20851441405707252,0.20851441405707252,0.20851441405707252,0.20851441405707252,0.20851441405707252,0.20851441405707252,0.20851441405707252,0.20851441405707252,0.20851441405707252,0.20851441405707252,0.20851441405707252,0.20851441405707252,0.20851441405707252,0.20851441405707252,0.20851441405707252,0.20851441405707252,0.20851441405707252,0.20851441405707252,0.20851441405707252,-4.795831523312722,0.20851441405707252,0.20851441405707252,0.20851441405707252,0.20851441405707252,0.20851441405707252,0.20851441405707252,0.20851441405707252,0.20851441405707252,0.20851441405707252,0.20851441405707252,0.20851441405707252,0.20851441405707252,0.20851441405707252,0.20851441405707252,0.20851441405707252,0.20851441405707252,0.20851441405707252,0.20851441405707252,0.20851441405707252,0.20851441405707252,0.20851441405707252,0.20851441405707252,0.20851441405707252,-4.795831523312722,0.20851441405707252,0.20851441405707252,0.20851441405707252,0.20851441405707252,0.20851441405707252,0.20851441405707252,0.20851441405707252,0.20851441405707252,0.20851441405707252,0.20851441405707252,0.20851441405707252,0.20851441405707252,0.20851441405707252,0.20851441405707252,0.20851441405707252,0.20851441405707252,0.20851441405707252,0.20851441405707252,0.20851441405707252,0.20851441405707252,0.20851441405707252,0.20851441405707252,0.20851441405707252,-4.795831523312722
873,-0.9764503846456346,-1.4544069782771498,-1.7480889008483893,-1.8365855513879745,-1.7721734323243525,-1.4650489805572264,-0.5020411251074782,0.6790344261866488,1.043476328830679,1.0024019340654708,0.8442655142194186,0.6273180291413637,0.42194605531532203,0.2281495927412936,0.1491747337154612,0.06870626033453031,0.06870626033453031,0.47384915415499435,1.1605383539115228,1.2339121591057358,1.0466502593352633,0.8071118571363438,0.2617559157310095,-0.3622014811113826,-0.20851441405707394,-0.20851441405707394,-0.20851441405707394,-0.20851441405707394,-0.20851441405707394,-0.20851441405707394,-0.20851441405707394,-0.20851441405707394,-0.20851441405707394,-0.20851441405707394,-0.20851441405707394,-0.20851441405707394,-0.20851441405707394,-0.20851441405707394,-0.20851441405707394,-0.20851441405707394,-0.20851441405707394,-0.20851441405707394,-0.20851441405707394,-0.20851441405707394,-0.20851441405707394,-0.20851441405707394,-0.20851441405707394,4.795831523312721,-0.20851441405707394,-0.20851441405707394,-0.20851441405707394,-0.20851441405707394,-0.20851441405707394,-0.20851441405707394,-0.20851441405707394,-0.20851441405707394,-0.20851441405707394,-0.20851441405707394,-0.20851441405707394,-0.20851441405707394,-0.20851441405707394,-0.20851441405707394,-0.20851441405707394,-0.20851441405707394,-0.20851441405707394,-0.20851441405707394,-0.20851441405707394,-0.20851441405707394,-0.20851441405707394,-0.20851441405707394,-0.20851441405707394,4.795831523312721,-0.20851441405707394,-0.20851441405707394,-0.20851441405707394,-0.20851441405707394,-0.20851441405707394,-0.20851441405707394,-0.20851441405707394,-0.20851441405707394,-0.20851441405707394,-0.20851441405707394,-0.20851441405707394,-0.20851441405707394,-0.20851441405707394,-0.20851441405707394,-0.20851441405707394,-0.20851441405707394,-0.20851441405707394,-0.20851441405707394,-0.20851441405707394,-0.20851441405707394,-0.20851441405707394,-0.20851441405707394,-0.20851441405707394,4.795831523312721
874,-1.0551827185631804,-1.483485725256529,-1.6432240096795012,-1.7581068753723261,-1.749590023714703,-1.370874020005737,-0.4300458068936575,0.6640857360556346,1.1451932230262454,1.1978084399333382,1.1022304379977919,0.9169415986019509,0.7009920932386673,0.4059304991445752,0.24316400079889258,0.005259944495958782,-0.0558721240687569,0.32719693715410547,1.0359882584385025,1.0645670273340817,0.8683009124684155,0.5361436978211213,0.005638471236297579,-0.673059974191165,-0.20851441405707707,-0.20851441405707707,-0.20851441405707707,-0.20851441405707707,-0.20851441405707707,-0.20851441405707707,-0.20851441405707707,-0.20851441405707707,-0.20851441405707707,-0.20851441405707707,-0.20851441405707707,-0.20851441405707707,-0.20851441405707707,-0.20851441405707707,-0.20851441405707707,-0.20851441405707707,-0.20851441405707707,-0.20851441405707707,-0.20851441405707707,-0.20851441405707707,-0.20851441405707707,-0.20851441405707707,-0.20851441405707707,4.7958315233127164,-0.20851441405707707,-0.20851441405707707,-0.20851441405707707,-0.20851441405707707,-0.20851441405707707,-0.20851441405707707,-0.20851441405707707,-0.20851441405707707,-0.20851441405707707,-0.20851441405707707,-0.20851441405707707,-0.20851441405707707,-0.20851441405707707,-0.20851441405707707,-0.20851441405707707,-0.20851441405707707,-0.20851441405707707,-0.20851441405707707,-0.20851441405707707,-0.20851441405707707,-0.20851441405707707,-0.20851441405707707,-0.20851441405707707,4.7958315233127164,-0.20851441405707707,-0.20851441405707707,-0.20851441405707707,-0.20851441405707707,-0.20851441405707707,-0.20851441405707707,-0.20851441405707707,-0.20851441405707707,-0.20851441405707707,-0.20851441405707707,-0.20851441405707707,-0.20851441405707707,-0.20851441405707707,-0.20851441405707707,-0.20851441405707707,-0.20851441405707707,-0.20851441405707707,-0.20851441405707707,-0.20851441405707707,-0.20851441405707707,-0.20851441405707707,-0.20851441405707707,-0.20851441405707707,4.7958315233127164
875,0.8640136446738556,0.2209289229964328,-0.011660395347844767,-0.23163050599472004,-0.2882932229105068,-0.10197433279003765,0.22563019645232776,0.7902778820498186,1.3192948635605266,1.7859581129193642,1.8344554601485967,1.5340688298614127,0.7766689325722279,-0.2996752533826736,-1.1360070576418844,-1.6652714745976394,-1.8805403117886197,-1.5413063166290404,-0.6220836382790499,-0.2947265444817315,-0.15566782436525917,-0.13612042420653797,-0.31798547631615925,-0.6683540665028582,-0.2085144140570718,-0.2085144140570718,-0.2085144140570718,-0.2085144140570718,-0.2085144140570718,-0.2085144140570718,-0.2085144140570718,-0.2085144140570718,-0.2085144140570718,-0.2085144140570718,-0.2085144140570718,-0.2085144140570718,-0.2085144140570718,-0.2085144140570718,-0.2085144140570718,-0.2085144140570718,-0.2085144140570718,-0.2085144140570718,-0.2085144140570718,-0.2085144140570718,-0.2085144140570718,-0.2085144140570718,-0.2085144140570718,4.795831523312723,-0.2085144140570718,-0.2085144140570718,-0.2085144140570718,-0.2085144140570718,-0.2085144140570718,-0.2085144140570718,-0.2085144140570718,-0.2085144140570718,-0.2085144140570718,-0.2085144140570718,-0.2085144140570718,-0.2085144140570718,-0.2085144140570718,-0.2085144140570718,-0.2085144140570718,-0.2085144140570718,-0.2085144140570718,-0.2085144140570718,-0.2085144140570718,-0.2085144140570718,-0.2085144140570718,-0.2085144140570718,-0.2085144140570718,4.795831523312723,-0.2085144140570718,-0.2085144140570718,-0.2085144140570718,-0.2085144140570718,-0.2085144140570718,-0.2085144140570718,-0.2085144140570718,-0.2085144140570718,-0.2085144140570718,-0.2085144140570718,-0.2085144140570718,-0.2085144140570718,-0.2085144140570718,-0.2085144140570718,-0.2085144140570718,-0.2085144140570718,-0.2085144140570718,-0.2085144140570718,-0.2085144140570718,-0.2085144140570718,-0.2085144140570718,-0.2085144140570718,-0.2085144140570718,4.795831523312723
876,-0.7006178090283496,-1.114990064459099,-1.3559952336400418,-1.4528244892046156,-1.26486181663809,-1.0124649703319033,-0.14705349872352527,0.938359737366127,1.4634448548578414,1.5866173637745418,1.2249316150480456,0.7144420838730501,0.23527966479247556,-0.2905174325195666,-0.6575430298985208,-0.8647291576138956,-0.8138226004604615,-0.10148679022254939,1.2637345152559079,1.3762273268676921,1.1216945411005221,0.7044743663884616,0.08291598324233741,-0.9352151598263426,0.2085144140570791,0.2085144140570791,0.2085144140570791,0.2085144140570791,0.2085144140570791,0.2085144140570791,0.2085144140570791,0.2085144140570791,0.2085144140570791,0.2085144140570791,0.2085144140570791,0.2085144140570791,0.2085144140570791,0.2085144140570791,0.2085144140570791,0.2085144140570791,0.2085144140570791,0.2085144140570791,0.2085144140570791,0.2085144140570791,0.2085144140570791,0.2085144140570791,0.2085144140570791,-4.795831523312716,0.2085144140570791,0.2085144140570791,0.2085144140570791,0.2085144140570791,0.2085144140570791,0.2085144140570791,0.2085144140570791,0.2085144140570791,0.2085144140570791,0.2085144140570791,0.2085144140570791,0.2085144140570791,0.2085144140570791,0.2085144140570791,0.2085144140570791,0.2085144140570791,0.2085144140570791,0.2085144140570791,0.2085144140570791,0.2085144140570791,0.2085144140570791,0.2085144140570791,0.2085144140570791,-4.795831523312716,0.2085144140570791,0.2085144140570791,0.2085144140570791,0.2085144140570791,0.2085144140570791,0.2085144140570791,0.2085144140570791,0.2085144140570791,0.2085144140570791,0.2085144140570791,0.2085144140570791,0.2085144140570791,0.2085144140570791,0.2085144140570791,0.2085144140570791,0.2085144140570791,0.2085144140570791,0.2085144140570791,0.2085144140570791,0.2085144140570791,0.2085144140570791,0.2085144140570791,0.2085144140570791,-4.795831523312716
877,-0.8060946486930158,-1.29438464411539,-1.6042268412106782,-1.7076555402410538,-1.6390729908840023,-1.445976492694245,-0.9306085975257212,-0.32268755322486553,0.1580561422682537,0.545358888637364,0.6556680376032368,0.5686636384188865,0.4366033896569262,0.18380234202688797,-0.012179506135819444,-0.09696440534097713,-0.01839410607755875,0.514729788924506,1.4016419806098728,1.5814214789244743,1.4174004304621404,1.2329599821912345,0.8820570354808829,0.2998821909386615,-0.20851441405707255,-0.20851441405707255,-0.20851441405707255,-0.20851441405707255,-0.20851441405707255,-0.20851441405707255,-0.20851441405707255,-0.20851441405707255,-0.20851441405707255,-0.20851441405707255,-0.20851441405707255,-0.20851441405707255,-0.20851441405707255,-0.20851441405707255,-0.20851441405707255,-0.20851441405707255,-0.20851441405707255,-0.20851441405707255,-0.20851441405707255,-0.20851441405707255,-0.20851441405707255,-0.20851441405707255,-0.20851441405707255,4.795831523312722,-0.20851441405707255,-0.20851441405707255,-0.20851441405707255,-0.20851441405707255,-0.20851441405707255,-0.20851441405707255,-0.20851441405707255,-0.20851441405707255,-0.20851441405707255,-0.20851441405707255,-0.20851441405707255,-0.20851441405707255,-0.20851441405707255,-0.20851441405707255,-0.20851441405707255,-0.20851441405707255,-0.20851441405707255,-0.20851441405707255,-0.20851441405707255,-0.20851441405707255,-0.20851441405707255,-0.20851441405707255,-0.20851441405707255,4.795831523312722,-0.20851441405707255,-0.20851441405707255,-0.20851441405707255,-0.20851441405707255,-0.20851441405707255,-0.20851441405707255,-0.20851441405707255,-0.20851441405707255,-0.20851441405707255,-0.20851441405707255,-0.20851441405707255,-0.20851441405707255,-0.20851441405707255,-0.20851441405707255,-0.20851441405707255,-0.20851441405707255,-0.20851441405707255,-0.20851441405707255,-0.20851441405707255,-0.20851441405707255,-0.20851441405707255,-0.20851441405707255,-0.20851441405707255,4.795831523312722
878,-0.7180274562547515,-1.1300206993907302,-1.318195141339916,-1.4091576944592643,-1.3605517500443454,-1.2279269588550668,-0.8180168276225845,-0.23428258088722578,0.20826297016670203,0.41310230734386,0.29991989392054896,0.07100904141409785,-0.10559255662677397,-0.2585855530946852,-0.406255041364772,-0.4435195987495431,-0.29677593799212143,0.4765214919614208,1.736341279820484,1.8992869220495454,1.8344789961629868,1.482664541350241,1.0396560765399807,0.26566427595193953,-0.20851441405707224,-0.20851441405707224,-0.20851441405707224,-0.20851441405707224,-0.20851441405707224,-0.20851441405707224,-0.20851441405707224,-0.20851441405707224,-0.20851441405707224,-0.20851441405707224,-0.20851441405707224,-0.20851441405707224,-0.20851441405707224,-0.20851441405707224,-0.20851441405707224,-0.20851441405707224,-0.20851441405707224,-0.20851441405707224,-0.20851441405707224,-0.20851441405707224,-0.20851441405707224,-0.20851441405707224,-0.20851441405707224,4.795831523312722,-0.20851441405707224,-0.20851441405707224,-0.20851441405707224,-0.20851441405707224,-0.20851441405707224,-0.20851441405707224,-0.20851441405707224,-0.20851441405707224,-0.20851441405707224,-0.20851441405707224,-0.20851441405707224,-0.20851441405707224,-0.20851441405707224,-0.20851441405707224,-0.20851441405707224,-0.20851441405707224,-0.20851441405707224,-0.20851441405707224,-0.20851441405707224,-0.20851441405707224,-0.20851441405707224,-0.20851441405707224,-0.20851441405707224,4.795831523312722,-0.20851441405707224,-0.20851441405707224,-0.20851441405707224,-0.20851441405707224,-0.20851441405707224,-0.20851441405707224,-0.20851441405707224,-0.20851441405707224,-0.20851441405707224,-0.20851441405707224,-0.20851441405707224,-0.20851441405707224,-0.20851441405707224,-0.20851441405707224,-0.20851441405707224,-0.20851441405707224,-0.20851441405707224,-0.20851441405707224,-0.20851441405707224,-0.20851441405707224,-0.20851441405707224,-0.20851441405707224,-0.20851441405707224,4.795831523312722
879,-1.3354088634145884,-1.6010186079823852,-1.744138421802897,-1.7399479768036477,-1.5845791699084075,-1.2038933588227667,-0.18078009515991902,0.9854529823234406,1.3389009009139612,1.096499774803545,0.8576444098463394,0.6163714804664902,0.373486841471545,0.19362004842684774,0.13301976689924366,0.04115231883878001,-0.004459063268432643,0.38976510858401314,1.0755475498072988,1.1385653957575466,0.9793284857860763,0.6656897946884233,0.05904229556634399,-0.5498615970168694,0.2085144140570768,0.2085144140570768,0.2085144140570768,0.2085144140570768,0.2085144140570768,0.2085144140570768,0.2085144140570768,0.2085144140570768,0.2085144140570768,0.2085144140570768,0.2085144140570768,0.2085144140570768,0.2085144140570768,0.2085144140570768,0.2085144140570768,0.2085144140570768,0.2085144140570768,0.2085144140570768,0.2085144140570768,0.2085144140570768,0.2085144140570768,0.2085144140570768,0.2085144140570768,-4.795831523312717,0.2085144140570768,0.2085144140570768,0.2085144140570768,0.2085144140570768,0.2085144140570768,0.2085144140570768,0.2085144140570768,0.2085144140570768,0.2085144140570768,0.2085144140570768,0.2085144140570768,0.2085144140570768,0.2085144140570768,0.2085144140570768,0.2085144140570768,0.2085144140570768,0.2085144140570768,0.2085144140570768,0.2085144140570768,0.2085144140570768,0.2085144140570768,0.2085144140570768,0.2085144140570768,-4.795831523312717,0.2085144140570768,0.2085144140570768,0.2085144140570768,0.2085144140570768,0.2085144140570768,0.2085144140570768,0.2085144140570768,0.2085144140570768,0.2085144140570768,0.2085144140570768,0.2085144140570768,0.2085144140570768,0.2085144140570768,0.2085144140570768,0.2085144140570768,0.2085144140570768,0.2085144140570768,0.2085144140570768,0.2085144140570768,0.2085144140570768,0.2085144140570768,0.2085144140570768,0.2085144140570768,-4.795831523312717
880,-1.0601658776847986,-1.4915979167765452,-1.7017827563340626,-1.7428978609141736,-1.7528539848932139,-1.3859523789989507,-0.35162172117643037,0.8928937762036077,1.212042861531733,0.952814892744128,0.754798649160993,0.5324452136290929,0.37701905595629703,0.27008290951475306,0.2016806503254206,0.10506937319547395,0.08312902590832957,0.4741834510850793,1.1799620175992698,1.2369331714793337,1.0735789891565612,0.7149741532448318,0.1146567518419572,-0.6893924457986866,-0.20851441405706292,-0.20851441405706292,-0.20851441405706292,-0.20851441405706292,-0.20851441405706292,-0.20851441405706292,-0.20851441405706292,-0.20851441405706292,-0.20851441405706292,-0.20851441405706292,-0.20851441405706292,-0.20851441405706292,-0.20851441405706292,-0.20851441405706292,-0.20851441405706292,-0.20851441405706292,-0.20851441405706292,-0.20851441405706292,-0.20851441405706292,-0.20851441405706292,-0.20851441405706292,-0.20851441405706292,-0.20851441405706292,4.7958315233127315,-0.20851441405706292,-0.20851441405706292,-0.20851441405706292,-0.20851441405706292,-0.20851441405706292,-0.20851441405706292,-0.20851441405706292,-0.20851441405706292,-0.20851441405706292,-0.20851441405706292,-0.20851441405706292,-0.20851441405706292,-0.20851441405706292,-0.20851441405706292,-0.20851441405706292,-0.20851441405706292,-0.20851441405706292,-0.20851441405706292,-0.20851441405706292,-0.20851441405706292,-0.20851441405706292,-0.20851441405706292,-0.20851441405706292,4.7958315233127315,-0.20851441405706292,-0.20851441405706292,-0.20851441405706292,-0.20851441405706292,-0.20851441405706292,-0.20851441405706292,-0.20851441405706292,-0.20851441405706292,-0.20851441405706292,-0.20851441405706292,-0.20851441405706292,-0.20851441405706292,-0.20851441405706292,-0.20851441405706292,-0.20851441405706292,-0.20851441405706292,-0.20851441405706292,-0.20851441405706292,-0.20851441405706292,-0.20851441405706292,-0.20851441405706292,-0.20851441405706292,-0.20851441405706292,4.7958315233127315
881,-1.0712797765265547,-1.4550408310059357,-1.6625525233906717,-1.7770747333309025,-1.7834548007370437,-1.5004988112746904,-0.6283435968552161,0.4629669329652014,0.7754307341809568,0.6819627466809911,0.5805196749233493,0.5331476744327523,0.4492497880419983,0.3573768173935679,0.30777179331082166,0.21478231086631666,0.2444496243048723,0.6795702214036883,1.3250735412200036,1.3912667405587165,1.193325149283192,0.8515130379991881,0.2592832810241501,-0.4294449954687705,0.2085144140570736,0.2085144140570736,0.2085144140570736,0.2085144140570736,0.2085144140570736,0.2085144140570736,0.2085144140570736,0.2085144140570736,0.2085144140570736,0.2085144140570736,0.2085144140570736,0.2085144140570736,0.2085144140570736,0.2085144140570736,0.2085144140570736,0.2085144140570736,0.2085144140570736,0.2085144140570736,0.2085144140570736,0.2085144140570736,0.2085144140570736,0.2085144140570736,0.2085144140570736,-4.795831523312721,0.2085144140570736,0.2085144140570736,0.2085144140570736,0.2085144140570736,0.2085144140570736,0.2085144140570736,0.2085144140570736,0.2085144140570736,0.2085144140570736,0.2085144140570736,0.2085144140570736,0.2085144140570736,0.2085144140570736,0.2085144140570736,0.2085144140570736,0.2085144140570736,0.2085144140570736,0.2085144140570736,0.2085144140570736,0.2085144140570736,0.2085144140570736,0.2085144140570736,0.2085144140570736,-4.795831523312721,0.2085144140570736,0.2085144140570736,0.2085144140570736,0.2085144140570736,0.2085144140570736,0.2085144140570736,0.2085144140570736,0.2085144140570736,0.2085144140570736,0.2085144140570736,0.2085144140570736,0.2085144140570736,0.2085144140570736,0.2085144140570736,0.2085144140570736,0.2085144140570736,0.2085144140570736,0.2085144140570736,0.2085144140570736,0.2085144140570736,0.2085144140570736,0.2085144140570736,0.2085144140570736,-4.795831523312721
882,-1.0030440113789416,-1.4182373032087858,-1.701394617152081,-1.733145713017046,-1.8035880349906845,-1.5743902336922206,-0.7178046583625339,0.37196929315574884,0.790632650107447,0.772414808217713,0.7142912174266567,0.6205994591365958,0.4476167128121684,0.30239448746257397,0.23195216548893557,0.09974268434629403,0.055499354042654145,0.49342157242064266,1.2132865819492775,1.3196440779341059,1.2439966582776862,0.9976220346260446,0.44241161512938726,-0.16589080073163798,-0.20851441405708068,-0.20851441405708068,-0.20851441405708068,-0.20851441405708068,-0.20851441405708068,-0.20851441405708068,-0.20851441405708068,-0.20851441405708068,-0.20851441405708068,-0.20851441405708068,-0.20851441405708068,-0.20851441405708068,-0.20851441405708068,-0.20851441405708068,-0.20851441405708068,-0.20851441405708068,-0.20851441405708068,-0.20851441405708068,-0.20851441405708068,-0.20851441405708068,-0.20851441405708068,-0.20851441405708068,-0.20851441405708068,4.795831523312714,-0.20851441405708068,-0.20851441405708068,-0.20851441405708068,-0.20851441405708068,-0.20851441405708068,-0.20851441405708068,-0.20851441405708068,-0.20851441405708068,-0.20851441405708068,-0.20851441405708068,-0.20851441405708068,-0.20851441405708068,-0.20851441405708068,-0.20851441405708068,-0.20851441405708068,-0.20851441405708068,-0.20851441405708068,-0.20851441405708068,-0.20851441405708068,-0.20851441405708068,-0.20851441405708068,-0.20851441405708068,-0.20851441405708068,4.795831523312714,-0.20851441405708068,-0.20851441405708068,-0.20851441405708068,-0.20851441405708068,-0.20851441405708068,-0.20851441405708068,-0.20851441405708068,-0.20851441405708068,-0.20851441405708068,-0.20851441405708068,-0.20851441405708068,-0.20851441405708068,-0.20851441405708068,-0.20851441405708068,-0.20851441405708068,-0.20851441405708068,-0.20851441405708068,-0.20851441405708068,-0.20851441405708068,-0.20851441405708068,-0.20851441405708068,-0.20851441405708068,-0.20851441405708068,4.795831523312714
883,-0.9507118672975038,-1.3752391548416667,-1.6909700129394099,-1.7627635902266037,-1.6394877838483128,-1.2473379919434726,-0.17626630389979103,1.231450897809892,1.5906198867032482,1.3836854580519249,1.0225054445846975,0.7345267256063739,0.43810170341779203,0.16178692696792,0.05661034175446797,-0.11271792736546819,-0.19336001277769432,0.3027597495962754,0.9804750309907942,0.9289928018996972,0.7013448201375028,0.4085396421818887,-0.03790781321746789,-0.7546369713450837,-0.20851441405715254,-0.20851441405715254,-0.20851441405715254,-0.20851441405715254,-0.20851441405715254,-0.20851441405715254,-0.20851441405715254,-0.20851441405715254,-0.20851441405715254,-0.20851441405715254,-0.20851441405715254,-0.20851441405715254,-0.20851441405715254,-0.20851441405715254,-0.20851441405715254,-0.20851441405715254,-0.20851441405715254,-0.20851441405715254,-0.20851441405715254,-0.20851441405715254,-0.20851441405715254,-0.20851441405715254,-0.20851441405715254,4.795831523312642,-0.20851441405715254,-0.20851441405715254,-0.20851441405715254,-0.20851441405715254,-0.20851441405715254,-0.20851441405715254,-0.20851441405715254,-0.20851441405715254,-0.20851441405715254,-0.20851441405715254,-0.20851441405715254,-0.20851441405715254,-0.20851441405715254,-0.20851441405715254,-0.20851441405715254,-0.20851441405715254,-0.20851441405715254,-0.20851441405715254,-0.20851441405715254,-0.20851441405715254,-0.20851441405715254,-0.20851441405715254,-0.20851441405715254,4.795831523312642,-0.20851441405715254,-0.20851441405715254,-0.20851441405715254,-0.20851441405715254,-0.20851441405715254,-0.20851441405715254,-0.20851441405715254,-0.20851441405715254,-0.20851441405715254,-0.20851441405715254,-0.20851441405715254,-0.20851441405715254,-0.20851441405715254,-0.20851441405715254,-0.20851441405715254,-0.20851441405715254,-0.20851441405715254,-0.20851441405715254,-0.20851441405715254,-0.20851441405715254,-0.20851441405715254,-0.20851441405715254,-0.20851441405715254,4.795831523312642
884,-0.27941563335579134,-0.9108076905828266,-1.4193620005386367,-1.6366671062764309,-1.6894843194765892,-1.4791209046165301,-0.8688557326695581,0.028131453792559043,0.7032863448140113,1.1759249497937136,1.1442346218736186,0.7941319515182835,0.2934247703807828,-0.1324328743359222,-0.4626159099986262,-0.5969225378504573,-0.5419926361222926,0.3109299038985495,1.507617048690708,1.5504744445445506,1.325624022635305,0.9728050384582476,0.5034863725939839,-0.29239357717068737,-0.2085144140570757,-0.2085144140570757,-0.2085144140570757,-0.2085144140570757,-0.2085144140570757,-0.2085144140570757,-0.2085144140570757,-0.2085144140570757,-0.2085144140570757,-0.2085144140570757,-0.2085144140570757,-0.2085144140570757,-0.2085144140570757,-0.2085144140570757,-0.2085144140570757,-0.2085144140570757,-0.2085144140570757,-0.2085144140570757,-0.2085144140570757,-0.2085144140570757,-0.2085144140570757,-0.2085144140570757,-0.2085144140570757,4.795831523312718,-0.2085144140570757,-0.2085144140570757,-0.2085144140570757,-0.2085144140570757,-0.2085144140570757,-0.2085144140570757,-0.2085144140570757,-0.2085144140570757,-0.2085144140570757,-0.2085144140570757,-0.2085144140570757,-0.2085144140570757,-0.2085144140570757,-0.2085144140570757,-0.2085144140570757,-0.2085144140570757,-0.2085144140570757,-0.2085144140570757,-0.2085144140570757,-0.2085144140570757,-0.2085144140570757,-0.2085144140570757,-0.2085144140570757,4.795831523312718,-0.2085144140570757,-0.2085144140570757,-0.2085144140570757,-0.2085144140570757,-0.2085144140570757,-0.2085144140570757,-0.2085144140570757,-0.2085144140570757,-0.2085144140570757,-0.2085144140570757,-0.2085144140570757,-0.2085144140570757,-0.2085144140570757,-0.2085144140570757,-0.2085144140570757,-0.2085144140570757,-0.2085144140570757,-0.2085144140570757,-0.2085144140570757,-0.2085144140570757,-0.2085144140570757,-0.2085144140570757,-0.2085144140570757,4.795831523312718
885,-0.46492068739237585,-0.9778784607723685,-1.2544757007161127,-1.369162361180592,-1.3631389021225837,-1.258330714513238,-0.9629402823085077,-0.35457091744966257,0.026593571741106943,0.33764499749665905,0.3212611888588763,0.0810456416255026,-0.13242574739031396,-0.2061528862603364,-0.28518066910140616,-0.37312317134832834,-0.20302068755017205,0.7588052548326042,1.886637728854091,2.0430067259999882,1.8483285292451577,1.4560808753876529,0.666525862063916,-0.22060918799955648,0.20851441405707413,0.20851441405707413,0.20851441405707413,0.20851441405707413,0.20851441405707413,0.20851441405707413,0.20851441405707413,0.20851441405707413,0.20851441405707413,0.20851441405707413,0.20851441405707413,0.20851441405707413,0.20851441405707413,0.20851441405707413,0.20851441405707413,0.20851441405707413,0.20851441405707413,0.20851441405707413,0.20851441405707413,0.20851441405707413,0.20851441405707413,0.20851441405707413,0.20851441405707413,-4.795831523312721,0.20851441405707413,0.20851441405707413,0.20851441405707413,0.20851441405707413,0.20851441405707413,0.20851441405707413,0.20851441405707413,0.20851441405707413,0.20851441405707413,0.20851441405707413,0.20851441405707413,0.20851441405707413,0.20851441405707413,0.20851441405707413,0.20851441405707413,0.20851441405707413,0.20851441405707413,0.20851441405707413,0.20851441405707413,0.20851441405707413,0.20851441405707413,0.20851441405707413,0.20851441405707413,-4.795831523312721,0.20851441405707413,0.20851441405707413,0.20851441405707413,0.20851441405707413,0.20851441405707413,0.20851441405707413,0.20851441405707413,0.20851441405707413,0.20851441405707413,0.20851441405707413,0.20851441405707413,0.20851441405707413,0.20851441405707413,0.20851441405707413,0.20851441405707413,0.20851441405707413,0.20851441405707413,0.20851441405707413,0.20851441405707413,0.20851441405707413,0.20851441405707413,0.20851441405707413,0.20851441405707413,-4.795831523312721
886,-1.2479610123840754,-1.5241692297490297,-1.686347783056156,-1.7366790582204363,-1.7077624448469202,-1.5213048482356153,-0.7619709489414425,0.18177456016873925,0.5616461084953552,0.5451418150133012,0.6012018532044104,0.5913811165869898,0.5287739206509335,0.5279555259328151,0.49331014953247027,0.44407006732568094,0.49453774160964786,0.8233960191735513,1.2317749835146243,1.26601116255591,1.0934662761526177,0.7935246119622303,0.33917914428684154,-0.33094973073242756,0.20851441405707408,0.20851441405707408,0.20851441405707408,0.20851441405707408,0.20851441405707408,0.20851441405707408,0.20851441405707408,0.20851441405707408,0.20851441405707408,0.20851441405707408,0.20851441405707408,0.20851441405707408,0.20851441405707408,0.20851441405707408,0.20851441405707408,0.20851441405707408,0.20851441405707408,0.20851441405707408,0.20851441405707408,0.20851441405707408,0.20851441405707408,0.20851441405707408,0.20851441405707408,-4.795831523312721,0.20851441405707408,0.20851441405707408,0.20851441405707408,0.20851441405707408,0.20851441405707408,0.20851441405707408,0.20851441405707408,0.20851441405707408,0.20851441405707408,0.20851441405707408,0.20851441405707408,0.20851441405707408,0.20851441405707408,0.20851441405707408,0.20851441405707408,0.20851441405707408,0.20851441405707408,0.20851441405707408,0.20851441405707408,0.20851441405707408,0.20851441405707408,0.20851441405707408,0.20851441405707408,-4.795831523312721,0.20851441405707408,0.20851441405707408,0.20851441405707408,0.20851441405707408,0.20851441405707408,0.20851441405707408,0.20851441405707408,0.20851441405707408,0.20851441405707408,0.20851441405707408,0.20851441405707408,0.20851441405707408,0.20851441405707408,0.20851441405707408,0.20851441405707408,0.20851441405707408,0.20851441405707408,0.20851441405707408,0.20851441405707408,0.20851441405707408,0.20851441405707408,0.20851441405707408,0.20851441405707408,-4.795831523312721
887,-1.1969985691129088,-1.510070520638656,-1.702747558626724,-1.7774014402856413,-1.7179945692529779,-1.4286401898125145,-0.8196632913179877,-0.044098684129204854,0.2858014494951485,0.32962248744319683,0.4268645329928607,0.5035513494019452,0.4937254981094705,0.5117960292220677,0.4921443266371182,0.4408691946051236,0.43454450871571454,0.7870328062308144,1.2648854133395577,1.2954923754115193,1.2103349975434048,1.0271449883894503,0.6176215770502154,0.07618328858902053,0.20851441405707755,0.20851441405707755,0.20851441405707755,0.20851441405707755,0.20851441405707755,0.20851441405707755,0.20851441405707755,0.20851441405707755,0.20851441405707755,0.20851441405707755,0.20851441405707755,0.20851441405707755,0.20851441405707755,0.20851441405707755,0.20851441405707755,0.20851441405707755,0.20851441405707755,0.20851441405707755,0.20851441405707755,0.20851441405707755,0.20851441405707755,0.20851441405707755,0.20851441405707755,-4.7958315233127164,0.20851441405707755,0.20851441405707755,0.20851441405707755,0.20851441405707755,0.20851441405707755,0.20851441405707755,0.20851441405707755,0.20851441405707755,0.20851441405707755,0.20851441405707755,0.20851441405707755,0.20851441405707755,0.20851441405707755,0.20851441405707755,0.20851441405707755,0.20851441405707755,0.20851441405707755,0.20851441405707755,0.20851441405707755,0.20851441405707755,0.20851441405707755,0.20851441405707755,0.20851441405707755,-4.7958315233127164,0.20851441405707755,0.20851441405707755,0.20851441405707755,0.20851441405707755,0.20851441405707755,0.20851441405707755,0.20851441405707755,0.20851441405707755,0.20851441405707755,0.20851441405707755,0.20851441405707755,0.20851441405707755,0.20851441405707755,0.20851441405707755,0.20851441405707755,0.20851441405707755,0.20851441405707755,0.20851441405707755,0.20851441405707755,0.20851441405707755,0.20851441405707755,0.20851441405707755,0.20851441405707755,-4.7958315233127164
888,-1.1761286822472303,-1.5499128484117117,-1.7389328743323447,-1.775474789281287,-1.6717192315748526,-1.3236171341495875,-0.5392133775146627,0.5087617817238775,0.8065270244202783,0.625431751139175,0.5429556218166628,0.4321558395417577,0.2622139218273998,0.15611028926480847,0.09373955089813998,0.06614967133829604,0.15948564687053404,0.7174469345648248,1.3294139439507249,1.3956003039586484,1.28729535121841,1.0404539819649126,0.5334165677135253,-0.18215924470029943,0.20851441405701734,0.20851441405701734,0.20851441405701734,0.20851441405701734,0.20851441405701734,0.20851441405701734,0.20851441405701734,0.20851441405701734,0.20851441405701734,0.20851441405701734,0.20851441405701734,0.20851441405701734,0.20851441405701734,0.20851441405701734,0.20851441405701734,0.20851441405701734,0.20851441405701734,0.20851441405701734,0.20851441405701734,0.20851441405701734,0.20851441405701734,0.20851441405701734,0.20851441405701734,-4.795831523312777,0.20851441405701734,0.20851441405701734,0.20851441405701734,0.20851441405701734,0.20851441405701734,0.20851441405701734,0.20851441405701734,0.20851441405701734,0.20851441405701734,0.20851441405701734,0.20851441405701734,0.20851441405701734,0.20851441405701734,0.20851441405701734,0.20851441405701734,0.20851441405701734,0.20851441405701734,0.20851441405701734,0.20851441405701734,0.20851441405701734,0.20851441405701734,0.20851441405701734,0.20851441405701734,-4.795831523312777,0.20851441405701734,0.20851441405701734,0.20851441405701734,0.20851441405701734,0.20851441405701734,0.20851441405701734,0.20851441405701734,0.20851441405701734,0.20851441405701734,0.20851441405701734,0.20851441405701734,0.20851441405701734,0.20851441405701734,0.20851441405701734,0.20851441405701734,0.20851441405701734,0.20851441405701734,0.20851441405701734,0.20851441405701734,0.20851441405701734,0.20851441405701734,0.20851441405701734,0.20851441405701734,-4.795831523312777
889,-1.2591581522237627,-1.561881914272836,-1.7220072205535408,-1.7675770318856154,-1.6590507735132287,-1.3305274875099964,-0.5601873537917894,0.43547797011301353,0.7272649774423889,0.6442578134159641,0.6058389570929228,0.5218502894378071,0.27170707892574275,0.16318082055335614,0.09742007743107019,0.020582364784987657,0.0911104112466291,0.6265907480995291,1.2850394681469808,1.3700096394307872,1.2665311140059536,1.1057047337047552,0.6399111544889047,-0.012087684570007284,-0.20851441405707027,-0.20851441405707027,-0.20851441405707027,-0.20851441405707027,-0.20851441405707027,-0.20851441405707027,-0.20851441405707027,-0.20851441405707027,-0.20851441405707027,-0.20851441405707027,-0.20851441405707027,-0.20851441405707027,-0.20851441405707027,-0.20851441405707027,-0.20851441405707027,-0.20851441405707027,-0.20851441405707027,-0.20851441405707027,-0.20851441405707027,-0.20851441405707027,-0.20851441405707027,-0.20851441405707027,-0.20851441405707027,4.7958315233127236,-0.20851441405707027,-0.20851441405707027,-0.20851441405707027,-0.20851441405707027,-0.20851441405707027,-0.20851441405707027,-0.20851441405707027,-0.20851441405707027,-0.20851441405707027,-0.20851441405707027,-0.20851441405707027,-0.20851441405707027,-0.20851441405707027,-0.20851441405707027,-0.20851441405707027,-0.20851441405707027,-0.20851441405707027,-0.20851441405707027,-0.20851441405707027,-0.20851441405707027,-0.20851441405707027,-0.20851441405707027,-0.20851441405707027,4.7958315233127236,-0.20851441405707027,-0.20851441405707027,-0.20851441405707027,-0.20851441405707027,-0.20851441405707027,-0.20851441405707027,-0.20851441405707027,-0.20851441405707027,-0.20851441405707027,-0.20851441405707027,-0.20851441405707027,-0.20851441405707027,-0.20851441405707027,-0.20851441405707027,-0.20851441405707027,-0.20851441405707027,-0.20851441405707027,-0.20851441405707027,-0.20851441405707027,-0.20851441405707027,-0.20851441405707027,-0.20851441405707027,-0.20851441405707027,4.7958315233127236
890,-1.0545762704641135,-1.451684134331464,-1.6593992175502146,-1.7483932586052329,-1.6160239706494495,-1.1845150488952851,-0.22035061670887923,1.0279964675859885,1.4866149186531308,1.2701126086915528,1.03416622253308,0.7527880044914781,0.4388783512743023,0.11842501856778695,-0.12387808480890145,-0.30728807278153364,-0.3386977343303636,0.288186760748368,1.0953028851906241,1.0558538459834625,0.8860921038028815,0.646032547679681,0.17713117170071918,-0.5727744977775966,0.20851441405707427,0.20851441405707427,0.20851441405707427,0.20851441405707427,0.20851441405707427,0.20851441405707427,0.20851441405707427,0.20851441405707427,0.20851441405707427,0.20851441405707427,0.20851441405707427,0.20851441405707427,0.20851441405707427,0.20851441405707427,0.20851441405707427,0.20851441405707427,0.20851441405707427,0.20851441405707427,0.20851441405707427,0.20851441405707427,0.20851441405707427,0.20851441405707427,0.20851441405707427,-4.795831523312719,0.20851441405707427,0.20851441405707427,0.20851441405707427,0.20851441405707427,0.20851441405707427,0.20851441405707427,0.20851441405707427,0.20851441405707427,0.20851441405707427,0.20851441405707427,0.20851441405707427,0.20851441405707427,0.20851441405707427,0.20851441405707427,0.20851441405707427,0.20851441405707427,0.20851441405707427,0.20851441405707427,0.20851441405707427,0.20851441405707427,0.20851441405707427,0.20851441405707427,0.20851441405707427,-4.795831523312719,0.20851441405707427,0.20851441405707427,0.20851441405707427,0.20851441405707427,0.20851441405707427,0.20851441405707427,0.20851441405707427,0.20851441405707427,0.20851441405707427,0.20851441405707427,0.20851441405707427,0.20851441405707427,0.20851441405707427,0.20851441405707427,0.20851441405707427,0.20851441405707427,0.20851441405707427,0.20851441405707427,0.20851441405707427,0.20851441405707427,0.20851441405707427,0.20851441405707427,0.20851441405707427,-4.795831523312719
891,-0.2294181398957912,-0.9669042466520129,-1.2901441333111574,-1.538204874956358,-1.4718524311788688,-1.1659615779844805,-0.5916172595985992,0.19548099548666256,1.0078418782486747,1.4053478028973028,1.373084688033019,0.9241404010064292,0.2986620892507398,-0.23611425807517084,-0.6978420434442126,-1.062171746204096,-0.9866882321819982,-0.08971276515327954,1.226378826102974,1.4324366446229748,1.2790346645135504,1.0029719741182168,0.5275475833822622,-0.34629583902678135,-0.20851441405707444,-0.20851441405707444,-0.20851441405707444,-0.20851441405707444,-0.20851441405707444,-0.20851441405707444,-0.20851441405707444,-0.20851441405707444,-0.20851441405707444,-0.20851441405707444,-0.20851441405707444,-0.20851441405707444,-0.20851441405707444,-0.20851441405707444,-0.20851441405707444,-0.20851441405707444,-0.20851441405707444,-0.20851441405707444,-0.20851441405707444,-0.20851441405707444,-0.20851441405707444,-0.20851441405707444,-0.20851441405707444,4.79583152331272,-0.20851441405707444,-0.20851441405707444,-0.20851441405707444,-0.20851441405707444,-0.20851441405707444,-0.20851441405707444,-0.20851441405707444,-0.20851441405707444,-0.20851441405707444,-0.20851441405707444,-0.20851441405707444,-0.20851441405707444,-0.20851441405707444,-0.20851441405707444,-0.20851441405707444,-0.20851441405707444,-0.20851441405707444,-0.20851441405707444,-0.20851441405707444,-0.20851441405707444,-0.20851441405707444,-0.20851441405707444,-0.20851441405707444,4.79583152331272,-0.20851441405707444,-0.20851441405707444,-0.20851441405707444,-0.20851441405707444,-0.20851441405707444,-0.20851441405707444,-0.20851441405707444,-0.20851441405707444,-0.20851441405707444,-0.20851441405707444,-0.20851441405707444,-0.20851441405707444,-0.20851441405707444,-0.20851441405707444,-0.20851441405707444,-0.20851441405707444,-0.20851441405707444,-0.20851441405707444,-0.20851441405707444,-0.20851441405707444,-0.20851441405707444,-0.20851441405707444,-0.20851441405707444,4.79583152331272
892,-0.011355420124556091,-0.6379465523532756,-0.9079109755655583,-0.9985642876896406,-0.9814598891756628,-0.801863704778896,-0.4349743566540726,0.34356084904048295,0.9621699286293461,1.217880686413314,0.935087964315548,0.3164788847266848,-0.21945893537795247,-0.7371520637343467,-1.2314691807883047,-1.530796154782916,-1.3765714948485497,-0.30640629449067286,1.3056832654517334,1.7022202376674516,1.6982292113475235,1.3681143200277524,0.7212829828908257,-0.3947790201462248,0.20851441405707416,0.20851441405707416,0.20851441405707416,0.20851441405707416,0.20851441405707416,0.20851441405707416,0.20851441405707416,0.20851441405707416,0.20851441405707416,0.20851441405707416,0.20851441405707416,0.20851441405707416,0.20851441405707416,0.20851441405707416,0.20851441405707416,0.20851441405707416,0.20851441405707416,0.20851441405707416,0.20851441405707416,0.20851441405707416,0.20851441405707416,0.20851441405707416,0.20851441405707416,-4.79583152331272,0.20851441405707416,0.20851441405707416,0.20851441405707416,0.20851441405707416,0.20851441405707416,0.20851441405707416,0.20851441405707416,0.20851441405707416,0.20851441405707416,0.20851441405707416,0.20851441405707416,0.20851441405707416,0.20851441405707416,0.20851441405707416,0.20851441405707416,0.20851441405707416,0.20851441405707416,0.20851441405707416,0.20851441405707416,0.20851441405707416,0.20851441405707416,0.20851441405707416,0.20851441405707416,-4.79583152331272,0.20851441405707416,0.20851441405707416,0.20851441405707416,0.20851441405707416,0.20851441405707416,0.20851441405707416,0.20851441405707416,0.20851441405707416,0.20851441405707416,0.20851441405707416,0.20851441405707416,0.20851441405707416,0.20851441405707416,0.20851441405707416,0.20851441405707416,0.20851441405707416,0.20851441405707416,0.20851441405707416,0.20851441405707416,0.20851441405707416,0.20851441405707416,0.20851441405707416,0.20851441405707416,-4.79583152331272
893,-1.3105266161609823,-1.581767540508024,-1.686935998965394,-1.6698117952841631,-1.4992159548371853,-1.0323390808866488,-0.03735822737060953,1.171675172160814,1.5568082058971735,1.3054378197840129,0.9886400516812439,0.6648956726511834,0.3744304064355902,0.06958727109141645,-0.07839169656903038,-0.2485028897420113,-0.23590206061808677,0.26215378795959615,0.9301592806189276,1.0488978627482164,0.8978494623524546,0.6277393816447394,0.11191313302049623,-0.6294356471037292,-0.20851441405707613,-0.20851441405707613,-0.20851441405707613,-0.20851441405707613,-0.20851441405707613,-0.20851441405707613,-0.20851441405707613,-0.20851441405707613,-0.20851441405707613,-0.20851441405707613,-0.20851441405707613,-0.20851441405707613,-0.20851441405707613,-0.20851441405707613,-0.20851441405707613,-0.20851441405707613,-0.20851441405707613,-0.20851441405707613,-0.20851441405707613,-0.20851441405707613,-0.20851441405707613,-0.20851441405707613,-0.20851441405707613,4.795831523312718,-0.20851441405707613,-0.20851441405707613,-0.20851441405707613,-0.20851441405707613,-0.20851441405707613,-0.20851441405707613,-0.20851441405707613,-0.20851441405707613,-0.20851441405707613,-0.20851441405707613,-0.20851441405707613,-0.20851441405707613,-0.20851441405707613,-0.20851441405707613,-0.20851441405707613,-0.20851441405707613,-0.20851441405707613,-0.20851441405707613,-0.20851441405707613,-0.20851441405707613,-0.20851441405707613,-0.20851441405707613,-0.20851441405707613,4.795831523312718,-0.20851441405707613,-0.20851441405707613,-0.20851441405707613,-0.20851441405707613,-0.20851441405707613,-0.20851441405707613,-0.20851441405707613,-0.20851441405707613,-0.20851441405707613,-0.20851441405707613,-0.20851441405707613,-0.20851441405707613,-0.20851441405707613,-0.20851441405707613,-0.20851441405707613,-0.20851441405707613,-0.20851441405707613,-0.20851441405707613,-0.20851441405707613,-0.20851441405707613,-0.20851441405707613,-0.20851441405707613,-0.20851441405707613,4.795831523312718
894,-1.2352930585865196,-1.5453011459940096,-1.6956289363828236,-1.740878564047892,-1.636213011910758,-1.324416945294618,-0.5147374375005213,0.5342562105282838,0.8991415059551121,0.7662808970661877,0.5957351879334071,0.4293155846667421,0.23951471482542167,0.06470536296432146,-0.021805323361903575,-0.12784624412107606,-0.07063090944427224,0.46369980021770596,1.2284047540711418,1.3779073232867327,1.318628935676871,1.1414814571583052,0.7021887192791911,0.1514911230149542,0.20851441405708274,0.20851441405708274,0.20851441405708274,0.20851441405708274,0.20851441405708274,0.20851441405708274,0.20851441405708274,0.20851441405708274,0.20851441405708274,0.20851441405708274,0.20851441405708274,0.20851441405708274,0.20851441405708274,0.20851441405708274,0.20851441405708274,0.20851441405708274,0.20851441405708274,0.20851441405708274,0.20851441405708274,0.20851441405708274,0.20851441405708274,0.20851441405708274,0.20851441405708274,-4.795831523312712,0.20851441405708274,0.20851441405708274,0.20851441405708274,0.20851441405708274,0.20851441405708274,0.20851441405708274,0.20851441405708274,0.20851441405708274,0.20851441405708274,0.20851441405708274,0.20851441405708274,0.20851441405708274,0.20851441405708274,0.20851441405708274,0.20851441405708274,0.20851441405708274,0.20851441405708274,0.20851441405708274,0.20851441405708274,0.20851441405708274,0.20851441405708274,0.20851441405708274,0.20851441405708274,-4.795831523312712,0.20851441405708274,0.20851441405708274,0.20851441405708274,0.20851441405708274,0.20851441405708274,0.20851441405708274,0.20851441405708274,0.20851441405708274,0.20851441405708274,0.20851441405708274,0.20851441405708274,0.20851441405708274,0.20851441405708274,0.20851441405708274,0.20851441405708274,0.20851441405708274,0.20851441405708274,0.20851441405708274,0.20851441405708274,0.20851441405708274,0.20851441405708274,0.20851441405708274,0.20851441405708274,-4.795831523312712
895,-0.861849047606293,-1.3304554328057645,-1.5011464498627514,-1.6210271176562627,-1.5029327512040453,-1.031349197102417,0.038645306332717004,1.4603426960759678,1.7665941371444915,1.4025856193741268,0.9500559462463017,0.5618331214050623,0.22084804314470977,-0.09016686816726481,-0.3591044589954241,-0.49069532447075215,-0.4382971517927935,0.1619000988820062,0.9794306794142482,1.0816468117216298,0.9518422475875957,0.590413942865767,-0.03757021756249566,-0.9015446329683829,-0.20851441405707385,-0.20851441405707385,-0.20851441405707385,-0.20851441405707385,-0.20851441405707385,-0.20851441405707385,-0.20851441405707385,-0.20851441405707385,-0.20851441405707385,-0.20851441405707385,-0.20851441405707385,-0.20851441405707385,-0.20851441405707385,-0.20851441405707385,-0.20851441405707385,-0.20851441405707385,-0.20851441405707385,-0.20851441405707385,-0.20851441405707385,-0.20851441405707385,-0.20851441405707385,-0.20851441405707385,-0.20851441405707385,4.795831523312721,-0.20851441405707385,-0.20851441405707385,-0.20851441405707385,-0.20851441405707385,-0.20851441405707385,-0.20851441405707385,-0.20851441405707385,-0.20851441405707385,-0.20851441405707385,-0.20851441405707385,-0.20851441405707385,-0.20851441405707385,-0.20851441405707385,-0.20851441405707385,-0.20851441405707385,-0.20851441405707385,-0.20851441405707385,-0.20851441405707385,-0.20851441405707385,-0.20851441405707385,-0.20851441405707385,-0.20851441405707385,-0.20851441405707385,4.795831523312721,-0.20851441405707385,-0.20851441405707385,-0.20851441405707385,-0.20851441405707385,-0.20851441405707385,-0.20851441405707385,-0.20851441405707385,-0.20851441405707385,-0.20851441405707385,-0.20851441405707385,-0.20851441405707385,-0.20851441405707385,-0.20851441405707385,-0.20851441405707385,-0.20851441405707385,-0.20851441405707385,-0.20851441405707385,-0.20851441405707385,-0.20851441405707385,-0.20851441405707385,-0.20851441405707385,-0.20851441405707385,-0.20851441405707385,4.795831523312721
896,-1.0388979387857742,-1.4671391417331199,-1.6799867313074248,-1.7494083135529517,-1.700015451857479,-1.3934741864897,-0.46213868091217886,0.7305886013355414,1.1004409918318816,0.9836633669298706,0.8307322040858125,0.5333566243934821,0.24022441769904448,0.060305402588387944,-0.04764600647800598,-0.13879365847274425,-0.07836802698275017,0.4803993293797794,1.2839244402607681,1.3115912322070296,1.173087537555807,0.920521976721225,0.3965502789414168,-0.28951826735789804,-0.20851441405707552,-0.20851441405707552,-0.20851441405707552,-0.20851441405707552,-0.20851441405707552,-0.20851441405707552,-0.20851441405707552,-0.20851441405707552,-0.20851441405707552,-0.20851441405707552,-0.20851441405707552,-0.20851441405707552,-0.20851441405707552,-0.20851441405707552,-0.20851441405707552,-0.20851441405707552,-0.20851441405707552,-0.20851441405707552,-0.20851441405707552,-0.20851441405707552,-0.20851441405707552,-0.20851441405707552,-0.20851441405707552,4.795831523312719,-0.20851441405707552,-0.20851441405707552,-0.20851441405707552,-0.20851441405707552,-0.20851441405707552,-0.20851441405707552,-0.20851441405707552,-0.20851441405707552,-0.20851441405707552,-0.20851441405707552,-0.20851441405707552,-0.20851441405707552,-0.20851441405707552,-0.20851441405707552,-0.20851441405707552,-0.20851441405707552,-0.20851441405707552,-0.20851441405707552,-0.20851441405707552,-0.20851441405707552,-0.20851441405707552,-0.20851441405707552,-0.20851441405707552,4.795831523312719,-0.20851441405707552,-0.20851441405707552,-0.20851441405707552,-0.20851441405707552,-0.20851441405707552,-0.20851441405707552,-0.20851441405707552,-0.20851441405707552,-0.20851441405707552,-0.20851441405707552,-0.20851441405707552,-0.20851441405707552,-0.20851441405707552,-0.20851441405707552,-0.20851441405707552,-0.20851441405707552,-0.20851441405707552,-0.20851441405707552,-0.20851441405707552,-0.20851441405707552,-0.20851441405707552,-0.20851441405707552,-0.20851441405707552,4.795831523312719
897,-1.0028040485521716,-1.4021501808537764,-1.6578572512364498,-1.7457392479889065,-1.7113988038797532,-1.4503375782327494,-0.48769738691487285,0.7417274374015329,1.2682809137418827,1.1696906064607653,1.1192876965586211,0.8687501553966804,0.5427005624033222,0.2591149594374115,0.10384445677183148,-0.10995250171418713,-0.14096967703858362,0.3927842150020725,1.1479047333162489,1.055960963604645,0.8785353357073531,0.5764871283816826,0.14224667384013187,-0.5584091616127529,0.20851441405708743,0.20851441405708743,0.20851441405708743,0.20851441405708743,0.20851441405708743,0.20851441405708743,0.20851441405708743,0.20851441405708743,0.20851441405708743,0.20851441405708743,0.20851441405708743,0.20851441405708743,0.20851441405708743,0.20851441405708743,0.20851441405708743,0.20851441405708743,0.20851441405708743,0.20851441405708743,0.20851441405708743,0.20851441405708743,0.20851441405708743,0.20851441405708743,0.20851441405708743,-4.795831523312706,0.20851441405708743,0.20851441405708743,0.20851441405708743,0.20851441405708743,0.20851441405708743,0.20851441405708743,0.20851441405708743,0.20851441405708743,0.20851441405708743,0.20851441405708743,0.20851441405708743,0.20851441405708743,0.20851441405708743,0.20851441405708743,0.20851441405708743,0.20851441405708743,0.20851441405708743,0.20851441405708743,0.20851441405708743,0.20851441405708743,0.20851441405708743,0.20851441405708743,0.20851441405708743,-4.795831523312706,0.20851441405708743,0.20851441405708743,0.20851441405708743,0.20851441405708743,0.20851441405708743,0.20851441405708743,0.20851441405708743,0.20851441405708743,0.20851441405708743,0.20851441405708743,0.20851441405708743,0.20851441405708743,0.20851441405708743,0.20851441405708743,0.20851441405708743,0.20851441405708743,0.20851441405708743,0.20851441405708743,0.20851441405708743,0.20851441405708743,0.20851441405708743,0.20851441405708743,0.20851441405708743,-4.795831523312706
898,0.41282778164320877,-0.33781597233463545,-0.8411888426491898,-1.2537275108017194,-1.333207437693491,-0.957885560704569,-0.49425265383590045,0.4591910723300756,1.3277931305044381,1.723300385751588,1.6144885810783292,1.0095580264020665,0.242829049124697,-0.4876293265949195,-0.9995179033621637,-1.3205915762820988,-1.2404808563197574,-0.28041380291280027,1.160317570268205,1.1839723104145656,0.9925266134966868,0.5922884102202648,-0.08676033024792787,-1.0856211574949164,-0.20851441405707355,-0.20851441405707355,-0.20851441405707355,-0.20851441405707355,-0.20851441405707355,-0.20851441405707355,-0.20851441405707355,-0.20851441405707355,-0.20851441405707355,-0.20851441405707355,-0.20851441405707355,-0.20851441405707355,-0.20851441405707355,-0.20851441405707355,-0.20851441405707355,-0.20851441405707355,-0.20851441405707355,-0.20851441405707355,-0.20851441405707355,-0.20851441405707355,-0.20851441405707355,-0.20851441405707355,-0.20851441405707355,4.795831523312721,-0.20851441405707355,-0.20851441405707355,-0.20851441405707355,-0.20851441405707355,-0.20851441405707355,-0.20851441405707355,-0.20851441405707355,-0.20851441405707355,-0.20851441405707355,-0.20851441405707355,-0.20851441405707355,-0.20851441405707355,-0.20851441405707355,-0.20851441405707355,-0.20851441405707355,-0.20851441405707355,-0.20851441405707355,-0.20851441405707355,-0.20851441405707355,-0.20851441405707355,-0.20851441405707355,-0.20851441405707355,-0.20851441405707355,4.795831523312721,-0.20851441405707355,-0.20851441405707355,-0.20851441405707355,-0.20851441405707355,-0.20851441405707355,-0.20851441405707355,-0.20851441405707355,-0.20851441405707355,-0.20851441405707355,-0.20851441405707355,-0.20851441405707355,-0.20851441405707355,-0.20851441405707355,-0.20851441405707355,-0.20851441405707355,-0.20851441405707355,-0.20851441405707355,-0.20851441405707355,-0.20851441405707355,-0.20851441405707355,-0.20851441405707355,-0.20851441405707355,-0.20851441405707355,4.795831523312721
899,-0.42773169946167183,-0.8945818043734585,-1.22240518200755,-1.445547192505034,-1.532130405794841,-1.480715196002794,-1.3727432554394954,-0.9052761680102043,-0.3349786609968191,0.11068837748064415,0.43604382504471745,0.4064286642044984,0.3794870942734658,0.2579415383250667,0.10595817817977583,0.012382496358250318,0.12364501034823999,0.8432522865977296,1.6988013775373914,1.771810975442098,1.6408050208919625,1.264857006892515,0.6591858355422013,-0.09517812252671197,-0.20851441405709847,-0.20851441405709847,-0.20851441405709847,-0.20851441405709847,-0.20851441405709847,-0.20851441405709847,-0.20851441405709847,-0.20851441405709847,-0.20851441405709847,-0.20851441405709847,-0.20851441405709847,-0.20851441405709847,-0.20851441405709847,-0.20851441405709847,-0.20851441405709847,-0.20851441405709847,-0.20851441405709847,-0.20851441405709847,-0.20851441405709847,-0.20851441405709847,-0.20851441405709847,-0.20851441405709847,-0.20851441405709847,4.795831523312696,-0.20851441405709847,-0.20851441405709847,-0.20851441405709847,-0.20851441405709847,-0.20851441405709847,-0.20851441405709847,-0.20851441405709847,-0.20851441405709847,-0.20851441405709847,-0.20851441405709847,-0.20851441405709847,-0.20851441405709847,-0.20851441405709847,-0.20851441405709847,-0.20851441405709847,-0.20851441405709847,-0.20851441405709847,-0.20851441405709847,-0.20851441405709847,-0.20851441405709847,-0.20851441405709847,-0.20851441405709847,-0.20851441405709847,4.795831523312696,-0.20851441405709847,-0.20851441405709847,-0.20851441405709847,-0.20851441405709847,-0.20851441405709847,-0.20851441405709847,-0.20851441405709847,-0.20851441405709847,-0.20851441405709847,-0.20851441405709847,-0.20851441405709847,-0.20851441405709847,-0.20851441405709847,-0.20851441405709847,-0.20851441405709847,-0.20851441405709847,-0.20851441405709847,-0.20851441405709847,-0.20851441405709847,-0.20851441405709847,-0.20851441405709847,-0.20851441405709847,-0.20851441405709847,4.795831523312696
900,-1.1663652603902819,-1.5156278037643762,-1.6981597102079358,-1.8515409987567775,-1.783295860601387,-1.429674346327148,-0.7000915919154282,0.23654228025316493,0.6599073289297193,0.6784329552553342,0.6874233327368826,0.6461493270261375,0.5764057926238223,0.4446831407350745,0.39033222232389525,0.28013198925461197,0.2637858483790693,0.6333448500069624,1.2017818989539577,1.2707081263124957,1.1342178500017148,0.834947254138655,0.40231939229929314,-0.19635801726745594,0.20851441405706875,0.20851441405706875,0.20851441405706875,0.20851441405706875,0.20851441405706875,0.20851441405706875,0.20851441405706875,0.20851441405706875,0.20851441405706875,0.20851441405706875,0.20851441405706875,0.20851441405706875,0.20851441405706875,0.20851441405706875,0.20851441405706875,0.20851441405706875,0.20851441405706875,0.20851441405706875,0.20851441405706875,0.20851441405706875,0.20851441405706875,0.20851441405706875,0.20851441405706875,-4.795831523312725,0.20851441405706875,0.20851441405706875,0.20851441405706875,0.20851441405706875,0.20851441405706875,0.20851441405706875,0.20851441405706875,0.20851441405706875,0.20851441405706875,0.20851441405706875,0.20851441405706875,0.20851441405706875,0.20851441405706875,0.20851441405706875,0.20851441405706875,0.20851441405706875,0.20851441405706875,0.20851441405706875,0.20851441405706875,0.20851441405706875,0.20851441405706875,0.20851441405706875,0.20851441405706875,-4.795831523312725,0.20851441405706875,0.20851441405706875,0.20851441405706875,0.20851441405706875,0.20851441405706875,0.20851441405706875,0.20851441405706875,0.20851441405706875,0.20851441405706875,0.20851441405706875,0.20851441405706875,0.20851441405706875,0.20851441405706875,0.20851441405706875,0.20851441405706875,0.20851441405706875,0.20851441405706875,0.20851441405706875,0.20851441405706875,0.20851441405706875,0.20851441405706875,0.20851441405706875,0.20851441405706875,-4.795831523312725
901,-0.8950653631688786,-1.3902919137622731,-1.6732303379691904,-1.8008730001412026,-1.889228026532397,-1.5231616862742223,-0.6696251527012694,0.35775495379023636,0.7626030804414928,0.6959995777229396,0.6280471433037574,0.5206384566411792,0.39923460358457585,0.3343172654918088,0.2520324317534443,0.178009804681432,0.15828167855973393,0.6288902256166505,1.309257652121365,1.3751866889896038,1.2259611196075288,0.9409992978496683,0.38540805365312936,-0.3111465532591323,-0.20851441405709847,-0.20851441405709847,-0.20851441405709847,-0.20851441405709847,-0.20851441405709847,-0.20851441405709847,-0.20851441405709847,-0.20851441405709847,-0.20851441405709847,-0.20851441405709847,-0.20851441405709847,-0.20851441405709847,-0.20851441405709847,-0.20851441405709847,-0.20851441405709847,-0.20851441405709847,-0.20851441405709847,-0.20851441405709847,-0.20851441405709847,-0.20851441405709847,-0.20851441405709847,-0.20851441405709847,-0.20851441405709847,4.795831523312696,-0.20851441405709847,-0.20851441405709847,-0.20851441405709847,-0.20851441405709847,-0.20851441405709847,-0.20851441405709847,-0.20851441405709847,-0.20851441405709847,-0.20851441405709847,-0.20851441405709847,-0.20851441405709847,-0.20851441405709847,-0.20851441405709847,-0.20851441405709847,-0.20851441405709847,-0.20851441405709847,-0.20851441405709847,-0.20851441405709847,-0.20851441405709847,-0.20851441405709847,-0.20851441405709847,-0.20851441405709847,-0.20851441405709847,4.795831523312696,-0.20851441405709847,-0.20851441405709847,-0.20851441405709847,-0.20851441405709847,-0.20851441405709847,-0.20851441405709847,-0.20851441405709847,-0.20851441405709847,-0.20851441405709847,-0.20851441405709847,-0.20851441405709847,-0.20851441405709847,-0.20851441405709847,-0.20851441405709847,-0.20851441405709847,-0.20851441405709847,-0.20851441405709847,-0.20851441405709847,-0.20851441405709847,-0.20851441405709847,-0.20851441405709847,-0.20851441405709847,-0.20851441405709847,4.795831523312696
902,-1.0116775129878586,-1.4417742690093789,-1.6564384948622062,-1.8359143830483924,-1.7802891505797285,-1.5144558572902573,-0.7816472008177209,0.2229875226080379,0.673674834294754,0.6610746435145595,0.6401767661230172,0.5819392989804105,0.4411859483138466,0.3005862585104558,0.26386131221208375,0.23113154835621244,0.25940514718006374,0.6400231052598442,1.2672667487324576,1.354392458151608,1.223780724454469,0.9676280655449034,0.4768352685700069,-0.18375278221117033,-0.20851441405707646,-0.20851441405707646,-0.20851441405707646,-0.20851441405707646,-0.20851441405707646,-0.20851441405707646,-0.20851441405707646,-0.20851441405707646,-0.20851441405707646,-0.20851441405707646,-0.20851441405707646,-0.20851441405707646,-0.20851441405707646,-0.20851441405707646,-0.20851441405707646,-0.20851441405707646,-0.20851441405707646,-0.20851441405707646,-0.20851441405707646,-0.20851441405707646,-0.20851441405707646,-0.20851441405707646,-0.20851441405707646,4.795831523312717,-0.20851441405707646,-0.20851441405707646,-0.20851441405707646,-0.20851441405707646,-0.20851441405707646,-0.20851441405707646,-0.20851441405707646,-0.20851441405707646,-0.20851441405707646,-0.20851441405707646,-0.20851441405707646,-0.20851441405707646,-0.20851441405707646,-0.20851441405707646,-0.20851441405707646,-0.20851441405707646,-0.20851441405707646,-0.20851441405707646,-0.20851441405707646,-0.20851441405707646,-0.20851441405707646,-0.20851441405707646,-0.20851441405707646,4.795831523312717,-0.20851441405707646,-0.20851441405707646,-0.20851441405707646,-0.20851441405707646,-0.20851441405707646,-0.20851441405707646,-0.20851441405707646,-0.20851441405707646,-0.20851441405707646,-0.20851441405707646,-0.20851441405707646,-0.20851441405707646,-0.20851441405707646,-0.20851441405707646,-0.20851441405707646,-0.20851441405707646,-0.20851441405707646,-0.20851441405707646,-0.20851441405707646,-0.20851441405707646,-0.20851441405707646,-0.20851441405707646,-0.20851441405707646,4.795831523312717
903,-0.8918213437191012,-1.416581755213501,-1.6790514189237922,-1.8220052439439167,-1.7609949131155531,-1.4745505152967553,-0.6499270115198416,0.5039017964335792,1.057825503895789,1.0274097964446987,0.9193445770302366,0.7753172564530147,0.5296656898039146,0.3428774628689834,0.23481224345452129,0.14589102814162777,0.09311082991767691,0.5890657772966322,1.152114196994169,1.1884341300092947,1.0113073630882392,0.6828177226164636,0.08881684768928769,-0.647780020405647,0.20851441405707172,0.20851441405707172,0.20851441405707172,0.20851441405707172,0.20851441405707172,0.20851441405707172,0.20851441405707172,0.20851441405707172,0.20851441405707172,0.20851441405707172,0.20851441405707172,0.20851441405707172,0.20851441405707172,0.20851441405707172,0.20851441405707172,0.20851441405707172,0.20851441405707172,0.20851441405707172,0.20851441405707172,0.20851441405707172,0.20851441405707172,0.20851441405707172,0.20851441405707172,-4.795831523312722,0.20851441405707172,0.20851441405707172,0.20851441405707172,0.20851441405707172,0.20851441405707172,0.20851441405707172,0.20851441405707172,0.20851441405707172,0.20851441405707172,0.20851441405707172,0.20851441405707172,0.20851441405707172,0.20851441405707172,0.20851441405707172,0.20851441405707172,0.20851441405707172,0.20851441405707172,0.20851441405707172,0.20851441405707172,0.20851441405707172,0.20851441405707172,0.20851441405707172,0.20851441405707172,-4.795831523312722,0.20851441405707172,0.20851441405707172,0.20851441405707172,0.20851441405707172,0.20851441405707172,0.20851441405707172,0.20851441405707172,0.20851441405707172,0.20851441405707172,0.20851441405707172,0.20851441405707172,0.20851441405707172,0.20851441405707172,0.20851441405707172,0.20851441405707172,0.20851441405707172,0.20851441405707172,0.20851441405707172,0.20851441405707172,0.20851441405707172,0.20851441405707172,0.20851441405707172,0.20851441405707172,-4.795831523312722
904,-0.8652986267846977,-1.354054282509386,-1.5519873011687624,-1.7483576907334595,-1.7572125889366421,-1.6214374831545084,-1.093095223697945,-0.24059423982291148,0.35650369979954066,0.5865574276273247,0.7622663880512623,0.854808755547269,0.782580566282093,0.6018364676641889,0.5169336201866142,0.4518240745749772,0.4591163436834806,0.8752965592330642,1.3286326221450218,1.2102200618593246,0.9515181339624205,0.6468054604999595,0.2488559177216342,-0.40171866202984247,0.20851441405707316,0.20851441405707316,0.20851441405707316,0.20851441405707316,0.20851441405707316,0.20851441405707316,0.20851441405707316,0.20851441405707316,0.20851441405707316,0.20851441405707316,0.20851441405707316,0.20851441405707316,0.20851441405707316,0.20851441405707316,0.20851441405707316,0.20851441405707316,0.20851441405707316,0.20851441405707316,0.20851441405707316,0.20851441405707316,0.20851441405707316,0.20851441405707316,0.20851441405707316,-4.795831523312721,0.20851441405707316,0.20851441405707316,0.20851441405707316,0.20851441405707316,0.20851441405707316,0.20851441405707316,0.20851441405707316,0.20851441405707316,0.20851441405707316,0.20851441405707316,0.20851441405707316,0.20851441405707316,0.20851441405707316,0.20851441405707316,0.20851441405707316,0.20851441405707316,0.20851441405707316,0.20851441405707316,0.20851441405707316,0.20851441405707316,0.20851441405707316,0.20851441405707316,0.20851441405707316,-4.795831523312721,0.20851441405707316,0.20851441405707316,0.20851441405707316,0.20851441405707316,0.20851441405707316,0.20851441405707316,0.20851441405707316,0.20851441405707316,0.20851441405707316,0.20851441405707316,0.20851441405707316,0.20851441405707316,0.20851441405707316,0.20851441405707316,0.20851441405707316,0.20851441405707316,0.20851441405707316,0.20851441405707316,0.20851441405707316,0.20851441405707316,0.20851441405707316,0.20851441405707316,0.20851441405707316,-4.795831523312721
905,-0.4854300780304033,-1.025758688844666,-1.421663365993844,-1.5911232726357998,-1.7196661786663021,-1.6030807522665442,-1.2723817062287692,-0.7471867805721675,-0.16594116914645124,0.3147868791333199,0.6527725143210796,0.7194728303863258,0.5494524168866788,0.317776249041006,0.08086868385688246,-0.022825084815979155,0.07974767014150018,0.6245603358172921,1.434492745180995,1.482509499323203,1.4064674022964379,1.2162687419199096,0.8827671615936791,0.29311394730259566,0.20851441405707613,0.20851441405707613,0.20851441405707613,0.20851441405707613,0.20851441405707613,0.20851441405707613,0.20851441405707613,0.20851441405707613,0.20851441405707613,0.20851441405707613,0.20851441405707613,0.20851441405707613,0.20851441405707613,0.20851441405707613,0.20851441405707613,0.20851441405707613,0.20851441405707613,0.20851441405707613,0.20851441405707613,0.20851441405707613,0.20851441405707613,0.20851441405707613,0.20851441405707613,-4.795831523312718,0.20851441405707613,0.20851441405707613,0.20851441405707613,0.20851441405707613,0.20851441405707613,0.20851441405707613,0.20851441405707613,0.20851441405707613,0.20851441405707613,0.20851441405707613,0.20851441405707613,0.20851441405707613,0.20851441405707613,0.20851441405707613,0.20851441405707613,0.20851441405707613,0.20851441405707613,0.20851441405707613,0.20851441405707613,0.20851441405707613,0.20851441405707613,0.20851441405707613,0.20851441405707613,-4.795831523312718,0.20851441405707613,0.20851441405707613,0.20851441405707613,0.20851441405707613,0.20851441405707613,0.20851441405707613,0.20851441405707613,0.20851441405707613,0.20851441405707613,0.20851441405707613,0.20851441405707613,0.20851441405707613,0.20851441405707613,0.20851441405707613,0.20851441405707613,0.20851441405707613,0.20851441405707613,0.20851441405707613,0.20851441405707613,0.20851441405707613,0.20851441405707613,0.20851441405707613,0.20851441405707613,-4.795831523312718
906,-0.47226894785819157,-0.9450799386770795,-1.3048469354861385,-1.5441682482013916,-1.6455489729879842,-1.717771524716486,-1.4533293244434933,-0.883399187977272,-0.20872392214083232,0.34505707232398475,0.6337229855990838,0.558136029286956,0.4078592912183342,0.2768718060958339,0.12749224258284558,0.034634676074771775,0.0685030155499388,0.5484914028138953,1.274305618321448,1.3581914392731862,1.2859688875446844,1.311538362380241,1.1608130370338023,0.7835511363898889,0.20851441405707485,0.20851441405707485,0.20851441405707485,0.20851441405707485,0.20851441405707485,0.20851441405707485,0.20851441405707485,0.20851441405707485,0.20851441405707485,0.20851441405707485,0.20851441405707485,0.20851441405707485,0.20851441405707485,0.20851441405707485,0.20851441405707485,0.20851441405707485,0.20851441405707485,0.20851441405707485,0.20851441405707485,0.20851441405707485,0.20851441405707485,0.20851441405707485,0.20851441405707485,-4.795831523312719,0.20851441405707485,0.20851441405707485,0.20851441405707485,0.20851441405707485,0.20851441405707485,0.20851441405707485,0.20851441405707485,0.20851441405707485,0.20851441405707485,0.20851441405707485,0.20851441405707485,0.20851441405707485,0.20851441405707485,0.20851441405707485,0.20851441405707485,0.20851441405707485,0.20851441405707485,0.20851441405707485,0.20851441405707485,0.20851441405707485,0.20851441405707485,0.20851441405707485,0.20851441405707485,-4.795831523312719,0.20851441405707485,0.20851441405707485,0.20851441405707485,0.20851441405707485,0.20851441405707485,0.20851441405707485,0.20851441405707485,0.20851441405707485,0.20851441405707485,0.20851441405707485,0.20851441405707485,0.20851441405707485,0.20851441405707485,0.20851441405707485,0.20851441405707485,0.20851441405707485,0.20851441405707485,0.20851441405707485,0.20851441405707485,0.20851441405707485,0.20851441405707485,0.20851441405707485,0.20851441405707485,-4.795831523312719
907,-0.5472769999833986,-1.0778576376764804,-1.3304521087616712,-1.4576750832035317,-1.3693331425308053,-1.1926492611853523,-0.7348052512916713,0.03488051924016707,0.7484929621593767,1.155553581007658,1.1748618494780445,0.8619621015264415,0.3670885356621564,-0.28754111453244835,-0.8249986697629279,-1.0437375468178525,-0.8937678451369065,-0.09366493934350077,1.0571607608571962,1.3777309168312815,1.453906003399381,1.3520747244802203,0.9719927821248073,0.29805486345981624,0.20851441405707313,0.20851441405707313,0.20851441405707313,0.20851441405707313,0.20851441405707313,0.20851441405707313,0.20851441405707313,0.20851441405707313,0.20851441405707313,0.20851441405707313,0.20851441405707313,0.20851441405707313,0.20851441405707313,0.20851441405707313,0.20851441405707313,0.20851441405707313,0.20851441405707313,0.20851441405707313,0.20851441405707313,0.20851441405707313,0.20851441405707313,0.20851441405707313,0.20851441405707313,-4.795831523312721,0.20851441405707313,0.20851441405707313,0.20851441405707313,0.20851441405707313,0.20851441405707313,0.20851441405707313,0.20851441405707313,0.20851441405707313,0.20851441405707313,0.20851441405707313,0.20851441405707313,0.20851441405707313,0.20851441405707313,0.20851441405707313,0.20851441405707313,0.20851441405707313,0.20851441405707313,0.20851441405707313,0.20851441405707313,0.20851441405707313,0.20851441405707313,0.20851441405707313,0.20851441405707313,-4.795831523312721,0.20851441405707313,0.20851441405707313,0.20851441405707313,0.20851441405707313,0.20851441405707313,0.20851441405707313,0.20851441405707313,0.20851441405707313,0.20851441405707313,0.20851441405707313,0.20851441405707313,0.20851441405707313,0.20851441405707313,0.20851441405707313,0.20851441405707313,0.20851441405707313,0.20851441405707313,0.20851441405707313,0.20851441405707313,0.20851441405707313,0.20851441405707313,0.20851441405707313,0.20851441405707313,-4.795831523312721
908,-1.2333566092838986,-1.471090556505848,-1.59708824014632,-1.6576665657180112,-1.6059852728436743,-1.423988618696326,-0.9680156929569234,-0.35804559832361066,0.07633893925309422,0.3633990824589046,0.5613580599750355,0.6139552238623353,0.5285175422245075,0.3773988250856237,0.2774380459565266,0.20573842951314275,0.28712011095070616,0.7587936826266161,1.327811259108872,1.3933614558937903,1.285419515080302,1.096488408977663,0.7815596192345519,0.3805389542729252,-0.2085144140570747,-0.2085144140570747,-0.2085144140570747,-0.2085144140570747,-0.2085144140570747,-0.2085144140570747,-0.2085144140570747,-0.2085144140570747,-0.2085144140570747,-0.2085144140570747,-0.2085144140570747,-0.2085144140570747,-0.2085144140570747,-0.2085144140570747,-0.2085144140570747,-0.2085144140570747,-0.2085144140570747,-0.2085144140570747,-0.2085144140570747,-0.2085144140570747,-0.2085144140570747,-0.2085144140570747,-0.2085144140570747,4.795831523312719,-0.2085144140570747,-0.2085144140570747,-0.2085144140570747,-0.2085144140570747,-0.2085144140570747,-0.2085144140570747,-0.2085144140570747,-0.2085144140570747,-0.2085144140570747,-0.2085144140570747,-0.2085144140570747,-0.2085144140570747,-0.2085144140570747,-0.2085144140570747,-0.2085144140570747,-0.2085144140570747,-0.2085144140570747,-0.2085144140570747,-0.2085144140570747,-0.2085144140570747,-0.2085144140570747,-0.2085144140570747,-0.2085144140570747,4.795831523312719,-0.2085144140570747,-0.2085144140570747,-0.2085144140570747,-0.2085144140570747,-0.2085144140570747,-0.2085144140570747,-0.2085144140570747,-0.2085144140570747,-0.2085144140570747,-0.2085144140570747,-0.2085144140570747,-0.2085144140570747,-0.2085144140570747,-0.2085144140570747,-0.2085144140570747,-0.2085144140570747,-0.2085144140570747,-0.2085144140570747,-0.2085144140570747,-0.2085144140570747,-0.2085144140570747,-0.2085144140570747,-0.2085144140570747,4.795831523312719
909,-1.2556711296200729,-1.4971762180958554,-1.6236017006536476,-1.6702818788288325,-1.651642224349158,-1.3010546361792803,-0.7626117476446832,0.09740570165229821,0.5807400465078577,0.7854520778802828,0.7546561270008206,0.6222335382191331,0.45172122071811077,0.219617001458164,0.046511340725186985,-0.09515003332033918,-0.06273324292090528,0.5492957598204068,1.383217692845844,1.4976489629558456,1.3164391046230102,1.0522422628676238,0.515096045949004,0.04764592838916717,-0.20851441405707505,-0.20851441405707505,-0.20851441405707505,-0.20851441405707505,-0.20851441405707505,-0.20851441405707505,-0.20851441405707505,-0.20851441405707505,-0.20851441405707505,-0.20851441405707505,-0.20851441405707505,-0.20851441405707505,-0.20851441405707505,-0.20851441405707505,-0.20851441405707505,-0.20851441405707505,-0.20851441405707505,-0.20851441405707505,-0.20851441405707505,-0.20851441405707505,-0.20851441405707505,-0.20851441405707505,-0.20851441405707505,4.795831523312719,-0.20851441405707505,-0.20851441405707505,-0.20851441405707505,-0.20851441405707505,-0.20851441405707505,-0.20851441405707505,-0.20851441405707505,-0.20851441405707505,-0.20851441405707505,-0.20851441405707505,-0.20851441405707505,-0.20851441405707505,-0.20851441405707505,-0.20851441405707505,-0.20851441405707505,-0.20851441405707505,-0.20851441405707505,-0.20851441405707505,-0.20851441405707505,-0.20851441405707505,-0.20851441405707505,-0.20851441405707505,-0.20851441405707505,4.795831523312719,-0.20851441405707505,-0.20851441405707505,-0.20851441405707505,-0.20851441405707505,-0.20851441405707505,-0.20851441405707505,-0.20851441405707505,-0.20851441405707505,-0.20851441405707505,-0.20851441405707505,-0.20851441405707505,-0.20851441405707505,-0.20851441405707505,-0.20851441405707505,-0.20851441405707505,-0.20851441405707505,-0.20851441405707505,-0.20851441405707505,-0.20851441405707505,-0.20851441405707505,-0.20851441405707505,-0.20851441405707505,-0.20851441405707505,4.795831523312719
910,-0.6727431823089023,-1.16591678313187,-1.4193595650191133,-1.6206968876905843,-1.6709740851794874,-1.3407443107637376,-0.6837127526701174,0.41872906863201226,1.0421663174944107,1.2652142481724535,1.3356023246569177,1.2076240037760735,0.8172901250894986,0.4102733581452422,0.05810444300706188,-0.22573319008938197,-0.25452831228757195,0.3129184211894571,1.257672668549118,1.2069384056284977,0.8408289948229396,0.3913051427289742,-0.37245119367063556,-1.1378072590812558,0.20851441405707774,0.20851441405707774,0.20851441405707774,0.20851441405707774,0.20851441405707774,0.20851441405707774,0.20851441405707774,0.20851441405707774,0.20851441405707774,0.20851441405707774,0.20851441405707774,0.20851441405707774,0.20851441405707774,0.20851441405707774,0.20851441405707774,0.20851441405707774,0.20851441405707774,0.20851441405707774,0.20851441405707774,0.20851441405707774,0.20851441405707774,0.20851441405707774,0.20851441405707774,-4.795831523312717,0.20851441405707774,0.20851441405707774,0.20851441405707774,0.20851441405707774,0.20851441405707774,0.20851441405707774,0.20851441405707774,0.20851441405707774,0.20851441405707774,0.20851441405707774,0.20851441405707774,0.20851441405707774,0.20851441405707774,0.20851441405707774,0.20851441405707774,0.20851441405707774,0.20851441405707774,0.20851441405707774,0.20851441405707774,0.20851441405707774,0.20851441405707774,0.20851441405707774,0.20851441405707774,-4.795831523312717,0.20851441405707774,0.20851441405707774,0.20851441405707774,0.20851441405707774,0.20851441405707774,0.20851441405707774,0.20851441405707774,0.20851441405707774,0.20851441405707774,0.20851441405707774,0.20851441405707774,0.20851441405707774,0.20851441405707774,0.20851441405707774,0.20851441405707774,0.20851441405707774,0.20851441405707774,0.20851441405707774,0.20851441405707774,0.20851441405707774,0.20851441405707774,0.20851441405707774,0.20851441405707774,-4.795831523312717
911,-0.49740268542756194,-1.1603594682639227,-1.5081700626491006,-1.6879549529098086,-1.619751673319627,-1.1036540595625075,-0.5206597424525663,0.6144936925656249,1.3490508532093026,1.5486957022778796,1.4219578072539791,1.1010626833584132,0.678254612948783,0.2504815528371856,-0.09706772630052028,-0.40306788109018465,-0.48877928226098727,0.17940380552481267,1.0657851249496986,1.094791117419086,0.8219779990583607,0.3557915975683852,-0.3340806557575874,-1.0607983589771062,0.20851441405707566,0.20851441405707566,0.20851441405707566,0.20851441405707566,0.20851441405707566,0.20851441405707566,0.20851441405707566,0.20851441405707566,0.20851441405707566,0.20851441405707566,0.20851441405707566,0.20851441405707566,0.20851441405707566,0.20851441405707566,0.20851441405707566,0.20851441405707566,0.20851441405707566,0.20851441405707566,0.20851441405707566,0.20851441405707566,0.20851441405707566,0.20851441405707566,0.20851441405707566,-4.795831523312719,0.20851441405707566,0.20851441405707566,0.20851441405707566,0.20851441405707566,0.20851441405707566,0.20851441405707566,0.20851441405707566,0.20851441405707566,0.20851441405707566,0.20851441405707566,0.20851441405707566,0.20851441405707566,0.20851441405707566,0.20851441405707566,0.20851441405707566,0.20851441405707566,0.20851441405707566,0.20851441405707566,0.20851441405707566,0.20851441405707566,0.20851441405707566,0.20851441405707566,0.20851441405707566,-4.795831523312719,0.20851441405707566,0.20851441405707566,0.20851441405707566,0.20851441405707566,0.20851441405707566,0.20851441405707566,0.20851441405707566,0.20851441405707566,0.20851441405707566,0.20851441405707566,0.20851441405707566,0.20851441405707566,0.20851441405707566,0.20851441405707566,0.20851441405707566,0.20851441405707566,0.20851441405707566,0.20851441405707566,0.20851441405707566,0.20851441405707566,0.20851441405707566,0.20851441405707566,0.20851441405707566,-4.795831523312719
912,-0.7245703542700129,-1.0222247260834358,-1.3539990733865543,-1.5289346383281988,-1.563243121969771,-1.3852914265980985,-1.2329768398816667,-0.744363710217074,-0.3739451917792172,0.102791924317139,0.418543078710732,0.4438031710622194,0.3552043396801366,0.15972138618392412,0.10693910365842799,0.012873535871918796,0.09506309009019136,0.5791520241097416,1.5705163948296852,1.6634509137049338,1.569008329614671,1.3659850500433877,0.9938699582386399,0.4926267823983033,0.20851441405707477,0.20851441405707477,0.20851441405707477,0.20851441405707477,0.20851441405707477,0.20851441405707477,0.20851441405707477,0.20851441405707477,0.20851441405707477,0.20851441405707477,0.20851441405707477,0.20851441405707477,0.20851441405707477,0.20851441405707477,0.20851441405707477,0.20851441405707477,0.20851441405707477,0.20851441405707477,0.20851441405707477,0.20851441405707477,0.20851441405707477,0.20851441405707477,0.20851441405707477,-4.79583152331272,0.20851441405707477,0.20851441405707477,0.20851441405707477,0.20851441405707477,0.20851441405707477,0.20851441405707477,0.20851441405707477,0.20851441405707477,0.20851441405707477,0.20851441405707477,0.20851441405707477,0.20851441405707477,0.20851441405707477,0.20851441405707477,0.20851441405707477,0.20851441405707477,0.20851441405707477,0.20851441405707477,0.20851441405707477,0.20851441405707477,0.20851441405707477,0.20851441405707477,0.20851441405707477,-4.79583152331272,0.20851441405707477,0.20851441405707477,0.20851441405707477,0.20851441405707477,0.20851441405707477,0.20851441405707477,0.20851441405707477,0.20851441405707477,0.20851441405707477,0.20851441405707477,0.20851441405707477,0.20851441405707477,0.20851441405707477,0.20851441405707477,0.20851441405707477,0.20851441405707477,0.20851441405707477,0.20851441405707477,0.20851441405707477,0.20851441405707477,0.20851441405707477,0.20851441405707477,0.20851441405707477,-4.79583152331272
913,-0.7893071988135371,-1.0960340472063306,-1.2284682885135403,-1.3790177049265169,-1.4583375493216717,-1.3167577827183468,-0.9864636191394095,-0.5921507784876645,-0.06645894944749248,0.0536640078072541,0.32275350209680354,0.11346167320493175,0.08637684828951304,-0.1276636187368802,-0.2521834631532207,-0.37969319083944514,-0.13821614792470566,0.6268422181926407,1.7452344366156767,1.752972958020082,1.564962062990325,1.3570772379901632,1.166955837122841,1.0204515568985306,0.20851441405707477,0.20851441405707477,0.20851441405707477,0.20851441405707477,0.20851441405707477,0.20851441405707477,0.20851441405707477,0.20851441405707477,0.20851441405707477,0.20851441405707477,0.20851441405707477,0.20851441405707477,0.20851441405707477,0.20851441405707477,0.20851441405707477,0.20851441405707477,0.20851441405707477,0.20851441405707477,0.20851441405707477,0.20851441405707477,0.20851441405707477,0.20851441405707477,0.20851441405707477,-4.79583152331272,0.20851441405707477,0.20851441405707477,0.20851441405707477,0.20851441405707477,0.20851441405707477,0.20851441405707477,0.20851441405707477,0.20851441405707477,0.20851441405707477,0.20851441405707477,0.20851441405707477,0.20851441405707477,0.20851441405707477,0.20851441405707477,0.20851441405707477,0.20851441405707477,0.20851441405707477,0.20851441405707477,0.20851441405707477,0.20851441405707477,0.20851441405707477,0.20851441405707477,0.20851441405707477,-4.79583152331272,0.20851441405707477,0.20851441405707477,0.20851441405707477,0.20851441405707477,0.20851441405707477,0.20851441405707477,0.20851441405707477,0.20851441405707477,0.20851441405707477,0.20851441405707477,0.20851441405707477,0.20851441405707477,0.20851441405707477,0.20851441405707477,0.20851441405707477,0.20851441405707477,0.20851441405707477,0.20851441405707477,0.20851441405707477,0.20851441405707477,0.20851441405707477,0.20851441405707477,0.20851441405707477,-4.79583152331272
914,-0.8614799674465121,-0.8864083841262496,-0.964480897903449,-1.1452804034927533,-0.9885874986486897,-0.9039404573955154,-0.7929953062384424,-0.2914136475505395,0.21455102945467988,0.1578457299743981,0.2663254333279806,0.1515451411432557,0.2271522071169647,-0.3437359287135048,-0.5532989920101983,-1.1743178998449748,-0.9724251186035852,0.10552344881143282,1.639305921227363,2.151845125708557,1.9318723939082372,1.6047896519784959,0.9388448063912256,0.48876361293179116,-0.20851441405707494,-0.20851441405707494,-0.20851441405707494,-0.20851441405707494,-0.20851441405707494,-0.20851441405707494,-0.20851441405707494,-0.20851441405707494,-0.20851441405707494,-0.20851441405707494,-0.20851441405707494,-0.20851441405707494,-0.20851441405707494,-0.20851441405707494,-0.20851441405707494,-0.20851441405707494,-0.20851441405707494,-0.20851441405707494,-0.20851441405707494,-0.20851441405707494,-0.20851441405707494,-0.20851441405707494,-0.20851441405707494,4.79583152331272,-0.20851441405707494,-0.20851441405707494,-0.20851441405707494,-0.20851441405707494,-0.20851441405707494,-0.20851441405707494,-0.20851441405707494,-0.20851441405707494,-0.20851441405707494,-0.20851441405707494,-0.20851441405707494,-0.20851441405707494,-0.20851441405707494,-0.20851441405707494,-0.20851441405707494,-0.20851441405707494,-0.20851441405707494,-0.20851441405707494,-0.20851441405707494,-0.20851441405707494,-0.20851441405707494,-0.20851441405707494,-0.20851441405707494,4.79583152331272,-0.20851441405707494,-0.20851441405707494,-0.20851441405707494,-0.20851441405707494,-0.20851441405707494,-0.20851441405707494,-0.20851441405707494,-0.20851441405707494,-0.20851441405707494,-0.20851441405707494,-0.20851441405707494,-0.20851441405707494,-0.20851441405707494,-0.20851441405707494,-0.20851441405707494,-0.20851441405707494,-0.20851441405707494,-0.20851441405707494,-0.20851441405707494,-0.20851441405707494,-0.20851441405707494,-0.20851441405707494,-0.20851441405707494,4.79583152331272
915,-1.0625607249570894,-1.5504220068516592,-1.734899333273391,-1.6916953169300633,-1.3414751490496355,-0.9818877386876896,-0.17726072634668488,0.844724545208319,1.2094734973457952,1.2452219533466904,1.2800145682780428,1.0035853309663079,0.4478593331342098,0.24770621317197836,-0.0908526936600291,-0.38678108879043427,-0.3382243624576675,0.2352802792679239,1.183474620254235,1.2932051750377316,0.9114422518623961,0.48226961163774523,-0.21970006983437865,-0.8084981686726525,0.20851441405707438,0.20851441405707438,0.20851441405707438,0.20851441405707438,0.20851441405707438,0.20851441405707438,0.20851441405707438,0.20851441405707438,0.20851441405707438,0.20851441405707438,0.20851441405707438,0.20851441405707438,0.20851441405707438,0.20851441405707438,0.20851441405707438,0.20851441405707438,0.20851441405707438,0.20851441405707438,0.20851441405707438,0.20851441405707438,0.20851441405707438,0.20851441405707438,0.20851441405707438,-4.79583152331272,0.20851441405707438,0.20851441405707438,0.20851441405707438,0.20851441405707438,0.20851441405707438,0.20851441405707438,0.20851441405707438,0.20851441405707438,0.20851441405707438,0.20851441405707438,0.20851441405707438,0.20851441405707438,0.20851441405707438,0.20851441405707438,0.20851441405707438,0.20851441405707438,0.20851441405707438,0.20851441405707438,0.20851441405707438,0.20851441405707438,0.20851441405707438,0.20851441405707438,0.20851441405707438,-4.79583152331272,0.20851441405707438,0.20851441405707438,0.20851441405707438,0.20851441405707438,0.20851441405707438,0.20851441405707438,0.20851441405707438,0.20851441405707438,0.20851441405707438,0.20851441405707438,0.20851441405707438,0.20851441405707438,0.20851441405707438,0.20851441405707438,0.20851441405707438,0.20851441405707438,0.20851441405707438,0.20851441405707438,0.20851441405707438,0.20851441405707438,0.20851441405707438,0.20851441405707438,0.20851441405707438,-4.79583152331272
916,-0.5723605721435049,-0.7793468086767966,-0.9199463252789414,-1.357666893280244,-1.1819849637063549,-0.4749394099681225,0.25396518569865834,1.3652680827574526,1.9031084600858104,1.6313546919123754,1.3884764482618375,1.0560031191757677,0.40724834391366443,-0.33919745823898856,-0.8945790420532185,-1.2397360127521495,-1.179016451839515,-0.7475027722870594,0.3848495725547815,0.9537243921273746,0.8706060598558573,0.5300367893147697,-0.15865796379208877,-0.8997064716413965,0.20851441405707472,0.20851441405707472,0.20851441405707472,0.20851441405707472,0.20851441405707472,0.20851441405707472,0.20851441405707472,0.20851441405707472,0.20851441405707472,0.20851441405707472,0.20851441405707472,0.20851441405707472,0.20851441405707472,0.20851441405707472,0.20851441405707472,0.20851441405707472,0.20851441405707472,0.20851441405707472,0.20851441405707472,0.20851441405707472,0.20851441405707472,0.20851441405707472,0.20851441405707472,-4.79583152331272,0.20851441405707472,0.20851441405707472,0.20851441405707472,0.20851441405707472,0.20851441405707472,0.20851441405707472,0.20851441405707472,0.20851441405707472,0.20851441405707472,0.20851441405707472,0.20851441405707472,0.20851441405707472,0.20851441405707472,0.20851441405707472,0.20851441405707472,0.20851441405707472,0.20851441405707472,0.20851441405707472,0.20851441405707472,0.20851441405707472,0.20851441405707472,0.20851441405707472,0.20851441405707472,-4.79583152331272,0.20851441405707472,0.20851441405707472,0.20851441405707472,0.20851441405707472,0.20851441405707472,0.20851441405707472,0.20851441405707472,0.20851441405707472,0.20851441405707472,0.20851441405707472,0.20851441405707472,0.20851441405707472,0.20851441405707472,0.20851441405707472,0.20851441405707472,0.20851441405707472,0.20851441405707472,0.20851441405707472,0.20851441405707472,0.20851441405707472,0.20851441405707472,0.20851441405707472,0.20851441405707472,-4.79583152331272
917,-0.9655969712988848,-1.230217106294305,-1.2668850233837397,-1.2931636972978344,-1.1741966774076686,-0.8511115857196498,0.10999526332453233,1.4196510353688407,1.878203709637271,1.688549094024695,1.1984212689292515,0.7034043882218834,0.17253443302706814,-0.2831662921344061,-0.67856866474881,-1.0030797309903068,-0.9672266565028597,-0.4115040019474275,0.6624585474720147,1.0053035722582289,0.948672011420102,0.6850704296771661,0.19759084303818183,-0.5451381886733672,-0.20851441405707555,-0.20851441405707555,-0.20851441405707555,-0.20851441405707555,-0.20851441405707555,-0.20851441405707555,-0.20851441405707555,-0.20851441405707555,-0.20851441405707555,-0.20851441405707555,-0.20851441405707555,-0.20851441405707555,-0.20851441405707555,-0.20851441405707555,-0.20851441405707555,-0.20851441405707555,-0.20851441405707555,-0.20851441405707555,-0.20851441405707555,-0.20851441405707555,-0.20851441405707555,-0.20851441405707555,-0.20851441405707555,4.795831523312719,-0.20851441405707555,-0.20851441405707555,-0.20851441405707555,-0.20851441405707555,-0.20851441405707555,-0.20851441405707555,-0.20851441405707555,-0.20851441405707555,-0.20851441405707555,-0.20851441405707555,-0.20851441405707555,-0.20851441405707555,-0.20851441405707555,-0.20851441405707555,-0.20851441405707555,-0.20851441405707555,-0.20851441405707555,-0.20851441405707555,-0.20851441405707555,-0.20851441405707555,-0.20851441405707555,-0.20851441405707555,-0.20851441405707555,4.795831523312719,-0.20851441405707555,-0.20851441405707555,-0.20851441405707555,-0.20851441405707555,-0.20851441405707555,-0.20851441405707555,-0.20851441405707555,-0.20851441405707555,-0.20851441405707555,-0.20851441405707555,-0.20851441405707555,-0.20851441405707555,-0.20851441405707555,-0.20851441405707555,-0.20851441405707555,-0.20851441405707555,-0.20851441405707555,-0.20851441405707555,-0.20851441405707555,-0.20851441405707555,-0.20851441405707555,-0.20851441405707555,-0.20851441405707555,4.795831523312719
918,-0.7503565402834567,-1.1526231951318189,-1.2074074512561428,-1.172504578402743,-1.015883459079575,-0.6396835067419797,0.11912262143161964,1.392414767805019,1.9486516908737594,1.7175858364139094,1.342932213886275,0.8207145466366711,0.22073858037189786,-0.36775036444745257,-0.8276730307814945,-1.1755972380226645,-1.2597617605362428,-0.7216389866698998,0.3583619334584051,0.6687324167433853,0.9267485907482658,0.7690229501322686,0.3720579974894861,-0.3662040346374918,-0.20851441405707505,-0.20851441405707505,-0.20851441405707505,-0.20851441405707505,-0.20851441405707505,-0.20851441405707505,-0.20851441405707505,-0.20851441405707505,-0.20851441405707505,-0.20851441405707505,-0.20851441405707505,-0.20851441405707505,-0.20851441405707505,-0.20851441405707505,-0.20851441405707505,-0.20851441405707505,-0.20851441405707505,-0.20851441405707505,-0.20851441405707505,-0.20851441405707505,-0.20851441405707505,-0.20851441405707505,-0.20851441405707505,4.795831523312719,-0.20851441405707505,-0.20851441405707505,-0.20851441405707505,-0.20851441405707505,-0.20851441405707505,-0.20851441405707505,-0.20851441405707505,-0.20851441405707505,-0.20851441405707505,-0.20851441405707505,-0.20851441405707505,-0.20851441405707505,-0.20851441405707505,-0.20851441405707505,-0.20851441405707505,-0.20851441405707505,-0.20851441405707505,-0.20851441405707505,-0.20851441405707505,-0.20851441405707505,-0.20851441405707505,-0.20851441405707505,-0.20851441405707505,4.795831523312719,-0.20851441405707505,-0.20851441405707505,-0.20851441405707505,-0.20851441405707505,-0.20851441405707505,-0.20851441405707505,-0.20851441405707505,-0.20851441405707505,-0.20851441405707505,-0.20851441405707505,-0.20851441405707505,-0.20851441405707505,-0.20851441405707505,-0.20851441405707505,-0.20851441405707505,-0.20851441405707505,-0.20851441405707505,-0.20851441405707505,-0.20851441405707505,-0.20851441405707505,-0.20851441405707505,-0.20851441405707505,-0.20851441405707505,4.795831523312719
919,-0.35089897406533627,-0.982763564430663,-1.1026962609898645,-0.997221204563827,-1.0557089305570815,-0.7133257255853339,-0.08573271071389647,0.7932260928364151,1.5545522789396196,1.7034002557651489,1.1641959953441914,0.24252143685498626,0.010542029263763825,-0.5447627849418536,-1.081995548981016,-1.3235038557509147,-1.3856059917774601,-0.8211008611234656,0.5372601459333524,1.3074580657546349,1.2706567999611265,1.3255301159210897,0.7048373383859352,-0.1688641414795895,-0.2085144140570749,-0.2085144140570749,-0.2085144140570749,-0.2085144140570749,-0.2085144140570749,-0.2085144140570749,-0.2085144140570749,-0.2085144140570749,-0.2085144140570749,-0.2085144140570749,-0.2085144140570749,-0.2085144140570749,-0.2085144140570749,-0.2085144140570749,-0.2085144140570749,-0.2085144140570749,-0.2085144140570749,-0.2085144140570749,-0.2085144140570749,-0.2085144140570749,-0.2085144140570749,-0.2085144140570749,-0.2085144140570749,4.795831523312719,-0.2085144140570749,-0.2085144140570749,-0.2085144140570749,-0.2085144140570749,-0.2085144140570749,-0.2085144140570749,-0.2085144140570749,-0.2085144140570749,-0.2085144140570749,-0.2085144140570749,-0.2085144140570749,-0.2085144140570749,-0.2085144140570749,-0.2085144140570749,-0.2085144140570749,-0.2085144140570749,-0.2085144140570749,-0.2085144140570749,-0.2085144140570749,-0.2085144140570749,-0.2085144140570749,-0.2085144140570749,-0.2085144140570749,4.795831523312719,-0.2085144140570749,-0.2085144140570749,-0.2085144140570749,-0.2085144140570749,-0.2085144140570749,-0.2085144140570749,-0.2085144140570749,-0.2085144140570749,-0.2085144140570749,-0.2085144140570749,-0.2085144140570749,-0.2085144140570749,-0.2085144140570749,-0.2085144140570749,-0.2085144140570749,-0.2085144140570749,-0.2085144140570749,-0.2085144140570749,-0.2085144140570749,-0.2085144140570749,-0.2085144140570749,-0.2085144140570749,-0.2085144140570749,4.795831523312719
920,1.3253747221417644,0.6582681644038395,0.18659440336991498,0.6292826260162799,-0.6372975665552641,-0.41639263005613564,-0.3931163643812772,-0.47655958095152456,0.0636254526348136,0.5352992136687381,0.6929629755041002,0.5247590178914437,0.13652847342776656,-0.671553202831471,-1.2178866839545641,-1.1225857471348606,-1.2174475091305104,0.1409202216683059,1.8453577138216217,1.593271364814664,1.0811935199677774,0.3179076757620411,-1.0681280689521728,-2.5103781911452905,0.20851441405707816,0.20851441405707816,0.20851441405707816,0.20851441405707816,0.20851441405707816,0.20851441405707816,0.20851441405707816,0.20851441405707816,0.20851441405707816,0.20851441405707816,0.20851441405707816,0.20851441405707816,0.20851441405707816,0.20851441405707816,0.20851441405707816,0.20851441405707816,0.20851441405707816,0.20851441405707816,0.20851441405707816,0.20851441405707816,0.20851441405707816,0.20851441405707816,0.20851441405707816,-4.7958315233127164,0.20851441405707816,0.20851441405707816,0.20851441405707816,0.20851441405707816,0.20851441405707816,0.20851441405707816,0.20851441405707816,0.20851441405707816,0.20851441405707816,0.20851441405707816,0.20851441405707816,0.20851441405707816,0.20851441405707816,0.20851441405707816,0.20851441405707816,0.20851441405707816,0.20851441405707816,0.20851441405707816,0.20851441405707816,0.20851441405707816,0.20851441405707816,0.20851441405707816,0.20851441405707816,-4.7958315233127164,0.20851441405707816,0.20851441405707816,0.20851441405707816,0.20851441405707816,0.20851441405707816,0.20851441405707816,0.20851441405707816,0.20851441405707816,0.20851441405707816,0.20851441405707816,0.20851441405707816,0.20851441405707816,0.20851441405707816,0.20851441405707816,0.20851441405707816,0.20851441405707816,0.20851441405707816,0.20851441405707816,0.20851441405707816,0.20851441405707816,0.20851441405707816,0.20851441405707816,0.20851441405707816,-4.7958315233127164
921,-1.0709379388497153,-1.4034510693725246,-1.6733994714073677,-1.8897998264128044,-1.6901447369732647,-1.3171485468405946,-0.6408974374486054,0.2896608918562354,0.865624421760161,0.7949630813502225,0.7846583025404398,0.7290861025305403,0.5581371826325381,0.3925246660467448,0.2574584580756645,0.1109833878508962,0.08742960771425004,0.4988847044762876,1.2807597966685496,1.4557570225275378,1.1646470211511766,0.7947790674429049,0.1821967699827873,-0.5617714573020597,-0.20851441405707602,-0.20851441405707602,-0.20851441405707602,-0.20851441405707602,-0.20851441405707602,-0.20851441405707602,-0.20851441405707602,-0.20851441405707602,-0.20851441405707602,-0.20851441405707602,-0.20851441405707602,-0.20851441405707602,-0.20851441405707602,-0.20851441405707602,-0.20851441405707602,-0.20851441405707602,-0.20851441405707602,-0.20851441405707602,-0.20851441405707602,-0.20851441405707602,-0.20851441405707602,-0.20851441405707602,-0.20851441405707602,4.795831523312718,-0.20851441405707602,-0.20851441405707602,-0.20851441405707602,-0.20851441405707602,-0.20851441405707602,-0.20851441405707602,-0.20851441405707602,-0.20851441405707602,-0.20851441405707602,-0.20851441405707602,-0.20851441405707602,-0.20851441405707602,-0.20851441405707602,-0.20851441405707602,-0.20851441405707602,-0.20851441405707602,-0.20851441405707602,-0.20851441405707602,-0.20851441405707602,-0.20851441405707602,-0.20851441405707602,-0.20851441405707602,-0.20851441405707602,4.795831523312718,-0.20851441405707602,-0.20851441405707602,-0.20851441405707602,-0.20851441405707602,-0.20851441405707602,-0.20851441405707602,-0.20851441405707602,-0.20851441405707602,-0.20851441405707602,-0.20851441405707602,-0.20851441405707602,-0.20851441405707602,-0.20851441405707602,-0.20851441405707602,-0.20851441405707602,-0.20851441405707602,-0.20851441405707602,-0.20851441405707602,-0.20851441405707602,-0.20851441405707602,-0.20851441405707602,-0.20851441405707602,-0.20851441405707602,4.795831523312718
922,-0.9988008590526882,-1.4057363924013013,-1.6242325168971954,-1.7826152101067396,-1.7354603628102616,-1.4242743667201456,-0.5038549427728626,0.6883347842953431,1.1269468562858649,1.015539030039606,0.9102505351218977,0.7686060128992711,0.5546093967331938,0.3321537049070612,0.15415315537951663,-0.0018897934985229708,0.004589498496412929,0.3910072738610623,1.14890445693537,1.3049474058134096,1.0544147820092213,0.7014733486184075,0.02780696147826657,-0.7068727586141874,-0.20851441405707474,-0.20851441405707474,-0.20851441405707474,-0.20851441405707474,-0.20851441405707474,-0.20851441405707474,-0.20851441405707474,-0.20851441405707474,-0.20851441405707474,-0.20851441405707474,-0.20851441405707474,-0.20851441405707474,-0.20851441405707474,-0.20851441405707474,-0.20851441405707474,-0.20851441405707474,-0.20851441405707474,-0.20851441405707474,-0.20851441405707474,-0.20851441405707474,-0.20851441405707474,-0.20851441405707474,-0.20851441405707474,4.795831523312719,-0.20851441405707474,-0.20851441405707474,-0.20851441405707474,-0.20851441405707474,-0.20851441405707474,-0.20851441405707474,-0.20851441405707474,-0.20851441405707474,-0.20851441405707474,-0.20851441405707474,-0.20851441405707474,-0.20851441405707474,-0.20851441405707474,-0.20851441405707474,-0.20851441405707474,-0.20851441405707474,-0.20851441405707474,-0.20851441405707474,-0.20851441405707474,-0.20851441405707474,-0.20851441405707474,-0.20851441405707474,-0.20851441405707474,4.795831523312719,-0.20851441405707474,-0.20851441405707474,-0.20851441405707474,-0.20851441405707474,-0.20851441405707474,-0.20851441405707474,-0.20851441405707474,-0.20851441405707474,-0.20851441405707474,-0.20851441405707474,-0.20851441405707474,-0.20851441405707474,-0.20851441405707474,-0.20851441405707474,-0.20851441405707474,-0.20851441405707474,-0.20851441405707474,-0.20851441405707474,-0.20851441405707474,-0.20851441405707474,-0.20851441405707474,-0.20851441405707474,-0.20851441405707474,4.795831523312719
923,-0.7845720533796953,-1.2218793663891547,-1.5452065332531548,-1.7482794174866245,-1.7221371821321614,-1.5159272296561561,-0.5541021064947482,0.8218160246813558,1.2509669602602227,1.0907673420080726,1.001047190271555,0.8477491221529833,0.6325462407150426,0.4922147213322845,0.37614319635846816,0.13479807956606446,0.06661912976162458,0.36715026739653284,1.0602332111140595,1.1696123238371334,0.8458668812074619,0.3939199163995031,-0.3073194047486162,-1.1520273135220291,0.20851441405707447,0.20851441405707447,0.20851441405707447,0.20851441405707447,0.20851441405707447,0.20851441405707447,0.20851441405707447,0.20851441405707447,0.20851441405707447,0.20851441405707447,0.20851441405707447,0.20851441405707447,0.20851441405707447,0.20851441405707447,0.20851441405707447,0.20851441405707447,0.20851441405707447,0.20851441405707447,0.20851441405707447,0.20851441405707447,0.20851441405707447,0.20851441405707447,0.20851441405707447,-4.79583152331272,0.20851441405707447,0.20851441405707447,0.20851441405707447,0.20851441405707447,0.20851441405707447,0.20851441405707447,0.20851441405707447,0.20851441405707447,0.20851441405707447,0.20851441405707447,0.20851441405707447,0.20851441405707447,0.20851441405707447,0.20851441405707447,0.20851441405707447,0.20851441405707447,0.20851441405707447,0.20851441405707447,0.20851441405707447,0.20851441405707447,0.20851441405707447,0.20851441405707447,0.20851441405707447,-4.79583152331272,0.20851441405707447,0.20851441405707447,0.20851441405707447,0.20851441405707447,0.20851441405707447,0.20851441405707447,0.20851441405707447,0.20851441405707447,0.20851441405707447,0.20851441405707447,0.20851441405707447,0.20851441405707447,0.20851441405707447,0.20851441405707447,0.20851441405707447,0.20851441405707447,0.20851441405707447,0.20851441405707447,0.20851441405707447,0.20851441405707447,0.20851441405707447,0.20851441405707447,0.20851441405707447,-4.79583152331272
924,-1.0163463004769417,-1.4492406732081602,-1.6644079042233348,-1.7694989751011283,-1.7616845108563692,-1.5893621010452181,-0.9338902294805191,-0.0565145197930948,0.34256208525821835,0.31938815680824334,0.4002274420988537,0.44576690614589753,0.4585664596502442,0.45641074537582793,0.48699494164410884,0.44441958472438736,0.4341799419209101,0.6932698512773162,1.1739941344721458,1.3205827051324526,1.2474231519444503,1.0617622600603485,0.698793869105508,0.25660297856586933,0.2085144140570733,0.2085144140570733,0.2085144140570733,0.2085144140570733,0.2085144140570733,0.2085144140570733,0.2085144140570733,0.2085144140570733,0.2085144140570733,0.2085144140570733,0.2085144140570733,0.2085144140570733,0.2085144140570733,0.2085144140570733,0.2085144140570733,0.2085144140570733,0.2085144140570733,0.2085144140570733,0.2085144140570733,0.2085144140570733,0.2085144140570733,0.2085144140570733,0.2085144140570733,-4.795831523312722,0.2085144140570733,0.2085144140570733,0.2085144140570733,0.2085144140570733,0.2085144140570733,0.2085144140570733,0.2085144140570733,0.2085144140570733,0.2085144140570733,0.2085144140570733,0.2085144140570733,0.2085144140570733,0.2085144140570733,0.2085144140570733,0.2085144140570733,0.2085144140570733,0.2085144140570733,0.2085144140570733,0.2085144140570733,0.2085144140570733,0.2085144140570733,0.2085144140570733,0.2085144140570733,-4.795831523312722,0.2085144140570733,0.2085144140570733,0.2085144140570733,0.2085144140570733,0.2085144140570733,0.2085144140570733,0.2085144140570733,0.2085144140570733,0.2085144140570733,0.2085144140570733,0.2085144140570733,0.2085144140570733,0.2085144140570733,0.2085144140570733,0.2085144140570733,0.2085144140570733,0.2085144140570733,0.2085144140570733,0.2085144140570733,0.2085144140570733,0.2085144140570733,0.2085144140570733,0.2085144140570733,-4.795831523312722
925,-1.5197781410957731,-1.6908174969727432,-1.7422975391678444,-1.763158732737101,-1.661095903984286,-1.3257466095107513,-0.7033876680279271,0.12691026741942338,0.590567118039354,0.6792832691860317,0.7583539222307949,0.7448950876699841,0.6678432598093424,0.5444706096685772,0.43994032791294696,0.3338398487918888,0.30860453399036863,0.5243945147820345,1.0303345373138457,1.103348714806244,0.9814341050762332,0.8488645846522472,0.5581537581387348,0.1650436320083872,0.20851441405707385,0.20851441405707385,0.20851441405707385,0.20851441405707385,0.20851441405707385,0.20851441405707385,0.20851441405707385,0.20851441405707385,0.20851441405707385,0.20851441405707385,0.20851441405707385,0.20851441405707385,0.20851441405707385,0.20851441405707385,0.20851441405707385,0.20851441405707385,0.20851441405707385,0.20851441405707385,0.20851441405707385,0.20851441405707385,0.20851441405707385,0.20851441405707385,0.20851441405707385,-4.795831523312721,0.20851441405707385,0.20851441405707385,0.20851441405707385,0.20851441405707385,0.20851441405707385,0.20851441405707385,0.20851441405707385,0.20851441405707385,0.20851441405707385,0.20851441405707385,0.20851441405707385,0.20851441405707385,0.20851441405707385,0.20851441405707385,0.20851441405707385,0.20851441405707385,0.20851441405707385,0.20851441405707385,0.20851441405707385,0.20851441405707385,0.20851441405707385,0.20851441405707385,0.20851441405707385,-4.795831523312721,0.20851441405707385,0.20851441405707385,0.20851441405707385,0.20851441405707385,0.20851441405707385,0.20851441405707385,0.20851441405707385,0.20851441405707385,0.20851441405707385,0.20851441405707385,0.20851441405707385,0.20851441405707385,0.20851441405707385,0.20851441405707385,0.20851441405707385,0.20851441405707385,0.20851441405707385,0.20851441405707385,0.20851441405707385,0.20851441405707385,0.20851441405707385,0.20851441405707385,0.20851441405707385,-4.795831523312721
926,-0.3040715783965617,-0.8003698637252183,-0.9968982964828699,-1.1052591255431667,-1.202812312859917,-1.1342691112758447,-0.5008844227790433,0.3335792844726924,0.99312984245387,1.4439222678096986,1.4370963888137744,1.0465992279219432,0.2715775502597141,-0.39167035884425583,-0.9658974293763807,-1.3635048808889665,-1.412992503609417,-0.6473564095665838,0.8776587227728186,1.4225913959474354,1.394434645089248,1.0884077367719789,0.5995041536889067,-0.08251492265385474,-0.2085144140570736,-0.2085144140570736,-0.2085144140570736,-0.2085144140570736,-0.2085144140570736,-0.2085144140570736,-0.2085144140570736,-0.2085144140570736,-0.2085144140570736,-0.2085144140570736,-0.2085144140570736,-0.2085144140570736,-0.2085144140570736,-0.2085144140570736,-0.2085144140570736,-0.2085144140570736,-0.2085144140570736,-0.2085144140570736,-0.2085144140570736,-0.2085144140570736,-0.2085144140570736,-0.2085144140570736,-0.2085144140570736,4.795831523312721,-0.2085144140570736,-0.2085144140570736,-0.2085144140570736,-0.2085144140570736,-0.2085144140570736,-0.2085144140570736,-0.2085144140570736,-0.2085144140570736,-0.2085144140570736,-0.2085144140570736,-0.2085144140570736,-0.2085144140570736,-0.2085144140570736,-0.2085144140570736,-0.2085144140570736,-0.2085144140570736,-0.2085144140570736,-0.2085144140570736,-0.2085144140570736,-0.2085144140570736,-0.2085144140570736,-0.2085144140570736,-0.2085144140570736,4.795831523312721,-0.2085144140570736,-0.2085144140570736,-0.2085144140570736,-0.2085144140570736,-0.2085144140570736,-0.2085144140570736,-0.2085144140570736,-0.2085144140570736,-0.2085144140570736,-0.2085144140570736,-0.2085144140570736,-0.2085144140570736,-0.2085144140570736,-0.2085144140570736,-0.2085144140570736,-0.2085144140570736,-0.2085144140570736,-0.2085144140570736,-0.2085144140570736,-0.2085144140570736,-0.2085144140570736,-0.2085144140570736,-0.2085144140570736,4.795831523312721
927,-0.7039979384566734,-1.0741671277593337,-1.0891037792575113,-1.2501598475856863,-1.3956298447853281,-1.0696211903468449,-0.5153415358383877,0.8218134830636782,1.8047100936067948,1.8264656512237054,1.4673365956370894,0.9111086822375656,-0.060423084774328874,-0.09451761536799495,-0.5698927847882534,-0.7978390750430495,-1.015394651212157,-0.7361442101592729,0.6672516110390586,1.0312513138533412,0.8864307362840549,0.7912907604369677,0.5880224161356823,-0.4234486581430782,0.20851441405707452,0.20851441405707452,0.20851441405707452,0.20851441405707452,0.20851441405707452,0.20851441405707452,0.20851441405707452,0.20851441405707452,0.20851441405707452,0.20851441405707452,0.20851441405707452,0.20851441405707452,0.20851441405707452,0.20851441405707452,0.20851441405707452,0.20851441405707452,0.20851441405707452,0.20851441405707452,0.20851441405707452,0.20851441405707452,0.20851441405707452,0.20851441405707452,0.20851441405707452,-4.79583152331272,0.20851441405707452,0.20851441405707452,0.20851441405707452,0.20851441405707452,0.20851441405707452,0.20851441405707452,0.20851441405707452,0.20851441405707452,0.20851441405707452,0.20851441405707452,0.20851441405707452,0.20851441405707452,0.20851441405707452,0.20851441405707452,0.20851441405707452,0.20851441405707452,0.20851441405707452,0.20851441405707452,0.20851441405707452,0.20851441405707452,0.20851441405707452,0.20851441405707452,0.20851441405707452,-4.79583152331272,0.20851441405707452,0.20851441405707452,0.20851441405707452,0.20851441405707452,0.20851441405707452,0.20851441405707452,0.20851441405707452,0.20851441405707452,0.20851441405707452,0.20851441405707452,0.20851441405707452,0.20851441405707452,0.20851441405707452,0.20851441405707452,0.20851441405707452,0.20851441405707452,0.20851441405707452,0.20851441405707452,0.20851441405707452,0.20851441405707452,0.20851441405707452,0.20851441405707452,0.20851441405707452,-4.79583152331272
928,-1.3872849946542227,-1.5637610119370378,-1.618131030098624,-1.795739756093139,-1.6301377424426409,-1.1482834564855833,-0.13247028383328135,0.5720745348439397,0.995934134761972,1.1200790095642605,1.1882680740085831,0.88560830624242,0.6753775693509535,0.34825129341207656,-0.003794574184194036,-0.2910495034712411,-0.11253461050736642,-0.0031149489571742086,0.9311431964527485,1.2777520622328604,1.0652559079179944,0.7410746746295368,0.22433296035212802,-0.3388498111049689,0.20851441405706364,0.20851441405706364,0.20851441405706364,0.20851441405706364,0.20851441405706364,0.20851441405706364,0.20851441405706364,0.20851441405706364,0.20851441405706364,0.20851441405706364,0.20851441405706364,0.20851441405706364,0.20851441405706364,0.20851441405706364,0.20851441405706364,0.20851441405706364,0.20851441405706364,0.20851441405706364,0.20851441405706364,0.20851441405706364,0.20851441405706364,0.20851441405706364,0.20851441405706364,-4.795831523312731,0.20851441405706364,0.20851441405706364,0.20851441405706364,0.20851441405706364,0.20851441405706364,0.20851441405706364,0.20851441405706364,0.20851441405706364,0.20851441405706364,0.20851441405706364,0.20851441405706364,0.20851441405706364,0.20851441405706364,0.20851441405706364,0.20851441405706364,0.20851441405706364,0.20851441405706364,0.20851441405706364,0.20851441405706364,0.20851441405706364,0.20851441405706364,0.20851441405706364,0.20851441405706364,-4.795831523312731,0.20851441405706364,0.20851441405706364,0.20851441405706364,0.20851441405706364,0.20851441405706364,0.20851441405706364,0.20851441405706364,0.20851441405706364,0.20851441405706364,0.20851441405706364,0.20851441405706364,0.20851441405706364,0.20851441405706364,0.20851441405706364,0.20851441405706364,0.20851441405706364,0.20851441405706364,0.20851441405706364,0.20851441405706364,0.20851441405706364,0.20851441405706364,0.20851441405706364,0.20851441405706364,-4.795831523312731
929,-1.4444474803999299,-1.581258288438115,-1.6906774815192471,-1.7217507651533235,-1.626616446539042,-1.2345923658096027,-0.6396347076026402,0.2074436216068769,0.7029962255342108,0.754097786771294,0.7247917041021886,0.5926934319705933,0.39241065594052665,0.2879985322601463,0.1416153856617006,0.03690872848715841,0.0937536928603979,0.4635404947806165,1.2318311143018352,1.4200380170712654,1.3089988897722433,1.015348996092866,0.5156729232472662,0.048837335000713855,-0.20851441405707574,-0.20851441405707574,-0.20851441405707574,-0.20851441405707574,-0.20851441405707574,-0.20851441405707574,-0.20851441405707574,-0.20851441405707574,-0.20851441405707574,-0.20851441405707574,-0.20851441405707574,-0.20851441405707574,-0.20851441405707574,-0.20851441405707574,-0.20851441405707574,-0.20851441405707574,-0.20851441405707574,-0.20851441405707574,-0.20851441405707574,-0.20851441405707574,-0.20851441405707574,-0.20851441405707574,-0.20851441405707574,4.795831523312718,-0.20851441405707574,-0.20851441405707574,-0.20851441405707574,-0.20851441405707574,-0.20851441405707574,-0.20851441405707574,-0.20851441405707574,-0.20851441405707574,-0.20851441405707574,-0.20851441405707574,-0.20851441405707574,-0.20851441405707574,-0.20851441405707574,-0.20851441405707574,-0.20851441405707574,-0.20851441405707574,-0.20851441405707574,-0.20851441405707574,-0.20851441405707574,-0.20851441405707574,-0.20851441405707574,-0.20851441405707574,-0.20851441405707574,4.795831523312718,-0.20851441405707574,-0.20851441405707574,-0.20851441405707574,-0.20851441405707574,-0.20851441405707574,-0.20851441405707574,-0.20851441405707574,-0.20851441405707574,-0.20851441405707574,-0.20851441405707574,-0.20851441405707574,-0.20851441405707574,-0.20851441405707574,-0.20851441405707574,-0.20851441405707574,-0.20851441405707574,-0.20851441405707574,-0.20851441405707574,-0.20851441405707574,-0.20851441405707574,-0.20851441405707574,-0.20851441405707574,-0.20851441405707574,4.795831523312718
930,-0.47084927964757406,-0.7742166444731382,-0.8939940928045386,-0.9640019462258226,-0.8925485029108837,-0.5751382648326727,0.3595388578361519,1.6256690918358345,2.1161370914687243,1.8608872188176708,1.416678095781736,0.8202690082281421,0.2379027939271953,-0.30956275008408485,-0.7748361829989903,-1.1583305305014222,-1.2902922365079135,-0.9022546064825662,0.20506725205703552,0.7688473105824203,0.6558847860353926,0.31204090418749314,-0.3304205471211046,-1.042476826167085,-0.20851441405707535,-0.20851441405707535,-0.20851441405707535,-0.20851441405707535,-0.20851441405707535,-0.20851441405707535,-0.20851441405707535,-0.20851441405707535,-0.20851441405707535,-0.20851441405707535,-0.20851441405707535,-0.20851441405707535,-0.20851441405707535,-0.20851441405707535,-0.20851441405707535,-0.20851441405707535,-0.20851441405707535,-0.20851441405707535,-0.20851441405707535,-0.20851441405707535,-0.20851441405707535,-0.20851441405707535,-0.20851441405707535,4.795831523312718,-0.20851441405707535,-0.20851441405707535,-0.20851441405707535,-0.20851441405707535,-0.20851441405707535,-0.20851441405707535,-0.20851441405707535,-0.20851441405707535,-0.20851441405707535,-0.20851441405707535,-0.20851441405707535,-0.20851441405707535,-0.20851441405707535,-0.20851441405707535,-0.20851441405707535,-0.20851441405707535,-0.20851441405707535,-0.20851441405707535,-0.20851441405707535,-0.20851441405707535,-0.20851441405707535,-0.20851441405707535,-0.20851441405707535,4.795831523312718,-0.20851441405707535,-0.20851441405707535,-0.20851441405707535,-0.20851441405707535,-0.20851441405707535,-0.20851441405707535,-0.20851441405707535,-0.20851441405707535,-0.20851441405707535,-0.20851441405707535,-0.20851441405707535,-0.20851441405707535,-0.20851441405707535,-0.20851441405707535,-0.20851441405707535,-0.20851441405707535,-0.20851441405707535,-0.20851441405707535,-0.20851441405707535,-0.20851441405707535,-0.20851441405707535,-0.20851441405707535,-0.20851441405707535,4.795831523312718
931,0.04024972103988097,0.04123623381046628,-0.04616879766339287,-0.13002238316314488,-0.28549679580739096,-0.11404087627966274,0.6430090238675101,1.85918196744509,2.242540830094544,1.8049237650628975,1.1749367097671135,0.5488957055536708,-0.10674068177733138,-0.6720124993227184,-1.0948318727955857,-1.4937776372202882,-1.6490547473104171,-1.2708257510680063,-0.21683550697465284,0.2578744382310021,0.21999234784052588,-0.05780964835629962,-0.5196949275443454,-1.1755286174294646,-0.20851441405707538,-0.20851441405707538,-0.20851441405707538,-0.20851441405707538,-0.20851441405707538,-0.20851441405707538,-0.20851441405707538,-0.20851441405707538,-0.20851441405707538,-0.20851441405707538,-0.20851441405707538,-0.20851441405707538,-0.20851441405707538,-0.20851441405707538,-0.20851441405707538,-0.20851441405707538,-0.20851441405707538,-0.20851441405707538,-0.20851441405707538,-0.20851441405707538,-0.20851441405707538,-0.20851441405707538,-0.20851441405707538,4.795831523312719,-0.20851441405707538,-0.20851441405707538,-0.20851441405707538,-0.20851441405707538,-0.20851441405707538,-0.20851441405707538,-0.20851441405707538,-0.20851441405707538,-0.20851441405707538,-0.20851441405707538,-0.20851441405707538,-0.20851441405707538,-0.20851441405707538,-0.20851441405707538,-0.20851441405707538,-0.20851441405707538,-0.20851441405707538,-0.20851441405707538,-0.20851441405707538,-0.20851441405707538,-0.20851441405707538,-0.20851441405707538,-0.20851441405707538,4.795831523312719,-0.20851441405707538,-0.20851441405707538,-0.20851441405707538,-0.20851441405707538,-0.20851441405707538,-0.20851441405707538,-0.20851441405707538,-0.20851441405707538,-0.20851441405707538,-0.20851441405707538,-0.20851441405707538,-0.20851441405707538,-0.20851441405707538,-0.20851441405707538,-0.20851441405707538,-0.20851441405707538,-0.20851441405707538,-0.20851441405707538,-0.20851441405707538,-0.20851441405707538,-0.20851441405707538,-0.20851441405707538,-0.20851441405707538,4.795831523312719
932,0.2740848375484383,-0.37085640790503244,-0.6276985873130101,-0.5774644702048252,-0.5324968331160468,-0.28314925988953216,0.586225057160184,1.8568646403039095,2.294387595762294,1.9164163759079675,1.313809527533572,0.8264575688146489,0.35227181014424225,-0.1875423918449222,-0.6096710210927341,-1.0364584595884825,-1.2116701986956597,-0.974678597822368,-0.11705258235440465,0.10393702153684428,-0.12393951776439774,-0.36822316789532916,-0.91573453298978,-1.5878184062355765,-0.20851441405707194,-0.20851441405707194,-0.20851441405707194,-0.20851441405707194,-0.20851441405707194,-0.20851441405707194,-0.20851441405707194,-0.20851441405707194,-0.20851441405707194,-0.20851441405707194,-0.20851441405707194,-0.20851441405707194,-0.20851441405707194,-0.20851441405707194,-0.20851441405707194,-0.20851441405707194,-0.20851441405707194,-0.20851441405707194,-0.20851441405707194,-0.20851441405707194,-0.20851441405707194,-0.20851441405707194,-0.20851441405707194,4.795831523312723,-0.20851441405707194,-0.20851441405707194,-0.20851441405707194,-0.20851441405707194,-0.20851441405707194,-0.20851441405707194,-0.20851441405707194,-0.20851441405707194,-0.20851441405707194,-0.20851441405707194,-0.20851441405707194,-0.20851441405707194,-0.20851441405707194,-0.20851441405707194,-0.20851441405707194,-0.20851441405707194,-0.20851441405707194,-0.20851441405707194,-0.20851441405707194,-0.20851441405707194,-0.20851441405707194,-0.20851441405707194,-0.20851441405707194,4.795831523312723,-0.20851441405707194,-0.20851441405707194,-0.20851441405707194,-0.20851441405707194,-0.20851441405707194,-0.20851441405707194,-0.20851441405707194,-0.20851441405707194,-0.20851441405707194,-0.20851441405707194,-0.20851441405707194,-0.20851441405707194,-0.20851441405707194,-0.20851441405707194,-0.20851441405707194,-0.20851441405707194,-0.20851441405707194,-0.20851441405707194,-0.20851441405707194,-0.20851441405707194,-0.20851441405707194,-0.20851441405707194,-0.20851441405707194,4.795831523312723
933,0.8185573577403588,-0.02046018939933079,-0.5830405069972803,-0.987451278433506,-1.0021898043258484,-0.7900988219726278,-0.38425014557129555,0.6470871906513991,1.5022811686485376,1.8398293592073074,1.7395354878911233,1.2308766064846706,0.5306168884777661,-0.09451229510231968,-0.6822559495896343,-1.1042810568484156,-1.1984638320628966,-0.8666672613645532,0.5090483140011673,0.8951257971322841,0.6039500416982017,0.04855924892578506,-0.8109484439666732,-1.8408478752242614,-0.20851441405707538,-0.20851441405707538,-0.20851441405707538,-0.20851441405707538,-0.20851441405707538,-0.20851441405707538,-0.20851441405707538,-0.20851441405707538,-0.20851441405707538,-0.20851441405707538,-0.20851441405707538,-0.20851441405707538,-0.20851441405707538,-0.20851441405707538,-0.20851441405707538,-0.20851441405707538,-0.20851441405707538,-0.20851441405707538,-0.20851441405707538,-0.20851441405707538,-0.20851441405707538,-0.20851441405707538,-0.20851441405707538,4.795831523312719,-0.20851441405707538,-0.20851441405707538,-0.20851441405707538,-0.20851441405707538,-0.20851441405707538,-0.20851441405707538,-0.20851441405707538,-0.20851441405707538,-0.20851441405707538,-0.20851441405707538,-0.20851441405707538,-0.20851441405707538,-0.20851441405707538,-0.20851441405707538,-0.20851441405707538,-0.20851441405707538,-0.20851441405707538,-0.20851441405707538,-0.20851441405707538,-0.20851441405707538,-0.20851441405707538,-0.20851441405707538,-0.20851441405707538,4.795831523312719,-0.20851441405707538,-0.20851441405707538,-0.20851441405707538,-0.20851441405707538,-0.20851441405707538,-0.20851441405707538,-0.20851441405707538,-0.20851441405707538,-0.20851441405707538,-0.20851441405707538,-0.20851441405707538,-0.20851441405707538,-0.20851441405707538,-0.20851441405707538,-0.20851441405707538,-0.20851441405707538,-0.20851441405707538,-0.20851441405707538,-0.20851441405707538,-0.20851441405707538,-0.20851441405707538,-0.20851441405707538,-0.20851441405707538,4.795831523312719
934,-0.3953213692716643,-0.9175957330104086,-1.3877589798326815,-1.6206305335531639,-1.6673909554291049,-1.5631687215961618,-1.2314256290832666,-0.7147345992998585,-0.1929255133907255,0.23675856225535952,0.44287664077318917,0.38262316183851885,0.43613011224382453,0.44752941906930266,0.3549391309766433,0.2846821787053289,0.39239399626035726,0.7422829241280952,1.5765260726212522,1.778224011757774,1.5299982896601168,1.0733280998965733,0.4061196922338922,-0.3934602579532189,0.2085144140570781,0.2085144140570781,0.2085144140570781,0.2085144140570781,0.2085144140570781,0.2085144140570781,0.2085144140570781,0.2085144140570781,0.2085144140570781,0.2085144140570781,0.2085144140570781,0.2085144140570781,0.2085144140570781,0.2085144140570781,0.2085144140570781,0.2085144140570781,0.2085144140570781,0.2085144140570781,0.2085144140570781,0.2085144140570781,0.2085144140570781,0.2085144140570781,0.2085144140570781,-4.7958315233127164,0.2085144140570781,0.2085144140570781,0.2085144140570781,0.2085144140570781,0.2085144140570781,0.2085144140570781,0.2085144140570781,0.2085144140570781,0.2085144140570781,0.2085144140570781,0.2085144140570781,0.2085144140570781,0.2085144140570781,0.2085144140570781,0.2085144140570781,0.2085144140570781,0.2085144140570781,0.2085144140570781,0.2085144140570781,0.2085144140570781,0.2085144140570781,0.2085144140570781,0.2085144140570781,-4.7958315233127164,0.2085144140570781,0.2085144140570781,0.2085144140570781,0.2085144140570781,0.2085144140570781,0.2085144140570781,0.2085144140570781,0.2085144140570781,0.2085144140570781,0.2085144140570781,0.2085144140570781,0.2085144140570781,0.2085144140570781,0.2085144140570781,0.2085144140570781,0.2085144140570781,0.2085144140570781,0.2085144140570781,0.2085144140570781,0.2085144140570781,0.2085144140570781,0.2085144140570781,0.2085144140570781,-4.7958315233127164
935,-1.3577321987320665,-1.5804979048781231,-1.710850449843911,-1.7953168482042396,-1.7375105573688705,-1.400542179084646,-0.7727479163093959,0.10870188873458016,0.5414159416396933,0.5970432813792724,0.6542087042452915,0.6924044352185509,0.6554904401839915,0.6152439317088121,0.5524388707125131,0.4646399589115645,0.4097816607352054,0.5744847288581528,1.0156582389586857,1.2047142899169327,1.0755153072959749,0.8337799092571586,0.4399024552946549,-0.08022598862979685,0.20851441405707363,0.20851441405707363,0.20851441405707363,0.20851441405707363,0.20851441405707363,0.20851441405707363,0.20851441405707363,0.20851441405707363,0.20851441405707363,0.20851441405707363,0.20851441405707363,0.20851441405707363,0.20851441405707363,0.20851441405707363,0.20851441405707363,0.20851441405707363,0.20851441405707363,0.20851441405707363,0.20851441405707363,0.20851441405707363,0.20851441405707363,0.20851441405707363,0.20851441405707363,-4.795831523312721,0.20851441405707363,0.20851441405707363,0.20851441405707363,0.20851441405707363,0.20851441405707363,0.20851441405707363,0.20851441405707363,0.20851441405707363,0.20851441405707363,0.20851441405707363,0.20851441405707363,0.20851441405707363,0.20851441405707363,0.20851441405707363,0.20851441405707363,0.20851441405707363,0.20851441405707363,0.20851441405707363,0.20851441405707363,0.20851441405707363,0.20851441405707363,0.20851441405707363,0.20851441405707363,-4.795831523312721,0.20851441405707363,0.20851441405707363,0.20851441405707363,0.20851441405707363,0.20851441405707363,0.20851441405707363,0.20851441405707363,0.20851441405707363,0.20851441405707363,0.20851441405707363,0.20851441405707363,0.20851441405707363,0.20851441405707363,0.20851441405707363,0.20851441405707363,0.20851441405707363,0.20851441405707363,0.20851441405707363,0.20851441405707363,0.20851441405707363,0.20851441405707363,0.20851441405707363,0.20851441405707363,-4.795831523312721
936,-1.3599752317599512,-1.6472189773539399,-1.7843913889389011,-1.8047800082543606,-1.6843900656297432,-1.3025542222592696,-0.5276479901812325,0.5297862524110272,0.9795841601663653,0.8991392676291787,0.8078759240266463,0.6977496401050495,0.5596063418860188,0.4139733467755947,0.280129689364586,0.1476730128593908,0.12631350690986193,0.3385215854993369,0.8629390659874447,1.1567016218387571,1.0841625204647078,0.8924817592812736,0.45835673576162866,-0.12403654658948601,-0.20851441405707308,-0.20851441405707308,-0.20851441405707308,-0.20851441405707308,-0.20851441405707308,-0.20851441405707308,-0.20851441405707308,-0.20851441405707308,-0.20851441405707308,-0.20851441405707308,-0.20851441405707308,-0.20851441405707308,-0.20851441405707308,-0.20851441405707308,-0.20851441405707308,-0.20851441405707308,-0.20851441405707308,-0.20851441405707308,-0.20851441405707308,-0.20851441405707308,-0.20851441405707308,-0.20851441405707308,-0.20851441405707308,4.795831523312722,-0.20851441405707308,-0.20851441405707308,-0.20851441405707308,-0.20851441405707308,-0.20851441405707308,-0.20851441405707308,-0.20851441405707308,-0.20851441405707308,-0.20851441405707308,-0.20851441405707308,-0.20851441405707308,-0.20851441405707308,-0.20851441405707308,-0.20851441405707308,-0.20851441405707308,-0.20851441405707308,-0.20851441405707308,-0.20851441405707308,-0.20851441405707308,-0.20851441405707308,-0.20851441405707308,-0.20851441405707308,-0.20851441405707308,4.795831523312722,-0.20851441405707308,-0.20851441405707308,-0.20851441405707308,-0.20851441405707308,-0.20851441405707308,-0.20851441405707308,-0.20851441405707308,-0.20851441405707308,-0.20851441405707308,-0.20851441405707308,-0.20851441405707308,-0.20851441405707308,-0.20851441405707308,-0.20851441405707308,-0.20851441405707308,-0.20851441405707308,-0.20851441405707308,-0.20851441405707308,-0.20851441405707308,-0.20851441405707308,-0.20851441405707308,-0.20851441405707308,-0.20851441405707308,4.795831523312722
937,-1.1329809547575864,-1.450771472658308,-1.5872481200310744,-1.682638865707851,-1.6238681628470655,-1.1710300724151772,-0.15192107599942833,1.1551465009986495,1.5997674110913398,1.3830839382337932,1.096375798137864,0.7844802139587408,0.4256037943620293,0.14854190944689757,-0.07814508730184654,-0.30608252453699036,-0.35181291946817905,-0.1549578600378276,0.5186722934212064,1.0092022328002854,1.0093808671554854,0.7700108311875443,0.23750181833647566,-0.4463104933689558,-0.20851441405707474,-0.20851441405707474,-0.20851441405707474,-0.20851441405707474,-0.20851441405707474,-0.20851441405707474,-0.20851441405707474,-0.20851441405707474,-0.20851441405707474,-0.20851441405707474,-0.20851441405707474,-0.20851441405707474,-0.20851441405707474,-0.20851441405707474,-0.20851441405707474,-0.20851441405707474,-0.20851441405707474,-0.20851441405707474,-0.20851441405707474,-0.20851441405707474,-0.20851441405707474,-0.20851441405707474,-0.20851441405707474,4.795831523312719,-0.20851441405707474,-0.20851441405707474,-0.20851441405707474,-0.20851441405707474,-0.20851441405707474,-0.20851441405707474,-0.20851441405707474,-0.20851441405707474,-0.20851441405707474,-0.20851441405707474,-0.20851441405707474,-0.20851441405707474,-0.20851441405707474,-0.20851441405707474,-0.20851441405707474,-0.20851441405707474,-0.20851441405707474,-0.20851441405707474,-0.20851441405707474,-0.20851441405707474,-0.20851441405707474,-0.20851441405707474,-0.20851441405707474,4.795831523312719,-0.20851441405707474,-0.20851441405707474,-0.20851441405707474,-0.20851441405707474,-0.20851441405707474,-0.20851441405707474,-0.20851441405707474,-0.20851441405707474,-0.20851441405707474,-0.20851441405707474,-0.20851441405707474,-0.20851441405707474,-0.20851441405707474,-0.20851441405707474,-0.20851441405707474,-0.20851441405707474,-0.20851441405707474,-0.20851441405707474,-0.20851441405707474,-0.20851441405707474,-0.20851441405707474,-0.20851441405707474,-0.20851441405707474,4.795831523312719
938,-0.7269940436412631,-0.8885121077832866,-1.0025708132959126,-1.065459346129929,-0.9654626728037912,-0.6018028959810007,0.484489090425208,1.9317065696179456,2.2875541063371316,1.8110074600172557,1.2434482164903873,0.6678814268573241,0.13567256979926615,-0.30161756999999695,-0.6277785943254857,-0.9262061662831784,-1.018585905508302,-0.8308968370192032,-0.01080693214331864,0.5696425075544973,0.6008914679689153,0.3483608066198992,-0.19673824660910624,-0.9172220901640332,-0.20851441405706633,-0.20851441405706633,-0.20851441405706633,-0.20851441405706633,-0.20851441405706633,-0.20851441405706633,-0.20851441405706633,-0.20851441405706633,-0.20851441405706633,-0.20851441405706633,-0.20851441405706633,-0.20851441405706633,-0.20851441405706633,-0.20851441405706633,-0.20851441405706633,-0.20851441405706633,-0.20851441405706633,-0.20851441405706633,-0.20851441405706633,-0.20851441405706633,-0.20851441405706633,-0.20851441405706633,-0.20851441405706633,4.795831523312728,-0.20851441405706633,-0.20851441405706633,-0.20851441405706633,-0.20851441405706633,-0.20851441405706633,-0.20851441405706633,-0.20851441405706633,-0.20851441405706633,-0.20851441405706633,-0.20851441405706633,-0.20851441405706633,-0.20851441405706633,-0.20851441405706633,-0.20851441405706633,-0.20851441405706633,-0.20851441405706633,-0.20851441405706633,-0.20851441405706633,-0.20851441405706633,-0.20851441405706633,-0.20851441405706633,-0.20851441405706633,-0.20851441405706633,4.795831523312728,-0.20851441405706633,-0.20851441405706633,-0.20851441405706633,-0.20851441405706633,-0.20851441405706633,-0.20851441405706633,-0.20851441405706633,-0.20851441405706633,-0.20851441405706633,-0.20851441405706633,-0.20851441405706633,-0.20851441405706633,-0.20851441405706633,-0.20851441405706633,-0.20851441405706633,-0.20851441405706633,-0.20851441405706633,-0.20851441405706633,-0.20851441405706633,-0.20851441405706633,-0.20851441405706633,-0.20851441405706633,-0.20851441405706633,4.795831523312728
939,-0.4903365436421554,-0.83658056796727,-1.0893231591680272,-1.2527840968866188,-1.217915391422191,-0.8474631575708176,0.3227483653086108,1.7696885952496766,2.2081014907068774,1.8452004414783738,1.3808025871718859,0.8810918400702131,0.43001960568643655,0.06245458948498391,-0.20627874562302678,-0.46235274180446173,-0.6282567098422172,-0.4241526313593561,0.28588081685577627,0.4169160794291038,0.21747596791919174,-0.2076113076152979,-0.7546280054425957,-1.4026973210171205,0.20851441405707452,0.20851441405707452,0.20851441405707452,0.20851441405707452,0.20851441405707452,0.20851441405707452,0.20851441405707452,0.20851441405707452,0.20851441405707452,0.20851441405707452,0.20851441405707452,0.20851441405707452,0.20851441405707452,0.20851441405707452,0.20851441405707452,0.20851441405707452,0.20851441405707452,0.20851441405707452,0.20851441405707452,0.20851441405707452,0.20851441405707452,0.20851441405707452,0.20851441405707452,-4.79583152331272,0.20851441405707452,0.20851441405707452,0.20851441405707452,0.20851441405707452,0.20851441405707452,0.20851441405707452,0.20851441405707452,0.20851441405707452,0.20851441405707452,0.20851441405707452,0.20851441405707452,0.20851441405707452,0.20851441405707452,0.20851441405707452,0.20851441405707452,0.20851441405707452,0.20851441405707452,0.20851441405707452,0.20851441405707452,0.20851441405707452,0.20851441405707452,0.20851441405707452,0.20851441405707452,-4.79583152331272,0.20851441405707452,0.20851441405707452,0.20851441405707452,0.20851441405707452,0.20851441405707452,0.20851441405707452,0.20851441405707452,0.20851441405707452,0.20851441405707452,0.20851441405707452,0.20851441405707452,0.20851441405707452,0.20851441405707452,0.20851441405707452,0.20851441405707452,0.20851441405707452,0.20851441405707452,0.20851441405707452,0.20851441405707452,0.20851441405707452,0.20851441405707452,0.20851441405707452,0.20851441405707452,-4.79583152331272
940,-0.5295737183810331,-1.0398767816111398,-1.4575195517810429,-1.6463316851761824,-1.7204599196243453,-1.5329906890271798,-1.250981101452647,-0.6966308264489943,0.059692029369942744,0.6191453350058965,0.975283157028592,0.9634656124064211,0.8616735803199946,0.5769781871495141,0.2264805568783092,-0.08534147281124548,-0.031625360892286875,0.1461749695594661,1.0676748695292009,1.5701890965310585,1.3666050323582055,1.0980244727634125,0.5734866398747818,-0.11354243156869874,0.20851441405707422,0.20851441405707422,0.20851441405707422,0.20851441405707422,0.20851441405707422,0.20851441405707422,0.20851441405707422,0.20851441405707422,0.20851441405707422,0.20851441405707422,0.20851441405707422,0.20851441405707422,0.20851441405707422,0.20851441405707422,0.20851441405707422,0.20851441405707422,0.20851441405707422,0.20851441405707422,0.20851441405707422,0.20851441405707422,0.20851441405707422,0.20851441405707422,0.20851441405707422,-4.795831523312721,0.20851441405707422,0.20851441405707422,0.20851441405707422,0.20851441405707422,0.20851441405707422,0.20851441405707422,0.20851441405707422,0.20851441405707422,0.20851441405707422,0.20851441405707422,0.20851441405707422,0.20851441405707422,0.20851441405707422,0.20851441405707422,0.20851441405707422,0.20851441405707422,0.20851441405707422,0.20851441405707422,0.20851441405707422,0.20851441405707422,0.20851441405707422,0.20851441405707422,0.20851441405707422,-4.795831523312721,0.20851441405707422,0.20851441405707422,0.20851441405707422,0.20851441405707422,0.20851441405707422,0.20851441405707422,0.20851441405707422,0.20851441405707422,0.20851441405707422,0.20851441405707422,0.20851441405707422,0.20851441405707422,0.20851441405707422,0.20851441405707422,0.20851441405707422,0.20851441405707422,0.20851441405707422,0.20851441405707422,0.20851441405707422,0.20851441405707422,0.20851441405707422,0.20851441405707422,0.20851441405707422,-4.795831523312721
941,-0.7683972382477594,-1.170265313112042,-1.393627067706313,-1.468920118179177,-1.3590700749360927,-1.199329803720108,-0.809591004463916,-0.31732549818084543,0.11909956945365736,0.4111176010748559,0.46169439181802585,0.21842231688594588,0.027786721007843733,-0.22120671034314685,-0.3573749931132198,-0.37133510277536175,-0.3081713279105884,0.06920934148075669,1.245520221208782,1.8972971444510809,1.854272544180873,1.6240451618839091,1.19379915918183,0.6223500800610363,0.20851441405707727,0.20851441405707727,0.20851441405707727,0.20851441405707727,0.20851441405707727,0.20851441405707727,0.20851441405707727,0.20851441405707727,0.20851441405707727,0.20851441405707727,0.20851441405707727,0.20851441405707727,0.20851441405707727,0.20851441405707727,0.20851441405707727,0.20851441405707727,0.20851441405707727,0.20851441405707727,0.20851441405707727,0.20851441405707727,0.20851441405707727,0.20851441405707727,0.20851441405707727,-4.795831523312717,0.20851441405707727,0.20851441405707727,0.20851441405707727,0.20851441405707727,0.20851441405707727,0.20851441405707727,0.20851441405707727,0.20851441405707727,0.20851441405707727,0.20851441405707727,0.20851441405707727,0.20851441405707727,0.20851441405707727,0.20851441405707727,0.20851441405707727,0.20851441405707727,0.20851441405707727,0.20851441405707727,0.20851441405707727,0.20851441405707727,0.20851441405707727,0.20851441405707727,0.20851441405707727,-4.795831523312717,0.20851441405707727,0.20851441405707727,0.20851441405707727,0.20851441405707727,0.20851441405707727,0.20851441405707727,0.20851441405707727,0.20851441405707727,0.20851441405707727,0.20851441405707727,0.20851441405707727,0.20851441405707727,0.20851441405707727,0.20851441405707727,0.20851441405707727,0.20851441405707727,0.20851441405707727,0.20851441405707727,0.20851441405707727,0.20851441405707727,0.20851441405707727,0.20851441405707727,0.20851441405707727,-4.795831523312717
942,-1.532366752664277,-1.6888410329169041,-1.7292635553154996,-1.7373480597952187,-1.5999114836399944,-1.317866593484634,-0.4950726698229033,0.5316593991014181,0.9641803887663882,0.9105879477798634,0.7902331472188844,0.6615330517110987,0.49853900978127874,0.35210516251152857,0.23592300942395295,0.10344145214339533,0.06953869142199279,0.2724336748162326,0.826743812611164,1.2072371040921357,1.144256206290453,0.9500977035436518,0.5207061994837342,0.061454186942273725,-0.20851441405707472,-0.20851441405707472,-0.20851441405707472,-0.20851441405707472,-0.20851441405707472,-0.20851441405707472,-0.20851441405707472,-0.20851441405707472,-0.20851441405707472,-0.20851441405707472,-0.20851441405707472,-0.20851441405707472,-0.20851441405707472,-0.20851441405707472,-0.20851441405707472,-0.20851441405707472,-0.20851441405707472,-0.20851441405707472,-0.20851441405707472,-0.20851441405707472,-0.20851441405707472,-0.20851441405707472,-0.20851441405707472,4.795831523312719,-0.20851441405707472,-0.20851441405707472,-0.20851441405707472,-0.20851441405707472,-0.20851441405707472,-0.20851441405707472,-0.20851441405707472,-0.20851441405707472,-0.20851441405707472,-0.20851441405707472,-0.20851441405707472,-0.20851441405707472,-0.20851441405707472,-0.20851441405707472,-0.20851441405707472,-0.20851441405707472,-0.20851441405707472,-0.20851441405707472,-0.20851441405707472,-0.20851441405707472,-0.20851441405707472,-0.20851441405707472,-0.20851441405707472,4.795831523312719,-0.20851441405707472,-0.20851441405707472,-0.20851441405707472,-0.20851441405707472,-0.20851441405707472,-0.20851441405707472,-0.20851441405707472,-0.20851441405707472,-0.20851441405707472,-0.20851441405707472,-0.20851441405707472,-0.20851441405707472,-0.20851441405707472,-0.20851441405707472,-0.20851441405707472,-0.20851441405707472,-0.20851441405707472,-0.20851441405707472,-0.20851441405707472,-0.20851441405707472,-0.20851441405707472,-0.20851441405707472,-0.20851441405707472,4.795831523312719
943,-1.0213621767311731,-1.2566460804047812,-1.3653954122602208,-1.4074500942554247,-1.3520564822881735,-0.9385496531547141,0.17617731409260937,1.5363776454088547,1.893194022161114,1.601775454855141,1.2232833168983053,0.8284880423089673,0.2880761155247821,-0.07429814871583026,-0.3985082522030857,-0.6799226220300234,-0.7894130055505766,-0.46927868622144664,0.3834865174081744,0.9516878816341244,0.8929595371738616,0.5783831053330846,0.00036280654437769675,-0.6013711455279684,0.20851441405707322,0.20851441405707322,0.20851441405707322,0.20851441405707322,0.20851441405707322,0.20851441405707322,0.20851441405707322,0.20851441405707322,0.20851441405707322,0.20851441405707322,0.20851441405707322,0.20851441405707322,0.20851441405707322,0.20851441405707322,0.20851441405707322,0.20851441405707322,0.20851441405707322,0.20851441405707322,0.20851441405707322,0.20851441405707322,0.20851441405707322,0.20851441405707322,0.20851441405707322,-4.795831523312722,0.20851441405707322,0.20851441405707322,0.20851441405707322,0.20851441405707322,0.20851441405707322,0.20851441405707322,0.20851441405707322,0.20851441405707322,0.20851441405707322,0.20851441405707322,0.20851441405707322,0.20851441405707322,0.20851441405707322,0.20851441405707322,0.20851441405707322,0.20851441405707322,0.20851441405707322,0.20851441405707322,0.20851441405707322,0.20851441405707322,0.20851441405707322,0.20851441405707322,0.20851441405707322,-4.795831523312722,0.20851441405707322,0.20851441405707322,0.20851441405707322,0.20851441405707322,0.20851441405707322,0.20851441405707322,0.20851441405707322,0.20851441405707322,0.20851441405707322,0.20851441405707322,0.20851441405707322,0.20851441405707322,0.20851441405707322,0.20851441405707322,0.20851441405707322,0.20851441405707322,0.20851441405707322,0.20851441405707322,0.20851441405707322,0.20851441405707322,0.20851441405707322,0.20851441405707322,0.20851441405707322,-4.795831523312722
944,-0.10650625780205855,-0.696387070244235,-0.9765252238684595,-1.0576062194363542,-0.8711420225445201,-0.5823876323340615,0.4405143008521844,1.966471893188556,2.3305631212427533,1.807844768344555,1.255080051966156,0.6397923880517511,0.05499294590402045,-0.36808636339439443,-0.7297473708729872,-1.0264552102399696,-1.1053269143754965,-0.7863052315416004,0.074655639652093,0.633164513754648,0.5061302563935052,0.11398102714823809,-0.4440859886678434,-1.0726294011764546,0.2085144140570744,0.2085144140570744,0.2085144140570744,0.2085144140570744,0.2085144140570744,0.2085144140570744,0.2085144140570744,0.2085144140570744,0.2085144140570744,0.2085144140570744,0.2085144140570744,0.2085144140570744,0.2085144140570744,0.2085144140570744,0.2085144140570744,0.2085144140570744,0.2085144140570744,0.2085144140570744,0.2085144140570744,0.2085144140570744,0.2085144140570744,0.2085144140570744,0.2085144140570744,-4.79583152331272,0.2085144140570744,0.2085144140570744,0.2085144140570744,0.2085144140570744,0.2085144140570744,0.2085144140570744,0.2085144140570744,0.2085144140570744,0.2085144140570744,0.2085144140570744,0.2085144140570744,0.2085144140570744,0.2085144140570744,0.2085144140570744,0.2085144140570744,0.2085144140570744,0.2085144140570744,0.2085144140570744,0.2085144140570744,0.2085144140570744,0.2085144140570744,0.2085144140570744,0.2085144140570744,-4.79583152331272,0.2085144140570744,0.2085144140570744,0.2085144140570744,0.2085144140570744,0.2085144140570744,0.2085144140570744,0.2085144140570744,0.2085144140570744,0.2085144140570744,0.2085144140570744,0.2085144140570744,0.2085144140570744,0.2085144140570744,0.2085144140570744,0.2085144140570744,0.2085144140570744,0.2085144140570744,0.2085144140570744,0.2085144140570744,0.2085144140570744,0.2085144140570744,0.2085144140570744,0.2085144140570744,-4.79583152331272
945,-1.2130208222954986,-1.516609231677802,-1.6871117602917391,-1.7524074790810698,-1.6819761419599941,-1.4724429140247939,-0.7729716972411114,0.24417419634908952,0.5693322027247222,0.4849613301317669,0.4677936917085047,0.4136496012966778,0.34483231565129346,0.2967042352852251,0.25209772177521056,0.19824709526805478,0.22025688811839092,0.43067050776760446,0.9999904828296327,1.4196438665093751,1.360070693861132,1.2171537722862826,0.8381451394034942,0.33881630560553494,-0.20851441405707527,-0.20851441405707527,-0.20851441405707527,-0.20851441405707527,-0.20851441405707527,-0.20851441405707527,-0.20851441405707527,-0.20851441405707527,-0.20851441405707527,-0.20851441405707527,-0.20851441405707527,-0.20851441405707527,-0.20851441405707527,-0.20851441405707527,-0.20851441405707527,-0.20851441405707527,-0.20851441405707527,-0.20851441405707527,-0.20851441405707527,-0.20851441405707527,-0.20851441405707527,-0.20851441405707527,-0.20851441405707527,4.795831523312719,-0.20851441405707527,-0.20851441405707527,-0.20851441405707527,-0.20851441405707527,-0.20851441405707527,-0.20851441405707527,-0.20851441405707527,-0.20851441405707527,-0.20851441405707527,-0.20851441405707527,-0.20851441405707527,-0.20851441405707527,-0.20851441405707527,-0.20851441405707527,-0.20851441405707527,-0.20851441405707527,-0.20851441405707527,-0.20851441405707527,-0.20851441405707527,-0.20851441405707527,-0.20851441405707527,-0.20851441405707527,-0.20851441405707527,4.795831523312719,-0.20851441405707527,-0.20851441405707527,-0.20851441405707527,-0.20851441405707527,-0.20851441405707527,-0.20851441405707527,-0.20851441405707527,-0.20851441405707527,-0.20851441405707527,-0.20851441405707527,-0.20851441405707527,-0.20851441405707527,-0.20851441405707527,-0.20851441405707527,-0.20851441405707527,-0.20851441405707527,-0.20851441405707527,-0.20851441405707527,-0.20851441405707527,-0.20851441405707527,-0.20851441405707527,-0.20851441405707527,-0.20851441405707527,4.795831523312719
946,-1.1027566520857004,-1.3413948587689204,-1.5052041882955824,-1.5406800549268005,-1.3828802984360278,-1.0665053566756582,0.008045073580303519,1.3693102948066,1.8320474185700821,1.621712362313954,1.2686984107541297,0.9395288941431568,0.521766639551492,0.15576425594635848,-0.1753438326116755,-0.46399719552907165,-0.5905859436721608,-0.3321743031289176,0.41863461196784213,0.8334890086389152,0.6968196863711084,0.46070162321906777,-0.015023932589723439,-0.6099716631427716,0.20851441405706242,0.20851441405706242,0.20851441405706242,0.20851441405706242,0.20851441405706242,0.20851441405706242,0.20851441405706242,0.20851441405706242,0.20851441405706242,0.20851441405706242,0.20851441405706242,0.20851441405706242,0.20851441405706242,0.20851441405706242,0.20851441405706242,0.20851441405706242,0.20851441405706242,0.20851441405706242,0.20851441405706242,0.20851441405706242,0.20851441405706242,0.20851441405706242,0.20851441405706242,-4.7958315233127315,0.20851441405706242,0.20851441405706242,0.20851441405706242,0.20851441405706242,0.20851441405706242,0.20851441405706242,0.20851441405706242,0.20851441405706242,0.20851441405706242,0.20851441405706242,0.20851441405706242,0.20851441405706242,0.20851441405706242,0.20851441405706242,0.20851441405706242,0.20851441405706242,0.20851441405706242,0.20851441405706242,0.20851441405706242,0.20851441405706242,0.20851441405706242,0.20851441405706242,0.20851441405706242,-4.7958315233127315,0.20851441405706242,0.20851441405706242,0.20851441405706242,0.20851441405706242,0.20851441405706242,0.20851441405706242,0.20851441405706242,0.20851441405706242,0.20851441405706242,0.20851441405706242,0.20851441405706242,0.20851441405706242,0.20851441405706242,0.20851441405706242,0.20851441405706242,0.20851441405706242,0.20851441405706242,0.20851441405706242,0.20851441405706242,0.20851441405706242,0.20851441405706242,0.20851441405706242,0.20851441405706242,-4.7958315233127315
947,0.6494257573506477,-0.48874279634802276,-1.0417965301875174,-1.226844754931545,-1.2920123971672006,-1.0871002386935882,-0.8264296697509657,0.047583414350768974,0.9438998626401077,1.6792139007001794,1.8611257148553253,1.505317358049954,0.9303087500882864,0.32532999649952593,-0.1151614462056545,-0.48874279634802276,-0.54903157766764,-0.35875600194214274,0.6821838235011911,1.0491438624003644,0.6302588037519254,-0.06776679730699585,-0.9696590866432355,-1.7917471509957044,0.2085144140570753,0.2085144140570753,0.2085144140570753,0.2085144140570753,0.2085144140570753,0.2085144140570753,0.2085144140570753,0.2085144140570753,0.2085144140570753,0.2085144140570753,0.2085144140570753,0.2085144140570753,0.2085144140570753,0.2085144140570753,0.2085144140570753,0.2085144140570753,0.2085144140570753,0.2085144140570753,0.2085144140570753,0.2085144140570753,0.2085144140570753,0.2085144140570753,0.2085144140570753,-4.795831523312718,0.2085144140570753,0.2085144140570753,0.2085144140570753,0.2085144140570753,0.2085144140570753,0.2085144140570753,0.2085144140570753,0.2085144140570753,0.2085144140570753,0.2085144140570753,0.2085144140570753,0.2085144140570753,0.2085144140570753,0.2085144140570753,0.2085144140570753,0.2085144140570753,0.2085144140570753,0.2085144140570753,0.2085144140570753,0.2085144140570753,0.2085144140570753,0.2085144140570753,0.2085144140570753,-4.795831523312718,0.2085144140570753,0.2085144140570753,0.2085144140570753,0.2085144140570753,0.2085144140570753,0.2085144140570753,0.2085144140570753,0.2085144140570753,0.2085144140570753,0.2085144140570753,0.2085144140570753,0.2085144140570753,0.2085144140570753,0.2085144140570753,0.2085144140570753,0.2085144140570753,0.2085144140570753,0.2085144140570753,0.2085144140570753,0.2085144140570753,0.2085144140570753,0.2085144140570753,0.2085144140570753,-4.795831523312718
948,-0.6263631993714018,-1.1387056288550512,-1.3735747596417989,-1.5084879580239539,-1.5472686749678122,-1.4423968770351248,-1.250678121439431,-0.8029702201955453,-0.4086085633861692,-0.016795873887656947,0.2073311803747355,0.20805945674926807,0.20896980221743375,0.22444567517625044,0.2184373950863569,0.2435629300077299,0.36227197905653563,0.7224046462628819,1.2655167525705315,1.5684797243760726,1.5007500215445455,1.4437623952373733,1.163011852855075,0.7788460652891546,-0.20851441405707463,-0.20851441405707463,-0.20851441405707463,-0.20851441405707463,-0.20851441405707463,-0.20851441405707463,-0.20851441405707463,-0.20851441405707463,-0.20851441405707463,-0.20851441405707463,-0.20851441405707463,-0.20851441405707463,-0.20851441405707463,-0.20851441405707463,-0.20851441405707463,-0.20851441405707463,-0.20851441405707463,-0.20851441405707463,-0.20851441405707463,-0.20851441405707463,-0.20851441405707463,-0.20851441405707463,-0.20851441405707463,4.795831523312719,-0.20851441405707463,-0.20851441405707463,-0.20851441405707463,-0.20851441405707463,-0.20851441405707463,-0.20851441405707463,-0.20851441405707463,-0.20851441405707463,-0.20851441405707463,-0.20851441405707463,-0.20851441405707463,-0.20851441405707463,-0.20851441405707463,-0.20851441405707463,-0.20851441405707463,-0.20851441405707463,-0.20851441405707463,-0.20851441405707463,-0.20851441405707463,-0.20851441405707463,-0.20851441405707463,-0.20851441405707463,-0.20851441405707463,4.795831523312719,-0.20851441405707463,-0.20851441405707463,-0.20851441405707463,-0.20851441405707463,-0.20851441405707463,-0.20851441405707463,-0.20851441405707463,-0.20851441405707463,-0.20851441405707463,-0.20851441405707463,-0.20851441405707463,-0.20851441405707463,-0.20851441405707463,-0.20851441405707463,-0.20851441405707463,-0.20851441405707463,-0.20851441405707463,-0.20851441405707463,-0.20851441405707463,-0.20851441405707463,-0.20851441405707463,-0.20851441405707463,-0.20851441405707463,4.795831523312719
949,-1.408520216428743,-1.6246256030147086,-1.6756905054746516,-1.601094127586459,-1.425328413163207,-0.9404519568899551,0.025619160181380222,1.2050743367483394,1.5862202074603278,1.4061323853053564,1.1589718542766667,0.8474599414646007,0.5087347577491168,0.21899346165978503,0.003048153137957144,-0.18648427480114163,-0.21721926311559006,-0.006236374582032492,0.6078230794503855,0.9833662179175524,0.8141637041239482,0.4605512604436533,-0.048336905450261355,-0.6921708794123013,-0.2085144140570754,-0.2085144140570754,-0.2085144140570754,-0.2085144140570754,-0.2085144140570754,-0.2085144140570754,-0.2085144140570754,-0.2085144140570754,-0.2085144140570754,-0.2085144140570754,-0.2085144140570754,-0.2085144140570754,-0.2085144140570754,-0.2085144140570754,-0.2085144140570754,-0.2085144140570754,-0.2085144140570754,-0.2085144140570754,-0.2085144140570754,-0.2085144140570754,-0.2085144140570754,-0.2085144140570754,-0.2085144140570754,4.795831523312718,-0.2085144140570754,-0.2085144140570754,-0.2085144140570754,-0.2085144140570754,-0.2085144140570754,-0.2085144140570754,-0.2085144140570754,-0.2085144140570754,-0.2085144140570754,-0.2085144140570754,-0.2085144140570754,-0.2085144140570754,-0.2085144140570754,-0.2085144140570754,-0.2085144140570754,-0.2085144140570754,-0.2085144140570754,-0.2085144140570754,-0.2085144140570754,-0.2085144140570754,-0.2085144140570754,-0.2085144140570754,-0.2085144140570754,4.795831523312718,-0.2085144140570754,-0.2085144140570754,-0.2085144140570754,-0.2085144140570754,-0.2085144140570754,-0.2085144140570754,-0.2085144140570754,-0.2085144140570754,-0.2085144140570754,-0.2085144140570754,-0.2085144140570754,-0.2085144140570754,-0.2085144140570754,-0.2085144140570754,-0.2085144140570754,-0.2085144140570754,-0.2085144140570754,-0.2085144140570754,-0.2085144140570754,-0.2085144140570754,-0.2085144140570754,-0.2085144140570754,-0.2085144140570754,4.795831523312718
950,-1.0337384231502744,-1.449347581576162,-1.6721274018177967,-1.7566173419426323,-1.7020778838751782,-1.3474789666772902,-0.4406449266065701,0.8311412837189107,1.175571827378799,1.048004959356618,0.9028745370415283,0.7081964036685481,0.4928117641818225,0.27631784758186057,0.13211182286113443,-0.03021239470911884,-0.06478486473831857,0.20236604003277023,0.9612964650053096,1.3534259245343612,1.1838914057280716,0.7738286328683657,0.09291736486011655,-0.6377264937248959,0.20851441405707632,0.20851441405707632,0.20851441405707632,0.20851441405707632,0.20851441405707632,0.20851441405707632,0.20851441405707632,0.20851441405707632,0.20851441405707632,0.20851441405707632,0.20851441405707632,0.20851441405707632,0.20851441405707632,0.20851441405707632,0.20851441405707632,0.20851441405707632,0.20851441405707632,0.20851441405707632,0.20851441405707632,0.20851441405707632,0.20851441405707632,0.20851441405707632,0.20851441405707632,-4.795831523312718,0.20851441405707632,0.20851441405707632,0.20851441405707632,0.20851441405707632,0.20851441405707632,0.20851441405707632,0.20851441405707632,0.20851441405707632,0.20851441405707632,0.20851441405707632,0.20851441405707632,0.20851441405707632,0.20851441405707632,0.20851441405707632,0.20851441405707632,0.20851441405707632,0.20851441405707632,0.20851441405707632,0.20851441405707632,0.20851441405707632,0.20851441405707632,0.20851441405707632,0.20851441405707632,-4.795831523312718,0.20851441405707632,0.20851441405707632,0.20851441405707632,0.20851441405707632,0.20851441405707632,0.20851441405707632,0.20851441405707632,0.20851441405707632,0.20851441405707632,0.20851441405707632,0.20851441405707632,0.20851441405707632,0.20851441405707632,0.20851441405707632,0.20851441405707632,0.20851441405707632,0.20851441405707632,0.20851441405707632,0.20851441405707632,0.20851441405707632,0.20851441405707632,0.20851441405707632,0.20851441405707632,-4.795831523312718
951,-1.1629968842422616,-1.474883009143497,-1.643835591622926,-1.7217215339006768,-1.6390426105596796,-1.3432472077993423,-0.6111193503884838,0.5332048784615485,0.8830924960785218,0.8269461464804948,0.6723725071908045,0.4905815825776805,0.30553827795735367,0.13316213757560608,0.004436360448422172,-0.10580220400624063,-0.11504581034250118,0.1951285356075749,0.9269140372282014,1.538019122792093,1.4823863068794139,1.2237365073592346,0.6372810386920377,-0.03510573332335905,-0.20851441405707488,-0.20851441405707488,-0.20851441405707488,-0.20851441405707488,-0.20851441405707488,-0.20851441405707488,-0.20851441405707488,-0.20851441405707488,-0.20851441405707488,-0.20851441405707488,-0.20851441405707488,-0.20851441405707488,-0.20851441405707488,-0.20851441405707488,-0.20851441405707488,-0.20851441405707488,-0.20851441405707488,-0.20851441405707488,-0.20851441405707488,-0.20851441405707488,-0.20851441405707488,-0.20851441405707488,-0.20851441405707488,4.79583152331272,-0.20851441405707488,-0.20851441405707488,-0.20851441405707488,-0.20851441405707488,-0.20851441405707488,-0.20851441405707488,-0.20851441405707488,-0.20851441405707488,-0.20851441405707488,-0.20851441405707488,-0.20851441405707488,-0.20851441405707488,-0.20851441405707488,-0.20851441405707488,-0.20851441405707488,-0.20851441405707488,-0.20851441405707488,-0.20851441405707488,-0.20851441405707488,-0.20851441405707488,-0.20851441405707488,-0.20851441405707488,-0.20851441405707488,4.79583152331272,-0.20851441405707488,-0.20851441405707488,-0.20851441405707488,-0.20851441405707488,-0.20851441405707488,-0.20851441405707488,-0.20851441405707488,-0.20851441405707488,-0.20851441405707488,-0.20851441405707488,-0.20851441405707488,-0.20851441405707488,-0.20851441405707488,-0.20851441405707488,-0.20851441405707488,-0.20851441405707488,-0.20851441405707488,-0.20851441405707488,-0.20851441405707488,-0.20851441405707488,-0.20851441405707488,-0.20851441405707488,-0.20851441405707488,4.79583152331272
952,-0.6250251762314141,-0.9017313643556089,-1.1064743883598716,-1.1631844905196005,-1.0139782562165895,-0.6271762490719556,0.45774667086658327,1.8721748395607887,2.236292805841531,1.8045138211219396,1.3254112339104362,0.7823631177119283,0.21135105458638162,-0.27185812622979166,-0.6019500312146968,-0.8757229381926986,-1.0198448185089752,-0.8209683567970982,-0.11346094433537632,0.5719490834916926,0.5889621141396113,0.3155803113144352,-0.20986811800691554,-0.8151017945047125,0.20851441405707222,0.20851441405707222,0.20851441405707222,0.20851441405707222,0.20851441405707222,0.20851441405707222,0.20851441405707222,0.20851441405707222,0.20851441405707222,0.20851441405707222,0.20851441405707222,0.20851441405707222,0.20851441405707222,0.20851441405707222,0.20851441405707222,0.20851441405707222,0.20851441405707222,0.20851441405707222,0.20851441405707222,0.20851441405707222,0.20851441405707222,0.20851441405707222,0.20851441405707222,-4.795831523312722,0.20851441405707222,0.20851441405707222,0.20851441405707222,0.20851441405707222,0.20851441405707222,0.20851441405707222,0.20851441405707222,0.20851441405707222,0.20851441405707222,0.20851441405707222,0.20851441405707222,0.20851441405707222,0.20851441405707222,0.20851441405707222,0.20851441405707222,0.20851441405707222,0.20851441405707222,0.20851441405707222,0.20851441405707222,0.20851441405707222,0.20851441405707222,0.20851441405707222,0.20851441405707222,-4.795831523312722,0.20851441405707222,0.20851441405707222,0.20851441405707222,0.20851441405707222,0.20851441405707222,0.20851441405707222,0.20851441405707222,0.20851441405707222,0.20851441405707222,0.20851441405707222,0.20851441405707222,0.20851441405707222,0.20851441405707222,0.20851441405707222,0.20851441405707222,0.20851441405707222,0.20851441405707222,0.20851441405707222,0.20851441405707222,0.20851441405707222,0.20851441405707222,0.20851441405707222,0.20851441405707222,-4.795831523312722
953,-0.48488281867780897,-0.9423077300570922,-1.203212905350108,-1.3963692229703515,-1.297869110751073,-1.0871749682722749,0.058069019408945405,1.5036182272708927,1.9579199643602965,1.7830222041270412,1.535570702698122,1.0899177559499234,0.5736330214152174,0.0595104844658129,-0.22037398074262465,-0.51587431740046,-0.7102318559014265,-0.51010845717299,0.1649776777932842,0.7062478066470265,0.5001183035149755,0.06431536798870453,-0.4454827737900976,-1.183032394553963,-0.2085144140570758,-0.2085144140570758,-0.2085144140570758,-0.2085144140570758,-0.2085144140570758,-0.2085144140570758,-0.2085144140570758,-0.2085144140570758,-0.2085144140570758,-0.2085144140570758,-0.2085144140570758,-0.2085144140570758,-0.2085144140570758,-0.2085144140570758,-0.2085144140570758,-0.2085144140570758,-0.2085144140570758,-0.2085144140570758,-0.2085144140570758,-0.2085144140570758,-0.2085144140570758,-0.2085144140570758,-0.2085144140570758,4.795831523312718,-0.2085144140570758,-0.2085144140570758,-0.2085144140570758,-0.2085144140570758,-0.2085144140570758,-0.2085144140570758,-0.2085144140570758,-0.2085144140570758,-0.2085144140570758,-0.2085144140570758,-0.2085144140570758,-0.2085144140570758,-0.2085144140570758,-0.2085144140570758,-0.2085144140570758,-0.2085144140570758,-0.2085144140570758,-0.2085144140570758,-0.2085144140570758,-0.2085144140570758,-0.2085144140570758,-0.2085144140570758,-0.2085144140570758,4.795831523312718,-0.2085144140570758,-0.2085144140570758,-0.2085144140570758,-0.2085144140570758,-0.2085144140570758,-0.2085144140570758,-0.2085144140570758,-0.2085144140570758,-0.2085144140570758,-0.2085144140570758,-0.2085144140570758,-0.2085144140570758,-0.2085144140570758,-0.2085144140570758,-0.2085144140570758,-0.2085144140570758,-0.2085144140570758,-0.2085144140570758,-0.2085144140570758,-0.2085144140570758,-0.2085144140570758,-0.2085144140570758,-0.2085144140570758,4.795831523312718
954,-0.7177302544323626,-1.126392130357231,-1.464540683699694,-1.620661234976394,-1.6706738791083238,-1.6262932894957554,-1.28296324599548,-0.6440629813191145,-0.062384390559461676,0.43976959038680724,0.8418982830692164,0.9180436601709835,0.8186942184494471,0.6555899195687389,0.42107116938252714,0.27576416278300114,0.284550167833205,0.4954142890380986,1.1496337420071272,1.549059048520243,1.3026003427529849,0.9394454673445571,0.3868282779048094,-0.26266024926795567,0.20851441405707583,0.20851441405707583,0.20851441405707583,0.20851441405707583,0.20851441405707583,0.20851441405707583,0.20851441405707583,0.20851441405707583,0.20851441405707583,0.20851441405707583,0.20851441405707583,0.20851441405707583,0.20851441405707583,0.20851441405707583,0.20851441405707583,0.20851441405707583,0.20851441405707583,0.20851441405707583,0.20851441405707583,0.20851441405707583,0.20851441405707583,0.20851441405707583,0.20851441405707583,-4.795831523312718,0.20851441405707583,0.20851441405707583,0.20851441405707583,0.20851441405707583,0.20851441405707583,0.20851441405707583,0.20851441405707583,0.20851441405707583,0.20851441405707583,0.20851441405707583,0.20851441405707583,0.20851441405707583,0.20851441405707583,0.20851441405707583,0.20851441405707583,0.20851441405707583,0.20851441405707583,0.20851441405707583,0.20851441405707583,0.20851441405707583,0.20851441405707583,0.20851441405707583,0.20851441405707583,-4.795831523312718,0.20851441405707583,0.20851441405707583,0.20851441405707583,0.20851441405707583,0.20851441405707583,0.20851441405707583,0.20851441405707583,0.20851441405707583,0.20851441405707583,0.20851441405707583,0.20851441405707583,0.20851441405707583,0.20851441405707583,0.20851441405707583,0.20851441405707583,0.20851441405707583,0.20851441405707583,0.20851441405707583,0.20851441405707583,0.20851441405707583,0.20851441405707583,0.20851441405707583,0.20851441405707583,-4.795831523312718
955,-0.7525538067826519,-1.1120974959081928,-1.3210311431497905,-1.4051380496564083,-1.5612603835101297,-1.459727521744213,-1.2114965672341955,-0.7861610062113004,-0.4458214310449871,0.0065421422168211035,0.2652642330564166,0.3548834315328126,0.4073391131807031,0.3358571334435777,0.25601780781678846,0.17031055848023516,0.25832941412669547,0.5353665395755545,1.1980862870389033,1.7893240547651266,1.6813898216794672,1.4685442252980268,0.9793727669476988,0.34865987608306287,-0.20851441405707458,-0.20851441405707458,-0.20851441405707458,-0.20851441405707458,-0.20851441405707458,-0.20851441405707458,-0.20851441405707458,-0.20851441405707458,-0.20851441405707458,-0.20851441405707458,-0.20851441405707458,-0.20851441405707458,-0.20851441405707458,-0.20851441405707458,-0.20851441405707458,-0.20851441405707458,-0.20851441405707458,-0.20851441405707458,-0.20851441405707458,-0.20851441405707458,-0.20851441405707458,-0.20851441405707458,-0.20851441405707458,4.79583152331272,-0.20851441405707458,-0.20851441405707458,-0.20851441405707458,-0.20851441405707458,-0.20851441405707458,-0.20851441405707458,-0.20851441405707458,-0.20851441405707458,-0.20851441405707458,-0.20851441405707458,-0.20851441405707458,-0.20851441405707458,-0.20851441405707458,-0.20851441405707458,-0.20851441405707458,-0.20851441405707458,-0.20851441405707458,-0.20851441405707458,-0.20851441405707458,-0.20851441405707458,-0.20851441405707458,-0.20851441405707458,-0.20851441405707458,4.79583152331272,-0.20851441405707458,-0.20851441405707458,-0.20851441405707458,-0.20851441405707458,-0.20851441405707458,-0.20851441405707458,-0.20851441405707458,-0.20851441405707458,-0.20851441405707458,-0.20851441405707458,-0.20851441405707458,-0.20851441405707458,-0.20851441405707458,-0.20851441405707458,-0.20851441405707458,-0.20851441405707458,-0.20851441405707458,-0.20851441405707458,-0.20851441405707458,-0.20851441405707458,-0.20851441405707458,-0.20851441405707458,-0.20851441405707458,4.79583152331272
956,-1.4513472878952383,-1.6501580316099573,-1.6751864625289126,-1.6262314812974972,-1.4730700769947087,-1.0175211519666825,-0.10846965160840598,0.9981333003428812,1.3770228174619066,1.2798999125751434,1.0825058724973462,0.861500105137516,0.5595848189579187,0.2291780485246681,-0.011976392782497163,-0.2525011880288082,-0.3678838286803436,-0.18166600618270876,0.463406383162437,1.0853392797711903,1.0984044355339153,0.8016837293563653,0.3198470812876754,-0.3404942250331851,-0.20851441405707413,-0.20851441405707413,-0.20851441405707413,-0.20851441405707413,-0.20851441405707413,-0.20851441405707413,-0.20851441405707413,-0.20851441405707413,-0.20851441405707413,-0.20851441405707413,-0.20851441405707413,-0.20851441405707413,-0.20851441405707413,-0.20851441405707413,-0.20851441405707413,-0.20851441405707413,-0.20851441405707413,-0.20851441405707413,-0.20851441405707413,-0.20851441405707413,-0.20851441405707413,-0.20851441405707413,-0.20851441405707413,4.79583152331272,-0.20851441405707413,-0.20851441405707413,-0.20851441405707413,-0.20851441405707413,-0.20851441405707413,-0.20851441405707413,-0.20851441405707413,-0.20851441405707413,-0.20851441405707413,-0.20851441405707413,-0.20851441405707413,-0.20851441405707413,-0.20851441405707413,-0.20851441405707413,-0.20851441405707413,-0.20851441405707413,-0.20851441405707413,-0.20851441405707413,-0.20851441405707413,-0.20851441405707413,-0.20851441405707413,-0.20851441405707413,-0.20851441405707413,4.79583152331272,-0.20851441405707413,-0.20851441405707413,-0.20851441405707413,-0.20851441405707413,-0.20851441405707413,-0.20851441405707413,-0.20851441405707413,-0.20851441405707413,-0.20851441405707413,-0.20851441405707413,-0.20851441405707413,-0.20851441405707413,-0.20851441405707413,-0.20851441405707413,-0.20851441405707413,-0.20851441405707413,-0.20851441405707413,-0.20851441405707413,-0.20851441405707413,-0.20851441405707413,-0.20851441405707413,-0.20851441405707413,-0.20851441405707413,4.79583152331272
957,-0.42466933122955014,-0.8307984617415094,-1.0350697856240778,-1.195239566971312,-1.1263446199260634,-0.6385947241248285,0.46218855398349123,1.8041041467501813,2.0294388939332078,1.778433099602748,1.382396859422258,0.9078116031838097,0.44046689870489375,-0.09072630765353602,-0.4439774692549701,-0.702882047323102,-0.8992545874679986,-0.6978356021573672,-0.026658395114642387,0.6826962666601628,0.5354717142163353,0.1504060070048342,-0.5958096455457729,-1.465553499327192,-0.20851441405707477,-0.20851441405707477,-0.20851441405707477,-0.20851441405707477,-0.20851441405707477,-0.20851441405707477,-0.20851441405707477,-0.20851441405707477,-0.20851441405707477,-0.20851441405707477,-0.20851441405707477,-0.20851441405707477,-0.20851441405707477,-0.20851441405707477,-0.20851441405707477,-0.20851441405707477,-0.20851441405707477,-0.20851441405707477,-0.20851441405707477,-0.20851441405707477,-0.20851441405707477,-0.20851441405707477,-0.20851441405707477,4.79583152331272,-0.20851441405707477,-0.20851441405707477,-0.20851441405707477,-0.20851441405707477,-0.20851441405707477,-0.20851441405707477,-0.20851441405707477,-0.20851441405707477,-0.20851441405707477,-0.20851441405707477,-0.20851441405707477,-0.20851441405707477,-0.20851441405707477,-0.20851441405707477,-0.20851441405707477,-0.20851441405707477,-0.20851441405707477,-0.20851441405707477,-0.20851441405707477,-0.20851441405707477,-0.20851441405707477,-0.20851441405707477,-0.20851441405707477,4.79583152331272,-0.20851441405707477,-0.20851441405707477,-0.20851441405707477,-0.20851441405707477,-0.20851441405707477,-0.20851441405707477,-0.20851441405707477,-0.20851441405707477,-0.20851441405707477,-0.20851441405707477,-0.20851441405707477,-0.20851441405707477,-0.20851441405707477,-0.20851441405707477,-0.20851441405707477,-0.20851441405707477,-0.20851441405707477,-0.20851441405707477,-0.20851441405707477,-0.20851441405707477,-0.20851441405707477,-0.20851441405707477,-0.20851441405707477,4.79583152331272
958,-0.626649843140757,-1.197547369843141,-1.5433839919993044,-1.727799222349871,-1.757760890756953,-1.439098805063027,-0.285690701888072,1.1471273787575778,1.4342019690765957,1.261399788496216,1.0916170008560846,0.9020920286066357,0.599688212590971,0.3713756541090982,0.20391547642300425,-0.0027968094863211187,-0.18744430083229152,0.008351718293058226,0.5669394122390442,1.0932428278239108,0.886995063905393,0.5402293977676145,-0.15562454446197965,-1.183379449123513,0.20851441405707308,0.20851441405707308,0.20851441405707308,0.20851441405707308,0.20851441405707308,0.20851441405707308,0.20851441405707308,0.20851441405707308,0.20851441405707308,0.20851441405707308,0.20851441405707308,0.20851441405707308,0.20851441405707308,0.20851441405707308,0.20851441405707308,0.20851441405707308,0.20851441405707308,0.20851441405707308,0.20851441405707308,0.20851441405707308,0.20851441405707308,0.20851441405707308,0.20851441405707308,-4.795831523312721,0.20851441405707308,0.20851441405707308,0.20851441405707308,0.20851441405707308,0.20851441405707308,0.20851441405707308,0.20851441405707308,0.20851441405707308,0.20851441405707308,0.20851441405707308,0.20851441405707308,0.20851441405707308,0.20851441405707308,0.20851441405707308,0.20851441405707308,0.20851441405707308,0.20851441405707308,0.20851441405707308,0.20851441405707308,0.20851441405707308,0.20851441405707308,0.20851441405707308,0.20851441405707308,-4.795831523312721,0.20851441405707308,0.20851441405707308,0.20851441405707308,0.20851441405707308,0.20851441405707308,0.20851441405707308,0.20851441405707308,0.20851441405707308,0.20851441405707308,0.20851441405707308,0.20851441405707308,0.20851441405707308,0.20851441405707308,0.20851441405707308,0.20851441405707308,0.20851441405707308,0.20851441405707308,0.20851441405707308,0.20851441405707308,0.20851441405707308,0.20851441405707308,0.20851441405707308,0.20851441405707308,-4.795831523312721
959,-0.9969747409785944,-1.4713011286836957,-1.685077279212232,-1.7958491234039538,-1.7901078997720659,-1.5873076179515508,-0.8368959173600696,0.213579147756853,0.5729122033056091,0.6026314785765587,0.6526138960777016,0.6526138960777016,0.636741101330717,0.6316753157731688,0.6355590847006224,0.5117850575778601,0.486118410752949,0.5511293254081515,0.8810808247231278,1.2664182461339648,1.2027582076274417,0.8103286864360372,0.2878773359342274,-0.43230851083054916,0.20851441405707602,0.20851441405707602,0.20851441405707602,0.20851441405707602,0.20851441405707602,0.20851441405707602,0.20851441405707602,0.20851441405707602,0.20851441405707602,0.20851441405707602,0.20851441405707602,0.20851441405707602,0.20851441405707602,0.20851441405707602,0.20851441405707602,0.20851441405707602,0.20851441405707602,0.20851441405707602,0.20851441405707602,0.20851441405707602,0.20851441405707602,0.20851441405707602,0.20851441405707602,-4.795831523312718,0.20851441405707602,0.20851441405707602,0.20851441405707602,0.20851441405707602,0.20851441405707602,0.20851441405707602,0.20851441405707602,0.20851441405707602,0.20851441405707602,0.20851441405707602,0.20851441405707602,0.20851441405707602,0.20851441405707602,0.20851441405707602,0.20851441405707602,0.20851441405707602,0.20851441405707602,0.20851441405707602,0.20851441405707602,0.20851441405707602,0.20851441405707602,0.20851441405707602,0.20851441405707602,-4.795831523312718,0.20851441405707602,0.20851441405707602,0.20851441405707602,0.20851441405707602,0.20851441405707602,0.20851441405707602,0.20851441405707602,0.20851441405707602,0.20851441405707602,0.20851441405707602,0.20851441405707602,0.20851441405707602,0.20851441405707602,0.20851441405707602,0.20851441405707602,0.20851441405707602,0.20851441405707602,0.20851441405707602,0.20851441405707602,0.20851441405707602,0.20851441405707602,0.20851441405707602,0.20851441405707602,-4.795831523312718
960,-1.223588282940442,-1.5836294393251735,-1.7670466322004141,-1.833967168292799,-1.7618433075798399,-1.4567261333011694,-0.7424252923323444,0.17335984088871473,0.5857233170692201,0.7205761468191014,0.8178494098648358,0.8263770807707769,0.7380650990160313,0.67851593946946,0.5988761654156716,0.4961105041593311,0.4140136045902715,0.48281311901786367,0.7613355230135993,1.120798532218267,0.9674449927063441,0.7306937224702179,0.3877079078973686,-0.13103464941487597,-0.20851441405707272,-0.20851441405707272,-0.20851441405707272,-0.20851441405707272,-0.20851441405707272,-0.20851441405707272,-0.20851441405707272,-0.20851441405707272,-0.20851441405707272,-0.20851441405707272,-0.20851441405707272,-0.20851441405707272,-0.20851441405707272,-0.20851441405707272,-0.20851441405707272,-0.20851441405707272,-0.20851441405707272,-0.20851441405707272,-0.20851441405707272,-0.20851441405707272,-0.20851441405707272,-0.20851441405707272,-0.20851441405707272,4.795831523312722,-0.20851441405707272,-0.20851441405707272,-0.20851441405707272,-0.20851441405707272,-0.20851441405707272,-0.20851441405707272,-0.20851441405707272,-0.20851441405707272,-0.20851441405707272,-0.20851441405707272,-0.20851441405707272,-0.20851441405707272,-0.20851441405707272,-0.20851441405707272,-0.20851441405707272,-0.20851441405707272,-0.20851441405707272,-0.20851441405707272,-0.20851441405707272,-0.20851441405707272,-0.20851441405707272,-0.20851441405707272,-0.20851441405707272,4.795831523312722,-0.20851441405707272,-0.20851441405707272,-0.20851441405707272,-0.20851441405707272,-0.20851441405707272,-0.20851441405707272,-0.20851441405707272,-0.20851441405707272,-0.20851441405707272,-0.20851441405707272,-0.20851441405707272,-0.20851441405707272,-0.20851441405707272,-0.20851441405707272,-0.20851441405707272,-0.20851441405707272,-0.20851441405707272,-0.20851441405707272,-0.20851441405707272,-0.20851441405707272,-0.20851441405707272,-0.20851441405707272,-0.20851441405707272,4.795831523312722
961,-0.4997791388446878,-1.1011021062525255,-1.4774582944804944,-1.6791343953452709,-1.8072331260782786,-1.5952350200511316,-1.113541445807177,-0.4505511142241518,0.07243048066928455,0.7560648225770508,1.203351712946437,1.2621077423322382,1.10463099690633,0.8468455346461037,0.5295100426029711,0.20741054817720586,0.08619315421911182,0.171680530307462,0.6951914587989686,1.299955094594263,1.1175996700590518,0.7465368178117857,0.20979254936852212,-0.5852665149330379,-0.20851441405707438,-0.20851441405707438,-0.20851441405707438,-0.20851441405707438,-0.20851441405707438,-0.20851441405707438,-0.20851441405707438,-0.20851441405707438,-0.20851441405707438,-0.20851441405707438,-0.20851441405707438,-0.20851441405707438,-0.20851441405707438,-0.20851441405707438,-0.20851441405707438,-0.20851441405707438,-0.20851441405707438,-0.20851441405707438,-0.20851441405707438,-0.20851441405707438,-0.20851441405707438,-0.20851441405707438,-0.20851441405707438,4.79583152331272,-0.20851441405707438,-0.20851441405707438,-0.20851441405707438,-0.20851441405707438,-0.20851441405707438,-0.20851441405707438,-0.20851441405707438,-0.20851441405707438,-0.20851441405707438,-0.20851441405707438,-0.20851441405707438,-0.20851441405707438,-0.20851441405707438,-0.20851441405707438,-0.20851441405707438,-0.20851441405707438,-0.20851441405707438,-0.20851441405707438,-0.20851441405707438,-0.20851441405707438,-0.20851441405707438,-0.20851441405707438,-0.20851441405707438,4.79583152331272,-0.20851441405707438,-0.20851441405707438,-0.20851441405707438,-0.20851441405707438,-0.20851441405707438,-0.20851441405707438,-0.20851441405707438,-0.20851441405707438,-0.20851441405707438,-0.20851441405707438,-0.20851441405707438,-0.20851441405707438,-0.20851441405707438,-0.20851441405707438,-0.20851441405707438,-0.20851441405707438,-0.20851441405707438,-0.20851441405707438,-0.20851441405707438,-0.20851441405707438,-0.20851441405707438,-0.20851441405707438,-0.20851441405707438,4.79583152331272
962,-0.4832493413434278,-0.9728863864165113,-1.309531409099347,-1.4309238522228973,-1.4384326631377562,-1.2694844175534334,-0.8921666690817793,-0.10968599832920307,0.3414683908052291,0.8138977441984279,0.8085790031337362,0.4650509037789467,0.16720140415621473,-0.03553649054497254,-0.3390175983538486,-0.5329952136543673,-0.4647901811777333,0.025785465259707565,0.9540622146091253,2.1088547598901166,2.051600076664318,1.4383805186175171,0.61491425495467,-0.5110945151526958,-0.20851441405707496,-0.20851441405707496,-0.20851441405707496,-0.20851441405707496,-0.20851441405707496,-0.20851441405707496,-0.20851441405707496,-0.20851441405707496,-0.20851441405707496,-0.20851441405707496,-0.20851441405707496,-0.20851441405707496,-0.20851441405707496,-0.20851441405707496,-0.20851441405707496,-0.20851441405707496,-0.20851441405707496,-0.20851441405707496,-0.20851441405707496,-0.20851441405707496,-0.20851441405707496,-0.20851441405707496,-0.20851441405707496,4.795831523312719,-0.20851441405707496,-0.20851441405707496,-0.20851441405707496,-0.20851441405707496,-0.20851441405707496,-0.20851441405707496,-0.20851441405707496,-0.20851441405707496,-0.20851441405707496,-0.20851441405707496,-0.20851441405707496,-0.20851441405707496,-0.20851441405707496,-0.20851441405707496,-0.20851441405707496,-0.20851441405707496,-0.20851441405707496,-0.20851441405707496,-0.20851441405707496,-0.20851441405707496,-0.20851441405707496,-0.20851441405707496,-0.20851441405707496,4.795831523312719,-0.20851441405707496,-0.20851441405707496,-0.20851441405707496,-0.20851441405707496,-0.20851441405707496,-0.20851441405707496,-0.20851441405707496,-0.20851441405707496,-0.20851441405707496,-0.20851441405707496,-0.20851441405707496,-0.20851441405707496,-0.20851441405707496,-0.20851441405707496,-0.20851441405707496,-0.20851441405707496,-0.20851441405707496,-0.20851441405707496,-0.20851441405707496,-0.20851441405707496,-0.20851441405707496,-0.20851441405707496,-0.20851441405707496,4.795831523312719
963,-1.1440900577823825,-1.4389163078149134,-1.6266961100668704,-1.706532427266349,-1.7301544087598275,-1.5214437368301048,-0.8673540593999204,-0.0544887848426833,0.3034290866471136,0.436190602888943,0.6528251040538201,0.7794568656043037,0.8174314434482505,0.759124020774474,0.7710845177331974,0.7033582037044263,0.6694202935840488,0.7112820329395805,0.954528639837617,1.2496539022941162,1.0807118827521487,0.6504330046620754,0.11460274091126836,-0.5638564490723149,0.20851441405707566,0.20851441405707566,0.20851441405707566,0.20851441405707566,0.20851441405707566,0.20851441405707566,0.20851441405707566,0.20851441405707566,0.20851441405707566,0.20851441405707566,0.20851441405707566,0.20851441405707566,0.20851441405707566,0.20851441405707566,0.20851441405707566,0.20851441405707566,0.20851441405707566,0.20851441405707566,0.20851441405707566,0.20851441405707566,0.20851441405707566,0.20851441405707566,0.20851441405707566,-4.795831523312718,0.20851441405707566,0.20851441405707566,0.20851441405707566,0.20851441405707566,0.20851441405707566,0.20851441405707566,0.20851441405707566,0.20851441405707566,0.20851441405707566,0.20851441405707566,0.20851441405707566,0.20851441405707566,0.20851441405707566,0.20851441405707566,0.20851441405707566,0.20851441405707566,0.20851441405707566,0.20851441405707566,0.20851441405707566,0.20851441405707566,0.20851441405707566,0.20851441405707566,0.20851441405707566,-4.795831523312718,0.20851441405707566,0.20851441405707566,0.20851441405707566,0.20851441405707566,0.20851441405707566,0.20851441405707566,0.20851441405707566,0.20851441405707566,0.20851441405707566,0.20851441405707566,0.20851441405707566,0.20851441405707566,0.20851441405707566,0.20851441405707566,0.20851441405707566,0.20851441405707566,0.20851441405707566,0.20851441405707566,0.20851441405707566,0.20851441405707566,0.20851441405707566,0.20851441405707566,0.20851441405707566,-4.795831523312718
964,-1.0966057195848717,-1.406870457798992,-1.6274378072403097,-1.7231640368978416,-1.7802174579533292,-1.6046458477980403,-0.96132441192753,-0.07199685898013682,0.2265042872637799,0.31487827193993456,0.48986170249671335,0.6061742181021016,0.6558753941762119,0.6901368557894298,0.6874900475961341,0.6669037616482777,0.6420531736112226,0.6745500964289101,0.9299670870819561,1.2903741360690693,1.228762323125128,0.9079103521378242,0.43030851814755755,-0.16948762743319926,-0.20851441405708218,-0.20851441405708218,-0.20851441405708218,-0.20851441405708218,-0.20851441405708218,-0.20851441405708218,-0.20851441405708218,-0.20851441405708218,-0.20851441405708218,-0.20851441405708218,-0.20851441405708218,-0.20851441405708218,-0.20851441405708218,-0.20851441405708218,-0.20851441405708218,-0.20851441405708218,-0.20851441405708218,-0.20851441405708218,-0.20851441405708218,-0.20851441405708218,-0.20851441405708218,-0.20851441405708218,-0.20851441405708218,4.795831523312712,-0.20851441405708218,-0.20851441405708218,-0.20851441405708218,-0.20851441405708218,-0.20851441405708218,-0.20851441405708218,-0.20851441405708218,-0.20851441405708218,-0.20851441405708218,-0.20851441405708218,-0.20851441405708218,-0.20851441405708218,-0.20851441405708218,-0.20851441405708218,-0.20851441405708218,-0.20851441405708218,-0.20851441405708218,-0.20851441405708218,-0.20851441405708218,-0.20851441405708218,-0.20851441405708218,-0.20851441405708218,-0.20851441405708218,4.795831523312712,-0.20851441405708218,-0.20851441405708218,-0.20851441405708218,-0.20851441405708218,-0.20851441405708218,-0.20851441405708218,-0.20851441405708218,-0.20851441405708218,-0.20851441405708218,-0.20851441405708218,-0.20851441405708218,-0.20851441405708218,-0.20851441405708218,-0.20851441405708218,-0.20851441405708218,-0.20851441405708218,-0.20851441405708218,-0.20851441405708218,-0.20851441405708218,-0.20851441405708218,-0.20851441405708218,-0.20851441405708218,-0.20851441405708218,4.795831523312712
965,-1.182539021084251,-1.531354048748042,-1.7029931893445105,-1.7800817363617831,-1.713214875136856,-1.5262432058518693,-0.8288970862407413,0.08949298862985845,0.42297548760513115,0.502335520354036,0.5968861139332321,0.6565126143885809,0.6514017714924082,0.6296806891836739,0.5579869207790282,0.5070204596755277,0.4865770880908366,0.6093792854572099,0.9251158021541049,1.2845784191849225,1.2116069400562337,0.9175915056680728,0.402106212445759,-0.18592465633056257,-0.20851441405707744,-0.20851441405707744,-0.20851441405707744,-0.20851441405707744,-0.20851441405707744,-0.20851441405707744,-0.20851441405707744,-0.20851441405707744,-0.20851441405707744,-0.20851441405707744,-0.20851441405707744,-0.20851441405707744,-0.20851441405707744,-0.20851441405707744,-0.20851441405707744,-0.20851441405707744,-0.20851441405707744,-0.20851441405707744,-0.20851441405707744,-0.20851441405707744,-0.20851441405707744,-0.20851441405707744,-0.20851441405707744,4.7958315233127164,-0.20851441405707744,-0.20851441405707744,-0.20851441405707744,-0.20851441405707744,-0.20851441405707744,-0.20851441405707744,-0.20851441405707744,-0.20851441405707744,-0.20851441405707744,-0.20851441405707744,-0.20851441405707744,-0.20851441405707744,-0.20851441405707744,-0.20851441405707744,-0.20851441405707744,-0.20851441405707744,-0.20851441405707744,-0.20851441405707744,-0.20851441405707744,-0.20851441405707744,-0.20851441405707744,-0.20851441405707744,-0.20851441405707744,4.7958315233127164,-0.20851441405707744,-0.20851441405707744,-0.20851441405707744,-0.20851441405707744,-0.20851441405707744,-0.20851441405707744,-0.20851441405707744,-0.20851441405707744,-0.20851441405707744,-0.20851441405707744,-0.20851441405707744,-0.20851441405707744,-0.20851441405707744,-0.20851441405707744,-0.20851441405707744,-0.20851441405707744,-0.20851441405707744,-0.20851441405707744,-0.20851441405707744,-0.20851441405707744,-0.20851441405707744,-0.20851441405707744,-0.20851441405707744,4.7958315233127164
966,-1.0431853402793576,-1.3615551647581772,-1.6429592527777541,-1.7325672945611543,-1.7931446532613795,-1.5216109974900822,-0.6216598219116558,0.5656951161902036,0.8999350474211589,0.8997415095339378,0.9436746099331427,0.908063638684448,0.7363955327192728,0.6150472774316011,0.5364708952198074,0.4304121330226079,0.37370553206680596,0.4635071117374274,0.7590394655241495,1.134115890958771,0.940578003737604,0.5775009273106948,-0.09368846557231231,-0.9735117008797374,0.20851441405707477,0.20851441405707477,0.20851441405707477,0.20851441405707477,0.20851441405707477,0.20851441405707477,0.20851441405707477,0.20851441405707477,0.20851441405707477,0.20851441405707477,0.20851441405707477,0.20851441405707477,0.20851441405707477,0.20851441405707477,0.20851441405707477,0.20851441405707477,0.20851441405707477,0.20851441405707477,0.20851441405707477,0.20851441405707477,0.20851441405707477,0.20851441405707477,0.20851441405707477,-4.79583152331272,0.20851441405707477,0.20851441405707477,0.20851441405707477,0.20851441405707477,0.20851441405707477,0.20851441405707477,0.20851441405707477,0.20851441405707477,0.20851441405707477,0.20851441405707477,0.20851441405707477,0.20851441405707477,0.20851441405707477,0.20851441405707477,0.20851441405707477,0.20851441405707477,0.20851441405707477,0.20851441405707477,0.20851441405707477,0.20851441405707477,0.20851441405707477,0.20851441405707477,0.20851441405707477,-4.79583152331272,0.20851441405707477,0.20851441405707477,0.20851441405707477,0.20851441405707477,0.20851441405707477,0.20851441405707477,0.20851441405707477,0.20851441405707477,0.20851441405707477,0.20851441405707477,0.20851441405707477,0.20851441405707477,0.20851441405707477,0.20851441405707477,0.20851441405707477,0.20851441405707477,0.20851441405707477,0.20851441405707477,0.20851441405707477,0.20851441405707477,0.20851441405707477,0.20851441405707477,0.20851441405707477,-4.79583152331272
967,-0.8018647594549884,-1.3367268706082178,-1.587266439347706,-1.781151331739069,-1.8585793894148406,-1.7079199167557513,-0.8071105628205556,0.39585706497130946,0.7976856027737552,0.9263127012974625,1.0001736126846483,0.9867443560687963,0.9135129410854785,0.791180806600452,0.6736748112117472,0.4997239716095396,0.370677208816587,0.4120141393372564,0.6474457943839113,0.9697479531643586,0.8266424373516861,0.44369879166528214,-0.05591152087133581,-0.7185614020097816,-0.20851441405707666,-0.20851441405707666,-0.20851441405707666,-0.20851441405707666,-0.20851441405707666,-0.20851441405707666,-0.20851441405707666,-0.20851441405707666,-0.20851441405707666,-0.20851441405707666,-0.20851441405707666,-0.20851441405707666,-0.20851441405707666,-0.20851441405707666,-0.20851441405707666,-0.20851441405707666,-0.20851441405707666,-0.20851441405707666,-0.20851441405707666,-0.20851441405707666,-0.20851441405707666,-0.20851441405707666,-0.20851441405707666,4.795831523312717,-0.20851441405707666,-0.20851441405707666,-0.20851441405707666,-0.20851441405707666,-0.20851441405707666,-0.20851441405707666,-0.20851441405707666,-0.20851441405707666,-0.20851441405707666,-0.20851441405707666,-0.20851441405707666,-0.20851441405707666,-0.20851441405707666,-0.20851441405707666,-0.20851441405707666,-0.20851441405707666,-0.20851441405707666,-0.20851441405707666,-0.20851441405707666,-0.20851441405707666,-0.20851441405707666,-0.20851441405707666,-0.20851441405707666,4.795831523312717,-0.20851441405707666,-0.20851441405707666,-0.20851441405707666,-0.20851441405707666,-0.20851441405707666,-0.20851441405707666,-0.20851441405707666,-0.20851441405707666,-0.20851441405707666,-0.20851441405707666,-0.20851441405707666,-0.20851441405707666,-0.20851441405707666,-0.20851441405707666,-0.20851441405707666,-0.20851441405707666,-0.20851441405707666,-0.20851441405707666,-0.20851441405707666,-0.20851441405707666,-0.20851441405707666,-0.20851441405707666,-0.20851441405707666,4.795831523312717
968,-0.6056725846542305,-1.181941534443799,-1.4472374881099332,-1.7210690507201085,-1.7630550190394445,-1.564198399856655,-1.1937068332585579,-0.6285111058828803,-0.19504058680577904,0.4693527580276705,0.8871362120184264,1.0836859098649885,1.0483900134207116,0.8647590750570221,0.7641773047975137,0.5699345282871788,0.5376376295799973,0.6486005458525282,0.9078985040444717,1.2580891628837692,1.0262435685929299,0.6255313324902557,0.11385618011505044,-0.5048601222610994,-0.20851441405712415,-0.20851441405712415,-0.20851441405712415,-0.20851441405712415,-0.20851441405712415,-0.20851441405712415,-0.20851441405712415,-0.20851441405712415,-0.20851441405712415,-0.20851441405712415,-0.20851441405712415,-0.20851441405712415,-0.20851441405712415,-0.20851441405712415,-0.20851441405712415,-0.20851441405712415,-0.20851441405712415,-0.20851441405712415,-0.20851441405712415,-0.20851441405712415,-0.20851441405712415,-0.20851441405712415,-0.20851441405712415,4.79583152331267,-0.20851441405712415,-0.20851441405712415,-0.20851441405712415,-0.20851441405712415,-0.20851441405712415,-0.20851441405712415,-0.20851441405712415,-0.20851441405712415,-0.20851441405712415,-0.20851441405712415,-0.20851441405712415,-0.20851441405712415,-0.20851441405712415,-0.20851441405712415,-0.20851441405712415,-0.20851441405712415,-0.20851441405712415,-0.20851441405712415,-0.20851441405712415,-0.20851441405712415,-0.20851441405712415,-0.20851441405712415,-0.20851441405712415,4.79583152331267,-0.20851441405712415,-0.20851441405712415,-0.20851441405712415,-0.20851441405712415,-0.20851441405712415,-0.20851441405712415,-0.20851441405712415,-0.20851441405712415,-0.20851441405712415,-0.20851441405712415,-0.20851441405712415,-0.20851441405712415,-0.20851441405712415,-0.20851441405712415,-0.20851441405712415,-0.20851441405712415,-0.20851441405712415,-0.20851441405712415,-0.20851441405712415,-0.20851441405712415,-0.20851441405712415,-0.20851441405712415,-0.20851441405712415,4.79583152331267
969,-0.48493176728023585,-0.9235550089246636,-1.2225689527535253,-1.4366712714184418,-1.4582898753712252,-1.2790898811602003,-0.9988294250976086,-0.6172480420755858,-0.12054108137729387,0.2597379761054047,0.4444077375815919,0.37460308867380887,0.17691007180437857,0.07663100527640669,-0.15179689432107732,-0.34115502773883205,-0.32943409788491324,0.030268216076461248,0.7535798206171831,2.018919314624683,2.1202402415841144,1.7594960671912803,1.099217018753855,0.2501007671144048,-0.20851441405707585,-0.20851441405707585,-0.20851441405707585,-0.20851441405707585,-0.20851441405707585,-0.20851441405707585,-0.20851441405707585,-0.20851441405707585,-0.20851441405707585,-0.20851441405707585,-0.20851441405707585,-0.20851441405707585,-0.20851441405707585,-0.20851441405707585,-0.20851441405707585,-0.20851441405707585,-0.20851441405707585,-0.20851441405707585,-0.20851441405707585,-0.20851441405707585,-0.20851441405707585,-0.20851441405707585,-0.20851441405707585,4.795831523312718,-0.20851441405707585,-0.20851441405707585,-0.20851441405707585,-0.20851441405707585,-0.20851441405707585,-0.20851441405707585,-0.20851441405707585,-0.20851441405707585,-0.20851441405707585,-0.20851441405707585,-0.20851441405707585,-0.20851441405707585,-0.20851441405707585,-0.20851441405707585,-0.20851441405707585,-0.20851441405707585,-0.20851441405707585,-0.20851441405707585,-0.20851441405707585,-0.20851441405707585,-0.20851441405707585,-0.20851441405707585,-0.20851441405707585,4.795831523312718,-0.20851441405707585,-0.20851441405707585,-0.20851441405707585,-0.20851441405707585,-0.20851441405707585,-0.20851441405707585,-0.20851441405707585,-0.20851441405707585,-0.20851441405707585,-0.20851441405707585,-0.20851441405707585,-0.20851441405707585,-0.20851441405707585,-0.20851441405707585,-0.20851441405707585,-0.20851441405707585,-0.20851441405707585,-0.20851441405707585,-0.20851441405707585,-0.20851441405707585,-0.20851441405707585,-0.20851441405707585,-0.20851441405707585,4.795831523312718
970,-1.260115161049006,-1.5620389424200833,-1.7163208229395859,-1.670426845823025,-1.5698506832058807,-1.1095438574027572,0.020424447262865696,1.285340574003142,1.5655867746936312,1.2578041877332056,0.9558804063621283,0.7242622920632295,0.46706072669084353,0.26688486905478,0.09287834305113844,-0.0737070292059954,-0.21861482078254088,-0.15709736209438477,0.18271336208781086,1.0002120353215298,1.0814541394938249,0.7264105207793239,0.22138147897750898,-0.5105786326517262,-0.20851441405709484,-0.20851441405709484,-0.20851441405709484,-0.20851441405709484,-0.20851441405709484,-0.20851441405709484,-0.20851441405709484,-0.20851441405709484,-0.20851441405709484,-0.20851441405709484,-0.20851441405709484,-0.20851441405709484,-0.20851441405709484,-0.20851441405709484,-0.20851441405709484,-0.20851441405709484,-0.20851441405709484,-0.20851441405709484,-0.20851441405709484,-0.20851441405709484,-0.20851441405709484,-0.20851441405709484,-0.20851441405709484,4.7958315233127,-0.20851441405709484,-0.20851441405709484,-0.20851441405709484,-0.20851441405709484,-0.20851441405709484,-0.20851441405709484,-0.20851441405709484,-0.20851441405709484,-0.20851441405709484,-0.20851441405709484,-0.20851441405709484,-0.20851441405709484,-0.20851441405709484,-0.20851441405709484,-0.20851441405709484,-0.20851441405709484,-0.20851441405709484,-0.20851441405709484,-0.20851441405709484,-0.20851441405709484,-0.20851441405709484,-0.20851441405709484,-0.20851441405709484,4.7958315233127,-0.20851441405709484,-0.20851441405709484,-0.20851441405709484,-0.20851441405709484,-0.20851441405709484,-0.20851441405709484,-0.20851441405709484,-0.20851441405709484,-0.20851441405709484,-0.20851441405709484,-0.20851441405709484,-0.20851441405709484,-0.20851441405709484,-0.20851441405709484,-0.20851441405709484,-0.20851441405709484,-0.20851441405709484,-0.20851441405709484,-0.20851441405709484,-0.20851441405709484,-0.20851441405709484,-0.20851441405709484,-0.20851441405709484,4.7958315233127
971,-1.0718204671181426,-1.3710837740803368,-1.6046878181717215,-1.70206005834748,-1.5763248032581403,-1.2440085340344498,-0.07040504292524757,1.3403757854927982,1.5822430701495567,1.2666766128827056,0.9102406144411668,0.6665866831756787,0.47117221034588763,0.26369787290717234,0.13237934716555275,-0.05298523849013478,-0.24326310231982848,-0.16241734327481777,0.2900509103859327,1.1170449594016085,1.0772920723573767,0.7724454947429027,0.09686974581705357,-0.8880191972450934,0.20851441405707596,0.20851441405707596,0.20851441405707596,0.20851441405707596,0.20851441405707596,0.20851441405707596,0.20851441405707596,0.20851441405707596,0.20851441405707596,0.20851441405707596,0.20851441405707596,0.20851441405707596,0.20851441405707596,0.20851441405707596,0.20851441405707596,0.20851441405707596,0.20851441405707596,0.20851441405707596,0.20851441405707596,0.20851441405707596,0.20851441405707596,0.20851441405707596,0.20851441405707596,-4.795831523312718,0.20851441405707596,0.20851441405707596,0.20851441405707596,0.20851441405707596,0.20851441405707596,0.20851441405707596,0.20851441405707596,0.20851441405707596,0.20851441405707596,0.20851441405707596,0.20851441405707596,0.20851441405707596,0.20851441405707596,0.20851441405707596,0.20851441405707596,0.20851441405707596,0.20851441405707596,0.20851441405707596,0.20851441405707596,0.20851441405707596,0.20851441405707596,0.20851441405707596,0.20851441405707596,-4.795831523312718,0.20851441405707596,0.20851441405707596,0.20851441405707596,0.20851441405707596,0.20851441405707596,0.20851441405707596,0.20851441405707596,0.20851441405707596,0.20851441405707596,0.20851441405707596,0.20851441405707596,0.20851441405707596,0.20851441405707596,0.20851441405707596,0.20851441405707596,0.20851441405707596,0.20851441405707596,0.20851441405707596,0.20851441405707596,0.20851441405707596,0.20851441405707596,0.20851441405707596,0.20851441405707596,-4.795831523312718
972,-1.1211605082762093,-1.5141052243471012,-1.71909763260091,-1.806342946836945,-1.809069362906821,-1.537961364958517,-0.7157765188865076,0.34496973329965996,0.6303914156148135,0.6370370547851365,0.6518619421650877,0.6777628948289106,0.674014072732831,0.602104848889849,0.577396703256597,0.5020794593262699,0.42914782945708435,0.52815081299446,0.8074380591523923,1.2213420987604566,1.1579529251358376,0.8263525706371577,0.3253736177974256,-0.36986248002097827,0.20851441405707122,0.20851441405707122,0.20851441405707122,0.20851441405707122,0.20851441405707122,0.20851441405707122,0.20851441405707122,0.20851441405707122,0.20851441405707122,0.20851441405707122,0.20851441405707122,0.20851441405707122,0.20851441405707122,0.20851441405707122,0.20851441405707122,0.20851441405707122,0.20851441405707122,0.20851441405707122,0.20851441405707122,0.20851441405707122,0.20851441405707122,0.20851441405707122,0.20851441405707122,-4.795831523312723,0.20851441405707122,0.20851441405707122,0.20851441405707122,0.20851441405707122,0.20851441405707122,0.20851441405707122,0.20851441405707122,0.20851441405707122,0.20851441405707122,0.20851441405707122,0.20851441405707122,0.20851441405707122,0.20851441405707122,0.20851441405707122,0.20851441405707122,0.20851441405707122,0.20851441405707122,0.20851441405707122,0.20851441405707122,0.20851441405707122,0.20851441405707122,0.20851441405707122,0.20851441405707122,-4.795831523312723,0.20851441405707122,0.20851441405707122,0.20851441405707122,0.20851441405707122,0.20851441405707122,0.20851441405707122,0.20851441405707122,0.20851441405707122,0.20851441405707122,0.20851441405707122,0.20851441405707122,0.20851441405707122,0.20851441405707122,0.20851441405707122,0.20851441405707122,0.20851441405707122,0.20851441405707122,0.20851441405707122,0.20851441405707122,0.20851441405707122,0.20851441405707122,0.20851441405707122,0.20851441405707122,-4.795831523312723
973,-1.1010881607132852,-1.4960830270784484,-1.7205922523580084,-1.8419349445818187,-1.7855551916068169,-1.5339500253452407,-0.7900738816153637,0.29325886435504767,0.631369084434985,0.7128252051511073,0.7678585759655122,0.7644926205640196,0.7560777320602878,0.6145393074275217,0.5659012518759529,0.4384998399294558,0.2986443929974359,0.3605779723849008,0.6105001609457305,1.1118592179980615,1.1862468323710493,0.955847185138877,0.4416974975608738,-0.24091825786183688,-0.20851441405708743,-0.20851441405708743,-0.20851441405708743,-0.20851441405708743,-0.20851441405708743,-0.20851441405708743,-0.20851441405708743,-0.20851441405708743,-0.20851441405708743,-0.20851441405708743,-0.20851441405708743,-0.20851441405708743,-0.20851441405708743,-0.20851441405708743,-0.20851441405708743,-0.20851441405708743,-0.20851441405708743,-0.20851441405708743,-0.20851441405708743,-0.20851441405708743,-0.20851441405708743,-0.20851441405708743,-0.20851441405708743,4.795831523312706,-0.20851441405708743,-0.20851441405708743,-0.20851441405708743,-0.20851441405708743,-0.20851441405708743,-0.20851441405708743,-0.20851441405708743,-0.20851441405708743,-0.20851441405708743,-0.20851441405708743,-0.20851441405708743,-0.20851441405708743,-0.20851441405708743,-0.20851441405708743,-0.20851441405708743,-0.20851441405708743,-0.20851441405708743,-0.20851441405708743,-0.20851441405708743,-0.20851441405708743,-0.20851441405708743,-0.20851441405708743,-0.20851441405708743,4.795831523312706,-0.20851441405708743,-0.20851441405708743,-0.20851441405708743,-0.20851441405708743,-0.20851441405708743,-0.20851441405708743,-0.20851441405708743,-0.20851441405708743,-0.20851441405708743,-0.20851441405708743,-0.20851441405708743,-0.20851441405708743,-0.20851441405708743,-0.20851441405708743,-0.20851441405708743,-0.20851441405708743,-0.20851441405708743,-0.20851441405708743,-0.20851441405708743,-0.20851441405708743,-0.20851441405708743,-0.20851441405708743,-0.20851441405708743,4.795831523312706
974,-0.9303418887949468,-1.2884035361166604,-1.5906958868116605,-1.7063318161437842,-1.5346989604027976,-1.1274692801367165,0.12517741103390592,1.476843057439713,1.7361133793083916,1.5271492392948298,1.2974707891056314,0.983341689738839,0.6159472213489817,0.30750886653593545,0.07760278656458734,-0.18508198203633913,-0.40406183246449445,-0.38790011793185514,-0.1354586895276719,0.6198169276455291,0.688105862290484,0.41153567697841675,0.006354664751684406,-0.5825235816699765,-0.20851441405709847,-0.20851441405709847,-0.20851441405709847,-0.20851441405709847,-0.20851441405709847,-0.20851441405709847,-0.20851441405709847,-0.20851441405709847,-0.20851441405709847,-0.20851441405709847,-0.20851441405709847,-0.20851441405709847,-0.20851441405709847,-0.20851441405709847,-0.20851441405709847,-0.20851441405709847,-0.20851441405709847,-0.20851441405709847,-0.20851441405709847,-0.20851441405709847,-0.20851441405709847,-0.20851441405709847,-0.20851441405709847,4.795831523312696,-0.20851441405709847,-0.20851441405709847,-0.20851441405709847,-0.20851441405709847,-0.20851441405709847,-0.20851441405709847,-0.20851441405709847,-0.20851441405709847,-0.20851441405709847,-0.20851441405709847,-0.20851441405709847,-0.20851441405709847,-0.20851441405709847,-0.20851441405709847,-0.20851441405709847,-0.20851441405709847,-0.20851441405709847,-0.20851441405709847,-0.20851441405709847,-0.20851441405709847,-0.20851441405709847,-0.20851441405709847,-0.20851441405709847,4.795831523312696,-0.20851441405709847,-0.20851441405709847,-0.20851441405709847,-0.20851441405709847,-0.20851441405709847,-0.20851441405709847,-0.20851441405709847,-0.20851441405709847,-0.20851441405709847,-0.20851441405709847,-0.20851441405709847,-0.20851441405709847,-0.20851441405709847,-0.20851441405709847,-0.20851441405709847,-0.20851441405709847,-0.20851441405709847,-0.20851441405709847,-0.20851441405709847,-0.20851441405709847,-0.20851441405709847,-0.20851441405709847,-0.20851441405709847,4.795831523312696
975,0.012657836145297391,-0.7725537535563739,-1.0983497534876479,-1.2111404072636138,-1.2182143855492145,-0.8928113844115848,-0.02074706131448342,0.9090880844483565,1.4718623569472522,1.7646464582123897,1.563431075866416,0.9648939131458728,0.3160529048388361,-0.3516520455631357,-0.7658727740644178,-1.115641700408005,-1.2606582552628183,-0.9501892082836789,-0.3261071239762445,1.0631436115569928,1.2710399733949227,1.0328827044463678,0.26850005080785394,-0.6542611166693854,0.20851441405708743,0.20851441405708743,0.20851441405708743,0.20851441405708743,0.20851441405708743,0.20851441405708743,0.20851441405708743,0.20851441405708743,0.20851441405708743,0.20851441405708743,0.20851441405708743,0.20851441405708743,0.20851441405708743,0.20851441405708743,0.20851441405708743,0.20851441405708743,0.20851441405708743,0.20851441405708743,0.20851441405708743,0.20851441405708743,0.20851441405708743,0.20851441405708743,0.20851441405708743,-4.795831523312706,0.20851441405708743,0.20851441405708743,0.20851441405708743,0.20851441405708743,0.20851441405708743,0.20851441405708743,0.20851441405708743,0.20851441405708743,0.20851441405708743,0.20851441405708743,0.20851441405708743,0.20851441405708743,0.20851441405708743,0.20851441405708743,0.20851441405708743,0.20851441405708743,0.20851441405708743,0.20851441405708743,0.20851441405708743,0.20851441405708743,0.20851441405708743,0.20851441405708743,0.20851441405708743,-4.795831523312706,0.20851441405708743,0.20851441405708743,0.20851441405708743,0.20851441405708743,0.20851441405708743,0.20851441405708743,0.20851441405708743,0.20851441405708743,0.20851441405708743,0.20851441405708743,0.20851441405708743,0.20851441405708743,0.20851441405708743,0.20851441405708743,0.20851441405708743,0.20851441405708743,0.20851441405708743,0.20851441405708743,0.20851441405708743,0.20851441405708743,0.20851441405708743,0.20851441405708743,0.20851441405708743,-4.795831523312706
976,-0.7164981972557757,-1.1896289340678017,-1.3834382953794702,-1.4306173376904712,-1.4391953453833803,-1.2850592696514171,-0.8355180539948915,-0.3101150828041998,0.13433294078466093,0.5374993023513959,0.5546553177372143,0.35039150954981274,0.276138130458067,0.02389109173845429,-0.1476690621197308,-0.32378628256477393,-0.30931089458298955,0.10082509823423416,0.8492562694405665,1.9759239673561164,2.115584655106295,1.6542486788720194,0.8412143872284641,-0.04312459336239926,0.208514414057083,0.208514414057083,0.208514414057083,0.208514414057083,0.208514414057083,0.208514414057083,0.208514414057083,0.208514414057083,0.208514414057083,0.208514414057083,0.208514414057083,0.208514414057083,0.208514414057083,0.208514414057083,0.208514414057083,0.208514414057083,0.208514414057083,0.208514414057083,0.208514414057083,0.208514414057083,0.208514414057083,0.208514414057083,0.208514414057083,-4.795831523312711,0.208514414057083,0.208514414057083,0.208514414057083,0.208514414057083,0.208514414057083,0.208514414057083,0.208514414057083,0.208514414057083,0.208514414057083,0.208514414057083,0.208514414057083,0.208514414057083,0.208514414057083,0.208514414057083,0.208514414057083,0.208514414057083,0.208514414057083,0.208514414057083,0.208514414057083,0.208514414057083,0.208514414057083,0.208514414057083,0.208514414057083,-4.795831523312711,0.208514414057083,0.208514414057083,0.208514414057083,0.208514414057083,0.208514414057083,0.208514414057083,0.208514414057083,0.208514414057083,0.208514414057083,0.208514414057083,0.208514414057083,0.208514414057083,0.208514414057083,0.208514414057083,0.208514414057083,0.208514414057083,0.208514414057083,0.208514414057083,0.208514414057083,0.208514414057083,0.208514414057083,0.208514414057083,0.208514414057083,-4.795831523312711
977,-1.4592345055499454,-1.6659951695706408,-1.7587812679590307,-1.7515799588303795,-1.6600402408681023,-1.3531536826163535,-0.5945234632557573,0.22891853826269903,0.5675185540233155,0.6650132006881311,0.7622308739249216,0.78355782788285,0.7493516095217571,0.6988039589071865,0.6537957768531169,0.5887070212672314,0.5184942572628828,0.5594863246105892,0.7514289102319449,1.1036006239657885,1.053329946779243,0.7233161072874029,0.1893113380551177,-0.3535565808739689,0.20851441405707086,0.20851441405707086,0.20851441405707086,0.20851441405707086,0.20851441405707086,0.20851441405707086,0.20851441405707086,0.20851441405707086,0.20851441405707086,0.20851441405707086,0.20851441405707086,0.20851441405707086,0.20851441405707086,0.20851441405707086,0.20851441405707086,0.20851441405707086,0.20851441405707086,0.20851441405707086,0.20851441405707086,0.20851441405707086,0.20851441405707086,0.20851441405707086,0.20851441405707086,-4.795831523312723,0.20851441405707086,0.20851441405707086,0.20851441405707086,0.20851441405707086,0.20851441405707086,0.20851441405707086,0.20851441405707086,0.20851441405707086,0.20851441405707086,0.20851441405707086,0.20851441405707086,0.20851441405707086,0.20851441405707086,0.20851441405707086,0.20851441405707086,0.20851441405707086,0.20851441405707086,0.20851441405707086,0.20851441405707086,0.20851441405707086,0.20851441405707086,0.20851441405707086,0.20851441405707086,-4.795831523312723,0.20851441405707086,0.20851441405707086,0.20851441405707086,0.20851441405707086,0.20851441405707086,0.20851441405707086,0.20851441405707086,0.20851441405707086,0.20851441405707086,0.20851441405707086,0.20851441405707086,0.20851441405707086,0.20851441405707086,0.20851441405707086,0.20851441405707086,0.20851441405707086,0.20851441405707086,0.20851441405707086,0.20851441405707086,0.20851441405707086,0.20851441405707086,0.20851441405707086,0.20851441405707086,-4.795831523312723
978,-1.1841678645372065,-1.5027348936434322,-1.7468092095991388,-1.830348841401013,-1.7831893718354388,-1.3520170786644747,-0.4642641250464003,0.6350327349086783,0.919144478087403,0.8255954894797741,0.7108728614753569,0.5153054285013838,0.4142494222894391,0.30818873767461713,0.2521748370885678,0.17614222289100936,0.14168693696350823,0.31877555737301133,0.666793194003861,1.3183638245323046,1.397668728454821,1.0417590989578958,0.48854964780907845,-0.26677181576362835,0.2085144140570753,0.2085144140570753,0.2085144140570753,0.2085144140570753,0.2085144140570753,0.2085144140570753,0.2085144140570753,0.2085144140570753,0.2085144140570753,0.2085144140570753,0.2085144140570753,0.2085144140570753,0.2085144140570753,0.2085144140570753,0.2085144140570753,0.2085144140570753,0.2085144140570753,0.2085144140570753,0.2085144140570753,0.2085144140570753,0.2085144140570753,0.2085144140570753,0.2085144140570753,-4.79583152331272,0.2085144140570753,0.2085144140570753,0.2085144140570753,0.2085144140570753,0.2085144140570753,0.2085144140570753,0.2085144140570753,0.2085144140570753,0.2085144140570753,0.2085144140570753,0.2085144140570753,0.2085144140570753,0.2085144140570753,0.2085144140570753,0.2085144140570753,0.2085144140570753,0.2085144140570753,0.2085144140570753,0.2085144140570753,0.2085144140570753,0.2085144140570753,0.2085144140570753,0.2085144140570753,-4.79583152331272,0.2085144140570753,0.2085144140570753,0.2085144140570753,0.2085144140570753,0.2085144140570753,0.2085144140570753,0.2085144140570753,0.2085144140570753,0.2085144140570753,0.2085144140570753,0.2085144140570753,0.2085144140570753,0.2085144140570753,0.2085144140570753,0.2085144140570753,0.2085144140570753,0.2085144140570753,0.2085144140570753,0.2085144140570753,0.2085144140570753,0.2085144140570753,0.2085144140570753,0.2085144140570753,-4.79583152331272
979,-1.2512731403461543,-1.5956781265219449,-1.7843306645044872,-1.7761531855395183,-1.6837286558424258,-1.3024299273595656,-0.32664749551639544,0.8545227800980909,1.1540467189312604,0.980608095302149,0.7894832962371742,0.6177562379728236,0.44089448361419015,0.24501533631376815,0.15620411127561565,0.03981766647186976,-0.018946077718256835,0.11588723823902393,0.46390552907375426,1.1610831543197222,1.2915424699003917,1.0511626231161846,0.4897691834745867,-0.11251165099185646,-0.20851441405707646,-0.20851441405707646,-0.20851441405707646,-0.20851441405707646,-0.20851441405707646,-0.20851441405707646,-0.20851441405707646,-0.20851441405707646,-0.20851441405707646,-0.20851441405707646,-0.20851441405707646,-0.20851441405707646,-0.20851441405707646,-0.20851441405707646,-0.20851441405707646,-0.20851441405707646,-0.20851441405707646,-0.20851441405707646,-0.20851441405707646,-0.20851441405707646,-0.20851441405707646,-0.20851441405707646,-0.20851441405707646,4.795831523312717,-0.20851441405707646,-0.20851441405707646,-0.20851441405707646,-0.20851441405707646,-0.20851441405707646,-0.20851441405707646,-0.20851441405707646,-0.20851441405707646,-0.20851441405707646,-0.20851441405707646,-0.20851441405707646,-0.20851441405707646,-0.20851441405707646,-0.20851441405707646,-0.20851441405707646,-0.20851441405707646,-0.20851441405707646,-0.20851441405707646,-0.20851441405707646,-0.20851441405707646,-0.20851441405707646,-0.20851441405707646,-0.20851441405707646,4.795831523312717,-0.20851441405707646,-0.20851441405707646,-0.20851441405707646,-0.20851441405707646,-0.20851441405707646,-0.20851441405707646,-0.20851441405707646,-0.20851441405707646,-0.20851441405707646,-0.20851441405707646,-0.20851441405707646,-0.20851441405707646,-0.20851441405707646,-0.20851441405707646,-0.20851441405707646,-0.20851441405707646,-0.20851441405707646,-0.20851441405707646,-0.20851441405707646,-0.20851441405707646,-0.20851441405707646,-0.20851441405707646,-0.20851441405707646,4.795831523312717
980,-1.0145667160166045,-1.4104549798661679,-1.567003951122269,-1.6349565265576096,-1.519050076685304,-1.116280539373934,0.10428534091401914,1.3923737170459498,1.6863331177425025,1.3504409568880658,1.0287414225486051,0.7466092106145329,0.4332962283066492,0.12256372354694303,-0.07849848541521978,-0.3505238269522636,-0.4513774911268672,-0.3692322891765504,0.006012154287593041,0.9240170420517354,1.1637864142365606,0.9087492165583518,0.2079345224324817,-0.5631981848812251,-0.20851441405707388,-0.20851441405707388,-0.20851441405707388,-0.20851441405707388,-0.20851441405707388,-0.20851441405707388,-0.20851441405707388,-0.20851441405707388,-0.20851441405707388,-0.20851441405707388,-0.20851441405707388,-0.20851441405707388,-0.20851441405707388,-0.20851441405707388,-0.20851441405707388,-0.20851441405707388,-0.20851441405707388,-0.20851441405707388,-0.20851441405707388,-0.20851441405707388,-0.20851441405707388,-0.20851441405707388,-0.20851441405707388,4.795831523312721,-0.20851441405707388,-0.20851441405707388,-0.20851441405707388,-0.20851441405707388,-0.20851441405707388,-0.20851441405707388,-0.20851441405707388,-0.20851441405707388,-0.20851441405707388,-0.20851441405707388,-0.20851441405707388,-0.20851441405707388,-0.20851441405707388,-0.20851441405707388,-0.20851441405707388,-0.20851441405707388,-0.20851441405707388,-0.20851441405707388,-0.20851441405707388,-0.20851441405707388,-0.20851441405707388,-0.20851441405707388,-0.20851441405707388,4.795831523312721,-0.20851441405707388,-0.20851441405707388,-0.20851441405707388,-0.20851441405707388,-0.20851441405707388,-0.20851441405707388,-0.20851441405707388,-0.20851441405707388,-0.20851441405707388,-0.20851441405707388,-0.20851441405707388,-0.20851441405707388,-0.20851441405707388,-0.20851441405707388,-0.20851441405707388,-0.20851441405707388,-0.20851441405707388,-0.20851441405707388,-0.20851441405707388,-0.20851441405707388,-0.20851441405707388,-0.20851441405707388,-0.20851441405707388,4.795831523312721
981,-0.5121577583130472,-0.8315767734280444,-0.9945599751375268,-1.0511481169075336,-0.9690719278113668,-0.5149637818718905,0.7019151014798263,2.042259021420649,2.202436199571288,1.822220007348019,1.3762960967885025,0.9327105391946888,0.41476535729152725,0.019349870791190348,-0.2874420383090119,-0.5617308411859457,-0.7817698552585756,-0.7672720668712184,-0.5802038296149976,0.11966521301983879,0.19004963728749188,-0.08868203622427721,-0.6131746064314065,-1.2679134368281795,-0.20851441405707302,-0.20851441405707302,-0.20851441405707302,-0.20851441405707302,-0.20851441405707302,-0.20851441405707302,-0.20851441405707302,-0.20851441405707302,-0.20851441405707302,-0.20851441405707302,-0.20851441405707302,-0.20851441405707302,-0.20851441405707302,-0.20851441405707302,-0.20851441405707302,-0.20851441405707302,-0.20851441405707302,-0.20851441405707302,-0.20851441405707302,-0.20851441405707302,-0.20851441405707302,-0.20851441405707302,-0.20851441405707302,4.795831523312722,-0.20851441405707302,-0.20851441405707302,-0.20851441405707302,-0.20851441405707302,-0.20851441405707302,-0.20851441405707302,-0.20851441405707302,-0.20851441405707302,-0.20851441405707302,-0.20851441405707302,-0.20851441405707302,-0.20851441405707302,-0.20851441405707302,-0.20851441405707302,-0.20851441405707302,-0.20851441405707302,-0.20851441405707302,-0.20851441405707302,-0.20851441405707302,-0.20851441405707302,-0.20851441405707302,-0.20851441405707302,-0.20851441405707302,4.795831523312722,-0.20851441405707302,-0.20851441405707302,-0.20851441405707302,-0.20851441405707302,-0.20851441405707302,-0.20851441405707302,-0.20851441405707302,-0.20851441405707302,-0.20851441405707302,-0.20851441405707302,-0.20851441405707302,-0.20851441405707302,-0.20851441405707302,-0.20851441405707302,-0.20851441405707302,-0.20851441405707302,-0.20851441405707302,-0.20851441405707302,-0.20851441405707302,-0.20851441405707302,-0.20851441405707302,-0.20851441405707302,-0.20851441405707302,4.795831523312722
982,-0.34400231652719476,-1.092659242932695,-1.4768015609759664,-1.589360467514193,-1.55290900667797,-1.3454160757640863,-0.7521785647921517,0.06697789026362548,0.7551494256112172,1.3403756265092566,1.4200881617445131,1.1000363242924027,0.6081418857552416,0.19636054795703184,-0.0724189050221498,-0.32117008281659365,-0.38245660488189137,-0.2847186219803708,0.28768948279943635,1.5398572473492453,1.5871239767852268,1.056775249893369,0.11985253675133335,-0.8643369058266835,-0.208514414057083,-0.208514414057083,-0.208514414057083,-0.208514414057083,-0.208514414057083,-0.208514414057083,-0.208514414057083,-0.208514414057083,-0.208514414057083,-0.208514414057083,-0.208514414057083,-0.208514414057083,-0.208514414057083,-0.208514414057083,-0.208514414057083,-0.208514414057083,-0.208514414057083,-0.208514414057083,-0.208514414057083,-0.208514414057083,-0.208514414057083,-0.208514414057083,-0.208514414057083,4.795831523312711,-0.208514414057083,-0.208514414057083,-0.208514414057083,-0.208514414057083,-0.208514414057083,-0.208514414057083,-0.208514414057083,-0.208514414057083,-0.208514414057083,-0.208514414057083,-0.208514414057083,-0.208514414057083,-0.208514414057083,-0.208514414057083,-0.208514414057083,-0.208514414057083,-0.208514414057083,-0.208514414057083,-0.208514414057083,-0.208514414057083,-0.208514414057083,-0.208514414057083,-0.208514414057083,4.795831523312711,-0.208514414057083,-0.208514414057083,-0.208514414057083,-0.208514414057083,-0.208514414057083,-0.208514414057083,-0.208514414057083,-0.208514414057083,-0.208514414057083,-0.208514414057083,-0.208514414057083,-0.208514414057083,-0.208514414057083,-0.208514414057083,-0.208514414057083,-0.208514414057083,-0.208514414057083,-0.208514414057083,-0.208514414057083,-0.208514414057083,-0.208514414057083,-0.208514414057083,-0.208514414057083,4.795831523312711
983,-0.8188384173104218,-1.276684948511592,-1.5581373487117451,-1.5825212432912974,-1.5220803131100664,-1.2621583730173906,-0.8860238289711034,-0.608721878912151,-0.14283385056240477,0.27039534162086115,0.4252590125144015,0.44289842561450327,0.36663390426994574,0.17856663224680208,0.007360563922285105,-0.006387802170441258,0.17000632883057623,0.5082680153384097,0.9987993414015334,1.8592395362991436,1.954699889546753,1.3744150791801706,0.5539229668916142,0.5539229668916142,0.0,0.0,0.0,0.0,0.0,0.0,0.0,0.0,0.0,0.0,0.0,0.0,0.0,0.0,0.0,0.0,0.0,0.0,0.0,0.0,0.0,0.0,0.0,0.0,0.0,0.0,0.0,0.0,0.0,0.0,0.0,0.0,0.0,0.0,0.0,0.0,0.0,0.0,0.0,0.0,0.0,0.0,0.0,0.0,0.0,0.0,0.0,0.0,0.0,0.0,0.0,0.0,0.0,0.0,0.0,0.0,0.0,0.0,0.0,0.0,0.0,0.0,0.0,0.0,0.0,0.0,0.0,0.0,0.0,0.0,0.0,0.0
984,-1.3459560756728899,-1.6350264328897195,-1.7630141765082397,-1.7575245061324452,-1.6392613214653322,-1.2212621342798464,-0.3706769214817639,0.756587678256355,1.2754399526314346,1.2407766054014187,1.1520007930385725,1.0062892564924875,0.809759057039049,0.6461668798403767,0.48210415946663626,0.24134290155679733,0.04606748390354035,-0.05196234423564488,0.001836425447139976,0.1866030455238763,0.7496863783553563,0.8544606586705175,0.4606160211385269,-0.12505338409622138,0.0,0.0,0.0,0.0,0.0,0.0,0.0,0.0,0.0,0.0,0.0,0.0,0.0,0.0,0.0,0.0,0.0,0.0,0.0,0.0,0.0,0.0,0.0,0.0,0.0,0.0,0.0,0.0,0.0,0.0,0.0,0.0,0.0,0.0,0.0,0.0,0.0,0.0,0.0,0.0,0.0,0.0,0.0,0.0,0.0,0.0,0.0,0.0,0.0,0.0,0.0,0.0,0.0,0.0,0.0,0.0,0.0,0.0,0.0,0.0,0.0,0.0,0.0,0.0,0.0,0.0,0.0,0.0,0.0,0.0,0.0,0.0
985,-0.9965103103108506,-1.2725828739880716,-1.3647391856247606,-1.5207112657496515,-1.4624446945212932,-1.0726135870172777,0.022956500568995043,1.4584149203206906,1.9806340195952616,1.7525223750924035,1.283615206635616,0.8478050361214673,0.45440658752183793,0.16842474302346758,0.0031379389266963345,-0.22001906516558714,-0.49767711377419205,-0.5513854158248216,-0.4140427836436915,-0.1221153706526315,0.669041610107933,0.8493905210528513,0.3519446238311536,-0.34745241652556785,0.0,0.0,0.0,0.0,0.0,0.0,0.0,0.0,0.0,0.0,0.0,0.0,0.0,0.0,0.0,0.0,0.0,0.0,0.0,0.0,0.0,0.0,0.0,0.0,0.0,0.0,0.0,0.0,0.0,0.0,0.0,0.0,0.0,0.0,0.0,0.0,0.0,0.0,0.0,0.0,0.0,0.0,0.0,0.0,0.0,0.0,0.0,0.0,0.0,0.0,0.0,0.0,0.0,0.0,0.0,0.0,0.0,0.0,0.0,0.0,0.0,0.0,0.0,0.0,0.0,0.0,0.0,0.0,0.0,0.0,0.0,0.0
986,-0.7019951549208585,-0.968980436686731,-1.173055393438806,-1.1953041669192954,-1.0608525271794413,-0.6993099581214891,0.4018125293913516,1.7522747197027801,2.2473099296436687,1.932758304574681,1.4112547261828654,0.9607170632029555,0.5717471268371583,0.15458262407798257,-0.135610430025297,-0.40930870378959305,-0.7196407338881432,-0.7929082465566513,-0.8140062214088395,-0.5788597016926328,0.09761809197707441,0.3759195602545752,-0.037025347534163026,-0.6191376536831739,0.0,0.0,0.0,0.0,0.0,0.0,0.0,0.0,0.0,0.0,0.0,0.0,0.0,0.0,0.0,0.0,0.0,0.0,0.0,0.0,0.0,0.0,0.0,0.0,0.0,0.0,0.0,0.0,0.0,0.0,0.0,0.0,0.0,0.0,0.0,0.0,0.0,0.0,0.0,0.0,0.0,0.0,0.0,0.0,0.0,0.0,0.0,0.0,0.0,0.0,0.0,0.0,0.0,0.0,0.0,0.0,0.0,0.0,0.0,0.0,0.0,0.0,0.0,0.0,0.0,0.0,0.0,0.0,0.0,0.0,0.0,0.0
987,-0.8249061117303828,-1.0963659378357002,-1.296750230352268,-1.4222948644482836,-1.374468337173611,-0.9247661293270371,0.14070261718094634,1.6538807995657256,2.1881651065739893,1.7838538158168034,1.3423441149570947,0.8897634587097302,0.4854521679525444,0.23392006154500722,-0.025804551849395205,-0.2822078786275009,-0.4901204208076747,-0.5631887263662023,-0.5215619341086168,-0.33645556002701377,0.4139337961482887,0.626717558699031,0.08246939184187742,-0.6823122063373774,0.0,0.0,0.0,0.0,0.0,0.0,0.0,0.0,0.0,0.0,0.0,0.0,0.0,0.0,0.0,0.0,0.0,0.0,0.0,0.0,0.0,0.0,0.0,0.0,0.0,0.0,0.0,0.0,0.0,0.0,0.0,0.0,0.0,0.0,0.0,0.0,0.0,0.0,0.0,0.0,0.0,0.0,0.0,0.0,0.0,0.0,0.0,0.0,0.0,0.0,0.0,0.0,0.0,0.0,0.0,0.0,0.0,0.0,0.0,0.0,0.0,0.0,0.0,0.0,0.0,0.0,0.0,0.0,0.0,0.0,0.0,0.0
988,-1.0182833520721286,-1.4396979723917294,-1.6836446950336739,-1.7808795280992573,-1.6584285890127368,-1.30960578905644,-0.37909327066261655,0.8167614542697044,1.3228028546444197,1.3522216450021798,1.3124871749085818,1.207038004275572,1.0022526584085676,0.7283140520902053,0.5615438963608257,0.2543658775603189,0.029331234434077088,-0.011740453403055339,-0.004481271366724956,0.11185667232078038,0.5466434700757264,0.5342264481714771,0.08110066421948586,-0.5750911856435369,0.0,0.0,0.0,0.0,0.0,0.0,0.0,0.0,0.0,0.0,0.0,0.0,0.0,0.0,0.0,0.0,0.0,0.0,0.0,0.0,0.0,0.0,0.0,0.0,0.0,0.0,0.0,0.0,0.0,0.0,0.0,0.0,0.0,0.0,0.0,0.0,0.0,0.0,0.0,0.0,0.0,0.0,0.0,0.0,0.0,0.0,0.0,0.0,0.0,0.0,0.0,0.0,0.0,0.0,0.0,0.0,0.0,0.0,0.0,0.0,0.0,0.0,0.0,0.0,0.0,0.0,0.0,0.0,0.0,0.0,0.0,0.0
989,-0.2523674463224148,-0.9968494471887875,-1.5041791757048244,-1.7737275807502326,-1.8772064900383767,-1.6485464078119918,-1.2764626701588786,-0.36842737801641207,0.3401987089932786,0.9569833324402397,1.3208894055295481,1.3749878018747177,1.0544862560856032,0.8016077057279507,0.5059536791903967,0.2093560759724036,0.1002157066016257,0.12380512361260075,0.2128158571340133,0.31692381754244986,1.005105743142629,1.1346902739229185,0.5125587159534697,-0.27281160773192653,0.0,0.0,0.0,0.0,0.0,0.0,0.0,0.0,0.0,0.0,0.0,0.0,0.0,0.0,0.0,0.0,0.0,0.0,0.0,0.0,0.0,0.0,0.0,0.0,0.0,0.0,0.0,0.0,0.0,0.0,0.0,0.0,0.0,0.0,0.0,0.0,0.0,0.0,0.0,0.0,0.0,0.0,0.0,0.0,0.0,0.0,0.0,0.0,0.0,0.0,0.0,0.0,0.0,0.0,0.0,0.0,0.0,0.0,0.0,0.0,0.0,0.0,0.0,0.0,0.0,0.0,0.0,0.0,0.0,0.0,0.0,0.0
990,-0.5123210696814757,-1.0510551143516917,-1.371334467885303,-1.5870698060202073,-1.5897891590219078,-1.4553322606044954,-1.2169356474554205,-0.7090209368044766,-0.14762561712008998,0.32735470717692605,0.5872039940060824,0.5180115676294814,0.4491212915864028,0.3225203018405696,0.17356018741408816,0.002543098640480612,0.010701157645582032,0.2859601114843744,0.6787555450633317,1.036501539953705,1.9118310561677352,1.9526213511932422,1.1839509027125752,0.19984726643052608,0.0,0.0,0.0,0.0,0.0,0.0,0.0,0.0,0.0,0.0,0.0,0.0,0.0,0.0,0.0,0.0,0.0,0.0,0.0,0.0,0.0,0.0,0.0,0.0,0.0,0.0,0.0,0.0,0.0,0.0,0.0,0.0,0.0,0.0,0.0,0.0,0.0,0.0,0.0,0.0,0.0,0.0,0.0,0.0,0.0,0.0,0.0,0.0,0.0,0.0,0.0,0.0,0.0,0.0,0.0,0.0,0.0,0.0,0.0,0.0,0.0,0.0,0.0,0.0,0.0,0.0,0.0,0.0,0.0,0.0,0.0,0.0
991,-1.4153650717261337,-1.6255812428366458,-1.753309432887294,-1.780001156191857,-1.7429041848194136,-1.4571368646942915,-0.6788544693561618,0.39243367954561564,0.7931111305073305,0.7677766134724912,0.7255524184144256,0.6999162999863144,0.6430644373545619,0.6166743154432709,0.6055150638922108,0.5017641846066783,0.4945257511681527,0.5663068827668641,0.642612035264654,0.7018767090425817,1.022478990090608,0.9633651170093163,0.46994523761649315,-0.15376644366978945,0.0,0.0,0.0,0.0,0.0,0.0,0.0,0.0,0.0,0.0,0.0,0.0,0.0,0.0,0.0,0.0,0.0,0.0,0.0,0.0,0.0,0.0,0.0,0.0,0.0,0.0,0.0,0.0,0.0,0.0,0.0,0.0,0.0,0.0,0.0,0.0,0.0,0.0,0.0,0.0,0.0,0.0,0.0,0.0,0.0,0.0,0.0,0.0,0.0,0.0,0.0,0.0,0.0,0.0,0.0,0.0,0.0,0.0,0.0,0.0,0.0,0.0,0.0,0.0,0.0,0.0,0.0,0.0,0.0,0.0,0.0,0.0
992,-1.0918575304243536,-1.516005250472461,-1.7586868443473567,-1.8742415217349193,-1.8190637439983328,-1.521036658776709,-0.7306024141793466,0.4272923502382623,0.8578131874717504,0.8983998811260177,0.9676656021144986,0.9067855616330976,0.7434325053551789,0.5785700265859858,0.5344613471187449,0.40096131344603103,0.3588651973004893,0.3753011310943662,0.4385291621177495,0.5510649945227634,0.9775607051128531,0.9807472637055434,0.4708978888750784,-0.15685415388493174,0.0,0.0,0.0,0.0,0.0,0.0,0.0,0.0,0.0,0.0,0.0,0.0,0.0,0.0,0.0,0.0,0.0,0.0,0.0,0.0,0.0,0.0,0.0,0.0,0.0,0.0,0.0,0.0,0.0,0.0,0.0,0.0,0.0,0.0,0.0,0.0,0.0,0.0,0.0,0.0,0.0,0.0,0.0,0.0,0.0,0.0,0.0,0.0,0.0,0.0,0.0,0.0,0.0,0.0,0.0,0.0,0.0,0.0,0.0,0.0,0.0,0.0,0.0,0.0,0.0,0.0,0.0,0.0,0.0,0.0,0.0,0.0
993,-0.901981959520063,-1.3428258933999957,-1.5976071642111875,-1.7119372455136859,-1.6191068455809017,-1.1869029705691716,-0.15833410204985734,1.212220352369022,1.6727555832043939,1.543757494986109,1.343428688204754,1.0671477360238482,0.7424422678606889,0.42456847415145754,0.24714586995091944,-0.013261485704683483,-0.23689835827002767,-0.3128505036695785,-0.2567905868270529,-0.058471096061558994,0.5624075528395314,0.7844369725921866,0.27386977296187254,-0.47721255376701927,0.0,0.0,0.0,0.0,0.0,0.0,0.0,0.0,0.0,0.0,0.0,0.0,0.0,0.0,0.0,0.0,0.0,0.0,0.0,0.0,0.0,0.0,0.0,0.0,0.0,0.0,0.0,0.0,0.0,0.0,0.0,0.0,0.0,0.0,0.0,0.0,0.0,0.0,0.0,0.0,0.0,0.0,0.0,0.0,0.0,0.0,0.0,0.0,0.0,0.0,0.0,0.0,0.0,0.0,0.0,0.0,0.0,0.0,0.0,0.0,0.0,0.0,0.0,0.0,0.0,0.0,0.0,0.0,0.0,0.0,0.0,0.0
994,-0.9731232235057301,-1.2423005450961688,-1.4552442019611087,-1.5005205717217125,-1.3572487715203498,-0.9406648214399091,0.15279051949083597,1.6491848771495112,2.046128392858914,1.7302275116068475,1.300205369588328,0.8987135427614218,0.5637924513816133,0.3349297056054108,0.10151864871170478,-0.14967216982315157,-0.34773044484898896,-0.41678207726927047,-0.4095461277641511,-0.24642715177731847,0.3384443096507545,0.6123766837731287,0.028952412246079612,-0.7180043180966661,0.0,0.0,0.0,0.0,0.0,0.0,0.0,0.0,0.0,0.0,0.0,0.0,0.0,0.0,0.0,0.0,0.0,0.0,0.0,0.0,0.0,0.0,0.0,0.0,0.0,0.0,0.0,0.0,0.0,0.0,0.0,0.0,0.0,0.0,0.0,0.0,0.0,0.0,0.0,0.0,0.0,0.0,0.0,0.0,0.0,0.0,0.0,0.0,0.0,0.0,0.0,0.0,0.0,0.0,0.0,0.0,0.0,0.0,0.0,0.0,0.0,0.0,0.0,0.0,0.0,0.0,0.0,0.0,0.0,0.0,0.0,0.0
995,-1.0681551264350913,-1.4668880945589933,-1.636328967659264,-1.7653186700802987,-1.6425204733754737,-1.2840322924069347,-0.28802540619267436,1.079059055946418,1.5293879050387338,1.4744898876883414,1.2602637899074873,1.067088811561746,0.8070455714809404,0.5690853684546159,0.40335939878407073,0.22112274720363312,0.06406488553578149,0.0027689789453058757,0.08408408735152605,0.10967564431185929,0.44484248708267543,0.5276022801560112,0.12226503926815227,-0.6149369080085443,0.0,0.0,0.0,0.0,0.0,0.0,0.0,0.0,0.0,0.0,0.0,0.0,0.0,0.0,0.0,0.0,0.0,0.0,0.0,0.0,0.0,0.0,0.0,0.0,0.0,0.0,0.0,0.0,0.0,0.0,0.0,0.0,0.0,0.0,0.0,0.0,0.0,0.0,0.0,0.0,0.0,0.0,0.0,0.0,0.0,0.0,0.0,0.0,0.0,0.0,0.0,0.0,0.0,0.0,0.0,0.0,0.0,0.0,0.0,0.0,0.0,0.0,0.0,0.0,0.0,0.0,0.0,0.0,0.0,0.0,0.0,0.0
996,-0.7183849864667735,-1.1875148417724242,-1.5338982502310434,-1.7396530855933334,-1.8061039498036866,-1.6467101824951316,-1.2018646961700088,-0.6598817339227747,-0.19273878153371277,0.4373302100156175,0.8274254826391867,1.0007275703638623,1.0009483373545944,0.8552421234714277,0.6923160843111593,0.5737642102880373,0.49009352080058244,0.5660373656124148,0.6095284627866328,0.6808362007930917,1.0908005025825473,1.1508491240616705,0.6885630454687142,0.02228826743932425,0.0,0.0,0.0,0.0,0.0,0.0,0.0,0.0,0.0,0.0,0.0,0.0,0.0,0.0,0.0,0.0,0.0,0.0,0.0,0.0,0.0,0.0,0.0,0.0,0.0,0.0,0.0,0.0,0.0,0.0,0.0,0.0,0.0,0.0,0.0,0.0,0.0,0.0,0.0,0.0,0.0,0.0,0.0,0.0,0.0,0.0,0.0,0.0,0.0,0.0,0.0,0.0,0.0,0.0,0.0,0.0,0.0,0.0,0.0,0.0,0.0,0.0,0.0,0.0,0.0,0.0,0.0,0.0,0.0,0.0,0.0,0.0
997,-0.5462767459522048,-1.105817035276193,-1.488541463359991,-1.6571661744788304,-1.6625327900755773,-1.5667810696915128,-1.1716286896994585,-0.5674607548867323,-0.06723569057942136,0.4157597131278072,0.6470890906928481,0.609240328063159,0.4937168660068686,0.3764986832358161,0.25024198998603175,0.1124047051853724,0.1482762936478391,0.34797088453731895,0.6024614452041102,0.8707922250414593,1.6303095587073877,1.9339470201022828,1.2170801577578698,0.17765145270371732,0.0,0.0,0.0,0.0,0.0,0.0,0.0,0.0,0.0,0.0,0.0,0.0,0.0,0.0,0.0,0.0,0.0,0.0,0.0,0.0,0.0,0.0,0.0,0.0,0.0,0.0,0.0,0.0,0.0,0.0,0.0,0.0,0.0,0.0,0.0,0.0,0.0,0.0,0.0,0.0,0.0,0.0,0.0,0.0,0.0,0.0,0.0,0.0,0.0,0.0,0.0,0.0,0.0,0.0,0.0,0.0,0.0,0.0,0.0,0.0,0.0,0.0,0.0,0.0,0.0,0.0,0.0,0.0,0.0,0.0,0.0,0.0
998,-1.2771552581350576,-1.632136285613347,-1.7987694620695331,-1.8389647107341032,-1.7396316249538442,-1.3660160185927466,-0.5810536337524683,0.4327598603427939,0.7780385864192907,0.7691063089382751,0.8353283661251144,0.8391784857290003,0.8008312944742958,0.7302971033311042,0.7236748976124203,0.6215697257173635,0.5373291087843377,0.580450448347861,0.5989310224465137,0.6212617161490526,0.8575050550434977,0.7731104333263166,0.21946323428750938,-0.4851086532236291,0.0,0.0,0.0,0.0,0.0,0.0,0.0,0.0,0.0,0.0,0.0,0.0,0.0,0.0,0.0,0.0,0.0,0.0,0.0,0.0,0.0,0.0,0.0,0.0,0.0,0.0,0.0,0.0,0.0,0.0,0.0,0.0,0.0,0.0,0.0,0.0,0.0,0.0,0.0,0.0,0.0,0.0,0.0,0.0,0.0,0.0,0.0,0.0,0.0,0.0,0.0,0.0,0.0,0.0,0.0,0.0,0.0,0.0,0.0,0.0,0.0,0.0,0.0,0.0,0.0,0.0,0.0,0.0,0.0,0.0,0.0,0.0
999,-1.01543753383215,-1.4740926671396657,-1.7156545080643961,-1.8471946484530064,-1.8275851024583982,-1.5823790096231656,-0.8292336147860037,0.26647145963838337,0.6871222515935171,0.7367534918984545,0.8547578394766273,0.9267751986603652,0.8826971041238124,0.8016558830664495,0.741612494445791,0.6420029422253922,0.5276428465577218,0.5089009795894237,0.5307664910524381,0.5491612864102121,0.8398337602240937,0.879226388018572,0.30933480353810205,-0.3931381361625503,-1.0,-1.0,-1.0,-1.0,-1.0,-1.0,-1.0,-1.0,-1.0,-1.0,-1.0,-1.0,-1.0,-1.0,-1.0,-1.0,-1.0,-1.0,-1.0,-1.0,-1.0,-1.0,-1.0,-1.0,-1.0,-1.0,-1.0,-1.0,-1.0,-1.0,-1.0,-1.0,-1.0,-1.0,-1.0,-1.0,-1.0,-1.0,-1.0,-1.0,-1.0,-1.0,-1.0,-1.0,-1.0,-1.0,-1.0,-1.0,-1.0,-1.0,-1.0,-1.0,-1.0,-1.0,-1.0,-1.0,-1.0,-1.0,-1.0,-1.0,-1.0,-1.0,-1.0,-1.0,-1.0,-1.0,-1.0,-1.0,-1.0,-1.0,-1.0,-1.0
1000,-1.0371629527159474,-1.4668483944776232,-1.6735875720685676,-1.83743726444227,-1.8698514376018445,-1.534048509564546,-0.7657930762031686,0.46950315701232087,0.8885156393190149,0.8695414891768249,0.9383227834422634,0.9561110492005664,0.8432543853339993,0.7608354206538619,0.6962047217320275,0.5457950523757095,0.40032656795225346,0.41574306494278274,0.44123957919635043,0.4953949660605175,0.8367320212226216,0.8681579573956236,0.24714983503353274,-0.4880984829763266,0.0,0.0,0.0,0.0,0.0,0.0,0.0,0.0,0.0,0.0,0.0,0.0,0.0,0.0,0.0,0.0,0.0,0.0,0.0,0.0,0.0,0.0,0.0,0.0,0.0,0.0,0.0,0.0,0.0,0.0,0.0,0.0,0.0,0.0,0.0,0.0,0.0,0.0,0.0,0.0,0.0,0.0,0.0,0.0,0.0,0.0,0.0,0.0,0.0,0.0,0.0,0.0,0.0,0.0,0.0,0.0,0.0,0.0,0.0,0.0,0.0,0.0,0.0,0.0,0.0,0.0,0.0,0.0,0.0,0.0,0.0,0.0
1001,-0.976166528142996,-1.4461525457231665,-1.6505449766840345,-1.832982707361083,-1.8869951558469398,-1.6095499168620353,-0.8236493624545156,0.3766704459829769,0.8283932615571384,0.9055261466250705,0.994122105292519,0.9834361892251732,0.8820171312769098,0.7673863952817462,0.6655787585673976,0.5627996749378357,0.42621423865885266,0.4269913961910233,0.42465992359451143,0.47672947824994166,0.7215341008836809,0.860256720376133,0.3337324923305512,-0.4100072659567135,0.0,0.0,0.0,0.0,0.0,0.0,0.0,0.0,0.0,0.0,0.0,0.0,0.0,0.0,0.0,0.0,0.0,0.0,0.0,0.0,0.0,0.0,0.0,0.0,0.0,0.0,0.0,0.0,0.0,0.0,0.0,0.0,0.0,0.0,0.0,0.0,0.0,0.0,0.0,0.0,0.0,0.0,0.0,0.0,0.0,0.0,0.0,0.0,0.0,0.0,0.0,0.0,0.0,0.0,0.0,0.0,0.0,0.0,0.0,0.0,0.0,0.0,0.0,0.0,0.0,0.0,0.0,0.0,0.0,0.0,0.0,0.0
1002,-0.5195781002182196,-1.1363442043159513,-1.486180244850892,-1.687872818337237,-1.7580031201694162,-1.5557669009324342,-0.6109105863252438,0.6440956290203829,1.2855976147721002,1.5476348665791577,1.6232016259177073,1.3758428093778503,1.0328023407258726,0.7003629642113174,0.421200871259193,0.16324096258191342,-0.06726483568819518,-0.11510566174425545,-0.20643814785127962,-0.2588999627877548,0.23717678466855202,0.5802172533205296,0.21407184026647746,-0.42308097948014345,0.0,0.0,0.0,0.0,0.0,0.0,0.0,0.0,0.0,0.0,0.0,0.0,0.0,0.0,0.0,0.0,0.0,0.0,0.0,0.0,0.0,0.0,0.0,0.0,0.0,0.0,0.0,0.0,0.0,0.0,0.0,0.0,0.0,0.0,0.0,0.0,0.0,0.0,0.0,0.0,0.0,0.0,0.0,0.0,0.0,0.0,0.0,0.0,0.0,0.0,0.0,0.0,0.0,0.0,0.0,0.0,0.0,0.0,0.0,0.0,0.0,0.0,0.0,0.0,0.0,0.0,0.0,0.0,0.0,0.0,0.0,0.0
1003,-0.788730389883397,-1.3599456394828215,-1.5549748461317678,-1.745107922069862,-1.7478279946870021,-1.6349449810756873,-1.211157667325257,-0.5205312298333816,0.0751646733203039,0.6839169250362619,1.034534285385623,1.0405184451433311,0.8811221897789203,0.7287981232190739,0.5827302236786496,0.48099950779760925,0.49133578374274167,0.5299608149061313,0.5362169819255536,0.5228886261015671,0.9140350684463158,1.2404437825031298,0.7978879676944328,0.02266727180949965,0.0,0.0,0.0,0.0,0.0,0.0,0.0,0.0,0.0,0.0,0.0,0.0,0.0,0.0,0.0,0.0,0.0,0.0,0.0,0.0,0.0,0.0,0.0,0.0,0.0,0.0,0.0,0.0,0.0,0.0,0.0,0.0,0.0,0.0,0.0,0.0,0.0,0.0,0.0,0.0,0.0,0.0,0.0,0.0,0.0,0.0,0.0,0.0,0.0,0.0,0.0,0.0,0.0,0.0,0.0,0.0,0.0,0.0,0.0,0.0,0.0,0.0,0.0,0.0,0.0,0.0,0.0,0.0,0.0,0.0,0.0,0.0
1004,-0.5023768834537534,-1.0467194555873343,-1.3979333326005603,-1.4913827012071836,-1.5905428645619895,-1.4469942511190375,-1.1365346820814777,-0.5384587229990885,-0.025006358821585906,0.5325748738645999,0.6000660845249389,0.47131362111136904,0.2592354706902267,0.06636635714933467,-0.15635463802978425,-0.22696082764367742,-0.09223798790246213,0.2049829205824926,0.4819564658693456,0.8674351113716668,1.6277495576183327,2.0397055242258637,1.6267112313004812,0.8734054876993121,0.0,0.0,0.0,0.0,0.0,0.0,0.0,0.0,0.0,0.0,0.0,0.0,0.0,0.0,0.0,0.0,0.0,0.0,0.0,0.0,0.0,0.0,0.0,0.0,0.0,0.0,0.0,0.0,0.0,0.0,0.0,0.0,0.0,0.0,0.0,0.0,0.0,0.0,0.0,0.0,0.0,0.0,0.0,0.0,0.0,0.0,0.0,0.0,0.0,0.0,0.0,0.0,0.0,0.0,0.0,0.0,0.0,0.0,0.0,0.0,0.0,0.0,0.0,0.0,0.0,0.0,0.0,0.0,0.0,0.0,0.0,0.0
1005,-1.373056356186866,-1.6577884359465012,-1.7688924228353318,-1.7903335431121237,-1.7306582573067868,-1.3732062940908996,-0.6503556587453487,0.23217884439588993,0.6437583909678743,0.7631089625785481,0.8548709598470561,0.8745128252754459,0.8278821371210243,0.7391188979331865,0.729522872075042,0.6371611231903999,0.5567944066284386,0.5482479460985286,0.5713383833196891,0.6554535474824881,0.8584694695438604,0.8413765484840402,0.3219916489119623,-0.3114959956296166,0.0,0.0,0.0,0.0,0.0,0.0,0.0,0.0,0.0,0.0,0.0,0.0,0.0,0.0,0.0,0.0,0.0,0.0,0.0,0.0,0.0,0.0,0.0,0.0,0.0,0.0,0.0,0.0,0.0,0.0,0.0,0.0,0.0,0.0,0.0,0.0,0.0,0.0,0.0,0.0,0.0,0.0,0.0,0.0,0.0,0.0,0.0,0.0,0.0,0.0,0.0,0.0,0.0,0.0,0.0,0.0,0.0,0.0,0.0,0.0,0.0,0.0,0.0,0.0,0.0,0.0,0.0,0.0,0.0,0.0,0.0,0.0
1006,-0.9824996304800052,-1.3661112188911881,-1.6814499270228713,-1.8137174914285858,-1.825660789023172,-1.6395592563552932,-0.9675259439435092,-0.03773131329633003,0.3464150496340134,0.5070256635552381,0.5658508606629009,0.6770839606482997,0.7405438702553541,0.7252136673727511,0.8227208880330285,0.856233424567091,0.8218295971677608,0.7997255837091239,0.8173731428414228,0.8257512769749384,0.9079282947526128,0.8710288529305334,0.3344717520394273,-0.3049403147035619,0.0,0.0,0.0,0.0,0.0,0.0,0.0,0.0,0.0,0.0,0.0,0.0,0.0,0.0,0.0,0.0,0.0,0.0,0.0,0.0,0.0,0.0,0.0,0.0,0.0,0.0,0.0,0.0,0.0,0.0,0.0,0.0,0.0,0.0,0.0,0.0,0.0,0.0,0.0,0.0,0.0,0.0,0.0,0.0,0.0,0.0,0.0,0.0,0.0,0.0,0.0,0.0,0.0,0.0,0.0,0.0,0.0,0.0,0.0,0.0,0.0,0.0,0.0,0.0,0.0,0.0,0.0,0.0,0.0,0.0,0.0,0.0
1007,-1.0954061863281872,-1.350256104457481,-1.6710865839147473,-1.7543870425913126,-1.7710883721774555,-1.4360308341838453,-0.5151896251503291,0.7582352084795402,1.2528832291851841,1.279481642970523,1.2064906470014534,1.1120559686007927,0.8807116254445891,0.6122532165414011,0.43142524065192644,0.21492652379451668,0.032861412380142556,-0.034562473726879345,-0.008995006212290001,0.08976964652551883,0.5961704547177078,1.015559397658633,0.5108081034996433,-0.3566300887090451,0.0,0.0,0.0,0.0,0.0,0.0,0.0,0.0,0.0,0.0,0.0,0.0,0.0,0.0,0.0,0.0,0.0,0.0,0.0,0.0,0.0,0.0,0.0,0.0,0.0,0.0,0.0,0.0,0.0,0.0,0.0,0.0,0.0,0.0,0.0,0.0,0.0,0.0,0.0,0.0,0.0,0.0,0.0,0.0,0.0,0.0,0.0,0.0,0.0,0.0,0.0,0.0,0.0,0.0,0.0,0.0,0.0,0.0,0.0,0.0,0.0,0.0,0.0,0.0,0.0,0.0,0.0,0.0,0.0,0.0,0.0,0.0
1008,-0.7391670756941324,-1.052336630529342,-1.3821866342717535,-1.4738116353113122,-1.2938507358336149,-0.8813032952554991,0.28585825644841817,1.6888954518541737,2.089696097427218,1.7847492990955582,1.3555214096102408,0.9965393542552519,0.6312140295975242,0.2675332562405064,0.04387427934394254,-0.28245168589694736,-0.47909303428184646,-0.5185622654988872,-0.5035263678923955,-0.3672635458335645,0.17731787060155627,0.5414685157587769,-0.03365456768953022,-0.8554603462443415,0.0,0.0,0.0,0.0,0.0,0.0,0.0,0.0,0.0,0.0,0.0,0.0,0.0,0.0,0.0,0.0,0.0,0.0,0.0,0.0,0.0,0.0,0.0,0.0,0.0,0.0,0.0,0.0,0.0,0.0,0.0,0.0,0.0,0.0,0.0,0.0,0.0,0.0,0.0,0.0,0.0,0.0,0.0,0.0,0.0,0.0,0.0,0.0,0.0,0.0,0.0,0.0,0.0,0.0,0.0,0.0,0.0,0.0,0.0,0.0,0.0,0.0,0.0,0.0,0.0,0.0,0.0,0.0,0.0,0.0,0.0,0.0
1009,-1.1716020166791419,-1.4885787799977903,-1.7923161990858172,-1.9339196199872473,-1.7974968120456256,-1.5075743608504213,-0.6765656671863374,0.415776169116971,0.9123475150423114,0.925011235610732,0.9039050346633642,0.8647626256337007,0.6966805162710276,0.5963301244939978,0.5794451637361037,0.5019278438930443,0.3868031114528573,0.31945514297534783,0.35591130824807377,0.4230674021715162,0.8018277718997318,1.0297747421313022,0.6172444508872984,0.03778329760502344,0.0,0.0,0.0,0.0,0.0,0.0,0.0,0.0,0.0,0.0,0.0,0.0,0.0,0.0,0.0,0.0,0.0,0.0,0.0,0.0,0.0,0.0,0.0,0.0,0.0,0.0,0.0,0.0,0.0,0.0,0.0,0.0,0.0,0.0,0.0,0.0,0.0,0.0,0.0,0.0,0.0,0.0,0.0,0.0,0.0,0.0,0.0,0.0,0.0,0.0,0.0,0.0,0.0,0.0,0.0,0.0,0.0,0.0,0.0,0.0,0.0,0.0,0.0,0.0,0.0,0.0,0.0,0.0,0.0,0.0,0.0,0.0
1010,-0.23271721315651986,-0.726980850235158,-1.1811047012330809,-1.4318082803982264,-1.399152183247814,-1.2930198675089735,-0.5830899221661533,0.2506610582053142,0.8350691301262366,1.455875143662723,1.8089691941015575,1.6994352015762157,1.3320541086340758,0.8524176817373933,0.18500869622583918,-0.4225307778432921,-0.8331131659739984,-0.900126198668074,-0.8579454065154579,-0.5946556232402577,0.302706713038784,1.0184195089186565,0.7251949699222449,-0.009567215962034893,1.0,1.0,1.0,1.0,1.0,1.0,1.0,1.0,1.0,1.0,1.0,1.0,1.0,1.0,1.0,1.0,1.0,1.0,1.0,1.0,1.0,1.0,1.0,1.0,1.0,1.0,1.0,1.0,1.0,1.0,1.0,1.0,1.0,1.0,1.0,1.0,1.0,1.0,1.0,1.0,1.0,1.0,1.0,1.0,1.0,1.0,1.0,1.0,1.0,1.0,1.0,1.0,1.0,1.0,1.0,1.0,1.0,1.0,1.0,1.0,1.0,1.0,1.0,1.0,1.0,1.0,1.0,1.0,1.0,1.0,1.0,1.0
1011,-0.5971072189435037,-1.1993330237696682,-1.5430619050624756,-1.610687261219035,-1.5950814097982904,-1.2193405255911354,-0.6647325751000631,0.09395189396997526,0.7734066558270033,1.1703554919649137,1.3220123557716355,0.9310657701801652,0.5137092821843583,0.15437454947080637,-0.18815388171271305,-0.4766620579782709,-0.4890667091075806,-0.12533032599330587,0.24800965799527314,0.614146941328124,1.5821098794507098,1.8614146048783926,0.8758450651529156,-0.43184525389818423,0.0,0.0,0.0,0.0,0.0,0.0,0.0,0.0,0.0,0.0,0.0,0.0,0.0,0.0,0.0,0.0,0.0,0.0,0.0,0.0,0.0,0.0,0.0,0.0,0.0,0.0,0.0,0.0,0.0,0.0,0.0,0.0,0.0,0.0,0.0,0.0,0.0,0.0,0.0,0.0,0.0,0.0,0.0,0.0,0.0,0.0,0.0,0.0,0.0,0.0,0.0,0.0,0.0,0.0,0.0,0.0,0.0,0.0,0.0,0.0,0.0,0.0,0.0,0.0,0.0,0.0,0.0,0.0,0.0,0.0,0.0,0.0
1012,-1.3389807228013482,-1.5169968450145097,-1.674179314471272,-1.7489572466862051,-1.6023776183643959,-1.2619706135053723,-0.2295887135230874,0.9711365413211737,1.3749745782331628,1.3533968664497493,1.2925700409913337,1.0810712625625305,0.7773091647839591,0.5555795747337098,0.38909636743926923,0.1640185117674558,0.012974529283561147,0.007766116094461332,0.0920308009038262,0.21126625998286128,0.5505571763013636,0.7665203088922523,0.25070138841461703,-0.47791841378909644,0.0,0.0,0.0,0.0,0.0,0.0,0.0,0.0,0.0,0.0,0.0,0.0,0.0,0.0,0.0,0.0,0.0,0.0,0.0,0.0,0.0,0.0,0.0,0.0,0.0,0.0,0.0,0.0,0.0,0.0,0.0,0.0,0.0,0.0,0.0,0.0,0.0,0.0,0.0,0.0,0.0,0.0,0.0,0.0,0.0,0.0,0.0,0.0,0.0,0.0,0.0,0.0,0.0,0.0,0.0,0.0,0.0,0.0,0.0,0.0,0.0,0.0,0.0,0.0,0.0,0.0,0.0,0.0,0.0,0.0,0.0,0.0
1013,-1.093512559967134,-1.4304619426620648,-1.659553008233138,-1.7872572557077853,-1.6457471436412843,-1.308366327677858,-0.14888941859639052,1.1738849826105973,1.531974595461804,1.4111732802830836,1.1762578655873221,0.9415581675258083,0.7517275293878192,0.5955486861924736,0.4290154445532377,0.16713545057651183,-0.023342337464220438,-0.014282238825816411,0.04115693617584632,0.06445433267459953,0.42189679562306315,0.8082452875607206,0.20488586156986194,-0.6075029830070324,0.0,0.0,0.0,0.0,0.0,0.0,0.0,0.0,0.0,0.0,0.0,0.0,0.0,0.0,0.0,0.0,0.0,0.0,0.0,0.0,0.0,0.0,0.0,0.0,0.0,0.0,0.0,0.0,0.0,0.0,0.0,0.0,0.0,0.0,0.0,0.0,0.0,0.0,0.0,0.0,0.0,0.0,0.0,0.0,0.0,0.0,0.0,0.0,0.0,0.0,0.0,0.0,0.0,0.0,0.0,0.0,0.0,0.0,0.0,0.0,0.0,0.0,0.0,0.0,0.0,0.0,0.0,0.0,0.0,0.0,0.0,0.0
1014,-0.9645578857706653,-1.4085144004106434,-1.6927743270506292,-1.801596144873481,-1.633458451507775,-1.1726197261363693,0.01164454287500053,1.3786473361549327,1.725873346063487,1.436366245817787,1.110357068314946,0.8349945230063882,0.5372744553778316,0.3682242100806971,0.315980612006414,0.1206944986807094,0.06069420918928381,0.05019986197785576,0.09947766627499617,0.16130305962927882,0.4852589952864056,0.740773536086393,0.06594138279499784,-0.8301846138678148,0.0,0.0,0.0,0.0,0.0,0.0,0.0,0.0,0.0,0.0,0.0,0.0,0.0,0.0,0.0,0.0,0.0,0.0,0.0,0.0,0.0,0.0,0.0,0.0,0.0,0.0,0.0,0.0,0.0,0.0,0.0,0.0,0.0,0.0,0.0,0.0,0.0,0.0,0.0,0.0,0.0,0.0,0.0,0.0,0.0,0.0,0.0,0.0,0.0,0.0,0.0,0.0,0.0,0.0,0.0,0.0,0.0,0.0,0.0,0.0,0.0,0.0,0.0,0.0,0.0,0.0,0.0,0.0,0.0,0.0,0.0,0.0
1015,-1.0366868012053885,-1.5036782818815126,-1.7802511731102562,-1.8846912858819496,-1.8966473930679348,-1.5597664905922368,-0.7346192696535884,0.33228747158990585,0.6813003063572651,0.6579155673023237,0.6301352006054759,0.6264428733862747,0.610618613875412,0.6403330567346985,0.6598496434647625,0.6478935362787773,0.6348824784587347,0.7004652428759766,0.6762013782926538,0.6246846223295122,0.8117625347690438,1.0965992059645713,0.549079826888724,-0.1841108637812449,1.0,1.0,1.0,1.0,1.0,1.0,1.0,1.0,1.0,1.0,1.0,1.0,1.0,1.0,1.0,1.0,1.0,1.0,1.0,1.0,1.0,1.0,1.0,1.0,1.0,1.0,1.0,1.0,1.0,1.0,1.0,1.0,1.0,1.0,1.0,1.0,1.0,1.0,1.0,1.0,1.0,1.0,1.0,1.0,1.0,1.0,1.0,1.0,1.0,1.0,1.0,1.0,1.0,1.0,1.0,1.0,1.0,1.0,1.0,1.0,1.0,1.0,1.0,1.0,1.0,1.0,1.0,1.0,1.0,1.0,1.0,1.0
1016,-0.9535704147803661,-1.386160014419895,-1.6981660502588856,-1.8606232798178353,-1.8089895867022001,-1.639448466319459,-0.9340503600659187,-0.01251487378869816,0.3818217154023571,0.5622248017149117,0.7361736763880119,0.8614798340710778,0.8780089126599244,0.8699805030596275,0.9033534998294892,0.8876115202210638,0.8010306323747244,0.7416833692509608,0.6584082971223907,0.5737164468290622,0.672890918362142,0.7226355739247661,0.3235763908511832,-0.2810730459084348,0.0,0.0,0.0,0.0,0.0,0.0,0.0,0.0,0.0,0.0,0.0,0.0,0.0,0.0,0.0,0.0,0.0,0.0,0.0,0.0,0.0,0.0,0.0,0.0,0.0,0.0,0.0,0.0,0.0,0.0,0.0,0.0,0.0,0.0,0.0,0.0,0.0,0.0,0.0,0.0,0.0,0.0,0.0,0.0,0.0,0.0,0.0,0.0,0.0,0.0,0.0,0.0,0.0,0.0,0.0,0.0,0.0,0.0,0.0,0.0,0.0,0.0,0.0,0.0,0.0,0.0,0.0,0.0,0.0,0.0,0.0,0.0
1017,-0.26359984821917365,-0.8407545621693107,-1.3380657386164643,-1.6571864170807693,-1.7664326541086608,-1.8186477929201357,-1.401433625523594,-0.9981603932466208,-0.47879719215578603,0.27806884906297075,0.8722061567042185,1.1636984364770149,1.151024859095589,1.0387369634961552,0.7769008547958954,0.5951617551462476,0.5497903481207428,0.5561271368114558,0.5931339827652194,0.6374915036002102,0.8572513353941359,1.055212614092009,0.5366098276440597,-0.09833639916537949,0.0,0.0,0.0,0.0,0.0,0.0,0.0,0.0,0.0,0.0,0.0,0.0,0.0,0.0,0.0,0.0,0.0,0.0,0.0,0.0,0.0,0.0,0.0,0.0,0.0,0.0,0.0,0.0,0.0,0.0,0.0,0.0,0.0,0.0,0.0,0.0,0.0,0.0,0.0,0.0,0.0,0.0,0.0,0.0,0.0,0.0,0.0,0.0,0.0,0.0,0.0,0.0,0.0,0.0,0.0,0.0,0.0,0.0,0.0,0.0,0.0,0.0,0.0,0.0,0.0,0.0,0.0,0.0,0.0,0.0,0.0,0.0
1018,-0.808793872719313,-1.2363746472185528,-1.478517877821426,-1.5748180615615992,-1.6150094605605971,-1.5272648716568444,-1.240353993654097,-0.9062878603901494,-0.47651844535136023,0.19798077547340615,0.5990988961762761,0.7558851457367233,0.7716035641571234,0.7129082042328443,0.5505508696626351,0.38520902526576756,0.3577515348605116,0.520307836752498,0.73181009980168,0.9265991078215756,1.2537013848233207,1.5115630338465942,1.1002975797330863,0.4886720325899205,0.0,0.0,0.0,0.0,0.0,0.0,0.0,0.0,0.0,0.0,0.0,0.0,0.0,0.0,0.0,0.0,0.0,0.0,0.0,0.0,0.0,0.0,0.0,0.0,0.0,0.0,0.0,0.0,0.0,0.0,0.0,0.0,0.0,0.0,0.0,0.0,0.0,0.0,0.0,0.0,0.0,0.0,0.0,0.0,0.0,0.0,0.0,0.0,0.0,0.0,0.0,0.0,0.0,0.0,0.0,0.0,0.0,0.0,0.0,0.0,0.0,0.0,0.0,0.0,0.0,0.0,0.0,0.0,0.0,0.0,0.0,0.0
1019,-1.3652123958715725,-1.6149334159100908,-1.7486191452239048,-1.7786902628201664,-1.6490902831797571,-1.2825168224818537,-0.3297199986437897,0.7399292658536595,1.1944280595232402,1.2310363765969496,1.1620689221098721,1.0803539286417705,0.8500810770486603,0.7121461680745049,0.5253456930064249,0.3403429477946429,0.20404233868984956,0.17266378119809855,0.22152934729202328,0.2980145811781663,0.482036746468331,0.7149244778524204,0.2658188737517343,-0.4259802609492133,0.0,0.0,0.0,0.0,0.0,0.0,0.0,0.0,0.0,0.0,0.0,0.0,0.0,0.0,0.0,0.0,0.0,0.0,0.0,0.0,0.0,0.0,0.0,0.0,0.0,0.0,0.0,0.0,0.0,0.0,0.0,0.0,0.0,0.0,0.0,0.0,0.0,0.0,0.0,0.0,0.0,0.0,0.0,0.0,0.0,0.0,0.0,0.0,0.0,0.0,0.0,0.0,0.0,0.0,0.0,0.0,0.0,0.0,0.0,0.0,0.0,0.0,0.0,0.0,0.0,0.0,0.0,0.0,0.0,0.0,0.0,0.0
1020,-1.005125330250009,-1.3592986978985229,-1.6239662960054286,-1.7144344931765165,-1.6405681726139527,-1.1648883167436321,0.08482396013570306,1.447621483478898,1.7555983249123883,1.4370347795546217,1.1223209447147737,0.9144365767471678,0.6584308273055789,0.42576394787887173,0.3215811569876988,0.10527554726214577,-0.013103051163852086,-0.06796142604419256,-0.04366012839983121,0.009995211943659692,0.2614294301452202,0.7772906395463166,0.16831455699306333,-0.8569114753101418,0.0,0.0,0.0,0.0,0.0,0.0,0.0,0.0,0.0,0.0,0.0,0.0,0.0,0.0,0.0,0.0,0.0,0.0,0.0,0.0,0.0,0.0,0.0,0.0,0.0,0.0,0.0,0.0,0.0,0.0,0.0,0.0,0.0,0.0,0.0,0.0,0.0,0.0,0.0,0.0,0.0,0.0,0.0,0.0,0.0,0.0,0.0,0.0,0.0,0.0,0.0,0.0,0.0,0.0,0.0,0.0,0.0,0.0,0.0,0.0,0.0,0.0,0.0,0.0,0.0,0.0,0.0,0.0,0.0,0.0,0.0,0.0
1021,-1.1290163724726139,-1.5308115378168718,-1.810074722833113,-1.8504919879860857,-1.8247054070513837,-1.5324574897914274,-0.6462037932696822,0.29180594867419524,0.6588532390000603,0.6890290252002436,0.6665343482146524,0.6703749028219484,0.6321522403017164,0.6202648093743715,0.649160410705456,0.6288603363526055,0.5789331264577569,0.6418450685963207,0.7203021127167971,0.7616337956334117,0.8592936127903683,1.0675979793479968,0.5149238830028228,-0.3278035279695671,0.0,0.0,0.0,0.0,0.0,0.0,0.0,0.0,0.0,0.0,0.0,0.0,0.0,0.0,0.0,0.0,0.0,0.0,0.0,0.0,0.0,0.0,0.0,0.0,0.0,0.0,0.0,0.0,0.0,0.0,0.0,0.0,0.0,0.0,0.0,0.0,0.0,0.0,0.0,0.0,0.0,0.0,0.0,0.0,0.0,0.0,0.0,0.0,0.0,0.0,0.0,0.0,0.0,0.0,0.0,0.0,0.0,0.0,0.0,0.0,0.0,0.0,0.0,0.0,0.0,0.0,0.0,0.0,0.0,0.0,0.0,0.0
1022,-0.8901379393842337,-1.3989930188147734,-1.7336415833092451,-1.8869863304072902,-1.8000981427107823,-1.2789840863032598,-0.2610588576706542,0.9648388400276032,1.3728261966124444,1.3300273120787682,1.2549679618161909,1.043769446177649,0.8228927908204365,0.6723439507522295,0.5112566918792479,0.3321035721980816,0.06692254390651117,0.010789333538222548,-0.09567020336715244,-0.08620713342000799,0.21381519785877606,0.8054721393268297,0.38501073599348007,-0.3552594175990466,1.0,1.0,1.0,1.0,1.0,1.0,1.0,1.0,1.0,1.0,1.0,1.0,1.0,1.0,1.0,1.0,1.0,1.0,1.0,1.0,1.0,1.0,1.0,1.0,1.0,1.0,1.0,1.0,1.0,1.0,1.0,1.0,1.0,1.0,1.0,1.0,1.0,1.0,1.0,1.0,1.0,1.0,1.0,1.0,1.0,1.0,1.0,1.0,1.0,1.0,1.0,1.0,1.0,1.0,1.0,1.0,1.0,1.0,1.0,1.0,1.0,1.0,1.0,1.0,1.0,1.0,1.0,1.0,1.0,1.0,1.0,1.0
1023,-0.7281209072151753,-1.2040829539339954,-1.4559548136785907,-1.4678940449518076,-1.3489609334224546,-0.8208795501840144,0.26260568786041993,1.5903859658029849,1.973589369552966,1.7148294917661304,1.4138231033202195,1.1229191413362614,0.7828806506509874,0.4834814664149327,0.30186739070119095,0.12209011979871327,-0.14837938865993128,-0.315987827687784,-0.4452529662804978,-0.5246947743676719,-0.36810716420740397,0.13885096370149855,-0.1699618451922849,-0.909046181124693,-1.0,-1.0,-1.0,-1.0,-1.0,-1.0,-1.0,-1.0,-1.0,-1.0,-1.0,-1.0,-1.0,-1.0,-1.0,-1.0,-1.0,-1.0,-1.0,-1.0,-1.0,-1.0,-1.0,-1.0,-1.0,-1.0,-1.0,-1.0,-1.0,-1.0,-1.0,-1.0,-1.0,-1.0,-1.0,-1.0,-1.0,-1.0,-1.0,-1.0,-1.0,-1.0,-1.0,-1.0,-1.0,-1.0,-1.0,-1.0,-1.0,-1.0,-1.0,-1.0,-1.0,-1.0,-1.0,-1.0,-1.0,-1.0,-1.0,-1.0,-1.0,-1.0,-1.0,-1.0,-1.0,-1.0,-1.0,-1.0,-1.0,-1.0,-1.0,-1.0
1024,-0.480259163870587,-1.2366010996772534,-1.6817828851710586,-1.897367284925928,-1.814726598353228,-1.5035664480403665,-0.8823240694134182,-0.08286525365577789,0.6206585042109456,1.1790220995760572,1.4722168832426794,1.3022645147692573,0.9048706045544483,0.5207710656578561,0.262069785952013,0.1959572366938531,0.18877109003535744,0.1488879760807066,0.2056585346828222,0.2512905659642695,0.7309658554188537,1.235074043512323,0.5980221422366844,-0.23700809948050944,0.0,0.0,0.0,0.0,0.0,0.0,0.0,0.0,0.0,0.0,0.0,0.0,0.0,0.0,0.0,0.0,0.0,0.0,0.0,0.0,0.0,0.0,0.0,0.0,0.0,0.0,0.0,0.0,0.0,0.0,0.0,0.0,0.0,0.0,0.0,0.0,0.0,0.0,0.0,0.0,0.0,0.0,0.0,0.0,0.0,0.0,0.0,0.0,0.0,0.0,0.0,0.0,0.0,0.0,0.0,0.0,0.0,0.0,0.0,0.0,0.0,0.0,0.0,0.0,0.0,0.0,0.0,0.0,0.0,0.0,0.0,0.0
1025,-0.4346857688872611,-1.0594903408922243,-1.420911847381274,-1.593622054276955,-1.6467050443375393,-1.5491745745611547,-1.2479476548872173,-0.9058290538747436,-0.49437238450562143,0.0671897735037174,0.378830102711071,0.4240395392219992,0.4598515085930154,0.48905985240625555,0.45451781102711936,0.4369928047391753,0.33819240697091074,0.588876192568024,0.8850234002744415,1.0684010023019144,1.3581985700489319,1.8318817110201744,1.2322217132544353,0.33946233496279077,0.0,0.0,0.0,0.0,0.0,0.0,0.0,0.0,0.0,0.0,0.0,0.0,0.0,0.0,0.0,0.0,0.0,0.0,0.0,0.0,0.0,0.0,0.0,0.0,0.0,0.0,0.0,0.0,0.0,0.0,0.0,0.0,0.0,0.0,0.0,0.0,0.0,0.0,0.0,0.0,0.0,0.0,0.0,0.0,0.0,0.0,0.0,0.0,0.0,0.0,0.0,0.0,0.0,0.0,0.0,0.0,0.0,0.0,0.0,0.0,0.0,0.0,0.0,0.0,0.0,0.0,0.0,0.0,0.0,0.0,0.0,0.0
1026,-1.2842474872877434,-1.6212355096581468,-1.8038457748998626,-1.8358326059002619,-1.7616471856458147,-1.4432806047967708,-0.6275413278288426,0.28190584840786054,0.669652316215517,0.7608072759208802,0.8061594964003195,0.8391975378091825,0.8127671046820921,0.7696674779350753,0.7566024342870249,0.6492287997082199,0.5852551377074214,0.5715894023973918,0.5637804107916604,0.5827021981440093,0.7089976200751631,0.8446037627669964,0.4424406950718361,-0.267727022303225,1.0,1.0,1.0,1.0,1.0,1.0,1.0,1.0,1.0,1.0,1.0,1.0,1.0,1.0,1.0,1.0,1.0,1.0,1.0,1.0,1.0,1.0,1.0,1.0,1.0,1.0,1.0,1.0,1.0,1.0,1.0,1.0,1.0,1.0,1.0,1.0,1.0,1.0,1.0,1.0,1.0,1.0,1.0,1.0,1.0,1.0,1.0,1.0,1.0,1.0,1.0,1.0,1.0,1.0,1.0,1.0,1.0,1.0,1.0,1.0,1.0,1.0,1.0,1.0,1.0,1.0,1.0,1.0,1.0,1.0,1.0,1.0
1027,-1.09242418234823,-1.4953346621979597,-1.7464449331135534,-1.8559614125580317,-1.822264034267423,-1.5525230013161562,-0.7933599500190777,0.15194871500833446,0.5694397912338085,0.6397506670901747,0.7094135164409523,0.7439209278635468,0.7335525037741287,0.7316084242573628,0.8098576248071898,0.7228600664319164,0.6943469001860167,0.746189020633107,0.7278822718502282,0.6789562706782868,0.6953189399443996,0.9159719650973277,0.42735997988350166,-0.34006540935983187,0.0,0.0,0.0,0.0,0.0,0.0,0.0,0.0,0.0,0.0,0.0,0.0,0.0,0.0,0.0,0.0,0.0,0.0,0.0,0.0,0.0,0.0,0.0,0.0,0.0,0.0,0.0,0.0,0.0,0.0,0.0,0.0,0.0,0.0,0.0,0.0,0.0,0.0,0.0,0.0,0.0,0.0,0.0,0.0,0.0,0.0,0.0,0.0,0.0,0.0,0.0,0.0,0.0,0.0,0.0,0.0,0.0,0.0,0.0,0.0,0.0,0.0,0.0,0.0,0.0,0.0,0.0,0.0,0.0,0.0,0.0,0.0
1028,-1.0701023244565868,-1.504582206253009,-1.7164444983195553,-1.8564340869533729,-1.8504589215848564,-1.5913074636017643,-0.7655396096727686,0.1169069557518705,0.5324370273795687,0.5688001766222555,0.6171136566019755,0.6541596818867784,0.5974809703911351,0.7195450629194031,0.8072946343313327,0.775028741341343,0.7352512118880753,0.7291053275090297,0.7260323853195069,0.6766945912766126,0.7649563197201293,1.0411796787561258,0.552752589632525,-0.25986990048573416,1.0,1.0,1.0,1.0,1.0,1.0,1.0,1.0,1.0,1.0,1.0,1.0,1.0,1.0,1.0,1.0,1.0,1.0,1.0,1.0,1.0,1.0,1.0,1.0,1.0,1.0,1.0,1.0,1.0,1.0,1.0,1.0,1.0,1.0,1.0,1.0,1.0,1.0,1.0,1.0,1.0,1.0,1.0,1.0,1.0,1.0,1.0,1.0,1.0,1.0,1.0,1.0,1.0,1.0,1.0,1.0,1.0,1.0,1.0,1.0,1.0,1.0,1.0,1.0,1.0,1.0,1.0,1.0,1.0,1.0,1.0,1.0
1029,-0.9739069074257932,-1.4941917235029991,-1.7350058859102273,-1.8653729304238866,-1.888054034991316,-1.5387650246529037,-0.619292768188941,0.48991185865647435,0.9117804036106606,0.9070469557009362,0.9098081336482754,0.8575429796450686,0.8092223655666321,0.7624795674581037,0.770171420311406,0.6443405967112326,0.5250182639869302,0.49957598147216165,0.4613139442018895,0.42364358792033285,0.49365917158500616,0.8656292864908478,0.3260162247822673,-0.5425714666521582,0.0,0.0,0.0,0.0,0.0,0.0,0.0,0.0,0.0,0.0,0.0,0.0,0.0,0.0,0.0,0.0,0.0,0.0,0.0,0.0,0.0,0.0,0.0,0.0,0.0,0.0,0.0,0.0,0.0,0.0,0.0,0.0,0.0,0.0,0.0,0.0,0.0,0.0,0.0,0.0,0.0,0.0,0.0,0.0,0.0,0.0,0.0,0.0,0.0,0.0,0.0,0.0,0.0,0.0,0.0,0.0,0.0,0.0,0.0,0.0,0.0,0.0,0.0,0.0,0.0,0.0,0.0,0.0,0.0,0.0,0.0,0.0
1030,-0.9643375885760685,-1.4825891022673032,-1.7403752133980614,-1.8718518714135262,-1.8316624999677509,-1.532538749635624,-0.6585156096696456,0.3467928103525317,0.8403565672985045,0.8945165297706683,0.9230318457012421,0.9203525542715237,0.9019802701820265,0.8631305444511105,0.8828424742554669,0.7959568807488862,0.673283608859639,0.6129995516909761,0.5257312022658642,0.3944459222096652,0.29091044624697754,0.5264967141029266,0.1862267025286964,-0.49718399000874797,0.0,0.0,0.0,0.0,0.0,0.0,0.0,0.0,0.0,0.0,0.0,0.0,0.0,0.0,0.0,0.0,0.0,0.0,0.0,0.0,0.0,0.0,0.0,0.0,0.0,0.0,0.0,0.0,0.0,0.0,0.0,0.0,0.0,0.0,0.0,0.0,0.0,0.0,0.0,0.0,0.0,0.0,0.0,0.0,0.0,0.0,0.0,0.0,0.0,0.0,0.0,0.0,0.0,0.0,0.0,0.0,0.0,0.0,0.0,0.0,0.0,0.0,0.0,0.0,0.0,0.0,0.0,0.0,0.0,0.0,0.0,0.0
1031,-0.4546680697009221,-1.1951730630318589,-1.5914630067202153,-1.8226755362834612,-1.8682410685735156,-1.6206249473858498,-1.1743431054135485,-0.7296235102626202,-0.12919998191482124,0.45195583563604047,0.7118095569244635,0.7638844509702396,0.7102473101030902,0.633957590326028,0.5472528917398108,0.524860687300127,0.6120861348268021,0.7453978635839891,0.8365289281640973,0.8617852517762987,0.815178221605329,1.311191587391347,0.9607275504632734,0.09914842847590713,0.0,0.0,0.0,0.0,0.0,0.0,0.0,0.0,0.0,0.0,0.0,0.0,0.0,0.0,0.0,0.0,0.0,0.0,0.0,0.0,0.0,0.0,0.0,0.0,0.0,0.0,0.0,0.0,0.0,0.0,0.0,0.0,0.0,0.0,0.0,0.0,0.0,0.0,0.0,0.0,0.0,0.0,0.0,0.0,0.0,0.0,0.0,0.0,0.0,0.0,0.0,0.0,0.0,0.0,0.0,0.0,0.0,0.0,0.0,0.0,0.0,0.0,0.0,0.0,0.0,0.0,0.0,0.0,0.0,0.0,0.0,0.0
1032,-0.4762044752424213,-1.0186261648664476,-1.3836337897877096,-1.5799526318768342,-1.5823763212853421,-1.4684629190854794,-1.2127636864879157,-0.988572416200952,-0.5280714285844864,-0.06757044096802073,0.20121671443548478,0.2637479011749838,0.35366677823062,0.351485457762963,0.40771505204034203,0.4355874802381807,0.5664667082975973,0.7945358816381731,1.0456301043595724,1.1510605936296578,1.3027835506022407,1.7647387518638111,1.402154816351057,0.2654444837609392,0.0,0.0,0.0,0.0,0.0,0.0,0.0,0.0,0.0,0.0,0.0,0.0,0.0,0.0,0.0,0.0,0.0,0.0,0.0,0.0,0.0,0.0,0.0,0.0,0.0,0.0,0.0,0.0,0.0,0.0,0.0,0.0,0.0,0.0,0.0,0.0,0.0,0.0,0.0,0.0,0.0,0.0,0.0,0.0,0.0,0.0,0.0,0.0,0.0,0.0,0.0,0.0,0.0,0.0,0.0,0.0,0.0,0.0,0.0,0.0,0.0,0.0,0.0,0.0,0.0,0.0,0.0,0.0,0.0,0.0,0.0,0.0
1033,-1.2936463734015602,-1.5875428320819214,-1.7274165249339228,-1.786573125282698,-1.7280902903137494,-1.439179695444105,-0.7725562286436708,-0.020634064757189506,0.3487241164637505,0.42162553056098817,0.48199490859345123,0.5821164440356834,0.6387127359411174,0.6927487194032105,0.821303153874125,0.8455587075478824,0.8681972243100561,0.9177863562652936,0.8944740741232934,0.8230549438616742,0.7578344550944597,0.9385383299639527,0.512718609913544,-0.18974917509366512,0.0,0.0,0.0,0.0,0.0,0.0,0.0,0.0,0.0,0.0,0.0,0.0,0.0,0.0,0.0,0.0,0.0,0.0,0.0,0.0,0.0,0.0,0.0,0.0,0.0,0.0,0.0,0.0,0.0,0.0,0.0,0.0,0.0,0.0,0.0,0.0,0.0,0.0,0.0,0.0,0.0,0.0,0.0,0.0,0.0,0.0,0.0,0.0,0.0,0.0,0.0,0.0,0.0,0.0,0.0,0.0,0.0,0.0,0.0,0.0,0.0,0.0,0.0,0.0,0.0,0.0,0.0,0.0,0.0,0.0,0.0,0.0
1034,-0.9275139713967907,-1.3233422130338464,-1.5554703704819166,-1.7068270369026255,-1.7692631597887611,-1.5926204627942047,-1.0786309598025816,-0.44096760111327704,-0.061077947468267606,0.0791336912587548,0.21323354060536853,0.389396881570089,0.5405138699758798,0.6954657066203584,0.8150650360644339,0.9044649356288431,0.9467681052618678,1.0239444260654595,1.0289776643787374,0.9516815045676865,0.9269946690311339,1.110228511435935,0.7467568018128077,0.08308837850490158,0.0,0.0,0.0,0.0,0.0,0.0,0.0,0.0,0.0,0.0,0.0,0.0,0.0,0.0,0.0,0.0,0.0,0.0,0.0,0.0,0.0,0.0,0.0,0.0,0.0,0.0,0.0,0.0,0.0,0.0,0.0,0.0,0.0,0.0,0.0,0.0,0.0,0.0,0.0,0.0,0.0,0.0,0.0,0.0,0.0,0.0,0.0,0.0,0.0,0.0,0.0,0.0,0.0,0.0,0.0,0.0,0.0,0.0,0.0,0.0,0.0,0.0,0.0,0.0,0.0,0.0,0.0,0.0,0.0,0.0,0.0,0.0
1035,-0.8889509232071457,-1.2136094820364651,-1.4744611304061008,-1.6152658030070373,-1.6587240352912769,-1.5721143347153923,-1.1672881191546756,-0.6474254063709718,-0.284216839138927,-0.07459477753259479,0.10844107138220258,0.3184721516453276,0.5391377169850665,0.7331148149690725,0.9386466900074762,1.0260744278969465,1.0936647609319639,1.11902391765312,1.0950963262307387,1.0204504213660448,0.9531668523236221,0.9981589045708349,0.6270767281955278,0.026126066702642864,0.0,0.0,0.0,0.0,0.0,0.0,0.0,0.0,0.0,0.0,0.0,0.0,0.0,0.0,0.0,0.0,0.0,0.0,0.0,0.0,0.0,0.0,0.0,0.0,0.0,0.0,0.0,0.0,0.0,0.0,0.0,0.0,0.0,0.0,0.0,0.0,0.0,0.0,0.0,0.0,0.0,0.0,0.0,0.0,0.0,0.0,0.0,0.0,0.0,0.0,0.0,0.0,0.0,0.0,0.0,0.0,0.0,0.0,0.0,0.0,0.0,0.0,0.0,0.0,0.0,0.0,0.0,0.0,0.0,0.0,0.0,0.0
1036,-0.6435557053761068,-1.1108649454029023,-1.5103206566530243,-1.7340385674313443,-1.8359608135854268,-1.6968468842943394,-1.192913773086829,-0.4617139263741855,-0.0301768395936697,0.17338374673634993,0.3651622349733489,0.5773819536367933,0.7349497715073106,0.8717924529732374,1.0128937241113403,1.0722300735436612,1.0462526765433866,1.0351803433957287,0.9627843189687343,0.8120302445736988,0.7174895538513885,0.7878982364313674,0.42023999473349366,-0.3732772141819943,0.0,0.0,0.0,0.0,0.0,0.0,0.0,0.0,0.0,0.0,0.0,0.0,0.0,0.0,0.0,0.0,0.0,0.0,0.0,0.0,0.0,0.0,0.0,0.0,0.0,0.0,0.0,0.0,0.0,0.0,0.0,0.0,0.0,0.0,0.0,0.0,0.0,0.0,0.0,0.0,0.0,0.0,0.0,0.0,0.0,0.0,0.0,0.0,0.0,0.0,0.0,0.0,0.0,0.0,0.0,0.0,0.0,0.0,0.0,0.0,0.0,0.0,0.0,0.0,0.0,0.0,0.0,0.0,0.0,0.0,0.0,0.0
1037,-0.7604828579121299,-1.1855456873245853,-1.5396679967429483,-1.7342104043341096,-1.7883224983173336,-1.5760812288871553,-1.0747101918736925,-0.37487978604240063,0.1291025584555073,0.4076420234629866,0.6568768155894708,0.886236656306567,1.0031652025544984,1.0949961824241519,1.135036230518977,1.1224149110108255,1.0506039551885848,0.9570321036626347,0.7688728921445613,0.5418342136358608,0.3580271812585294,0.4014039000279233,0.07542568238635763,-0.5547698571930644,0.0,0.0,0.0,0.0,0.0,0.0,0.0,0.0,0.0,0.0,0.0,0.0,0.0,0.0,0.0,0.0,0.0,0.0,0.0,0.0,0.0,0.0,0.0,0.0,0.0,0.0,0.0,0.0,0.0,0.0,0.0,0.0,0.0,0.0,0.0,0.0,0.0,0.0,0.0,0.0,0.0,0.0,0.0,0.0,0.0,0.0,0.0,0.0,0.0,0.0,0.0,0.0,0.0,0.0,0.0,0.0,0.0,0.0,0.0,0.0,0.0,0.0,0.0,0.0,0.0,0.0,0.0,0.0,0.0,0.0,0.0,0.0
1038,-0.2457128108628437,-0.7759282480854038,-1.1819459087057318,-1.4391373384400992,-1.6175177144665345,-1.6298319416083988,-1.4917366800889198,-1.2929498705131093,-0.7769837532689922,-0.20560361388648546,0.19707161365247944,0.4435320740203649,0.6203291922714176,0.7103989679376256,0.7728496912999377,0.8692524980676759,1.0569565032158086,1.2205598066720065,1.2692889626476698,1.1216941544758956,0.897575220493964,0.953868830285344,0.6132924910474951,-0.0893221261611662,0.0,0.0,0.0,0.0,0.0,0.0,0.0,0.0,0.0,0.0,0.0,0.0,0.0,0.0,0.0,0.0,0.0,0.0,0.0,0.0,0.0,0.0,0.0,0.0,0.0,0.0,0.0,0.0,0.0,0.0,0.0,0.0,0.0,0.0,0.0,0.0,0.0,0.0,0.0,0.0,0.0,0.0,0.0,0.0,0.0,0.0,0.0,0.0,0.0,0.0,0.0,0.0,0.0,0.0,0.0,0.0,0.0,0.0,0.0,0.0,0.0,0.0,0.0,0.0,0.0,0.0,0.0,0.0,0.0,0.0,0.0,0.0
1039,-0.5229940572215492,-0.8501490085765291,-1.1265620656940472,-1.2894571931605197,-1.3729518015268076,-1.3697261554383626,-1.3067019934025912,-1.2626595179642075,-0.9981565387117171,-0.6145527808089497,-0.261840787368598,0.06109601140918449,0.274733033113119,0.5558604960522104,0.7369929302495069,0.9284226192676084,1.0617906786937,1.2444118726241247,1.3264177212572843,1.3056991483045797,1.1549622253253229,1.2029747267187159,0.8943052087167478,0.22808522814176047,1.0,1.0,1.0,1.0,1.0,1.0,1.0,1.0,1.0,1.0,1.0,1.0,1.0,1.0,1.0,1.0,1.0,1.0,1.0,1.0,1.0,1.0,1.0,1.0,1.0,1.0,1.0,1.0,1.0,1.0,1.0,1.0,1.0,1.0,1.0,1.0,1.0,1.0,1.0,1.0,1.0,1.0,1.0,1.0,1.0,1.0,1.0,1.0,1.0,1.0,1.0,1.0,1.0,1.0,1.0,1.0,1.0,1.0,1.0,1.0,1.0,1.0,1.0,1.0,1.0,1.0,1.0,1.0,1.0,1.0,1.0,1.0
1040,-1.0288620357273714,-1.3051541928666073,-1.5202453480017175,-1.6053661309418066,-1.6317152646290791,-1.4615671353931816,-1.0617517345143215,-0.6135361518978472,-0.278846092082919,-0.06646459963196091,0.1366666650351675,0.33951761976945255,0.528913697727258,0.7205522551478102,0.8825713963312511,1.0190823336259498,1.10429655321032,1.197826634135709,1.1743740364211508,1.095606945292177,0.9106958262598647,0.910135206394178,0.5683439616138856,-0.015074445277351608,0.0,0.0,0.0,0.0,0.0,0.0,0.0,0.0,0.0,0.0,0.0,0.0,0.0,0.0,0.0,0.0,0.0,0.0,0.0,0.0,0.0,0.0,0.0,0.0,0.0,0.0,0.0,0.0,0.0,0.0,0.0,0.0,0.0,0.0,0.0,0.0,0.0,0.0,0.0,0.0,0.0,0.0,0.0,0.0,0.0,0.0,0.0,0.0,0.0,0.0,0.0,0.0,0.0,0.0,0.0,0.0,0.0,0.0,0.0,0.0,0.0,0.0,0.0,0.0,0.0,0.0,0.0,0.0,0.0,0.0,0.0,0.0
1041,-0.811494481302317,-1.175461759654697,-1.4382183628069927,-1.5854872293300135,-1.6362392490680269,-1.5430471974103648,-1.1571753864542953,-0.7005049969041571,-0.33399522816027766,-0.12697783743701377,0.09402325043949844,0.3426005802545843,0.5335807238930039,0.7552663284133815,0.973724925898394,1.0820741318130733,1.1810356808976001,1.2644489233571863,1.2135013274352116,1.0613430563131527,0.8470893467833128,0.8430800350121018,0.46679145707014646,-0.1499580390524918,0.0,0.0,0.0,0.0,0.0,0.0,0.0,0.0,0.0,0.0,0.0,0.0,0.0,0.0,0.0,0.0,0.0,0.0,0.0,0.0,0.0,0.0,0.0,0.0,0.0,0.0,0.0,0.0,0.0,0.0,0.0,0.0,0.0,0.0,0.0,0.0,0.0,0.0,0.0,0.0,0.0,0.0,0.0,0.0,0.0,0.0,0.0,0.0,0.0,0.0,0.0,0.0,0.0,0.0,0.0,0.0,0.0,0.0,0.0,0.0,0.0,0.0,0.0,0.0,0.0,0.0,0.0,0.0,0.0,0.0,0.0,0.0
1042,-0.7705371456120609,-1.1594706689262442,-1.4257405425798004,-1.574831726516904,-1.6550118682462895,-1.5450134897294834,-1.1815102352473812,-0.7129949294704496,-0.3645503831987172,-0.13827085386541413,0.05759207941383099,0.28776094398027585,0.5263068382796416,0.756176523212768,0.9555298855473967,1.0814845111745284,1.154982974426465,1.2433406927998925,1.2138216356457903,1.0957454070293817,0.8908073582061391,0.8572992392744556,0.5066607090250534,-0.09957695462287489,0.0,0.0,0.0,0.0,0.0,0.0,0.0,0.0,0.0,0.0,0.0,0.0,0.0,0.0,0.0,0.0,0.0,0.0,0.0,0.0,0.0,0.0,0.0,0.0,0.0,0.0,0.0,0.0,0.0,0.0,0.0,0.0,0.0,0.0,0.0,0.0,0.0,0.0,0.0,0.0,0.0,0.0,0.0,0.0,0.0,0.0,0.0,0.0,0.0,0.0,0.0,0.0,0.0,0.0,0.0,0.0,0.0,0.0,0.0,0.0,0.0,0.0,0.0,0.0,0.0,0.0,0.0,0.0,0.0,0.0,0.0,0.0
1043,-0.7506448096272389,-1.1583810680719693,-1.4447564228259633,-1.6230084079304254,-1.6938443725325953,-1.5455031513685646,-1.127762954984298,-0.6665713109838646,-0.32835736872500143,-0.11908307102015966,0.09615316949713296,0.3782844293676874,0.5871545275598207,0.7964288252646624,0.9912529903901742,1.131914420812743,1.2270023561774248,1.2686349059864035,1.1546506434025978,0.984179498917775,0.7737936525529847,0.7928920795284629,0.4539707881223598,-0.17839934951013656,0.0,0.0,0.0,0.0,0.0,0.0,0.0,0.0,0.0,0.0,0.0,0.0,0.0,0.0,0.0,0.0,0.0,0.0,0.0,0.0,0.0,0.0,0.0,0.0,0.0,0.0,0.0,0.0,0.0,0.0,0.0,0.0,0.0,0.0,0.0,0.0,0.0,0.0,0.0,0.0,0.0,0.0,0.0,0.0,0.0,0.0,0.0,0.0,0.0,0.0,0.0,0.0,0.0,0.0,0.0,0.0,0.0,0.0,0.0,0.0,0.0,0.0,0.0,0.0,0.0,0.0,0.0,0.0,0.0,0.0,0.0,0.0
1044,-0.7182047211722458,-1.1469493556230836,-1.4523149907351203,-1.618944545303611,-1.6982372298913757,-1.5783057385781296,-1.1583365791014317,-0.692505115890836,-0.29959367091773637,-0.004779499762701225,0.2869005731872839,0.5228981680275476,0.7386285944751548,0.9264655468978172,1.080245298825603,1.150866978379396,1.1958935225919474,1.2178322100272974,1.1155561386024995,0.9111084656930722,0.6517096042551019,0.5753420779920507,0.27812509821314396,-0.28340083019164475,0.0,0.0,0.0,0.0,0.0,0.0,0.0,0.0,0.0,0.0,0.0,0.0,0.0,0.0,0.0,0.0,0.0,0.0,0.0,0.0,0.0,0.0,0.0,0.0,0.0,0.0,0.0,0.0,0.0,0.0,0.0,0.0,0.0,0.0,0.0,0.0,0.0,0.0,0.0,0.0,0.0,0.0,0.0,0.0,0.0,0.0,0.0,0.0,0.0,0.0,0.0,0.0,0.0,0.0,0.0,0.0,0.0,0.0,0.0,0.0,0.0,0.0,0.0,0.0,0.0,0.0,0.0,0.0,0.0,0.0,0.0,0.0
1045,-0.35313330007973637,-0.8033007727336429,-1.166877812576838,-1.3875934855275833,-1.5231319226422726,-1.5499826651607276,-1.4185553465177634,-1.3114093213484261,-0.891946764780217,-0.3626402615456008,0.11347864646107088,0.41680210620304387,0.6562747571810352,0.8385771669115984,0.9734732417650807,1.0847303854061432,1.1733763774527173,1.2511022110587713,1.213202837647555,1.0555671387473429,0.8145528183424544,0.8149382356991787,0.49362863264340806,-0.13113290260657695,0.0,0.0,0.0,0.0,0.0,0.0,0.0,0.0,0.0,0.0,0.0,0.0,0.0,0.0,0.0,0.0,0.0,0.0,0.0,0.0,0.0,0.0,0.0,0.0,0.0,0.0,0.0,0.0,0.0,0.0,0.0,0.0,0.0,0.0,0.0,0.0,0.0,0.0,0.0,0.0,0.0,0.0,0.0,0.0,0.0,0.0,0.0,0.0,0.0,0.0,0.0,0.0,0.0,0.0,0.0,0.0,0.0,0.0,0.0,0.0,0.0,0.0,0.0,0.0,0.0,0.0,0.0,0.0,0.0,0.0,0.0,0.0
1046,-0.5226746922197277,-0.8053950503282348,-1.088013856583973,-1.2502937173086117,-1.3644379998208107,-1.4046525335172793,-1.4089177113335714,-1.3804831925582906,-1.0675003823246632,-0.606861178165113,-0.1871473706714134,0.15772272133163612,0.4207420200029843,0.6511631739355282,0.81049803092987,0.9533814877756565,1.0792042333562744,1.1850212639414268,1.2616929127819163,1.219751997588377,1.0956556335048298,1.0959602890631364,0.8544699831787865,0.30111393744126685,1.0,1.0,1.0,1.0,1.0,1.0,1.0,1.0,1.0,1.0,1.0,1.0,1.0,1.0,1.0,1.0,1.0,1.0,1.0,1.0,1.0,1.0,1.0,1.0,1.0,1.0,1.0,1.0,1.0,1.0,1.0,1.0,1.0,1.0,1.0,1.0,1.0,1.0,1.0,1.0,1.0,1.0,1.0,1.0,1.0,1.0,1.0,1.0,1.0,1.0,1.0,1.0,1.0,1.0,1.0,1.0,1.0,1.0,1.0,1.0,1.0,1.0,1.0,1.0,1.0,1.0,1.0,1.0,1.0,1.0,1.0,1.0
1047,-0.9387698932648164,-1.2111047463915707,-1.4288860359349052,-1.5251485409881882,-1.5517758755943811,-1.4452665371696092,-1.1618189210906769,-0.7794388504180031,-0.44230360033634014,-0.17004090800797664,0.09940751318314694,0.37737090858438105,0.6236557134920685,0.8327777072285109,1.0218389990123202,1.1532438128819067,1.2210028025708368,1.2632168696294355,1.2019523517956743,1.0408172889890919,0.8207268538972529,0.7324020366669541,0.39440085700460203,-0.12825980573972262,0.0,0.0,0.0,0.0,0.0,0.0,0.0,0.0,0.0,0.0,0.0,0.0,0.0,0.0,0.0,0.0,0.0,0.0,0.0,0.0,0.0,0.0,0.0,0.0,0.0,0.0,0.0,0.0,0.0,0.0,0.0,0.0,0.0,0.0,0.0,0.0,0.0,0.0,0.0,0.0,0.0,0.0,0.0,0.0,0.0,0.0,0.0,0.0,0.0,0.0,0.0,0.0,0.0,0.0,0.0,0.0,0.0,0.0,0.0,0.0,0.0,0.0,0.0,0.0,0.0,0.0,0.0,0.0,0.0,0.0,0.0,0.0
1048,-0.705139233543515,-1.0841508913795361,-1.391054252019583,-1.563535806373214,-1.6535545732478782,-1.5557932595850303,-1.1884420637794062,-0.7707176720024673,-0.40625827078038146,-0.16941096601895944,0.09308935520933578,0.3943956940747919,0.6364668858258318,0.8835753971740031,1.0642659167970336,1.1752735153264122,1.2468221103449277,1.25922884194527,1.1632399185110425,0.9776053629871237,0.7751797421394334,0.6875863513670918,0.37993672115709975,-0.24860882412941526,0.0,0.0,0.0,0.0,0.0,0.0,0.0,0.0,0.0,0.0,0.0,0.0,0.0,0.0,0.0,0.0,0.0,0.0,0.0,0.0,0.0,0.0,0.0,0.0,0.0,0.0,0.0,0.0,0.0,0.0,0.0,0.0,0.0,0.0,0.0,0.0,0.0,0.0,0.0,0.0,0.0,0.0,0.0,0.0,0.0,0.0,0.0,0.0,0.0,0.0,0.0,0.0,0.0,0.0,0.0,0.0,0.0,0.0,0.0,0.0,0.0,0.0,0.0,0.0,0.0,0.0,0.0,0.0,0.0,0.0,0.0,0.0
1049,-0.7461042792444069,-1.1021427651820834,-1.3566365468464108,-1.5084058517396075,-1.5617484225321634,-1.5042766479973717,-1.205709936594487,-0.7970030355772725,-0.4943071204321519,-0.2883525501051267,-0.05155535590752412,0.26108435600461316,0.5320949526378836,0.7784988657459939,0.9884983703511276,1.1437227232735419,1.2474584336141998,1.319256017050626,1.2729078117806325,1.1052958476315111,0.8773469471672708,0.7833864946653751,0.45355581207127665,-0.146864119835456,0.0,0.0,0.0,0.0,0.0,0.0,0.0,0.0,0.0,0.0,0.0,0.0,0.0,0.0,0.0,0.0,0.0,0.0,0.0,0.0,0.0,0.0,0.0,0.0,0.0,0.0,0.0,0.0,0.0,0.0,0.0,0.0,0.0,0.0,0.0,0.0,0.0,0.0,0.0,0.0,0.0,0.0,0.0,0.0,0.0,0.0,0.0,0.0,0.0,0.0,0.0,0.0,0.0,0.0,0.0,0.0,0.0,0.0,0.0,0.0,0.0,0.0,0.0,0.0,0.0,0.0,0.0,0.0,0.0,0.0,0.0,0.0
1050,-0.689708379286155,-1.0626812379279071,-1.3786090062775236,-1.573026094492672,-1.6380482218012689,-1.5471471023113617,-1.209236104044288,-0.7520405755078057,-0.37990252306545075,-0.16563559855352653,0.03100763952668097,0.30602990410583913,0.5774346751542765,0.8485611774695814,1.0813793508569969,1.2438882910063005,1.3017681874978333,1.304550874829157,1.1717239328806395,0.9629296267869851,0.7455089899662274,0.6696343820654681,0.36437358181925916,-0.21275577069727436,0.0,0.0,0.0,0.0,0.0,0.0,0.0,0.0,0.0,0.0,0.0,0.0,0.0,0.0,0.0,0.0,0.0,0.0,0.0,0.0,0.0,0.0,0.0,0.0,0.0,0.0,0.0,0.0,0.0,0.0,0.0,0.0,0.0,0.0,0.0,0.0,0.0,0.0,0.0,0.0,0.0,0.0,0.0,0.0,0.0,0.0,0.0,0.0,0.0,0.0,0.0,0.0,0.0,0.0,0.0,0.0,0.0,0.0,0.0,0.0,0.0,0.0,0.0,0.0,0.0,0.0,0.0,0.0,0.0,0.0,0.0,0.0
1051,-0.5192161292879165,-1.0377439130398518,-1.3612857049658407,-1.5725593094741455,-1.6690052445718242,-1.5654625639482607,-1.225400479158737,-0.7726048465891763,-0.39996753643493604,-0.11830817712072576,0.1797551349664311,0.4686275798971144,0.7291130427242589,0.9788952172172822,1.1891217609102926,1.3056945316797428,1.3350122345079876,1.2716068851373785,1.0711529090537832,0.8196256332019357,0.5584421298312616,0.49340801919241667,0.21361010132761873,-0.3725112750561035,0.0,0.0,0.0,0.0,0.0,0.0,0.0,0.0,0.0,0.0,0.0,0.0,0.0,0.0,0.0,0.0,0.0,0.0,0.0,0.0,0.0,0.0,0.0,0.0,0.0,0.0,0.0,0.0,0.0,0.0,0.0,0.0,0.0,0.0,0.0,0.0,0.0,0.0,0.0,0.0,0.0,0.0,0.0,0.0,0.0,0.0,0.0,0.0,0.0,0.0,0.0,0.0,0.0,0.0,0.0,0.0,0.0,0.0,0.0,0.0,0.0,0.0,0.0,0.0,0.0,0.0,0.0,0.0,0.0,0.0,0.0,0.0
1052,-0.43596678158645386,-0.8592615739487394,-1.2051257566587115,-1.3881842499985737,-1.4879936485677407,-1.5074631949254034,-1.369945537031338,-1.2611846228954298,-0.8940605907144467,-0.40553162865953296,0.0048953600755617215,0.3741453772036458,0.651530465828046,0.8678214607094359,1.0231302557923998,1.1570673074597684,1.2305816290516325,1.2573242818072725,1.212902385807318,1.0343196502508265,0.7891600176666955,0.7494376673392804,0.4993547011934416,-0.03695297519895448,0.0,0.0,0.0,0.0,0.0,0.0,0.0,0.0,0.0,0.0,0.0,0.0,0.0,0.0,0.0,0.0,0.0,0.0,0.0,0.0,0.0,0.0,0.0,0.0,0.0,0.0,0.0,0.0,0.0,0.0,0.0,0.0,0.0,0.0,0.0,0.0,0.0,0.0,0.0,0.0,0.0,0.0,0.0,0.0,0.0,0.0,0.0,0.0,0.0,0.0,0.0,0.0,0.0,0.0,0.0,0.0,0.0,0.0,0.0,0.0,0.0,0.0,0.0,0.0,0.0,0.0,0.0,0.0,0.0,0.0,0.0,0.0
1053,-0.40713787446655814,-0.7724064051778835,-1.056933626337499,-1.2629742819621415,-1.3867704653572497,-1.4296106016752446,-1.4391664215556996,-1.3884883655604774,-1.073575784556269,-0.5670099621294515,-0.19658773080844266,0.1394764964480089,0.44859116426632334,0.6878087675658039,0.8940641607158497,1.0120624309250639,1.118786981050595,1.234423138480371,1.297555970948995,1.1859998265018854,1.0409446280918324,0.9914476284863294,0.7520152876614454,0.17748503844442548,1.0,1.0,1.0,1.0,1.0,1.0,1.0,1.0,1.0,1.0,1.0,1.0,1.0,1.0,1.0,1.0,1.0,1.0,1.0,1.0,1.0,1.0,1.0,1.0,1.0,1.0,1.0,1.0,1.0,1.0,1.0,1.0,1.0,1.0,1.0,1.0,1.0,1.0,1.0,1.0,1.0,1.0,1.0,1.0,1.0,1.0,1.0,1.0,1.0,1.0,1.0,1.0,1.0,1.0,1.0,1.0,1.0,1.0,1.0,1.0,1.0,1.0,1.0,1.0,1.0,1.0,1.0,1.0,1.0,1.0,1.0,1.0
1054,-0.9298790382841663,-1.2418122393873656,-1.50189670535661,-1.6255863005230178,-1.651557378662188,-1.5159098770144355,-1.1402634554403224,-0.6637221979298643,-0.2661218074251575,-0.01509919246130715,0.23452210533676063,0.48657235288885153,0.6996659832321871,0.8626858801848923,1.0462584289024084,1.1331400931809275,1.1332335143253132,1.130430879993748,1.0730702973410482,0.9601241337789734,0.7919660738850655,0.7097554668258216,0.4143578082788566,-0.12393482567041979,0.0,0.0,0.0,0.0,0.0,0.0,0.0,0.0,0.0,0.0,0.0,0.0,0.0,0.0,0.0,0.0,0.0,0.0,0.0,0.0,0.0,0.0,0.0,0.0,0.0,0.0,0.0,0.0,0.0,0.0,0.0,0.0,0.0,0.0,0.0,0.0,0.0,0.0,0.0,0.0,0.0,0.0,0.0,0.0,0.0,0.0,0.0,0.0,0.0,0.0,0.0,0.0,0.0,0.0,0.0,0.0,0.0,0.0,0.0,0.0,0.0,0.0,0.0,0.0,0.0,0.0,0.0,0.0,0.0,0.0,0.0,0.0
1055,-0.8675017846819674,-1.1322736739430423,-1.4017956236759108,-1.535413065465802,-1.5985712769240918,-1.490023598735332,-1.2004458381215584,-0.8261586657608029,-0.4652420339873175,-0.17161792556423833,0.07907971044707855,0.36593058449371163,0.6316700786657076,0.8371541761121764,1.0265408464042343,1.1491627778427522,1.2191821877602989,1.2361592557428196,1.1826770933937387,1.01545737197005,0.83214022339195,0.7159396699986345,0.47720514924961194,-0.07925563861270053,-1.0,-1.0,-1.0,-1.0,-1.0,-1.0,-1.0,-1.0,-1.0,-1.0,-1.0,-1.0,-1.0,-1.0,-1.0,-1.0,-1.0,-1.0,-1.0,-1.0,-1.0,-1.0,-1.0,-1.0,-1.0,-1.0,-1.0,-1.0,-1.0,-1.0,-1.0,-1.0,-1.0,-1.0,-1.0,-1.0,-1.0,-1.0,-1.0,-1.0,-1.0,-1.0,-1.0,-1.0,-1.0,-1.0,-1.0,-1.0,-1.0,-1.0,-1.0,-1.0,-1.0,-1.0,-1.0,-1.0,-1.0,-1.0,-1.0,-1.0,-1.0,-1.0,-1.0,-1.0,-1.0,-1.0,-1.0,-1.0,-1.0,-1.0,-1.0,-1.0
1056,-0.7296753478821247,-1.0810556100006852,-1.3423098893315544,-1.4948735028005071,-1.5543756921409724,-1.4963015553446783,-1.2803482761650167,-0.9130214273032115,-0.568464082895691,-0.28832777548078087,0.013149983844242808,0.33430313377784693,0.6071405059669933,0.8256325452251816,1.0343662254315336,1.15289458659774,1.2207270824458705,1.247384063270399,1.21469752725937,1.091329654693472,0.8572083737018551,0.7114676779439424,0.4613204739566267,-0.022868674769852125,0.0,0.0,0.0,0.0,0.0,0.0,0.0,0.0,0.0,0.0,0.0,0.0,0.0,0.0,0.0,0.0,0.0,0.0,0.0,0.0,0.0,0.0,0.0,0.0,0.0,0.0,0.0,0.0,0.0,0.0,0.0,0.0,0.0,0.0,0.0,0.0,0.0,0.0,0.0,0.0,0.0,0.0,0.0,0.0,0.0,0.0,0.0,0.0,0.0,0.0,0.0,0.0,0.0,0.0,0.0,0.0,0.0,0.0,0.0,0.0,0.0,0.0,0.0,0.0,0.0,0.0,0.0,0.0,0.0,0.0,0.0,0.0
1057,-0.6982675931532643,-1.0516302352916989,-1.3171679672072365,-1.4738087047356585,-1.5468242131508354,-1.4934072165807009,-1.2703820460733946,-0.8932948895962243,-0.5618147963975552,-0.28021512620299777,-0.03000254640689186,0.25189183825150074,0.5329020795183876,0.8103757472192519,1.0412845296341506,1.2029354130477714,1.2855291415375931,1.3074116904773585,1.2490582266379842,1.119015469470691,0.8610666349989106,0.6774595240295654,0.3848080614411871,-0.10692302146788554,0.0,0.0,0.0,0.0,0.0,0.0,0.0,0.0,0.0,0.0,0.0,0.0,0.0,0.0,0.0,0.0,0.0,0.0,0.0,0.0,0.0,0.0,0.0,0.0,0.0,0.0,0.0,0.0,0.0,0.0,0.0,0.0,0.0,0.0,0.0,0.0,0.0,0.0,0.0,0.0,0.0,0.0,0.0,0.0,0.0,0.0,0.0,0.0,0.0,0.0,0.0,0.0,0.0,0.0,0.0,0.0,0.0,0.0,0.0,0.0,0.0,0.0,0.0,0.0,0.0,0.0,0.0,0.0,0.0,0.0,0.0,0.0
1058,-0.6367319876293077,-1.0067791235477286,-1.2892095812066922,-1.4671857206972072,-1.5649354582684103,-1.5203652349799037,-1.3124470480494177,-0.9506282610457981,-0.556505585709996,-0.20238182871003296,0.12119037352293664,0.4651810712111537,0.7485257898606508,1.0088616069150556,1.1904186019518266,1.2590643646577144,1.2768162655572393,1.2650832495120596,1.1536195970828544,0.9504250919367915,0.6628138219981382,0.4695999993320654,0.180617337907612,-0.24504734160159478,0.0,0.0,0.0,0.0,0.0,0.0,0.0,0.0,0.0,0.0,0.0,0.0,0.0,0.0,0.0,0.0,0.0,0.0,0.0,0.0,0.0,0.0,0.0,0.0,0.0,0.0,0.0,0.0,0.0,0.0,0.0,0.0,0.0,0.0,0.0,0.0,0.0,0.0,0.0,0.0,0.0,0.0,0.0,0.0,0.0,0.0,0.0,0.0,0.0,0.0,0.0,0.0,0.0,0.0,0.0,0.0,0.0,0.0,0.0,0.0,0.0,0.0,0.0,0.0,0.0,0.0,0.0,0.0,0.0,0.0,0.0,0.0
1059,-0.40344923788628023,-0.7512159769098217,-1.0458885573038148,-1.2553070886983617,-1.3698387737421016,-1.4234638739579455,-1.427180465062014,-1.3716591448951148,-1.0541560762904159,-0.6093787245708855,-0.18341187476582357,0.15790771642412985,0.46206139657339945,0.7305661416428295,0.9331582812135774,1.08584191167255,1.2377670541511003,1.3263584502644037,1.34509310338083,1.2307131159331746,0.978819257634989,0.7579475577360679,0.5314630467820233,0.11725276067350428,0.0,0.0,0.0,0.0,0.0,0.0,0.0,0.0,0.0,0.0,0.0,0.0,0.0,0.0,0.0,0.0,0.0,0.0,0.0,0.0,0.0,0.0,0.0,0.0,0.0,0.0,0.0,0.0,0.0,0.0,0.0,0.0,0.0,0.0,0.0,0.0,0.0,0.0,0.0,0.0,0.0,0.0,0.0,0.0,0.0,0.0,0.0,0.0,0.0,0.0,0.0,0.0,0.0,0.0,0.0,0.0,0.0,0.0,0.0,0.0,0.0,0.0,0.0,0.0,0.0,0.0,0.0,0.0,0.0,0.0,0.0,0.0
1060,-0.4495942603536145,-0.7819252847682044,-1.0432768049552803,-1.2283351981399542,-1.340970880911342,-1.4021759432443095,-1.4356976869229228,-1.3863006752008173,-1.089393802618813,-0.630126234137458,-0.22320769003092403,0.1874500701023829,0.5375587707144371,0.8344656432964415,1.0492409638517843,1.1802447253511796,1.2481410163636353,1.289337992939309,1.2380385730632313,1.1343901288123328,0.9191556062887896,0.7220923616497394,0.5125650635881128,0.158323545262257,0.0,0.0,0.0,0.0,0.0,0.0,0.0,0.0,0.0,0.0,0.0,0.0,0.0,0.0,0.0,0.0,0.0,0.0,0.0,0.0,0.0,0.0,0.0,0.0,0.0,0.0,0.0,0.0,0.0,0.0,0.0,0.0,0.0,0.0,0.0,0.0,0.0,0.0,0.0,0.0,0.0,0.0,0.0,0.0,0.0,0.0,0.0,0.0,0.0,0.0,0.0,0.0,0.0,0.0,0.0,0.0,0.0,0.0,0.0,0.0,0.0,0.0,0.0,0.0,0.0,0.0,0.0,0.0,0.0,0.0,0.0,0.0
1061,-0.4778117632483604,-0.7898897747677026,-1.068797457516374,-1.2400069221693464,-1.3546281671409566,-1.3913503097001385,-1.394721522787539,-1.3433707234383878,-1.0896267383778115,-0.6544994491683583,-0.17404138398011182,0.2308051876764422,0.5917055887293852,0.8453291733225543,1.032732500841789,1.1677014248052082,1.260048583306495,1.302309147366406,1.271426427476471,1.124056255370115,0.9154624455872212,0.7275775161983581,0.46931851361001353,0.04027144800462161,0.0,0.0,0.0,0.0,0.0,0.0,0.0,0.0,0.0,0.0,0.0,0.0,0.0,0.0,0.0,0.0,0.0,0.0,0.0,0.0,0.0,0.0,0.0,0.0,0.0,0.0,0.0,0.0,0.0,0.0,0.0,0.0,0.0,0.0,0.0,0.0,0.0,0.0,0.0,0.0,0.0,0.0,0.0,0.0,0.0,0.0,0.0,0.0,0.0,0.0,0.0,0.0,0.0,0.0,0.0,0.0,0.0,0.0,0.0,0.0,0.0,0.0,0.0,0.0,0.0,0.0,0.0,0.0,0.0,0.0,0.0,0.0
1062,-0.7255100050325092,-1.0382542698256818,-1.2814061630883622,-1.4421428689589628,-1.5205245884509189,-1.4684507118299188,-1.2984430498903772,-0.9932841127899744,-0.6147401403126944,-0.28327336034133577,0.043377338555248404,0.3746033144728684,0.6715147127327197,0.9326667090123699,1.1422866377919323,1.2582939906805644,1.291524950096509,1.271056605528717,1.1846681512499484,1.006653754523594,0.7492342210768941,0.5918687719586355,0.29844903247799576,-0.150168919637254,0.0,0.0,0.0,0.0,0.0,0.0,0.0,0.0,0.0,0.0,0.0,0.0,0.0,0.0,0.0,0.0,0.0,0.0,0.0,0.0,0.0,0.0,0.0,0.0,0.0,0.0,0.0,0.0,0.0,0.0,0.0,0.0,0.0,0.0,0.0,0.0,0.0,0.0,0.0,0.0,0.0,0.0,0.0,0.0,0.0,0.0,0.0,0.0,0.0,0.0,0.0,0.0,0.0,0.0,0.0,0.0,0.0,0.0,0.0,0.0,0.0,0.0,0.0,0.0,0.0,0.0,0.0,0.0,0.0,0.0,0.0,0.0
1063,-0.6097880213742332,-0.9663812128122169,-1.2740095935296507,-1.4749082255336277,-1.5865269338428385,-1.5486186932849932,-1.3074049483068,-0.9472766630072712,-0.5824850624010233,-0.28313030561486513,0.04209832964728253,0.3315247377159098,0.5971832806728722,0.8306499050608709,1.0250800674458505,1.1831814992962284,1.280434187870224,1.313303039306292,1.2672716043431944,1.0900656226878707,0.8155317376955398,0.6171151928709455,0.3420548045375334,-0.15496434944310297,0.0,0.0,0.0,0.0,0.0,0.0,0.0,0.0,0.0,0.0,0.0,0.0,0.0,0.0,0.0,0.0,0.0,0.0,0.0,0.0,0.0,0.0,0.0,0.0,0.0,0.0,0.0,0.0,0.0,0.0,0.0,0.0,0.0,0.0,0.0,0.0,0.0,0.0,0.0,0.0,0.0,0.0,0.0,0.0,0.0,0.0,0.0,0.0,0.0,0.0,0.0,0.0,0.0,0.0,0.0,0.0,0.0,0.0,0.0,0.0,0.0,0.0,0.0,0.0,0.0,0.0,0.0,0.0,0.0,0.0,0.0,0.0
1064,-0.6781731547743911,-1.0361517995737015,-1.320125576592996,-1.4908421378142491,-1.5715621339148091,-1.5154181229048997,-1.2893882881979286,-0.9683774632251182,-0.5690003984702889,-0.21635231945120414,0.1028585742191924,0.4195772553170159,0.6890131256629676,0.8978051567429753,1.0821596589863642,1.1609412675304787,1.2318308695947784,1.2561991703043813,1.1940323122440872,1.0549530050691085,0.8163236512452402,0.5856555320282024,0.327780758893909,-0.16373894291910668,0.0,0.0,0.0,0.0,0.0,0.0,0.0,0.0,0.0,0.0,0.0,0.0,0.0,0.0,0.0,0.0,0.0,0.0,0.0,0.0,0.0,0.0,0.0,0.0,0.0,0.0,0.0,0.0,0.0,0.0,0.0,0.0,0.0,0.0,0.0,0.0,0.0,0.0,0.0,0.0,0.0,0.0,0.0,0.0,0.0,0.0,0.0,0.0,0.0,0.0,0.0,0.0,0.0,0.0,0.0,0.0,0.0,0.0,0.0,0.0,0.0,0.0,0.0,0.0,0.0,0.0,0.0,0.0,0.0,0.0,0.0,0.0
1065,-0.532192338472597,-0.8917633581676293,-1.2209622861270124,-1.4351503074665672,-1.5187095456302848,-1.4900647766473738,-1.3191317959076418,-1.0249831254725743,-0.6673553438743726,-0.31116699790345276,0.043509940658820946,0.41142968699208865,0.7060101881153408,0.9555363541046676,1.162743112651905,1.2837276771249533,1.3580745272740664,1.349797772417195,1.221616029807737,0.9922419626003575,0.6720395073114865,0.4351803748422409,0.1631270412859514,-0.34355429951729677,0.0,0.0,0.0,0.0,0.0,0.0,0.0,0.0,0.0,0.0,0.0,0.0,0.0,0.0,0.0,0.0,0.0,0.0,0.0,0.0,0.0,0.0,0.0,0.0,0.0,0.0,0.0,0.0,0.0,0.0,0.0,0.0,0.0,0.0,0.0,0.0,0.0,0.0,0.0,0.0,0.0,0.0,0.0,0.0,0.0,0.0,0.0,0.0,0.0,0.0,0.0,0.0,0.0,0.0,0.0,0.0,0.0,0.0,0.0,0.0,0.0,0.0,0.0,0.0,0.0,0.0,0.0,0.0,0.0,0.0,0.0,0.0
1066,-0.0022108696699281644,-0.5570789385817347,-0.9410992579030223,-1.2507930638072864,-1.4515778813018845,-1.5088712353941733,-1.5171297368849537,-1.4419773733188523,-1.112979320179889,-0.6043588596164524,-0.118862203227201,0.26887444176493774,0.5140487047724802,0.7140076721180001,0.9058113692413744,1.1137191442717704,1.2500876501382814,1.3775782669022034,1.3376277659405533,1.151295326054821,0.8733967508900614,0.6565078554884417,0.4182500874794278,-0.07426629517698696,0.0,0.0,0.0,0.0,0.0,0.0,0.0,0.0,0.0,0.0,0.0,0.0,0.0,0.0,0.0,0.0,0.0,0.0,0.0,0.0,0.0,0.0,0.0,0.0,0.0,0.0,0.0,0.0,0.0,0.0,0.0,0.0,0.0,0.0,0.0,0.0,0.0,0.0,0.0,0.0,0.0,0.0,0.0,0.0,0.0,0.0,0.0,0.0,0.0,0.0,0.0,0.0,0.0,0.0,0.0,0.0,0.0,0.0,0.0,0.0,0.0,0.0,0.0,0.0,0.0,0.0,0.0,0.0,0.0,0.0,0.0,0.0
1067,-0.13091019280150817,-0.6109929372273283,-0.9882817606913403,-1.2058830046237234,-1.355257191864807,-1.4520444118222318,-1.4974913382893595,-1.465531155586791,-1.1347092644208396,-0.6258396887664648,-0.1711437561327561,0.18631162061866896,0.45434648619163037,0.6839611321327804,0.867335513738299,1.009796328125281,1.172657259130924,1.3152314074991207,1.395925202124046,1.281231213134686,1.0068496446136967,0.7994484589906441,0.5469403488441079,-0.081949912916722,0.0,0.0,0.0,0.0,0.0,0.0,0.0,0.0,0.0,0.0,0.0,0.0,0.0,0.0,0.0,0.0,0.0,0.0,0.0,0.0,0.0,0.0,0.0,0.0,0.0,0.0,0.0,0.0,0.0,0.0,0.0,0.0,0.0,0.0,0.0,0.0,0.0,0.0,0.0,0.0,0.0,0.0,0.0,0.0,0.0,0.0,0.0,0.0,0.0,0.0,0.0,0.0,0.0,0.0,0.0,0.0,0.0,0.0,0.0,0.0,0.0,0.0,0.0,0.0,0.0,0.0,0.0,0.0,0.0,0.0,0.0,0.0
1068,-0.8763857405787256,-1.1621190354841469,-1.3945759041929777,-1.5197512155910455,-1.5436365434451398,-1.4704421828346268,-1.2600083960794015,-0.8767905766440492,-0.4737357900078389,-0.17027067544124252,0.07060678342631993,0.34532853735493824,0.5841008486828178,0.7786650616773565,0.9728244386065715,1.0928988155815615,1.2063338810852438,1.263496733508941,1.210463208951545,1.0784056844429755,0.8742873403067989,0.7364811436706338,0.5223228651144312,0.011500717889069307,0.0,0.0,0.0,0.0,0.0,0.0,0.0,0.0,0.0,0.0,0.0,0.0,0.0,0.0,0.0,0.0,0.0,0.0,0.0,0.0,0.0,0.0,0.0,0.0,0.0,0.0,0.0,0.0,0.0,0.0,0.0,0.0,0.0,0.0,0.0,0.0,0.0,0.0,0.0,0.0,0.0,0.0,0.0,0.0,0.0,0.0,0.0,0.0,0.0,0.0,0.0,0.0,0.0,0.0,0.0,0.0,0.0,0.0,0.0,0.0,0.0,0.0,0.0,0.0,0.0,0.0,0.0,0.0,0.0,0.0,0.0,0.0
1069,-0.7034890343442594,-1.0346897086876918,-1.3228229618345841,-1.4848052869017327,-1.5647502772604922,-1.5032004809755586,-1.2752221278805136,-0.9296365861333785,-0.5490914575445176,-0.25119393076602103,0.030400746288279233,0.33509839220307164,0.585133541983794,0.8232248927687147,1.0178129172842558,1.1369021831840003,1.225652456014117,1.302110205790161,1.2568632592294235,1.1259173753484455,0.8914004461608085,0.6616784727744056,0.38897625920603063,-0.1622692959067683,0.0,0.0,0.0,0.0,0.0,0.0,0.0,0.0,0.0,0.0,0.0,0.0,0.0,0.0,0.0,0.0,0.0,0.0,0.0,0.0,0.0,0.0,0.0,0.0,0.0,0.0,0.0,0.0,0.0,0.0,0.0,0.0,0.0,0.0,0.0,0.0,0.0,0.0,0.0,0.0,0.0,0.0,0.0,0.0,0.0,0.0,0.0,0.0,0.0,0.0,0.0,0.0,0.0,0.0,0.0,0.0,0.0,0.0,0.0,0.0,0.0,0.0,0.0,0.0,0.0,0.0,0.0,0.0,0.0,0.0,0.0,0.0
1070,-0.6773324930171737,-1.005603914155453,-1.2596795618216035,-1.4101653443074131,-1.495954207384562,-1.4489087018261255,-1.2789764464544757,-0.9956562953330809,-0.6578860201313335,-0.3972284893345908,-0.14352681230086026,0.1403916918324066,0.3928218687159092,0.6584158118605958,0.9066575176609943,1.1216158371760125,1.2596857946654778,1.3622285420750428,1.357142541474131,1.2322363502458495,0.9928951454970472,0.775693002187509,0.5483936518026308,0.022740530873073424,0.0,0.0,0.0,0.0,0.0,0.0,0.0,0.0,0.0,0.0,0.0,0.0,0.0,0.0,0.0,0.0,0.0,0.0,0.0,0.0,0.0,0.0,0.0,0.0,0.0,0.0,0.0,0.0,0.0,0.0,0.0,0.0,0.0,0.0,0.0,0.0,0.0,0.0,0.0,0.0,0.0,0.0,0.0,0.0,0.0,0.0,0.0,0.0,0.0,0.0,0.0,0.0,0.0,0.0,0.0,0.0,0.0,0.0,0.0,0.0,0.0,0.0,0.0,0.0,0.0,0.0,0.0,0.0,0.0,0.0,0.0,0.0
1071,-0.7349751324312366,-1.042888567493409,-1.2733642133713923,-1.413221169778516,-1.4751333792981172,-1.433562847624772,-1.2594862462426382,-1.010696753331733,-0.6876379568824729,-0.4070368680873917,-0.10755160484313843,0.21423979734778795,0.5066910224582892,0.7589658495796121,1.0114941555526018,1.1903868551164036,1.300523416165602,1.3427276449681143,1.280245108032263,1.1275874696159687,0.8889371307717331,0.7160645539350164,0.48742662973161693,0.020265106109815197,0.0,0.0,0.0,0.0,0.0,0.0,0.0,0.0,0.0,0.0,0.0,0.0,0.0,0.0,0.0,0.0,0.0,0.0,0.0,0.0,0.0,0.0,0.0,0.0,0.0,0.0,0.0,0.0,0.0,0.0,0.0,0.0,0.0,0.0,0.0,0.0,0.0,0.0,0.0,0.0,0.0,0.0,0.0,0.0,0.0,0.0,0.0,0.0,0.0,0.0,0.0,0.0,0.0,0.0,0.0,0.0,0.0,0.0,0.0,0.0,0.0,0.0,0.0,0.0,0.0,0.0,0.0,0.0,0.0,0.0,0.0,0.0
1072,-0.5190253681079152,-0.9200786566875422,-1.2158713658863674,-1.4281144260176426,-1.545578045540031,-1.501033205759393,-1.332511467362391,-1.0662156772788118,-0.694659307814431,-0.3442149464477642,0.02928792021711523,0.40189240355868766,0.7244868819028378,0.9565692404238092,1.1878280808984159,1.2803615631990353,1.3159974350235457,1.2926394686175642,1.178619651834519,0.9718417569200279,0.6895247975708076,0.48259717210243186,0.26451462036966106,-0.20885852573617827,0.0,0.0,0.0,0.0,0.0,0.0,0.0,0.0,0.0,0.0,0.0,0.0,0.0,0.0,0.0,0.0,0.0,0.0,0.0,0.0,0.0,0.0,0.0,0.0,0.0,0.0,0.0,0.0,0.0,0.0,0.0,0.0,0.0,0.0,0.0,0.0,0.0,0.0,0.0,0.0,0.0,0.0,0.0,0.0,0.0,0.0,0.0,0.0,0.0,0.0,0.0,0.0,0.0,0.0,0.0,0.0,0.0,0.0,0.0,0.0,0.0,0.0,0.0,0.0,0.0,0.0,0.0,0.0,0.0,0.0,0.0,0.0
1073,-0.1407657226840726,-0.6194181418004182,-1.0325594176293589,-1.2991084939048687,-1.4755675076625723,-1.5163038837575804,-1.4992651110639952,-1.4226885579238597,-1.0770169050022764,-0.5148353300949646,-0.01415001525415547,0.4679297431971067,0.7986190270260549,1.0047490070260359,1.10766711105453,1.1425280482896814,1.1747450380378968,1.1969737817243555,1.1671069675200827,1.0209064638906427,0.7747255756626367,0.553711150551018,0.3521835976579249,-0.1501664248598437,0.0,0.0,0.0,0.0,0.0,0.0,0.0,0.0,0.0,0.0,0.0,0.0,0.0,0.0,0.0,0.0,0.0,0.0,0.0,0.0,0.0,0.0,0.0,0.0,0.0,0.0,0.0,0.0,0.0,0.0,0.0,0.0,0.0,0.0,0.0,0.0,0.0,0.0,0.0,0.0,0.0,0.0,0.0,0.0,0.0,0.0,0.0,0.0,0.0,0.0,0.0,0.0,0.0,0.0,0.0,0.0,0.0,0.0,0.0,0.0,0.0,0.0,0.0,0.0,0.0,0.0,0.0,0.0,0.0,0.0,0.0,0.0
1074,-0.2580596196069315,-0.6887213167244022,-1.0474717762970005,-1.2607883044763277,-1.4123659130267938,-1.4705797719916904,-1.525067138254682,-1.483975002514755,-1.110318572134536,-0.5798473002173896,-0.08784954754693962,0.30615151866530205,0.5826169907390759,0.7955306548425214,0.9160877295501014,0.9919268918348197,1.0799526924149576,1.1751293303419945,1.2437169392608434,1.1786543910059588,0.9730929962873532,0.8507230332383058,0.662081929706729,0.16937916490348603,0.0,0.0,0.0,0.0,0.0,0.0,0.0,0.0,0.0,0.0,0.0,0.0,0.0,0.0,0.0,0.0,0.0,0.0,0.0,0.0,0.0,0.0,0.0,0.0,0.0,0.0,0.0,0.0,0.0,0.0,0.0,0.0,0.0,0.0,0.0,0.0,0.0,0.0,0.0,0.0,0.0,0.0,0.0,0.0,0.0,0.0,0.0,0.0,0.0,0.0,0.0,0.0,0.0,0.0,0.0,0.0,0.0,0.0,0.0,0.0,0.0,0.0,0.0,0.0,0.0,0.0,0.0,0.0,0.0,0.0,0.0,0.0
1075,-0.9067086548779711,-1.1733612664876771,-1.4003816409250764,-1.5305232133857263,-1.5423971574591753,-1.4395420657500937,-1.2220365736496965,-0.8850052869026603,-0.5121948971528473,-0.18562211743739193,0.10784516257659296,0.39989700554870977,0.6795244567088733,0.9228223571277557,1.0900011988506206,1.1661202575466383,1.1973385078589511,1.1929349259509172,1.1400133076632935,1.0127812446775946,0.8004656883973805,0.6388699594507731,0.45714357035315273,-0.00798476868294609,0.0,0.0,0.0,0.0,0.0,0.0,0.0,0.0,0.0,0.0,0.0,0.0,0.0,0.0,0.0,0.0,0.0,0.0,0.0,0.0,0.0,0.0,0.0,0.0,0.0,0.0,0.0,0.0,0.0,0.0,0.0,0.0,0.0,0.0,0.0,0.0,0.0,0.0,0.0,0.0,0.0,0.0,0.0,0.0,0.0,0.0,0.0,0.0,0.0,0.0,0.0,0.0,0.0,0.0,0.0,0.0,0.0,0.0,0.0,0.0,0.0,0.0,0.0,0.0,0.0,0.0,0.0,0.0,0.0,0.0,0.0,0.0
1076,-0.6710878008530284,-1.0433835523647355,-1.3271922911964922,-1.4782318027788046,-1.549532361552413,-1.4899991045525163,-1.2763296776088042,-0.9650380958187078,-0.5911940151262491,-0.3012693760305239,0.004757886545017368,0.32069445587736845,0.5981550450680438,0.852622945924559,1.0830143280203877,1.2184157148771095,1.2755490616468412,1.2795747175167953,1.2009195951346172,1.0292098889892718,0.8173984570624615,0.6363987758326068,0.45067669060146,-0.07412948521427344,0.0,0.0,0.0,0.0,0.0,0.0,0.0,0.0,0.0,0.0,0.0,0.0,0.0,0.0,0.0,0.0,0.0,0.0,0.0,0.0,0.0,0.0,0.0,0.0,0.0,0.0,0.0,0.0,0.0,0.0,0.0,0.0,0.0,0.0,0.0,0.0,0.0,0.0,0.0,0.0,0.0,0.0,0.0,0.0,0.0,0.0,0.0,0.0,0.0,0.0,0.0,0.0,0.0,0.0,0.0,0.0,0.0,0.0,0.0,0.0,0.0,0.0,0.0,0.0,0.0,0.0,0.0,0.0,0.0,0.0,0.0,0.0
1077,-0.6951454535008618,-1.0215660839318932,-1.2921895809816057,-1.4377505376938795,-1.5104940152984372,-1.4566209209992327,-1.2666590623920102,-0.9577767882094835,-0.5865112468645538,-0.2697848133472528,0.024001154190991376,0.35671191239047395,0.6656681880761589,0.960638179664935,1.1783506019565004,1.2756625786095963,1.3065212054265858,1.3122193211697708,1.2157213610514155,1.038857768503203,0.7458858174996996,0.4676401656246875,0.2205491465792978,-0.27392889752411465,0.0,0.0,0.0,0.0,0.0,0.0,0.0,0.0,0.0,0.0,0.0,0.0,0.0,0.0,0.0,0.0,0.0,0.0,0.0,0.0,0.0,0.0,0.0,0.0,0.0,0.0,0.0,0.0,0.0,0.0,0.0,0.0,0.0,0.0,0.0,0.0,0.0,0.0,0.0,0.0,0.0,0.0,0.0,0.0,0.0,0.0,0.0,0.0,0.0,0.0,0.0,0.0,0.0,0.0,0.0,0.0,0.0,0.0,0.0,0.0,0.0,0.0,0.0,0.0,0.0,0.0,0.0,0.0,0.0,0.0,0.0,0.0
1078,-0.6588504445147502,-0.9951639249791073,-1.2766468102310062,-1.4281316001495672,-1.5170247145372615,-1.4689491336760105,-1.278227771036608,-1.0047934135223175,-0.6817025143411743,-0.3426582833944143,-0.04989308693890334,0.28555805126785294,0.5719275426461571,0.864692739101668,1.0881831075299053,1.2502315901040775,1.3488979167445823,1.3442268961825774,1.250806484942478,1.039748217394654,0.7645891753651617,0.5638071530537485,0.3727264811403455,-0.043353658152096394,0.0,0.0,0.0,0.0,0.0,0.0,0.0,0.0,0.0,0.0,0.0,0.0,0.0,0.0,0.0,0.0,0.0,0.0,0.0,0.0,0.0,0.0,0.0,0.0,0.0,0.0,0.0,0.0,0.0,0.0,0.0,0.0,0.0,0.0,0.0,0.0,0.0,0.0,0.0,0.0,0.0,0.0,0.0,0.0,0.0,0.0,0.0,0.0,0.0,0.0,0.0,0.0,0.0,0.0,0.0,0.0,0.0,0.0,0.0,0.0,0.0,0.0,0.0,0.0,0.0,0.0,0.0,0.0,0.0,0.0,0.0,0.0
1079,-0.7070856235310826,-1.0164732006867128,-1.2578998703141215,-1.4111937151039022,-1.4815090735483636,-1.4421197460577557,-1.3036525786594317,-1.0628622471174933,-0.7331754850353625,-0.40247058201647923,-0.05191193073092452,0.2908197621033462,0.6087342696042777,0.8722418707975036,1.0816607347257594,1.2171371131223732,1.2653079061924704,1.2896796548659804,1.2278275929582732,1.0819789037684944,0.8389613889274101,0.6251517922094099,0.42470529528628453,0.04614776824003932,0.0,0.0,0.0,0.0,0.0,0.0,0.0,0.0,0.0,0.0,0.0,0.0,0.0,0.0,0.0,0.0,0.0,0.0,0.0,0.0,0.0,0.0,0.0,0.0,0.0,0.0,0.0,0.0,0.0,0.0,0.0,0.0,0.0,0.0,0.0,0.0,0.0,0.0,0.0,0.0,0.0,0.0,0.0,0.0,0.0,0.0,0.0,0.0,0.0,0.0,0.0,0.0,0.0,0.0,0.0,0.0,0.0,0.0,0.0,0.0,0.0,0.0,0.0,0.0,0.0,0.0,0.0,0.0,0.0,0.0,0.0,0.0
1080,-0.3664887306907992,-0.7333514205999297,-1.0578436613995097,-1.2665650855844883,-1.401259977991861,-1.4534403340381057,-1.4642938480957246,-1.3979204352049015,-1.0591655637526813,-0.5736099572903596,-0.17202993715846085,0.21786168321907906,0.5224558149130244,0.7702081454205939,0.9301583301543491,1.0619311226231323,1.171718591744431,1.2859587845816758,1.3040479746777074,1.195860703141827,0.9799731767264973,0.7551106290712138,0.5674004949208564,0.18328350061243429,0.0,0.0,0.0,0.0,0.0,0.0,0.0,0.0,0.0,0.0,0.0,0.0,0.0,0.0,0.0,0.0,0.0,0.0,0.0,0.0,0.0,0.0,0.0,0.0,0.0,0.0,0.0,0.0,0.0,0.0,0.0,0.0,0.0,0.0,0.0,0.0,0.0,0.0,0.0,0.0,0.0,0.0,0.0,0.0,0.0,0.0,0.0,0.0,0.0,0.0,0.0,0.0,0.0,0.0,0.0,0.0,0.0,0.0,0.0,0.0,0.0,0.0,0.0,0.0,0.0,0.0,0.0,0.0,0.0,0.0,0.0,0.0
1081,-0.4023831683485993,-0.729575176906594,-1.0095941738501144,-1.2033809055623754,-1.3437677881270513,-1.417860865036186,-1.4820790581806904,-1.4594360126057426,-1.1375902786973884,-0.6368644847469469,-0.19073358957165723,0.22778536947196007,0.56258795723709,0.8119130479567923,0.9926800284634584,1.1101722760579094,1.213890004260934,1.2830770879621631,1.2476029832280784,1.1221856696823955,0.9260088387150012,0.7406503517445262,0.5777462183025411,0.19696566855050343,0.0,0.0,0.0,0.0,0.0,0.0,0.0,0.0,0.0,0.0,0.0,0.0,0.0,0.0,0.0,0.0,0.0,0.0,0.0,0.0,0.0,0.0,0.0,0.0,0.0,0.0,0.0,0.0,0.0,0.0,0.0,0.0,0.0,0.0,0.0,0.0,0.0,0.0,0.0,0.0,0.0,0.0,0.0,0.0,0.0,0.0,0.0,0.0,0.0,0.0,0.0,0.0,0.0,0.0,0.0,0.0,0.0,0.0,0.0,0.0,0.0,0.0,0.0,0.0,0.0,0.0,0.0,0.0,0.0,0.0,0.0,0.0
1082,-0.6510344339543259,-1.0023750089150212,-1.2850508088089931,-1.4619758840570576,-1.55036871124955,-1.5096578192302947,-1.3008750767685324,-0.9787431726230219,-0.5864825743484521,-0.18648411817296226,0.20563705923852793,0.5625544687224088,0.8495523153718496,1.0640513132198772,1.194618951493961,1.2483656942111625,1.2387456546586673,1.2114888759265976,1.109920777173079,0.9265126317918114,0.6667715638744404,0.4329627764898825,0.1544696024882997,-0.3526040765323544,0.0,0.0,0.0,0.0,0.0,0.0,0.0,0.0,0.0,0.0,0.0,0.0,0.0,0.0,0.0,0.0,0.0,0.0,0.0,0.0,0.0,0.0,0.0,0.0,0.0,0.0,0.0,0.0,0.0,0.0,0.0,0.0,0.0,0.0,0.0,0.0,0.0,0.0,0.0,0.0,0.0,0.0,0.0,0.0,0.0,0.0,0.0,0.0,0.0,0.0,0.0,0.0,0.0,0.0,0.0,0.0,0.0,0.0,0.0,0.0,0.0,0.0,0.0,0.0,0.0,0.0,0.0,0.0,0.0,0.0,0.0,0.0
1083,-0.339451091768499,-0.8317990728675128,-1.2362799105643119,-1.4650264614566817,-1.6105592690647113,-1.577894225100025,-1.3548959920003234,-1.005799740020185,-0.5522300932367904,-0.1501215771687115,0.18583566271389945,0.5509907072576824,0.8733527193449352,1.1103111527982596,1.2740013451799554,1.3243675582204772,1.3092211970524943,1.2054777473657672,1.0396889627740498,0.8207966709548254,0.5269937615517817,0.33036479578670114,0.05919018499606567,-0.4865350327491533,0.0,0.0,0.0,0.0,0.0,0.0,0.0,0.0,0.0,0.0,0.0,0.0,0.0,0.0,0.0,0.0,0.0,0.0,0.0,0.0,0.0,0.0,0.0,0.0,0.0,0.0,0.0,0.0,0.0,0.0,0.0,0.0,0.0,0.0,0.0,0.0,0.0,0.0,0.0,0.0,0.0,0.0,0.0,0.0,0.0,0.0,0.0,0.0,0.0,0.0,0.0,0.0,0.0,0.0,0.0,0.0,0.0,0.0,0.0,0.0,0.0,0.0,0.0,0.0,0.0,0.0,0.0,0.0,0.0,0.0,0.0,0.0
1084,-0.663450884000942,-0.9977218409992559,-1.2836950931841251,-1.475784385836895,-1.567211093720591,-1.4860370565078194,-1.2840340244459738,-0.9603546693804329,-0.5668554743740528,-0.24402344746313367,0.03737423268677769,0.3867276308373602,0.6961718729052543,0.9531665022020569,1.1821993023963389,1.2647290646565055,1.3026046331681016,1.282014559010791,1.1866901416158346,0.9806199344118043,0.6982901932918089,0.5166230369408875,0.2611535983224043,-0.2191967325327139,0.0,0.0,0.0,0.0,0.0,0.0,0.0,0.0,0.0,0.0,0.0,0.0,0.0,0.0,0.0,0.0,0.0,0.0,0.0,0.0,0.0,0.0,0.0,0.0,0.0,0.0,0.0,0.0,0.0,0.0,0.0,0.0,0.0,0.0,0.0,0.0,0.0,0.0,0.0,0.0,0.0,0.0,0.0,0.0,0.0,0.0,0.0,0.0,0.0,0.0,0.0,0.0,0.0,0.0,0.0,0.0,0.0,0.0,0.0,0.0,0.0,0.0,0.0,0.0,0.0,0.0,0.0,0.0,0.0,0.0,0.0,0.0
1085,-0.5493890376597237,-0.9971345502501687,-1.3241834464031894,-1.5377078510344222,-1.647338903316293,-1.5600438972002613,-1.2489785937163733,-0.9162944565582096,-0.505843993529074,-0.12582383192771013,0.17806934664054155,0.45829451298719304,0.6878025102875585,0.946203925105202,1.1392365442631878,1.251121692947116,1.3001995191555424,1.2586011946448512,1.143232442430471,0.9519416250377111,0.6620853195186336,0.47581498956681917,0.24517994406542518,-0.2850450050548386,-1.0,-1.0,-1.0,-1.0,-1.0,-1.0,-1.0,-1.0,-1.0,-1.0,-1.0,-1.0,-1.0,-1.0,-1.0,-1.0,-1.0,-1.0,-1.0,-1.0,-1.0,-1.0,-1.0,-1.0,-1.0,-1.0,-1.0,-1.0,-1.0,-1.0,-1.0,-1.0,-1.0,-1.0,-1.0,-1.0,-1.0,-1.0,-1.0,-1.0,-1.0,-1.0,-1.0,-1.0,-1.0,-1.0,-1.0,-1.0,-1.0,-1.0,-1.0,-1.0,-1.0,-1.0,-1.0,-1.0,-1.0,-1.0,-1.0,-1.0,-1.0,-1.0,-1.0,-1.0,-1.0,-1.0,-1.0,-1.0,-1.0,-1.0,-1.0,-1.0
1086,-0.5452959579081894,-0.9586896708136419,-1.3236742638863017,-1.539800813473124,-1.6169528482066373,-1.5869997053100968,-1.33396120185077,-0.9587905231466268,-0.49809706607121657,-0.0904519361459082,0.23378831440081776,0.5585328266124686,0.8166139467210446,1.0105529830511704,1.1459976662500049,1.2338400482799265,1.236764765936491,1.217905379668299,1.0906297354412482,0.9093980930672306,0.6187416694045046,0.41623018477065515,0.20080960151472776,-0.237091228306076,0.0,0.0,0.0,0.0,0.0,0.0,0.0,0.0,0.0,0.0,0.0,0.0,0.0,0.0,0.0,0.0,0.0,0.0,0.0,0.0,0.0,0.0,0.0,0.0,0.0,0.0,0.0,0.0,0.0,0.0,0.0,0.0,0.0,0.0,0.0,0.0,0.0,0.0,0.0,0.0,0.0,0.0,0.0,0.0,0.0,0.0,0.0,0.0,0.0,0.0,0.0,0.0,0.0,0.0,0.0,0.0,0.0,0.0,0.0,0.0,0.0,0.0,0.0,0.0,0.0,0.0,0.0,0.0,0.0,0.0,0.0,0.0
1087,-0.40528514283274675,-0.7899737888216098,-1.0892496373361815,-1.2869381719112303,-1.4187935868383204,-1.4334546982541734,-1.3790667042921383,-1.3040585665323232,-1.0175520731218815,-0.5909610248283549,-0.17817979761040592,0.20404956517321735,0.4845970262017317,0.7361060278452987,0.9163904043524964,1.088351053088113,1.225881736950372,1.3328605563783051,1.363601596443803,1.240637436181811,0.9707783983145314,0.7333629811933005,0.5260264894284644,0.07086992082792123,0.0,0.0,0.0,0.0,0.0,0.0,0.0,0.0,0.0,0.0,0.0,0.0,0.0,0.0,0.0,0.0,0.0,0.0,0.0,0.0,0.0,0.0,0.0,0.0,0.0,0.0,0.0,0.0,0.0,0.0,0.0,0.0,0.0,0.0,0.0,0.0,0.0,0.0,0.0,0.0,0.0,0.0,0.0,0.0,0.0,0.0,0.0,0.0,0.0,0.0,0.0,0.0,0.0,0.0,0.0,0.0,0.0,0.0,0.0,0.0,0.0,0.0,0.0,0.0,0.0,0.0,0.0,0.0,0.0,0.0,0.0,0.0
1088,-0.44060110814941755,-0.7524356042410315,-1.0159173138164688,-1.203509734724144,-1.3311938726770307,-1.3856931998520434,-1.436832418133559,-1.4107710857400944,-1.1059846229372792,-0.6443384425209687,-0.24407571481756735,0.13512486689488928,0.44499246997567565,0.6916736350836278,0.9044258957548051,1.0802169585975152,1.2058522496641233,1.317309520277683,1.3402566054040042,1.2482224032723663,1.0138343194820862,0.8144405405094458,0.6105392983869924,0.16446435430639988,0.0,0.0,0.0,0.0,0.0,0.0,0.0,0.0,0.0,0.0,0.0,0.0,0.0,0.0,0.0,0.0,0.0,0.0,0.0,0.0,0.0,0.0,0.0,0.0,0.0,0.0,0.0,0.0,0.0,0.0,0.0,0.0,0.0,0.0,0.0,0.0,0.0,0.0,0.0,0.0,0.0,0.0,0.0,0.0,0.0,0.0,0.0,0.0,0.0,0.0,0.0,0.0,0.0,0.0,0.0,0.0,0.0,0.0,0.0,0.0,0.0,0.0,0.0,0.0,0.0,0.0,0.0,0.0,0.0,0.0,0.0,0.0
1089,-0.7779231398611138,-1.0847555030173395,-1.3166541285924367,-1.4783257219379622,-1.5336108324165614,-1.4716018571500245,-1.286919704308001,-0.979713793108001,-0.6091541336838765,-0.26093264727745624,0.03245198630289397,0.3096246347834387,0.5811193529986138,0.8062941137857733,0.9963553584581469,1.1194020840774077,1.2062146494505595,1.2576148602739057,1.2493220937021159,1.1225398876451118,0.9028189282970575,0.6913907355207928,0.4943814972342169,0.030061278822738326,0.0,0.0,0.0,0.0,0.0,0.0,0.0,0.0,0.0,0.0,0.0,0.0,0.0,0.0,0.0,0.0,0.0,0.0,0.0,0.0,0.0,0.0,0.0,0.0,0.0,0.0,0.0,0.0,0.0,0.0,0.0,0.0,0.0,0.0,0.0,0.0,0.0,0.0,0.0,0.0,0.0,0.0,0.0,0.0,0.0,0.0,0.0,0.0,0.0,0.0,0.0,0.0,0.0,0.0,0.0,0.0,0.0,0.0,0.0,0.0,0.0,0.0,0.0,0.0,0.0,0.0,0.0,0.0,0.0,0.0,0.0,0.0
1090,-0.5545113501920438,-0.9618524324855812,-1.3086535622143383,-1.5121031546291186,-1.6180701664906834,-1.5474549517472387,-1.3384374512863542,-1.002772137649805,-0.5761643259268923,-0.2040866612586795,0.10612535845282331,0.44983320593374476,0.7072826684464535,0.927524364492341,1.0809511639849816,1.186211139904184,1.2264238091260453,1.2290751939099043,1.1575761842385066,1.0125454365614195,0.763403646371469,0.5786021269364968,0.34218698370906947,-0.14363508818669432,0.0,0.0,0.0,0.0,0.0,0.0,0.0,0.0,0.0,0.0,0.0,0.0,0.0,0.0,0.0,0.0,0.0,0.0,0.0,0.0,0.0,0.0,0.0,0.0,0.0,0.0,0.0,0.0,0.0,0.0,0.0,0.0,0.0,0.0,0.0,0.0,0.0,0.0,0.0,0.0,0.0,0.0,0.0,0.0,0.0,0.0,0.0,0.0,0.0,0.0,0.0,0.0,0.0,0.0,0.0,0.0,0.0,0.0,0.0,0.0,0.0,0.0,0.0,0.0,0.0,0.0,0.0,0.0,0.0,0.0,0.0,0.0
1091,-0.8171402365790269,-1.0736117606576772,-1.3071588313389957,-1.4337475285447883,-1.4947225409535263,-1.4396635165182932,-1.24598213752207,-0.9855442124157291,-0.6715262598675311,-0.35407972338014293,-0.06668371671271708,0.21009040245682492,0.47261236878110513,0.6992350444479806,0.9432023212189954,1.0939927874073079,1.2116402755167806,1.29264897447216,1.2895565262132827,1.1918082703783266,0.9941604903544127,0.7764790237838571,0.5719740758815626,0.14245990357789384,0.0,0.0,0.0,0.0,0.0,0.0,0.0,0.0,0.0,0.0,0.0,0.0,0.0,0.0,0.0,0.0,0.0,0.0,0.0,0.0,0.0,0.0,0.0,0.0,0.0,0.0,0.0,0.0,0.0,0.0,0.0,0.0,0.0,0.0,0.0,0.0,0.0,0.0,0.0,0.0,0.0,0.0,0.0,0.0,0.0,0.0,0.0,0.0,0.0,0.0,0.0,0.0,0.0,0.0,0.0,0.0,0.0,0.0,0.0,0.0,0.0,0.0,0.0,0.0,0.0,0.0,0.0,0.0,0.0,0.0,0.0,0.0
1092,-0.6607811556466393,-0.9756195295996617,-1.2399261092280118,-1.3964629016586907,-1.5007619369760876,-1.448053569438362,-1.2938110028268477,-1.060447058605689,-0.7317256771315692,-0.4155931245113258,-0.08616582740053992,0.2612623184452282,0.5514524714179972,0.814641351288293,1.0606529506663833,1.2186604006734496,1.316841500473075,1.3539020713980383,1.2746042148792276,1.0728888217019268,0.8390542670563244,0.6220440350845942,0.4253288776670106,-0.0019853877281230396,0.0,0.0,0.0,0.0,0.0,0.0,0.0,0.0,0.0,0.0,0.0,0.0,0.0,0.0,0.0,0.0,0.0,0.0,0.0,0.0,0.0,0.0,0.0,0.0,0.0,0.0,0.0,0.0,0.0,0.0,0.0,0.0,0.0,0.0,0.0,0.0,0.0,0.0,0.0,0.0,0.0,0.0,0.0,0.0,0.0,0.0,0.0,0.0,0.0,0.0,0.0,0.0,0.0,0.0,0.0,0.0,0.0,0.0,0.0,0.0,0.0,0.0,0.0,0.0,0.0,0.0,0.0,0.0,0.0,0.0,0.0,0.0
1093,-0.6494988343027359,-0.968554201451481,-1.2075494072386868,-1.3791453789321608,-1.4663172100781705,-1.4524171282267053,-1.339654061113851,-1.1147205660368482,-0.7884996528173868,-0.4566217295420964,-0.11682399218864573,0.22265048744732902,0.5592156476260204,0.8298362334396215,1.0427014403975228,1.180032094038548,1.2743155949690284,1.327383736921327,1.2481855961397237,1.0915672320226346,0.8847900454105301,0.6584018906048855,0.489445856937465,0.1312763059741322,0.0,0.0,0.0,0.0,0.0,0.0,0.0,0.0,0.0,0.0,0.0,0.0,0.0,0.0,0.0,0.0,0.0,0.0,0.0,0.0,0.0,0.0,0.0,0.0,0.0,0.0,0.0,0.0,0.0,0.0,0.0,0.0,0.0,0.0,0.0,0.0,0.0,0.0,0.0,0.0,0.0,0.0,0.0,0.0,0.0,0.0,0.0,0.0,0.0,0.0,0.0,0.0,0.0,0.0,0.0,0.0,0.0,0.0,0.0,0.0,0.0,0.0,0.0,0.0,0.0,0.0,0.0,0.0,0.0,0.0,0.0,0.0
1094,-0.16030510313557586,-0.6710277488824657,-0.9838445259577177,-1.2275663117204032,-1.3963902065095057,-1.4734473159616062,-1.5135952845465448,-1.4372804064464348,-1.054828833438987,-0.5468726863676979,-0.0406709043102045,0.3295675891781275,0.6630318929542048,0.9232851951930415,1.1136337991898675,1.237653910549728,1.3190294569588639,1.3274639041405736,1.232660717818156,1.0428519184409593,0.7554059584882903,0.4672177671836309,0.2508235902896851,-0.15679637310798458,0.0,0.0,0.0,0.0,0.0,0.0,0.0,0.0,0.0,0.0,0.0,0.0,0.0,0.0,0.0,0.0,0.0,0.0,0.0,0.0,0.0,0.0,0.0,0.0,0.0,0.0,0.0,0.0,0.0,0.0,0.0,0.0,0.0,0.0,0.0,0.0,0.0,0.0,0.0,0.0,0.0,0.0,0.0,0.0,0.0,0.0,0.0,0.0,0.0,0.0,0.0,0.0,0.0,0.0,0.0,0.0,0.0,0.0,0.0,0.0,0.0,0.0,0.0,0.0,0.0,0.0,0.0,0.0,0.0,0.0,0.0,0.0
1095,-0.1226965683709225,-0.5657138284633183,-0.9255011814843154,-1.1920770425461804,-1.3818022049235439,-1.494901817147708,-1.552164593608914,-1.5168162741944604,-1.1579295152986724,-0.6230516544349582,-0.1020579530015495,0.27326464867930284,0.6204436839473738,0.8882203371761843,1.0743431230527116,1.2009516471550108,1.2372756102051072,1.2346488773399145,1.2124342222514257,1.093480748213403,0.8366613235079688,0.6013811082971166,0.40535178704329006,-0.04374448339426651,0.0,0.0,0.0,0.0,0.0,0.0,0.0,0.0,0.0,0.0,0.0,0.0,0.0,0.0,0.0,0.0,0.0,0.0,0.0,0.0,0.0,0.0,0.0,0.0,0.0,0.0,0.0,0.0,0.0,0.0,0.0,0.0,0.0,0.0,0.0,0.0,0.0,0.0,0.0,0.0,0.0,0.0,0.0,0.0,0.0,0.0,0.0,0.0,0.0,0.0,0.0,0.0,0.0,0.0,0.0,0.0,0.0,0.0,0.0,0.0,0.0,0.0,0.0,0.0,0.0,0.0,0.0,0.0,0.0,0.0,0.0,0.0
1096,-0.672721856248678,-1.0061350660441184,-1.2435869108354087,-1.404307869873547,-1.4904629640013605,-1.4486271200678988,-1.3008326090031133,-1.0625529621248593,-0.7241092627240256,-0.36592566740329374,-0.027545645086072566,0.3134451376592642,0.5978906701566347,0.8448940774898114,1.0717755264014146,1.2187422353792365,1.2817825481556855,1.304451589921762,1.2557386209581425,1.115712714094091,0.8700465255167783,0.5987184722435982,0.3531796378335107,-0.07956982239754598,0.0,0.0,0.0,0.0,0.0,0.0,0.0,0.0,0.0,0.0,0.0,0.0,0.0,0.0,0.0,0.0,0.0,0.0,0.0,0.0,0.0,0.0,0.0,0.0,0.0,0.0,0.0,0.0,0.0,0.0,0.0,0.0,0.0,0.0,0.0,0.0,0.0,0.0,0.0,0.0,0.0,0.0,0.0,0.0,0.0,0.0,0.0,0.0,0.0,0.0,0.0,0.0,0.0,0.0,0.0,0.0,0.0,0.0,0.0,0.0,0.0,0.0,0.0,0.0,0.0,0.0,0.0,0.0,0.0,0.0,0.0,0.0
1097,-0.536168719232115,-0.9312188288278447,-1.2139103579427963,-1.4116348658421065,-1.5139543068834778,-1.503250323772587,-1.3691513552342855,-1.1014188087277215,-0.7286409621267023,-0.3510097567238505,-0.02443854529096181,0.3430870363053347,0.6886062923755144,0.9560729014134849,1.1607782678633758,1.2636295838419342,1.2821787222763348,1.276394582334425,1.1964138886549125,1.0135153946296933,0.7467801136303551,0.5045775641087725,0.2976782135429848,-0.044915730372665746,0.0,0.0,0.0,0.0,0.0,0.0,0.0,0.0,0.0,0.0,0.0,0.0,0.0,0.0,0.0,0.0,0.0,0.0,0.0,0.0,0.0,0.0,0.0,0.0,0.0,0.0,0.0,0.0,0.0,0.0,0.0,0.0,0.0,0.0,0.0,0.0,0.0,0.0,0.0,0.0,0.0,0.0,0.0,0.0,0.0,0.0,0.0,0.0,0.0,0.0,0.0,0.0,0.0,0.0,0.0,0.0,0.0,0.0,0.0,0.0,0.0,0.0,0.0,0.0,0.0,0.0,0.0,0.0,0.0,0.0,0.0,0.0
1098,-0.310548523315001,-0.6919043400967971,-1.0013205444887554,-1.2308651562177875,-1.364122424805675,-1.4329582188277825,-1.4559264747489866,-1.4417178839989324,-1.1347847343011583,-0.6283795241705837,-0.1044549836977091,0.35953137540721813,0.6918468619788756,0.9282888478584193,1.0912737990350125,1.202252549116747,1.2480511134761452,1.2788134021874278,1.2482580347006607,1.0876871644767465,0.8318635572342646,0.5335521252246302,0.29041968641909016,0.005144291553923033,0.0,0.0,0.0,0.0,0.0,0.0,0.0,0.0,0.0,0.0,0.0,0.0,0.0,0.0,0.0,0.0,0.0,0.0,0.0,0.0,0.0,0.0,0.0,0.0,0.0,0.0,0.0,0.0,0.0,0.0,0.0,0.0,0.0,0.0,0.0,0.0,0.0,0.0,0.0,0.0,0.0,0.0,0.0,0.0,0.0,0.0,0.0,0.0,0.0,0.0,0.0,0.0,0.0,0.0,0.0,0.0,0.0,0.0,0.0,0.0,0.0,0.0,0.0,0.0,0.0,0.0,0.0,0.0,0.0,0.0,0.0,0.0
1099,-0.6366604617790866,-0.961215860423265,-1.2202669806710489,-1.4085760045003757,-1.507842121954642,-1.4786870385065358,-1.328304865656239,-1.095632154242456,-0.6872716672452797,-0.2626297700108492,0.14825496663551385,0.5256933954301533,0.8569380556446764,1.058373177649774,1.1975855458024198,1.2865653459362505,1.2878905770020737,1.2462404577904933,1.1192075941951731,0.9143016289224438,0.6627601513809904,0.4041507748218143,0.13809486179753744,-0.2589696080195285,0.0,0.0,0.0,0.0,0.0,0.0,0.0,0.0,0.0,0.0,0.0,0.0,0.0,0.0,0.0,0.0,0.0,0.0,0.0,0.0,0.0,0.0,0.0,0.0,0.0,0.0,0.0,0.0,0.0,0.0,0.0,0.0,0.0,0.0,0.0,0.0,0.0,0.0,0.0,0.0,0.0,0.0,0.0,0.0,0.0,0.0,0.0,0.0,0.0,0.0,0.0,0.0,0.0,0.0,0.0,0.0,0.0,0.0,0.0,0.0,0.0,0.0,0.0,0.0,0.0,0.0,0.0,0.0,0.0,0.0,0.0,0.0
1100,-0.16094996201077075,-0.6821819996504059,-1.0720945246008788,-1.3322707593862384,-1.4927919319634126,-1.5168920970517117,-1.3814386144386441,-1.1312014988320356,-0.7646854845147288,-0.3190963008018716,0.07688524382412185,0.4796394625807687,0.7947007448664881,1.0371976614666356,1.2119678367602493,1.3340518847257934,1.3886730618054783,1.3641331126827214,1.2313183342764018,0.9596197577882424,0.55985607046591,0.17997062150107973,-0.1328917406123496,-0.631518878880843,0.0,0.0,0.0,0.0,0.0,0.0,0.0,0.0,0.0,0.0,0.0,0.0,0.0,0.0,0.0,0.0,0.0,0.0,0.0,0.0,0.0,0.0,0.0,0.0,0.0,0.0,0.0,0.0,0.0,0.0,0.0,0.0,0.0,0.0,0.0,0.0,0.0,0.0,0.0,0.0,0.0,0.0,0.0,0.0,0.0,0.0,0.0,0.0,0.0,0.0,0.0,0.0,0.0,0.0,0.0,0.0,0.0,0.0,0.0,0.0,0.0,0.0,0.0,0.0,0.0,0.0,0.0,0.0,0.0,0.0,0.0,0.0
1101,-0.2440822884676537,-0.6527884094320231,-0.9574985081986361,-1.2216975089421773,-1.362521802069999,-1.4196056220116005,-1.4317063396029077,-1.3807605648163173,-1.078944115908495,-0.6655906178981887,-0.2764385550704969,0.09622847219802268,0.43162879673969035,0.6870591615475016,0.9078534144091798,1.098483559651947,1.273067101132329,1.3910052544678957,1.4141544533382227,1.3029681496731678,1.012463241122437,0.6696972623947564,0.41005795233779485,-0.003032486594439489,0.0,0.0,0.0,0.0,0.0,0.0,0.0,0.0,0.0,0.0,0.0,0.0,0.0,0.0,0.0,0.0,0.0,0.0,0.0,0.0,0.0,0.0,0.0,0.0,0.0,0.0,0.0,0.0,0.0,0.0,0.0,0.0,0.0,0.0,0.0,0.0,0.0,0.0,0.0,0.0,0.0,0.0,0.0,0.0,0.0,0.0,0.0,0.0,0.0,0.0,0.0,0.0,0.0,0.0,0.0,0.0,0.0,0.0,0.0,0.0,0.0,0.0,0.0,0.0,0.0,0.0,0.0,0.0,0.0,0.0,0.0,0.0
1102,-0.4860487792718304,-0.8037832519171657,-0.9970054466075173,-1.1569157177193368,-1.251897073206463,-1.2964868104426979,-1.3336449248062272,-1.3503986711069762,-1.1168240680113184,-0.775099795215494,-0.4235318815970506,-0.08467595447139345,0.25026859219494485,0.5509233701679211,0.8107042223410154,1.0077726078163638,1.1661183267444557,1.3066020749083247,1.411231502195104,1.3592101420861633,1.1672917408822514,0.9562075754276769,0.750273394244539,0.33970882536470276,0.0,0.0,0.0,0.0,0.0,0.0,0.0,0.0,0.0,0.0,0.0,0.0,0.0,0.0,0.0,0.0,0.0,0.0,0.0,0.0,0.0,0.0,0.0,0.0,0.0,0.0,0.0,0.0,0.0,0.0,0.0,0.0,0.0,0.0,0.0,0.0,0.0,0.0,0.0,0.0,0.0,0.0,0.0,0.0,0.0,0.0,0.0,0.0,0.0,0.0,0.0,0.0,0.0,0.0,0.0,0.0,0.0,0.0,0.0,0.0,0.0,0.0,0.0,0.0,0.0,0.0,0.0,0.0,0.0,0.0,0.0,0.0
1103,-0.8411796730623081,-1.0915496531204196,-1.273602047810377,-1.3908431325640658,-1.4470531105814888,-1.408867579706105,-1.2799571720306704,-1.0571443254450381,-0.7319920646912323,-0.4060728061867016,-0.04744657216910902,0.2854852371991938,0.5574955109384768,0.7765829398777303,1.0121608204575727,1.1440844335822844,1.2366720192055247,1.2616542316577126,1.2363980914374086,1.1468237112634454,0.9483356504865224,0.7276594404921956,0.5184334112051217,0.1239226395643205,0.0,0.0,0.0,0.0,0.0,0.0,0.0,0.0,0.0,0.0,0.0,0.0,0.0,0.0,0.0,0.0,0.0,0.0,0.0,0.0,0.0,0.0,0.0,0.0,0.0,0.0,0.0,0.0,0.0,0.0,0.0,0.0,0.0,0.0,0.0,0.0,0.0,0.0,0.0,0.0,0.0,0.0,0.0,0.0,0.0,0.0,0.0,0.0,0.0,0.0,0.0,0.0,0.0,0.0,0.0,0.0,0.0,0.0,0.0,0.0,0.0,0.0,0.0,0.0,0.0,0.0,0.0,0.0,0.0,0.0,0.0,0.0
1104,-0.5298671137579339,-0.9391102070703676,-1.2179771885601849,-1.3980591930151738,-1.5091296113563644,-1.4814246875940582,-1.339828708455938,-1.1059038770511282,-0.7383435310281368,-0.36608212328077216,-0.023343383162471153,0.3404561134810217,0.6433925309996298,0.8879104214900271,1.0868593536655002,1.2255093341230134,1.3084987437639481,1.3173367398057696,1.2353502233327014,1.079901782313428,0.8214060682958945,0.5520665719008068,0.29576468668798067,-0.14538294552719905,0.0,0.0,0.0,0.0,0.0,0.0,0.0,0.0,0.0,0.0,0.0,0.0,0.0,0.0,0.0,0.0,0.0,0.0,0.0,0.0,0.0,0.0,0.0,0.0,0.0,0.0,0.0,0.0,0.0,0.0,0.0,0.0,0.0,0.0,0.0,0.0,0.0,0.0,0.0,0.0,0.0,0.0,0.0,0.0,0.0,0.0,0.0,0.0,0.0,0.0,0.0,0.0,0.0,0.0,0.0,0.0,0.0,0.0,0.0,0.0,0.0,0.0,0.0,0.0,0.0,0.0,0.0,0.0,0.0,0.0,0.0,0.0
1105,-0.49167912904565564,-0.8906158342841648,-1.179875863339465,-1.3691576285268667,-1.490745777553712,-1.4750590838088138,-1.3207306569658532,-1.1382833434100463,-0.8001407126849598,-0.44950079897638595,-0.09118026343421054,0.24429367665377713,0.5634300228414767,0.8744952071023406,1.105629852281317,1.2438159552706065,1.3284329754713018,1.343403679045271,1.271023581765907,1.0914402288938159,0.8261333255568664,0.5644714630901007,0.33470370823744316,-0.09430458418008236,0.0,0.0,0.0,0.0,0.0,0.0,0.0,0.0,0.0,0.0,0.0,0.0,0.0,0.0,0.0,0.0,0.0,0.0,0.0,0.0,0.0,0.0,0.0,0.0,0.0,0.0,0.0,0.0,0.0,0.0,0.0,0.0,0.0,0.0,0.0,0.0,0.0,0.0,0.0,0.0,0.0,0.0,0.0,0.0,0.0,0.0,0.0,0.0,0.0,0.0,0.0,0.0,0.0,0.0,0.0,0.0,0.0,0.0,0.0,0.0,0.0,0.0,0.0,0.0,0.0,0.0,0.0,0.0,0.0,0.0,0.0,0.0
1106,-0.553149338954412,-0.9120362036155621,-1.185828744187793,-1.3799307608139775,-1.479310993326584,-1.4547764984250344,-1.3113584003802792,-1.0969455487343307,-0.7908544325955027,-0.4763781093384235,-0.17382741398285717,0.19456268541231098,0.5273001263935816,0.8105959016998304,1.0535805701931533,1.2105392249177511,1.3252612808244912,1.3705413992630475,1.2895465097652732,1.1256933514101133,0.881155866783781,0.6327052855022648,0.3892858284916993,0.0036284136974657774,0.0,0.0,0.0,0.0,0.0,0.0,0.0,0.0,0.0,0.0,0.0,0.0,0.0,0.0,0.0,0.0,0.0,0.0,0.0,0.0,0.0,0.0,0.0,0.0,0.0,0.0,0.0,0.0,0.0,0.0,0.0,0.0,0.0,0.0,0.0,0.0,0.0,0.0,0.0,0.0,0.0,0.0,0.0,0.0,0.0,0.0,0.0,0.0,0.0,0.0,0.0,0.0,0.0,0.0,0.0,0.0,0.0,0.0,0.0,0.0,0.0,0.0,0.0,0.0,0.0,0.0,0.0,0.0,0.0,0.0,0.0,0.0
1107,-0.5593224553493716,-0.9244663619192756,-1.2044471317434549,-1.3795356140434885,-1.4857266857881575,-1.4732954653917227,-1.3240589737668618,-1.1121097583510318,-0.7743640141473994,-0.41855898459173246,-0.062259180094913914,0.2859386847405467,0.607542396489107,0.8796686141225043,1.1215517134780082,1.2501931981774324,1.3128440751007575,1.3234198894678737,1.2543369383095773,1.0817841775829458,0.8188731432284976,0.5495918815067222,0.30102932044567143,-0.06862940746224117,0.0,0.0,0.0,0.0,0.0,0.0,0.0,0.0,0.0,0.0,0.0,0.0,0.0,0.0,0.0,0.0,0.0,0.0,0.0,0.0,0.0,0.0,0.0,0.0,0.0,0.0,0.0,0.0,0.0,0.0,0.0,0.0,0.0,0.0,0.0,0.0,0.0,0.0,0.0,0.0,0.0,0.0,0.0,0.0,0.0,0.0,0.0,0.0,0.0,0.0,0.0,0.0,0.0,0.0,0.0,0.0,0.0,0.0,0.0,0.0,0.0,0.0,0.0,0.0,0.0,0.0,0.0,0.0,0.0,0.0,0.0,0.0
1108,-0.20310719913164998,-0.6381397978735348,-0.9757928367997181,-1.2357992857175737,-1.400391911275635,-1.46881466099086,-1.445981876003017,-1.3859513088495488,-1.1094629158013956,-0.6494805851191523,-0.13135781849104367,0.3088915423838252,0.6856324946832365,0.9494948112646022,1.127545171020796,1.2428431746845732,1.3116439506413191,1.3251016848394517,1.2373995968066769,1.0248732438238062,0.767286162851682,0.5127988970600268,0.2597481309861497,-0.10897866499302526,0.0,0.0,0.0,0.0,0.0,0.0,0.0,0.0,0.0,0.0,0.0,0.0,0.0,0.0,0.0,0.0,0.0,0.0,0.0,0.0,0.0,0.0,0.0,0.0,0.0,0.0,0.0,0.0,0.0,0.0,0.0,0.0,0.0,0.0,0.0,0.0,0.0,0.0,0.0,0.0,0.0,0.0,0.0,0.0,0.0,0.0,0.0,0.0,0.0,0.0,0.0,0.0,0.0,0.0,0.0,0.0,0.0,0.0,0.0,0.0,0.0,0.0,0.0,0.0,0.0,0.0,0.0,0.0,0.0,0.0,0.0,0.0
1109,-0.4205884652230451,-0.7540815017797735,-1.020341808043684,-1.211290773920009,-1.332736986832259,-1.382543954854545,-1.4054444776851671,-1.3828777817179652,-1.1189542634979959,-0.6791039882556081,-0.27216904174644707,0.10098262618459493,0.42739853323681615,0.7106172441624701,0.9381536342696434,1.0915136953248596,1.2277818209729643,1.3091020449021125,1.342084139008023,1.2488796787411176,1.0143329245021213,0.7937401331540871,0.5781547447573552,0.1973918243403338,0.0,0.0,0.0,0.0,0.0,0.0,0.0,0.0,0.0,0.0,0.0,0.0,0.0,0.0,0.0,0.0,0.0,0.0,0.0,0.0,0.0,0.0,0.0,0.0,0.0,0.0,0.0,0.0,0.0,0.0,0.0,0.0,0.0,0.0,0.0,0.0,0.0,0.0,0.0,0.0,0.0,0.0,0.0,0.0,0.0,0.0,0.0,0.0,0.0,0.0,0.0,0.0,0.0,0.0,0.0,0.0,0.0,0.0,0.0,0.0,0.0,0.0,0.0,0.0,0.0,0.0,0.0,0.0,0.0,0.0,0.0,0.0
1110,-0.6831069208089057,-1.0192954424661158,-1.2717909196663413,-1.435829286802031,-1.5099298207789458,-1.4696284009096594,-1.2725634708459443,-1.0071921406523365,-0.6693297581059867,-0.30455684280346806,0.06504451737156894,0.438186737119786,0.7693536761095771,1.0247462202333137,1.1900077934033746,1.2406098956673668,1.2517475085066423,1.2464684087793556,1.168054464049658,1.01148409165013,0.7501686551494375,0.4841535323061606,0.22785967847288727,-0.2246621749795313,0.0,0.0,0.0,0.0,0.0,0.0,0.0,0.0,0.0,0.0,0.0,0.0,0.0,0.0,0.0,0.0,0.0,0.0,0.0,0.0,0.0,0.0,0.0,0.0,0.0,0.0,0.0,0.0,0.0,0.0,0.0,0.0,0.0,0.0,0.0,0.0,0.0,0.0,0.0,0.0,0.0,0.0,0.0,0.0,0.0,0.0,0.0,0.0,0.0,0.0,0.0,0.0,0.0,0.0,0.0,0.0,0.0,0.0,0.0,0.0,0.0,0.0,0.0,0.0,0.0,0.0,0.0,0.0,0.0,0.0,0.0,0.0
1111,-0.4483439603719809,-0.8844849326752671,-1.2021487929698333,-1.4282130086474885,-1.5438324588932861,-1.5125526477045432,-1.3481212451839666,-1.068533797027796,-0.6717822165918156,-0.2964244823269014,-0.011739583458491144,0.33426919216019524,0.651469647844558,0.894525365896345,1.1073825501831975,1.2560581959568518,1.3143699427408047,1.336845066335679,1.2507290429395104,1.078728698452275,0.7747352741587149,0.49908676518927486,0.2103084589307328,-0.29233107493676963,0.0,0.0,0.0,0.0,0.0,0.0,0.0,0.0,0.0,0.0,0.0,0.0,0.0,0.0,0.0,0.0,0.0,0.0,0.0,0.0,0.0,0.0,0.0,0.0,0.0,0.0,0.0,0.0,0.0,0.0,0.0,0.0,0.0,0.0,0.0,0.0,0.0,0.0,0.0,0.0,0.0,0.0,0.0,0.0,0.0,0.0,0.0,0.0,0.0,0.0,0.0,0.0,0.0,0.0,0.0,0.0,0.0,0.0,0.0,0.0,0.0,0.0,0.0,0.0,0.0,0.0,0.0,0.0,0.0,0.0,0.0,0.0
1112,-0.5031826542803304,-0.9413623569754945,-1.2493787643657375,-1.430615807344718,-1.5274906661841121,-1.4856243583834967,-1.3079286384327637,-1.066882584310047,-0.6966962837572357,-0.3448461668840175,-0.016368781997233146,0.2818893130485054,0.5501642064550814,0.8344144015224184,1.0801035236155043,1.2108176913914863,1.2995868552995584,1.3376757518700433,1.2841624261098579,1.1198450375991713,0.8280400200715728,0.5745599873163423,0.34594791182613893,-0.1768300632104946,0.0,0.0,0.0,0.0,0.0,0.0,0.0,0.0,0.0,0.0,0.0,0.0,0.0,0.0,0.0,0.0,0.0,0.0,0.0,0.0,0.0,0.0,0.0,0.0,0.0,0.0,0.0,0.0,0.0,0.0,0.0,0.0,0.0,0.0,0.0,0.0,0.0,0.0,0.0,0.0,0.0,0.0,0.0,0.0,0.0,0.0,0.0,0.0,0.0,0.0,0.0,0.0,0.0,0.0,0.0,0.0,0.0,0.0,0.0,0.0,0.0,0.0,0.0,0.0,0.0,0.0,0.0,0.0,0.0,0.0,0.0,0.0
1113,-0.6403381009651702,-0.9981827041771277,-1.2608695915169428,-1.4298318611152199,-1.5048545482523685,-1.4655160045672735,-1.2753438826360488,-1.0014788298775181,-0.6960139633391571,-0.392412124370582,-0.1281488290871019,0.1959463131491184,0.4981867088936192,0.767394192727685,1.0075097845104783,1.1981834907874145,1.3115415529182348,1.3468674218376373,1.284527653156339,1.1453021697681065,0.8882760200441794,0.6695135904073939,0.4499629567987759,0.029778584905520152,0.0,0.0,0.0,0.0,0.0,0.0,0.0,0.0,0.0,0.0,0.0,0.0,0.0,0.0,0.0,0.0,0.0,0.0,0.0,0.0,0.0,0.0,0.0,0.0,0.0,0.0,0.0,0.0,0.0,0.0,0.0,0.0,0.0,0.0,0.0,0.0,0.0,0.0,0.0,0.0,0.0,0.0,0.0,0.0,0.0,0.0,0.0,0.0,0.0,0.0,0.0,0.0,0.0,0.0,0.0,0.0,0.0,0.0,0.0,0.0,0.0,0.0,0.0,0.0,0.0,0.0,0.0,0.0,0.0,0.0,0.0,0.0
1114,-0.5210088670340187,-0.9450156666508891,-1.2489007702534598,-1.448289764315136,-1.551320975124149,-1.4997239864567602,-1.2921152828439701,-1.020295184817032,-0.637224166429967,-0.3096565333286421,0.03247870382861752,0.3932507081859277,0.7033209397675546,0.946494129259917,1.149952286465709,1.2576223432590141,1.3116608298128722,1.3345295266828034,1.2358930120694354,1.0067177437928314,0.7069831865972588,0.46193818205860304,0.19207128234084067,-0.2593616768673704,0.0,0.0,0.0,0.0,0.0,0.0,0.0,0.0,0.0,0.0,0.0,0.0,0.0,0.0,0.0,0.0,0.0,0.0,0.0,0.0,0.0,0.0,0.0,0.0,0.0,0.0,0.0,0.0,0.0,0.0,0.0,0.0,0.0,0.0,0.0,0.0,0.0,0.0,0.0,0.0,0.0,0.0,0.0,0.0,0.0,0.0,0.0,0.0,0.0,0.0,0.0,0.0,0.0,0.0,0.0,0.0,0.0,0.0,0.0,0.0,0.0,0.0,0.0,0.0,0.0,0.0,0.0,0.0,0.0,0.0,0.0,0.0
1115,-0.021848971260279418,-0.5011178638044699,-0.9452100886790072,-1.2608493769580553,-1.440218691381691,-1.49852956391517,-1.4557471302628893,-1.4071547364849903,-1.1053537168687786,-0.6658038244560883,-0.23121880705983539,0.1275198217874361,0.44875779891480727,0.7202413902391558,0.943766401617491,1.1265160564778502,1.2736665011139658,1.3601820891663556,1.3564848418136894,1.1894748971118236,0.9205265611150176,0.6879168848129883,0.4258348653282767,-0.0478353383675906,0.0,0.0,0.0,0.0,0.0,0.0,0.0,0.0,0.0,0.0,0.0,0.0,0.0,0.0,0.0,0.0,0.0,0.0,0.0,0.0,0.0,0.0,0.0,0.0,0.0,0.0,0.0,0.0,0.0,0.0,0.0,0.0,0.0,0.0,0.0,0.0,0.0,0.0,0.0,0.0,0.0,0.0,0.0,0.0,0.0,0.0,0.0,0.0,0.0,0.0,0.0,0.0,0.0,0.0,0.0,0.0,0.0,0.0,0.0,0.0,0.0,0.0,0.0,0.0,0.0,0.0,0.0,0.0,0.0,0.0,0.0,0.0
1116,-0.22247804912620933,-0.6220991198114183,-0.9154586381896084,-1.1580649219955876,-1.3187673243886682,-1.4120251798836867,-1.4068819266669998,-1.4129956050189105,-1.1542802639682144,-0.8219096551540228,-0.38812961970893195,-0.009081561890470017,0.30543322443560145,0.6051975487062694,0.8558583611346071,1.0394627967189722,1.1906550327868584,1.3381596533408937,1.4003639045087468,1.2823602080655185,1.0675080831269435,0.9036032777876238,0.6614822065492565,0.19208756864144794,0.0,0.0,0.0,0.0,0.0,0.0,0.0,0.0,0.0,0.0,0.0,0.0,0.0,0.0,0.0,0.0,0.0,0.0,0.0,0.0,0.0,0.0,0.0,0.0,0.0,0.0,0.0,0.0,0.0,0.0,0.0,0.0,0.0,0.0,0.0,0.0,0.0,0.0,0.0,0.0,0.0,0.0,0.0,0.0,0.0,0.0,0.0,0.0,0.0,0.0,0.0,0.0,0.0,0.0,0.0,0.0,0.0,0.0,0.0,0.0,0.0,0.0,0.0,0.0,0.0,0.0,0.0,0.0,0.0,0.0,0.0,0.0
1117,-0.8036958168162345,-1.103427325776808,-1.3125128029618256,-1.4445667885523632,-1.490418866882411,-1.4112711255188515,-1.21170877229469,-0.9696803403710073,-0.6547118330730639,-0.3755784885315272,-0.08501739523696317,0.23898044440905106,0.5157153725456315,0.7712878029914206,0.988203404322031,1.127805347422284,1.2325597109917008,1.3016199951226497,1.280810205726705,1.1872719659334074,0.9544139496757343,0.7470214723059799,0.4776228767022072,0.03927700786695085,0.0,0.0,0.0,0.0,0.0,0.0,0.0,0.0,0.0,0.0,0.0,0.0,0.0,0.0,0.0,0.0,0.0,0.0,0.0,0.0,0.0,0.0,0.0,0.0,0.0,0.0,0.0,0.0,0.0,0.0,0.0,0.0,0.0,0.0,0.0,0.0,0.0,0.0,0.0,0.0,0.0,0.0,0.0,0.0,0.0,0.0,0.0,0.0,0.0,0.0,0.0,0.0,0.0,0.0,0.0,0.0,0.0,0.0,0.0,0.0,0.0,0.0,0.0,0.0,0.0,0.0,0.0,0.0,0.0,0.0,0.0,0.0
1118,-0.6398789435689518,-0.9687617037747736,-1.2127412065538885,-1.3857668022576037,-1.4730173061376555,-1.429358522105439,-1.2494253154104513,-1.0436053335442876,-0.7790371261601182,-0.458269132264432,-0.12174105503914383,0.21485408637052564,0.5205326387804228,0.7846984610583044,0.9977613748376469,1.1650194506845717,1.2894905768962366,1.3627246662405998,1.3429407318481208,1.2057274106040117,0.9461219528640574,0.6682079727880124,0.3838558310113639,-0.12033270716713684,0.0,0.0,0.0,0.0,0.0,0.0,0.0,0.0,0.0,0.0,0.0,0.0,0.0,0.0,0.0,0.0,0.0,0.0,0.0,0.0,0.0,0.0,0.0,0.0,0.0,0.0,0.0,0.0,0.0,0.0,0.0,0.0,0.0,0.0,0.0,0.0,0.0,0.0,0.0,0.0,0.0,0.0,0.0,0.0,0.0,0.0,0.0,0.0,0.0,0.0,0.0,0.0,0.0,0.0,0.0,0.0,0.0,0.0,0.0,0.0,0.0,0.0,0.0,0.0,0.0,0.0,0.0,0.0,0.0,0.0,0.0,0.0
1119,-0.6128239139297111,-0.9419214445134597,-1.2042916137236759,-1.3786646698300207,-1.4723683016908122,-1.4433169334737639,-1.284377416732726,-1.050993768935502,-0.7456950154402728,-0.42943715205959465,-0.09865360457039236,0.23919824456090422,0.5636268052526272,0.8318331868278753,1.0618448008141919,1.2240266577580254,1.338092186092373,1.3805668427489948,1.3390648881532117,1.1263673708498234,0.8516763088689842,0.5862583398681401,0.28763880719066975,-0.16765060408588173,0.0,0.0,0.0,0.0,0.0,0.0,0.0,0.0,0.0,0.0,0.0,0.0,0.0,0.0,0.0,0.0,0.0,0.0,0.0,0.0,0.0,0.0,0.0,0.0,0.0,0.0,0.0,0.0,0.0,0.0,0.0,0.0,0.0,0.0,0.0,0.0,0.0,0.0,0.0,0.0,0.0,0.0,0.0,0.0,0.0,0.0,0.0,0.0,0.0,0.0,0.0,0.0,0.0,0.0,0.0,0.0,0.0,0.0,0.0,0.0,0.0,0.0,0.0,0.0,0.0,0.0,0.0,0.0,0.0,0.0,0.0,0.0
1120,-0.464957771873491,-0.9113269576909054,-1.230301016401389,-1.4089945630113017,-1.5143467673618172,-1.483146306842626,-1.274143741442642,-1.0526609918349816,-0.7434927921448152,-0.38075704855027137,0.007830505188745038,0.4339396517079835,0.7818450465362624,1.0425512322251917,1.2222983008786095,1.3210052123393232,1.3312973123027967,1.282186977044018,1.1535762475791964,0.9255292452389269,0.641969735221655,0.46530219254156,0.21342938398663547,-0.35863308563666313,0.0,0.0,0.0,0.0,0.0,0.0,0.0,0.0,0.0,0.0,0.0,0.0,0.0,0.0,0.0,0.0,0.0,0.0,0.0,0.0,0.0,0.0,0.0,0.0,0.0,0.0,0.0,0.0,0.0,0.0,0.0,0.0,0.0,0.0,0.0,0.0,0.0,0.0,0.0,0.0,0.0,0.0,0.0,0.0,0.0,0.0,0.0,0.0,0.0,0.0,0.0,0.0,0.0,0.0,0.0,0.0,0.0,0.0,0.0,0.0,0.0,0.0,0.0,0.0,0.0,0.0,0.0,0.0,0.0,0.0,0.0,0.0
1121,-0.5413374082249507,-0.9166768812546208,-1.1889854074377812,-1.3979237996468197,-1.5112404078536406,-1.4730614275501117,-1.3204326729576936,-1.053441310698084,-0.6987603270107342,-0.3389365126432289,0.005284476440414247,0.33817380470337527,0.650578976867411,0.9166986729100451,1.1432447227019895,1.266672659025727,1.3615099434326663,1.3633404424883149,1.2748663214652969,1.0503251039723964,0.7249321051754251,0.4622119073789954,0.17839738713175768,-0.2954403684161491,0.0,0.0,0.0,0.0,0.0,0.0,0.0,0.0,0.0,0.0,0.0,0.0,0.0,0.0,0.0,0.0,0.0,0.0,0.0,0.0,0.0,0.0,0.0,0.0,0.0,0.0,0.0,0.0,0.0,0.0,0.0,0.0,0.0,0.0,0.0,0.0,0.0,0.0,0.0,0.0,0.0,0.0,0.0,0.0,0.0,0.0,0.0,0.0,0.0,0.0,0.0,0.0,0.0,0.0,0.0,0.0,0.0,0.0,0.0,0.0,0.0,0.0,0.0,0.0,0.0,0.0,0.0,0.0,0.0,0.0,0.0,0.0
1122,-0.30101754619720184,-0.7370409849194555,-1.0231026051216277,-1.2571816621813345,-1.4085086793294,-1.4513549131922803,-1.3899209749330033,-1.3420340076744899,-1.0759252904966983,-0.6076621610982087,-0.11072986051205645,0.3007200029064863,0.6281576430644793,0.8936362685678167,1.060085485902781,1.1897793555612548,1.293849497125261,1.3441518158025152,1.3162177515683824,1.117213797719955,0.7921915089807029,0.5891969745273993,0.3147920503026284,-0.13551346637391865,0.0,0.0,0.0,0.0,0.0,0.0,0.0,0.0,0.0,0.0,0.0,0.0,0.0,0.0,0.0,0.0,0.0,0.0,0.0,0.0,0.0,0.0,0.0,0.0,0.0,0.0,0.0,0.0,0.0,0.0,0.0,0.0,0.0,0.0,0.0,0.0,0.0,0.0,0.0,0.0,0.0,0.0,0.0,0.0,0.0,0.0,0.0,0.0,0.0,0.0,0.0,0.0,0.0,0.0,0.0,0.0,0.0,0.0,0.0,0.0,0.0,0.0,0.0,0.0,0.0,0.0,0.0,0.0,0.0,0.0,0.0,0.0
1123,-0.3724987681262606,-0.7640705761997629,-1.047907838729973,-1.212885276080028,-1.3158654286161142,-1.3616026893454378,-1.3521889911911695,-1.3224264909660586,-1.1556423842732653,-0.777097613039508,-0.3398836320968261,0.07555522887285135,0.405985542873682,0.7340386603709096,0.9789849881021728,1.141109789647904,1.246942577988314,1.3108416200051654,1.315976364452948,1.175626682880221,0.9670990055841573,0.8733423754820512,0.6416132603108211,0.15495359209319481,0.0,0.0,0.0,0.0,0.0,0.0,0.0,0.0,0.0,0.0,0.0,0.0,0.0,0.0,0.0,0.0,0.0,0.0,0.0,0.0,0.0,0.0,0.0,0.0,0.0,0.0,0.0,0.0,0.0,0.0,0.0,0.0,0.0,0.0,0.0,0.0,0.0,0.0,0.0,0.0,0.0,0.0,0.0,0.0,0.0,0.0,0.0,0.0,0.0,0.0,0.0,0.0,0.0,0.0,0.0,0.0,0.0,0.0,0.0,0.0,0.0,0.0,0.0,0.0,0.0,0.0,0.0,0.0,0.0,0.0,0.0,0.0
1124,-0.8670699042489419,-1.1419182698208423,-1.3528407674062137,-1.4982762254218382,-1.5422355305282558,-1.4349255259133373,-1.2138143295743289,-0.9432386441249215,-0.6066829175531716,-0.23693175310666903,0.1179471978365409,0.43782303854548194,0.7071662201134009,0.9296742541847629,1.1015674621896703,1.1778183689910824,1.2140539831068398,1.187514066192124,1.1332838954066369,1.01701769591957,0.8052735290798729,0.6713414406248064,0.4084072792406268,-0.07095456373290564,0.0,0.0,0.0,0.0,0.0,0.0,0.0,0.0,0.0,0.0,0.0,0.0,0.0,0.0,0.0,0.0,0.0,0.0,0.0,0.0,0.0,0.0,0.0,0.0,0.0,0.0,0.0,0.0,0.0,0.0,0.0,0.0,0.0,0.0,0.0,0.0,0.0,0.0,0.0,0.0,0.0,0.0,0.0,0.0,0.0,0.0,0.0,0.0,0.0,0.0,0.0,0.0,0.0,0.0,0.0,0.0,0.0,0.0,0.0,0.0,0.0,0.0,0.0,0.0,0.0,0.0,0.0,0.0,0.0,0.0,0.0,0.0
1125,-0.6837643561361179,-1.0463678854699239,-1.302363080213977,-1.5295817498604338,-1.584720662044083,-1.5111377354522428,-1.2394023608729272,-0.8988157702043963,-0.5830465182945307,-0.25250274175402,0.08470405569835025,0.38705070026403504,0.6371553982599225,0.8735477923502439,1.0737281162674157,1.1764738300386992,1.2329646595088126,1.2606789638813298,1.2066022724227596,1.0655200470281683,0.8235268527510664,0.6538612332998023,0.37594566541093577,-0.22005672687887784,0.0,0.0,0.0,0.0,0.0,0.0,0.0,0.0,0.0,0.0,0.0,0.0,0.0,0.0,0.0,0.0,0.0,0.0,0.0,0.0,0.0,0.0,0.0,0.0,0.0,0.0,0.0,0.0,0.0,0.0,0.0,0.0,0.0,0.0,0.0,0.0,0.0,0.0,0.0,0.0,0.0,0.0,0.0,0.0,0.0,0.0,0.0,0.0,0.0,0.0,0.0,0.0,0.0,0.0,0.0,0.0,0.0,0.0,0.0,0.0,0.0,0.0,0.0,0.0,0.0,0.0,0.0,0.0,0.0,0.0,0.0,0.0
1126,-0.7135287990621526,-1.0261782983180752,-1.2435068538959206,-1.4044258652686343,-1.5058991246744666,-1.4449352688267108,-1.1903732180653077,-0.9338136621974908,-0.694352750040578,-0.43188057905777555,-0.11571547081456426,0.21027736255220403,0.5303575808039868,0.8196762204169937,1.074717672403936,1.2440262052235884,1.361799106297759,1.389124976153503,1.2864532136838223,1.1066777541065602,0.8390120698470814,0.6306323371459707,0.3346020803754127,-0.12274668878914162,0.0,0.0,0.0,0.0,0.0,0.0,0.0,0.0,0.0,0.0,0.0,0.0,0.0,0.0,0.0,0.0,0.0,0.0,0.0,0.0,0.0,0.0,0.0,0.0,0.0,0.0,0.0,0.0,0.0,0.0,0.0,0.0,0.0,0.0,0.0,0.0,0.0,0.0,0.0,0.0,0.0,0.0,0.0,0.0,0.0,0.0,0.0,0.0,0.0,0.0,0.0,0.0,0.0,0.0,0.0,0.0,0.0,0.0,0.0,0.0,0.0,0.0,0.0,0.0,0.0,0.0,0.0,0.0,0.0,0.0,0.0,0.0
1127,-0.6428543635046605,-0.9841630712058042,-1.2452113620572598,-1.4113864062757813,-1.4791635012000832,-1.4245306099501585,-1.1954249369666023,-0.9947371791896606,-0.7616662157121584,-0.4776339262569038,-0.15615167102549096,0.1828072349014624,0.5020131196641283,0.7778211029097168,1.0416597833680235,1.2335357844917516,1.3467668574855476,1.3899444650862947,1.310051204763824,1.1411592022438948,0.8771002278692578,0.6598169950620969,0.37086480814213124,-0.06061754264356585,0.0,0.0,0.0,0.0,0.0,0.0,0.0,0.0,0.0,0.0,0.0,0.0,0.0,0.0,0.0,0.0,0.0,0.0,0.0,0.0,0.0,0.0,0.0,0.0,0.0,0.0,0.0,0.0,0.0,0.0,0.0,0.0,0.0,0.0,0.0,0.0,0.0,0.0,0.0,0.0,0.0,0.0,0.0,0.0,0.0,0.0,0.0,0.0,0.0,0.0,0.0,0.0,0.0,0.0,0.0,0.0,0.0,0.0,0.0,0.0,0.0,0.0,0.0,0.0,0.0,0.0,0.0,0.0,0.0,0.0,0.0,0.0
1128,-0.6510381867903539,-0.9767421482751248,-1.2188185085035377,-1.3625450450679217,-1.450475030954832,-1.4016026305421532,-1.2420782754124604,-1.047193696600417,-0.7723788783238961,-0.5087905949427223,-0.13918886527434846,0.20587582704790736,0.5379661407186542,0.8267637090444697,1.0860496077950914,1.2631196252462549,1.3599232794336789,1.3774689417551496,1.3138743189348001,1.1273256103444513,0.8204445816183462,0.6157451878678555,0.32197298731296403,-0.08567795643185565,0.0,0.0,0.0,0.0,0.0,0.0,0.0,0.0,0.0,0.0,0.0,0.0,0.0,0.0,0.0,0.0,0.0,0.0,0.0,0.0,0.0,0.0,0.0,0.0,0.0,0.0,0.0,0.0,0.0,0.0,0.0,0.0,0.0,0.0,0.0,0.0,0.0,0.0,0.0,0.0,0.0,0.0,0.0,0.0,0.0,0.0,0.0,0.0,0.0,0.0,0.0,0.0,0.0,0.0,0.0,0.0,0.0,0.0,0.0,0.0,0.0,0.0,0.0,0.0,0.0,0.0,0.0,0.0,0.0,0.0,0.0,0.0
1129,-0.35289945357219477,-0.7277406198493475,-1.0175109290486921,-1.2395627772552438,-1.3760290786696014,-1.4169836745143198,-1.3869846168758189,-1.3269865015988167,-1.0904498142874004,-0.6706100615524963,-0.2744460356793501,0.15127588521996607,0.50214721622714,0.7719181536674838,1.0067637176316317,1.1517591628843866,1.28859309980902,1.349032377698353,1.3316799816133378,1.1938901923619873,0.9286044081470076,0.7180227878610592,0.4525899494419691,0.033926630339947306,0.0,0.0,0.0,0.0,0.0,0.0,0.0,0.0,0.0,0.0,0.0,0.0,0.0,0.0,0.0,0.0,0.0,0.0,0.0,0.0,0.0,0.0,0.0,0.0,0.0,0.0,0.0,0.0,0.0,0.0,0.0,0.0,0.0,0.0,0.0,0.0,0.0,0.0,0.0,0.0,0.0,0.0,0.0,0.0,0.0,0.0,0.0,0.0,0.0,0.0,0.0,0.0,0.0,0.0,0.0,0.0,0.0,0.0,0.0,0.0,0.0,0.0,0.0,0.0,0.0,0.0,0.0,0.0,0.0,0.0,0.0,0.0
1130,-0.4554691357746163,-0.7370944758643009,-0.9737987722193878,-1.159725556387372,-1.2852213089410478,-1.3526028745429444,-1.3705584206775472,-1.3601969764923463,-1.177359318541068,-0.8055057502050995,-0.3527556890691463,0.05996444484199353,0.4645756224342804,0.8045082198642882,1.03722239485613,1.1983074556981046,1.288793111129114,1.3299171038890107,1.2999911936646726,1.1524854168169676,0.9188058898824053,0.7874536688762247,0.516189772971741,0.17207398378994387,0.0,0.0,0.0,0.0,0.0,0.0,0.0,0.0,0.0,0.0,0.0,0.0,0.0,0.0,0.0,0.0,0.0,0.0,0.0,0.0,0.0,0.0,0.0,0.0,0.0,0.0,0.0,0.0,0.0,0.0,0.0,0.0,0.0,0.0,0.0,0.0,0.0,0.0,0.0,0.0,0.0,0.0,0.0,0.0,0.0,0.0,0.0,0.0,0.0,0.0,0.0,0.0,0.0,0.0,0.0,0.0,0.0,0.0,0.0,0.0,0.0,0.0,0.0,0.0,0.0,0.0,0.0,0.0,0.0,0.0,0.0,0.0
1131,-0.6430757264881567,-0.9992805180852478,-1.2614937092748344,-1.4223489651342487,-1.5098950224844185,-1.437577445983995,-1.2250870155224174,-0.9727900444210378,-0.7548456929109464,-0.4167025879030894,-0.04222361928630263,0.34096745697940883,0.6849186337532156,0.9737639588939867,1.2189070855031598,1.2978118653478923,1.2898080591338397,1.256872042412295,1.1669177601835605,1.0279490186616889,0.7801143466000023,0.589014619471557,0.26588750488298474,-0.20761200432889712,0.0,0.0,0.0,0.0,0.0,0.0,0.0,0.0,0.0,0.0,0.0,0.0,0.0,0.0,0.0,0.0,0.0,0.0,0.0,0.0,0.0,0.0,0.0,0.0,0.0,0.0,0.0,0.0,0.0,0.0,0.0,0.0,0.0,0.0,0.0,0.0,0.0,0.0,0.0,0.0,0.0,0.0,0.0,0.0,0.0,0.0,0.0,0.0,0.0,0.0,0.0,0.0,0.0,0.0,0.0,0.0,0.0,0.0,0.0,0.0,0.0,0.0,0.0,0.0,0.0,0.0,0.0,0.0,0.0,0.0,0.0,0.0
1132,-0.44499561943572014,-0.8931901913738537,-1.2271608326258128,-1.460727018002023,-1.5845051534954058,-1.5200142710467515,-1.268533951657026,-0.9521362228183247,-0.6499844957903709,-0.3632730461740658,-0.056088300542314964,0.3149048843375752,0.6655100786020839,0.9454824016133048,1.1685560227815992,1.3004381712810957,1.3564838191233786,1.3182669998945464,1.202848793607471,0.9867702152444537,0.7334984824533767,0.547106183312756,0.19974259425069274,-0.31899954354066434,0.0,0.0,0.0,0.0,0.0,0.0,0.0,0.0,0.0,0.0,0.0,0.0,0.0,0.0,0.0,0.0,0.0,0.0,0.0,0.0,0.0,0.0,0.0,0.0,0.0,0.0,0.0,0.0,0.0,0.0,0.0,0.0,0.0,0.0,0.0,0.0,0.0,0.0,0.0,0.0,0.0,0.0,0.0,0.0,0.0,0.0,0.0,0.0,0.0,0.0,0.0,0.0,0.0,0.0,0.0,0.0,0.0,0.0,0.0,0.0,0.0,0.0,0.0,0.0,0.0,0.0,0.0,0.0,0.0,0.0,0.0,0.0
1133,-0.6917785158497336,-1.0321116022869907,-1.2549211120686048,-1.4078916561895047,-1.5009399457858037,-1.4431276298008016,-1.209416770897928,-0.9417359015075166,-0.7022578772630734,-0.44301676203105655,-0.1253303492521579,0.20466403834106597,0.5414805605456587,0.837293943797385,1.0991373165615734,1.245918707632984,1.3400922977837357,1.354861867560926,1.2623762282418534,1.1064517701655154,0.8481952929186445,0.6403663467681806,0.35580596906098033,-0.08411621644533158,0.0,0.0,0.0,0.0,0.0,0.0,0.0,0.0,0.0,0.0,0.0,0.0,0.0,0.0,0.0,0.0,0.0,0.0,0.0,0.0,0.0,0.0,0.0,0.0,0.0,0.0,0.0,0.0,0.0,0.0,0.0,0.0,0.0,0.0,0.0,0.0,0.0,0.0,0.0,0.0,0.0,0.0,0.0,0.0,0.0,0.0,0.0,0.0,0.0,0.0,0.0,0.0,0.0,0.0,0.0,0.0,0.0,0.0,0.0,0.0,0.0,0.0,0.0,0.0,0.0,0.0,0.0,0.0,0.0,0.0,0.0,0.0
1134,-0.5820038154649628,-0.9504525596533347,-1.2167367856870244,-1.3858484680140184,-1.474609876691915,-1.424895281846899,-1.259544676158799,-1.0687555157494526,-0.816284698462246,-0.46677810389157626,-0.07740409694863086,0.31039709612714067,0.6499881250134538,0.9088869641925882,1.1350302450075374,1.27460037991631,1.3400431134330641,1.318365635350712,1.226253449303619,1.0522181757402547,0.7970804132000143,0.6106677783341082,0.29227554504883363,-0.1924930420987849,0.0,0.0,0.0,0.0,0.0,0.0,0.0,0.0,0.0,0.0,0.0,0.0,0.0,0.0,0.0,0.0,0.0,0.0,0.0,0.0,0.0,0.0,0.0,0.0,0.0,0.0,0.0,0.0,0.0,0.0,0.0,0.0,0.0,0.0,0.0,0.0,0.0,0.0,0.0,0.0,0.0,0.0,0.0,0.0,0.0,0.0,0.0,0.0,0.0,0.0,0.0,0.0,0.0,0.0,0.0,0.0,0.0,0.0,0.0,0.0,0.0,0.0,0.0,0.0,0.0,0.0,0.0,0.0,0.0,0.0,0.0,0.0
1135,-0.5317951090000985,-0.9077837684097804,-1.1971916222898689,-1.3861295091604637,-1.4881846522084239,-1.435798358365758,-1.2109298146232481,-1.0108202109101248,-0.79410400107973,-0.41169915294292053,-0.008837985452562758,0.4076104052246536,0.742007064767896,1.0117134450270395,1.2371103807823718,1.3462610737168026,1.4092152078159141,1.3735864892370404,1.210992718434299,0.9515522401385599,0.6005489744780459,0.38881474648283254,0.06475947347625471,-0.3608980351387214,0.0,0.0,0.0,0.0,0.0,0.0,0.0,0.0,0.0,0.0,0.0,0.0,0.0,0.0,0.0,0.0,0.0,0.0,0.0,0.0,0.0,0.0,0.0,0.0,0.0,0.0,0.0,0.0,0.0,0.0,0.0,0.0,0.0,0.0,0.0,0.0,0.0,0.0,0.0,0.0,0.0,0.0,0.0,0.0,0.0,0.0,0.0,0.0,0.0,0.0,0.0,0.0,0.0,0.0,0.0,0.0,0.0,0.0,0.0,0.0,0.0,0.0,0.0,0.0,0.0,0.0,0.0,0.0,0.0,0.0,0.0,0.0
1136,-0.3741738761862867,-0.7403149013459077,-1.0271428134605392,-1.2234446370761303,-1.3442457593011092,-1.397245756613925,-1.339013037422552,-1.2770426597464952,-1.0764051522886713,-0.7009947340870345,-0.27871407848746355,0.17122524989876722,0.5637541439602555,0.8756991210919619,1.119842973311505,1.2709191292624225,1.3493352042710878,1.3653323825855341,1.3196581959026987,1.1324762589897361,0.8349586436089089,0.5926836206317078,0.30593046168676985,-0.12307797918523189,0.0,0.0,0.0,0.0,0.0,0.0,0.0,0.0,0.0,0.0,0.0,0.0,0.0,0.0,0.0,0.0,0.0,0.0,0.0,0.0,0.0,0.0,0.0,0.0,0.0,0.0,0.0,0.0,0.0,0.0,0.0,0.0,0.0,0.0,0.0,0.0,0.0,0.0,0.0,0.0,0.0,0.0,0.0,0.0,0.0,0.0,0.0,0.0,0.0,0.0,0.0,0.0,0.0,0.0,0.0,0.0,0.0,0.0,0.0,0.0,0.0,0.0,0.0,0.0,0.0,0.0,0.0,0.0,0.0,0.0,0.0,0.0
1137,-0.4402479198548311,-0.716591077444153,-0.9737871169892023,-1.1668199418114238,-1.2757955604676552,-1.318027856295802,-1.3197931934204514,-1.3334406073456244,-1.1835906444955915,-0.8318132736183739,-0.4136320678216581,0.01880763013568603,0.4229340365169252,0.7592986563443208,1.0119455579143126,1.1763256032518428,1.2884924082487863,1.3681362716031533,1.3403661606807866,1.208101671495529,0.9716143943742493,0.8255666961003842,0.5004051772563395,0.08154499564245098,0.0,0.0,0.0,0.0,0.0,0.0,0.0,0.0,0.0,0.0,0.0,0.0,0.0,0.0,0.0,0.0,0.0,0.0,0.0,0.0,0.0,0.0,0.0,0.0,0.0,0.0,0.0,0.0,0.0,0.0,0.0,0.0,0.0,0.0,0.0,0.0,0.0,0.0,0.0,0.0,0.0,0.0,0.0,0.0,0.0,0.0,0.0,0.0,0.0,0.0,0.0,0.0,0.0,0.0,0.0,0.0,0.0,0.0,0.0,0.0,0.0,0.0,0.0,0.0,0.0,0.0,0.0,0.0,0.0,0.0,0.0,0.0
1138,-0.7627205250431849,-1.056587536262811,-1.2659414090763004,-1.4019943002194175,-1.4578742426605649,-1.3865625146046023,-1.178474530454828,-0.961887008134394,-0.7721242694022129,-0.48754044171649913,-0.12109581377719514,0.24812171313977094,0.5761074378671526,0.8653328573198225,1.099642820932271,1.2408798275553652,1.2976639761848805,1.3119504339610963,1.2718036791975535,1.1207409653275262,0.8632230428802969,0.6940762052429081,0.3457157010709657,-0.08245606932759918,0.0,0.0,0.0,0.0,0.0,0.0,0.0,0.0,0.0,0.0,0.0,0.0,0.0,0.0,0.0,0.0,0.0,0.0,0.0,0.0,0.0,0.0,0.0,0.0,0.0,0.0,0.0,0.0,0.0,0.0,0.0,0.0,0.0,0.0,0.0,0.0,0.0,0.0,0.0,0.0,0.0,0.0,0.0,0.0,0.0,0.0,0.0,0.0,0.0,0.0,0.0,0.0,0.0,0.0,0.0,0.0,0.0,0.0,0.0,0.0,0.0,0.0,0.0,0.0,0.0,0.0,0.0,0.0,0.0,0.0,0.0,0.0
1139,-0.550226463157533,-0.9556964249753701,-1.2244461648941,-1.4204210137414077,-1.5121656631489824,-1.4566360069286084,-1.2352071914411538,-0.9766666305542444,-0.7582729764005743,-0.49773196827094324,-0.15496568037151603,0.2470552344761116,0.6002376442255717,0.8987871499669122,1.1371162956083936,1.272387917780013,1.3464734467001147,1.3408170096689709,1.2285160403189472,1.0370939334723162,0.8051800151954245,0.656181186082371,0.3118283365766474,-0.1392380261873604,0.0,0.0,0.0,0.0,0.0,0.0,0.0,0.0,0.0,0.0,0.0,0.0,0.0,0.0,0.0,0.0,0.0,0.0,0.0,0.0,0.0,0.0,0.0,0.0,0.0,0.0,0.0,0.0,0.0,0.0,0.0,0.0,0.0,0.0,0.0,0.0,0.0,0.0,0.0,0.0,0.0,0.0,0.0,0.0,0.0,0.0,0.0,0.0,0.0,0.0,0.0,0.0,0.0,0.0,0.0,0.0,0.0,0.0,0.0,0.0,0.0,0.0,0.0,0.0,0.0,0.0,0.0,0.0,0.0,0.0,0.0,0.0
1140,-0.5668602689176053,-0.9581196813786108,-1.2668255718894768,-1.4588969366566114,-1.5412923100972677,-1.477004940992418,-1.1962122624053058,-0.9503704044139425,-0.7129104174251796,-0.4529142678350854,-0.10546199250087811,0.26982442050234173,0.6030433299830767,0.8620905885162727,1.086345174963203,1.2439401646630381,1.3043528952855539,1.3435737256373441,1.2641040996221238,1.0593017798416056,0.8091108378394591,0.6979324356728921,0.32248787416018926,-0.17923827217470956,0.0,0.0,0.0,0.0,0.0,0.0,0.0,0.0,0.0,0.0,0.0,0.0,0.0,0.0,0.0,0.0,0.0,0.0,0.0,0.0,0.0,0.0,0.0,0.0,0.0,0.0,0.0,0.0,0.0,0.0,0.0,0.0,0.0,0.0,0.0,0.0,0.0,0.0,0.0,0.0,0.0,0.0,0.0,0.0,0.0,0.0,0.0,0.0,0.0,0.0,0.0,0.0,0.0,0.0,0.0,0.0,0.0,0.0,0.0,0.0,0.0,0.0,0.0,0.0,0.0,0.0,0.0,0.0,0.0,0.0,0.0,0.0
1141,-0.6363836419168848,-1.009803983395049,-1.2894937162318718,-1.4525459208475384,-1.5271999472814273,-1.447363699696695,-1.1895294212786465,-0.9238091541527927,-0.7077330635589314,-0.4459182384598003,-0.11936320130230674,0.2055395334592657,0.49882320873525743,0.7769357438305193,1.062558744361786,1.2328961004503773,1.3251997206588777,1.3412721166919284,1.2647404738990382,1.1004865948136109,0.8726941781395819,0.7500482775696217,0.3921745995439877,-0.07422530403191722,0.0,0.0,0.0,0.0,0.0,0.0,0.0,0.0,0.0,0.0,0.0,0.0,0.0,0.0,0.0,0.0,0.0,0.0,0.0,0.0,0.0,0.0,0.0,0.0,0.0,0.0,0.0,0.0,0.0,0.0,0.0,0.0,0.0,0.0,0.0,0.0,0.0,0.0,0.0,0.0,0.0,0.0,0.0,0.0,0.0,0.0,0.0,0.0,0.0,0.0,0.0,0.0,0.0,0.0,0.0,0.0,0.0,0.0,0.0,0.0,0.0,0.0,0.0,0.0,0.0,0.0,0.0,0.0,0.0,0.0,0.0,0.0
1142,-0.3801257596450055,-0.8551923667895267,-1.223524641561241,-1.4929300027170482,-1.602233865313645,-1.5308799875607129,-1.1820168456384827,-0.7977732490963778,-0.6598092416959718,-0.3506749901569532,0.017953768871352263,0.38342002916268564,0.6696261648586569,0.9332994970537022,1.1711786989253192,1.3225833259578563,1.3968032181911694,1.4213125834027027,1.2685243631727403,0.966308077620848,0.600150020730802,0.41998642080892507,0.011134630969756266,-0.5071198495515397,0.0,0.0,0.0,0.0,0.0,0.0,0.0,0.0,0.0,0.0,0.0,0.0,0.0,0.0,0.0,0.0,0.0,0.0,0.0,0.0,0.0,0.0,0.0,0.0,0.0,0.0,0.0,0.0,0.0,0.0,0.0,0.0,0.0,0.0,0.0,0.0,0.0,0.0,0.0,0.0,0.0,0.0,0.0,0.0,0.0,0.0,0.0,0.0,0.0,0.0,0.0,0.0,0.0,0.0,0.0,0.0,0.0,0.0,0.0,0.0,0.0,0.0,0.0,0.0,0.0,0.0,0.0,0.0,0.0,0.0,0.0,0.0
1143,-0.3202799934906803,-0.7029804770296926,-1.0019839121714202,-1.2222437976985598,-1.342152630300384,-1.3781936042020717,-1.3213137733524887,-1.3131148788156117,-1.1258213817388312,-0.7167307064092464,-0.26493745536676155,0.1722515147819115,0.5687876328519035,0.8659975598136894,1.1054736044116342,1.2458796733556503,1.3505863890036818,1.4004629974363492,1.3380318317440891,1.1100854825886273,0.8133879865353962,0.6495809061007107,0.2792641695184396,-0.19003713756633445,0.0,0.0,0.0,0.0,0.0,0.0,0.0,0.0,0.0,0.0,0.0,0.0,0.0,0.0,0.0,0.0,0.0,0.0,0.0,0.0,0.0,0.0,0.0,0.0,0.0,0.0,0.0,0.0,0.0,0.0,0.0,0.0,0.0,0.0,0.0,0.0,0.0,0.0,0.0,0.0,0.0,0.0,0.0,0.0,0.0,0.0,0.0,0.0,0.0,0.0,0.0,0.0,0.0,0.0,0.0,0.0,0.0,0.0,0.0,0.0,0.0,0.0,0.0,0.0,0.0,0.0,0.0,0.0,0.0,0.0,0.0,0.0
1144,-0.4219505751063282,-0.7085645232620994,-0.9794103242284172,-1.1730877684948344,-1.297162381228008,-1.3519527108560077,-1.3455021051875948,-1.3205756906911357,-1.144498047075573,-0.8578840989198018,-0.39885581407127024,0.0299103701106336,0.42721989702064816,0.7537320357921574,0.996386300874301,1.1386978111144685,1.2668339163055315,1.3454357409317461,1.3429669906142054,1.172702855810916,0.9819719845041441,0.9011403208814412,0.5418973311257637,0.10054848403510402,0.0,0.0,0.0,0.0,0.0,0.0,0.0,0.0,0.0,0.0,0.0,0.0,0.0,0.0,0.0,0.0,0.0,0.0,0.0,0.0,0.0,0.0,0.0,0.0,0.0,0.0,0.0,0.0,0.0,0.0,0.0,0.0,0.0,0.0,0.0,0.0,0.0,0.0,0.0,0.0,0.0,0.0,0.0,0.0,0.0,0.0,0.0,0.0,0.0,0.0,0.0,0.0,0.0,0.0,0.0,0.0,0.0,0.0,0.0,0.0,0.0,0.0,0.0,0.0,0.0,0.0,0.0,0.0,0.0,0.0,0.0,0.0
1145,-0.8076596058136472,-1.1401272769396351,-1.385021067651323,-1.5366012797289053,-1.5726048412895013,-1.4555497836552926,-1.105167296873549,-0.6988662350109762,-0.5358935916183261,-0.24360380803097437,0.10199559690093155,0.43811580325770466,0.7530165192261071,1.0193906956997931,1.2202801333929745,1.2448042985139602,1.250978822356478,1.2384558444223575,1.1391416721948193,0.941209048736083,0.7157084807973735,0.5809125377564942,0.17148073141039125,-0.3343953980533472,0.0,0.0,0.0,0.0,0.0,0.0,0.0,0.0,0.0,0.0,0.0,0.0,0.0,0.0,0.0,0.0,0.0,0.0,0.0,0.0,0.0,0.0,0.0,0.0,0.0,0.0,0.0,0.0,0.0,0.0,0.0,0.0,0.0,0.0,0.0,0.0,0.0,0.0,0.0,0.0,0.0,0.0,0.0,0.0,0.0,0.0,0.0,0.0,0.0,0.0,0.0,0.0,0.0,0.0,0.0,0.0,0.0,0.0,0.0,0.0,0.0,0.0,0.0,0.0,0.0,0.0,0.0,0.0,0.0,0.0,0.0,0.0
1146,-0.6299615499493775,-1.042434648780922,-1.3347438978564814,-1.5120576347999695,-1.589483308050517,-1.5174247546401871,-1.1767120358945162,-0.6791601484847062,-0.4949884250787179,-0.24820030353685646,0.02472767944902811,0.33115046588219715,0.599804631217538,0.8352621664300509,1.089007665542565,1.2467413541800736,1.34782211117084,1.3598484352572537,1.266321402486053,1.0488536578490844,0.776025065971352,0.6049729688414514,0.1429037070419694,-0.44827460424719356,0.0,0.0,0.0,0.0,0.0,0.0,0.0,0.0,0.0,0.0,0.0,0.0,0.0,0.0,0.0,0.0,0.0,0.0,0.0,0.0,0.0,0.0,0.0,0.0,0.0,0.0,0.0,0.0,0.0,0.0,0.0,0.0,0.0,0.0,0.0,0.0,0.0,0.0,0.0,0.0,0.0,0.0,0.0,0.0,0.0,0.0,0.0,0.0,0.0,0.0,0.0,0.0,0.0,0.0,0.0,0.0,0.0,0.0,0.0,0.0,0.0,0.0,0.0,0.0,0.0,0.0,0.0,0.0,0.0,0.0,0.0,0.0
1147,-0.585131114049104,-0.962574314504272,-1.2383319038779108,-1.4282024940612181,-1.5420482488408211,-1.460374212821476,-1.1940957905825562,-0.8470050747910838,-0.6300374714852972,-0.387313343338709,-0.11318348973567852,0.17751096906236566,0.47289713684628076,0.7604318732660853,1.0244123155935583,1.2286452802234094,1.3453635098923211,1.4464746259959886,1.3670985698880904,1.1666955717773175,0.856659782057928,0.6943649508119843,0.233524229403886,-0.3857813567310776,0.0,0.0,0.0,0.0,0.0,0.0,0.0,0.0,0.0,0.0,0.0,0.0,0.0,0.0,0.0,0.0,0.0,0.0,0.0,0.0,0.0,0.0,0.0,0.0,0.0,0.0,0.0,0.0,0.0,0.0,0.0,0.0,0.0,0.0,0.0,0.0,0.0,0.0,0.0,0.0,0.0,0.0,0.0,0.0,0.0,0.0,0.0,0.0,0.0,0.0,0.0,0.0,0.0,0.0,0.0,0.0,0.0,0.0,0.0,0.0,0.0,0.0,0.0,0.0,0.0,0.0,0.0,0.0,0.0,0.0,0.0,0.0
1148,-0.7450407739533115,-1.0708961340453689,-1.3117720052068793,-1.4666331043239678,-1.5284912703779803,-1.4367824412072476,-1.1684715675280581,-0.8443416792924585,-0.6126108089701745,-0.3925268736789808,-0.09755745981751816,0.21363138949464794,0.5119654734762034,0.7652647420042099,1.0211522183169033,1.218977566659791,1.3187961135558754,1.3741837601481712,1.2949846019367577,1.0829241107780927,0.862149986744316,0.7700960632022917,0.3886805093322928,-0.14768241724761755,0.0,0.0,0.0,0.0,0.0,0.0,0.0,0.0,0.0,0.0,0.0,0.0,0.0,0.0,0.0,0.0,0.0,0.0,0.0,0.0,0.0,0.0,0.0,0.0,0.0,0.0,0.0,0.0,0.0,0.0,0.0,0.0,0.0,0.0,0.0,0.0,0.0,0.0,0.0,0.0,0.0,0.0,0.0,0.0,0.0,0.0,0.0,0.0,0.0,0.0,0.0,0.0,0.0,0.0,0.0,0.0,0.0,0.0,0.0,0.0,0.0,0.0,0.0,0.0,0.0,0.0,0.0,0.0,0.0,0.0,0.0,0.0
1149,-0.6133229568787248,-1.0514986237657853,-1.3597489103865221,-1.55737170880591,-1.6612913735622148,-1.5955547038007787,-1.2644978174668904,-0.7924734415032978,-0.4757609776134278,-0.18866613416552339,0.1275303433054971,0.4649854612331201,0.719779554861041,0.9337075241160754,1.1117228386191793,1.1861280802172882,1.2146105305377848,1.2268910073064048,1.1292663768600648,0.9294764354815088,0.7295832968191829,0.6423815920336045,0.305545657808601,-0.16142205125026576,0.0,0.0,0.0,0.0,0.0,0.0,0.0,0.0,0.0,0.0,0.0,0.0,0.0,0.0,0.0,0.0,0.0,0.0,0.0,0.0,0.0,0.0,0.0,0.0,0.0,0.0,0.0,0.0,0.0,0.0,0.0,0.0,0.0,0.0,0.0,0.0,0.0,0.0,0.0,0.0,0.0,0.0,0.0,0.0,0.0,0.0,0.0,0.0,0.0,0.0,0.0,0.0,0.0,0.0,0.0,0.0,0.0,0.0,0.0,0.0,0.0,0.0,0.0,0.0,0.0,0.0,0.0,0.0,0.0,0.0,0.0,0.0
1150,-0.59888545161699,-0.9102501408266188,-1.1205125261669102,-1.2617516845046763,-1.346586399631128,-1.35031122135263,-1.2904100067292932,-1.198277681699491,-1.009299991910639,-0.6695050307858731,-0.26654013393522796,0.0834410743462982,0.38157884560610394,0.647181439380138,1.071355015012396,1.054403275341071,1.2384398750911958,1.34471131930874,1.3634114446860761,1.2310662484180186,1.0014956035417786,0.8904351028251605,0.5705565353949559,0.14425449020755385,0.0,0.0,0.0,0.0,0.0,0.0,0.0,0.0,0.0,0.0,0.0,0.0,0.0,0.0,0.0,0.0,0.0,0.0,0.0,0.0,0.0,0.0,0.0,0.0,0.0,0.0,0.0,0.0,0.0,0.0,0.0,0.0,0.0,0.0,0.0,0.0,0.0,0.0,0.0,0.0,0.0,0.0,0.0,0.0,0.0,0.0,0.0,0.0,0.0,0.0,0.0,0.0,0.0,0.0,0.0,0.0,0.0,0.0,0.0,0.0,0.0,0.0,0.0,0.0,0.0,0.0,0.0,0.0,0.0,0.0,0.0,0.0
1151,-0.6071107413336142,-0.8440229933156426,-1.021136584392766,-1.1542978336488359,-1.2485280026865542,-1.2950887920934269,-1.312369757349479,-1.273895155458646,-1.159188672872247,-0.7867023576172658,-0.38369720560820014,0.01832977855618332,0.39088130500080986,0.7081337426260694,0.9753039866036005,1.1419185761478017,1.2538861887690906,1.3416604500319065,1.3446601647555985,1.2197807365845046,1.0417541888523445,0.9171356054398325,0.5664298275264417,0.1661635454824862,0.0,0.0,0.0,0.0,0.0,0.0,0.0,0.0,0.0,0.0,0.0,0.0,0.0,0.0,0.0,0.0,0.0,0.0,0.0,0.0,0.0,0.0,0.0,0.0,0.0,0.0,0.0,0.0,0.0,0.0,0.0,0.0,0.0,0.0,0.0,0.0,0.0,0.0,0.0,0.0,0.0,0.0,0.0,0.0,0.0,0.0,0.0,0.0,0.0,0.0,0.0,0.0,0.0,0.0,0.0,0.0,0.0,0.0,0.0,0.0,0.0,0.0,0.0,0.0,0.0,0.0,0.0,0.0,0.0,0.0,0.0,0.0
1152,-0.8535933249332917,-1.1150991480000598,-1.3097764143787864,-1.4340507218015344,-1.4981346481766955,-1.421859456923391,-1.1507155134555778,-0.8534656677094368,-0.6656818914188748,-0.4039207539043968,-0.05796967725761041,0.31881061895013496,0.6394855652736506,0.930863178722466,1.137029595248134,1.2459850358082933,1.2895161491428153,1.291750150560276,1.2224322780070638,1.0326059861348236,0.8136100186117379,0.6711445567896664,0.2930238597314446,-0.12198977502084413,0.0,0.0,0.0,0.0,0.0,0.0,0.0,0.0,0.0,0.0,0.0,0.0,0.0,0.0,0.0,0.0,0.0,0.0,0.0,0.0,0.0,0.0,0.0,0.0,0.0,0.0,0.0,0.0,0.0,0.0,0.0,0.0,0.0,0.0,0.0,0.0,0.0,0.0,0.0,0.0,0.0,0.0,0.0,0.0,0.0,0.0,0.0,0.0,0.0,0.0,0.0,0.0,0.0,0.0,0.0,0.0,0.0,0.0,0.0,0.0,0.0,0.0,0.0,0.0,0.0,0.0,0.0,0.0,0.0,0.0,0.0,0.0
1153,-0.5260341048035593,-0.9321810811852639,-1.2389839333743093,-1.4547213383867506,-1.5666064287522452,-1.5139015839866679,-1.2224265793421993,-0.8317713847034095,-0.5957881061962598,-0.3965260881167595,-0.006444663172151669,0.3823252881857544,0.6912592849531902,0.9306032145262633,1.1580619147198516,1.3127338308514915,1.3747829249223191,1.3342911779329019,1.2195372390964971,0.9956031241671698,0.7410133141486885,0.5447840787384362,0.05462082570864951,-0.4542309259316374,0.0,0.0,0.0,0.0,0.0,0.0,0.0,0.0,0.0,0.0,0.0,0.0,0.0,0.0,0.0,0.0,0.0,0.0,0.0,0.0,0.0,0.0,0.0,0.0,0.0,0.0,0.0,0.0,0.0,0.0,0.0,0.0,0.0,0.0,0.0,0.0,0.0,0.0,0.0,0.0,0.0,0.0,0.0,0.0,0.0,0.0,0.0,0.0,0.0,0.0,0.0,0.0,0.0,0.0,0.0,0.0,0.0,0.0,0.0,0.0,0.0,0.0,0.0,0.0,0.0,0.0,0.0,0.0,0.0,0.0,0.0,0.0
1154,-0.24402142111379058,-0.8392826992240097,-1.2624519552348128,-1.557210404769487,-1.7083593782823956,-1.6304512375405875,-1.1810732521558123,-0.6399048766804583,-0.3737486477867856,-0.22475381641420367,0.08699842111637954,0.4474582059310116,0.743772424789255,0.9968841262776171,1.2078703814662615,1.2916425758122914,1.3407091467863947,1.2918819249389943,1.1330737793715917,0.856984561719747,0.6304406132954115,0.5017904576925797,-0.07851149999870552,-0.7897374299965005,0.0,0.0,0.0,0.0,0.0,0.0,0.0,0.0,0.0,0.0,0.0,0.0,0.0,0.0,0.0,0.0,0.0,0.0,0.0,0.0,0.0,0.0,0.0,0.0,0.0,0.0,0.0,0.0,0.0,0.0,0.0,0.0,0.0,0.0,0.0,0.0,0.0,0.0,0.0,0.0,0.0,0.0,0.0,0.0,0.0,0.0,0.0,0.0,0.0,0.0,0.0,0.0,0.0,0.0,0.0,0.0,0.0,0.0,0.0,0.0,0.0,0.0,0.0,0.0,0.0,0.0,0.0,0.0,0.0,0.0,0.0,0.0
1155,-0.7531957463082063,-1.1046069096409863,-1.3287637927494553,-1.4846990157814337,-1.5541273174647194,-1.4364333515096308,-1.1905569194788506,-0.8006260433137664,-0.5924339568490475,-0.33226346270700263,-0.027632866283816164,0.30540021719162347,0.6099379950296718,0.8717792237042024,1.0837768721595824,1.2128875240866552,1.2944750604230295,1.3290963926795343,1.2387839093401802,1.0285498140024234,0.8288042187852701,0.7167721865236047,0.30085210651985744,-0.21577613835870918,0.0,0.0,0.0,0.0,0.0,0.0,0.0,0.0,0.0,0.0,0.0,0.0,0.0,0.0,0.0,0.0,0.0,0.0,0.0,0.0,0.0,0.0,0.0,0.0,0.0,0.0,0.0,0.0,0.0,0.0,0.0,0.0,0.0,0.0,0.0,0.0,0.0,0.0,0.0,0.0,0.0,0.0,0.0,0.0,0.0,0.0,0.0,0.0,0.0,0.0,0.0,0.0,0.0,0.0,0.0,0.0,0.0,0.0,0.0,0.0,0.0,0.0,0.0,0.0,0.0,0.0,0.0,0.0,0.0,0.0,0.0,0.0
1156,-0.7447248728617266,-1.0760821129410199,-1.2633060305083663,-1.3992615758565148,-1.4813538773854142,-1.4579214005122227,-1.267159021672079,-0.8925539215919286,-0.6085334300953915,-0.36996250783611856,-0.06942919706652692,0.2675109485765134,0.574570754582598,0.853086972988117,1.1341194305209585,1.287845914705823,1.384563856162285,1.3836988989622678,1.2535621565960526,0.9998151671001154,0.7441023657859575,0.610348529674216,0.2767895803585155,-0.13972662768610172,0.0,0.0,0.0,0.0,0.0,0.0,0.0,0.0,0.0,0.0,0.0,0.0,0.0,0.0,0.0,0.0,0.0,0.0,0.0,0.0,0.0,0.0,0.0,0.0,0.0,0.0,0.0,0.0,0.0,0.0,0.0,0.0,0.0,0.0,0.0,0.0,0.0,0.0,0.0,0.0,0.0,0.0,0.0,0.0,0.0,0.0,0.0,0.0,0.0,0.0,0.0,0.0,0.0,0.0,0.0,0.0,0.0,0.0,0.0,0.0,0.0,0.0,0.0,0.0,0.0,0.0,0.0,0.0,0.0,0.0,0.0,0.0
1157,-0.4421738269178036,-0.7757844751195805,-1.0068150320882792,-1.213056902686946,-1.35133270229287,-1.3875692547319716,-1.3187919176398462,-1.2328878517829716,-1.0855979844061265,-0.7655084378607308,-0.3183205357453525,0.11750964097866559,0.48663571619787016,0.8261055084507455,1.0737219501179385,1.2335413716963632,1.322059517206805,1.3623524001428207,1.3299918968452153,1.1429499905986098,0.914082809894932,0.7527309967954506,0.3867598452960683,-0.05060272294900634,0.0,0.0,0.0,0.0,0.0,0.0,0.0,0.0,0.0,0.0,0.0,0.0,0.0,0.0,0.0,0.0,0.0,0.0,0.0,0.0,0.0,0.0,0.0,0.0,0.0,0.0,0.0,0.0,0.0,0.0,0.0,0.0,0.0,0.0,0.0,0.0,0.0,0.0,0.0,0.0,0.0,0.0,0.0,0.0,0.0,0.0,0.0,0.0,0.0,0.0,0.0,0.0,0.0,0.0,0.0,0.0,0.0,0.0,0.0,0.0,0.0,0.0,0.0,0.0,0.0,0.0,0.0,0.0,0.0,0.0,0.0,0.0
1158,-0.3600110524400508,-0.6786458188546874,-0.972892705988246,-1.162296854356757,-1.2766936076855258,-1.3372023665890944,-1.3275645448800772,-1.3266426662818234,-1.2549037499086175,-0.8198608586781128,-0.3290024086806043,0.09732453943913702,0.4852678150134014,0.8091824315816735,1.0361321810427035,1.2306485652742585,1.3416930327911951,1.3763053837983612,1.3447938971671398,1.1466738056878654,0.9088291273383813,0.7341750365419313,0.3797546190859875,-0.04506380041842943,0.0,0.0,0.0,0.0,0.0,0.0,0.0,0.0,0.0,0.0,0.0,0.0,0.0,0.0,0.0,0.0,0.0,0.0,0.0,0.0,0.0,0.0,0.0,0.0,0.0,0.0,0.0,0.0,0.0,0.0,0.0,0.0,0.0,0.0,0.0,0.0,0.0,0.0,0.0,0.0,0.0,0.0,0.0,0.0,0.0,0.0,0.0,0.0,0.0,0.0,0.0,0.0,0.0,0.0,0.0,0.0,0.0,0.0,0.0,0.0,0.0,0.0,0.0,0.0,0.0,0.0,0.0,0.0,0.0,0.0,0.0,0.0
1159,-0.5657365477721936,-0.8248738707665692,-1.0584784265594345,-1.2380183610081494,-1.3503625366947944,-1.3751657962619759,-1.3178589187652527,-1.2628216205753307,-1.1047616331374102,-0.7101790593693088,-0.2290282463275156,0.2723866676678572,0.6878007372162384,0.9366438969261954,1.0699006247969347,1.1623049251452575,1.2456309082663766,1.2761081161005603,1.2411728060565892,1.0854634543292838,0.9482349626716429,0.8063051995927716,0.38529823818120257,-0.0799655197129843,0.0,0.0,0.0,0.0,0.0,0.0,0.0,0.0,0.0,0.0,0.0,0.0,0.0,0.0,0.0,0.0,0.0,0.0,0.0,0.0,0.0,0.0,0.0,0.0,0.0,0.0,0.0,0.0,0.0,0.0,0.0,0.0,0.0,0.0,0.0,0.0,0.0,0.0,0.0,0.0,0.0,0.0,0.0,0.0,0.0,0.0,0.0,0.0,0.0,0.0,0.0,0.0,0.0,0.0,0.0,0.0,0.0,0.0,0.0,0.0,0.0,0.0,0.0,0.0,0.0,0.0,0.0,0.0,0.0,0.0,0.0,0.0
1160,-0.9547062640404208,-1.1943963586510393,-1.3621070838036402,-1.444153919509136,-1.4815904257347885,-1.3950222728522814,-1.1435164693524071,-0.8217795390362925,-0.575578747690778,-0.3055054016506444,-0.0059530676163980336,0.3407415335168181,0.6660955175745414,0.900902589633988,1.107737779424992,1.2351183553586533,1.2814166432512475,1.2885301822764117,1.2049762408452453,1.0333470408059016,0.8406786448361993,0.6571734516785728,0.262974878072226,-0.13538330733697096,0.0,0.0,0.0,0.0,0.0,0.0,0.0,0.0,0.0,0.0,0.0,0.0,0.0,0.0,0.0,0.0,0.0,0.0,0.0,0.0,0.0,0.0,0.0,0.0,0.0,0.0,0.0,0.0,0.0,0.0,0.0,0.0,0.0,0.0,0.0,0.0,0.0,0.0,0.0,0.0,0.0,0.0,0.0,0.0,0.0,0.0,0.0,0.0,0.0,0.0,0.0,0.0,0.0,0.0,0.0,0.0,0.0,0.0,0.0,0.0,0.0,0.0,0.0,0.0,0.0,0.0,0.0,0.0,0.0,0.0,0.0,0.0
1161,-0.6074705401341278,-1.0004970875905448,-1.2762285777066549,-1.4839274022981452,-1.561536738082424,-1.497258127299591,-1.2261234389081175,-0.8185403526570184,-0.5574420146976677,-0.3004807982904899,0.04726725217825795,0.4176162444598017,0.733646363028558,0.9966600350398405,1.1845926122153942,1.2721616850697186,1.313532900591447,1.3090127122288877,1.1819877579047668,0.954905752707726,0.7576263453587448,0.5437218384389951,0.057226989248303606,-0.44045341080566996,0.0,0.0,0.0,0.0,0.0,0.0,0.0,0.0,0.0,0.0,0.0,0.0,0.0,0.0,0.0,0.0,0.0,0.0,0.0,0.0,0.0,0.0,0.0,0.0,0.0,0.0,0.0,0.0,0.0,0.0,0.0,0.0,0.0,0.0,0.0,0.0,0.0,0.0,0.0,0.0,0.0,0.0,0.0,0.0,0.0,0.0,0.0,0.0,0.0,0.0,0.0,0.0,0.0,0.0,0.0,0.0,0.0,0.0,0.0,0.0,0.0,0.0,0.0,0.0,0.0,0.0,0.0,0.0,0.0,0.0,0.0,0.0
1162,-0.4270827645422445,-0.9531429258578893,-1.3264608526963817,-1.6035254418819669,-1.7198949084246675,-1.588789207927816,-1.1912617538789327,-0.6066075194598778,-0.3952712118793153,-0.2083783399846064,0.13476539351919575,0.513931032244256,0.78830567396202,1.0335587104846762,1.2550700367478669,1.3099215742438735,1.2575260757402253,1.1803362788375296,1.0257227765566752,0.8100591621800525,0.7099463346820107,0.5496020747523199,0.047517532171603254,-0.595847729588593,0.0,0.0,0.0,0.0,0.0,0.0,0.0,0.0,0.0,0.0,0.0,0.0,0.0,0.0,0.0,0.0,0.0,0.0,0.0,0.0,0.0,0.0,0.0,0.0,0.0,0.0,0.0,0.0,0.0,0.0,0.0,0.0,0.0,0.0,0.0,0.0,0.0,0.0,0.0,0.0,0.0,0.0,0.0,0.0,0.0,0.0,0.0,0.0,0.0,0.0,0.0,0.0,0.0,0.0,0.0,0.0,0.0,0.0,0.0,0.0,0.0,0.0,0.0,0.0,0.0,0.0,0.0,0.0,0.0,0.0,0.0,0.0
1163,-0.6007656400986062,-1.07022939068747,-1.3768308852047724,-1.5594493714063213,-1.621630839315448,-1.511451863590519,-1.1427955436649233,-0.5601133973311324,-0.2628834478754908,0.012057421433498553,0.3203052684616331,0.659453885693081,0.9413600925478992,1.1620979715002568,1.3320522076184806,1.344843100202639,1.2706305947143535,1.188819539176073,0.9355345375095696,0.6450166405980904,0.48709344205902555,0.30308188834831085,-0.16866142725555155,-0.7275347834326912,0.0,0.0,0.0,0.0,0.0,0.0,0.0,0.0,0.0,0.0,0.0,0.0,0.0,0.0,0.0,0.0,0.0,0.0,0.0,0.0,0.0,0.0,0.0,0.0,0.0,0.0,0.0,0.0,0.0,0.0,0.0,0.0,0.0,0.0,0.0,0.0,0.0,0.0,0.0,0.0,0.0,0.0,0.0,0.0,0.0,0.0,0.0,0.0,0.0,0.0,0.0,0.0,0.0,0.0,0.0,0.0,0.0,0.0,0.0,0.0,0.0,0.0,0.0,0.0,0.0,0.0,0.0,0.0,0.0,0.0,0.0,0.0
1164,-0.17021247442654144,-0.7421158820072332,-1.1263032905289838,-1.3947441735115926,-1.57072792262935,-1.5497149376600654,-1.3481653901630122,-1.1368097830136261,-0.8419275606113343,-0.3757895107093743,0.15198662843582011,0.6027151560269716,0.917734822358161,1.0986216013020844,1.2190960484593154,1.245362279670921,1.2178702910027737,1.1886272202538528,1.0168460681299525,0.8121445728875065,0.7564601627189027,0.5957108277038767,0.054101140120570046,-0.6207658938096156,0.0,0.0,0.0,0.0,0.0,0.0,0.0,0.0,0.0,0.0,0.0,0.0,0.0,0.0,0.0,0.0,0.0,0.0,0.0,0.0,0.0,0.0,0.0,0.0,0.0,0.0,0.0,0.0,0.0,0.0,0.0,0.0,0.0,0.0,0.0,0.0,0.0,0.0,0.0,0.0,0.0,0.0,0.0,0.0,0.0,0.0,0.0,0.0,0.0,0.0,0.0,0.0,0.0,0.0,0.0,0.0,0.0,0.0,0.0,0.0,0.0,0.0,0.0,0.0,0.0,0.0,0.0,0.0,0.0,0.0,0.0,0.0
1165,-0.4556422156112854,-0.8233562295182756,-1.0512949932584021,-1.2662131669156447,-1.4067727899790676,-1.4102240307239284,-1.370377887578717,-1.2086401963081936,-1.172245293907843,-0.6594222941373862,-0.16573799304297573,0.2038585158157567,0.5300007662051051,0.7529195434072523,0.9162259804708942,0.9838389241543041,1.0646293324999099,1.1477728595351935,1.1899721213700827,1.1490278561696883,1.2621344278535365,1.1684803040043585,0.6481273244269325,-0.02706086493129514,0.0,0.0,0.0,0.0,0.0,0.0,0.0,0.0,0.0,0.0,0.0,0.0,0.0,0.0,0.0,0.0,0.0,0.0,0.0,0.0,0.0,0.0,0.0,0.0,0.0,0.0,0.0,0.0,0.0,0.0,0.0,0.0,0.0,0.0,0.0,0.0,0.0,0.0,0.0,0.0,0.0,0.0,0.0,0.0,0.0,0.0,0.0,0.0,0.0,0.0,0.0,0.0,0.0,0.0,0.0,0.0,0.0,0.0,0.0,0.0,0.0,0.0,0.0,0.0,0.0,0.0,0.0,0.0,0.0,0.0,0.0,0.0
1166,-1.1188692484812077,-1.3750405503779228,-1.5222050681621027,-1.609989292535914,-1.6109539543422198,-1.4527494181080978,-1.0744948053911492,-0.4713668071598458,-0.20169023997485208,-0.018511681421929112,0.19875159428712583,0.4306991663810552,0.6479624420901101,0.8331775089007895,1.0194644221629194,1.0883841489911987,1.1022109682149128,1.1085348622784719,1.0567646786734035,0.9666223921064004,0.9450782784322416,0.8403588801255091,0.37721402845366575,-0.15935230514254983,0.0,0.0,0.0,0.0,0.0,0.0,0.0,0.0,0.0,0.0,0.0,0.0,0.0,0.0,0.0,0.0,0.0,0.0,0.0,0.0,0.0,0.0,0.0,0.0,0.0,0.0,0.0,0.0,0.0,0.0,0.0,0.0,0.0,0.0,0.0,0.0,0.0,0.0,0.0,0.0,0.0,0.0,0.0,0.0,0.0,0.0,0.0,0.0,0.0,0.0,0.0,0.0,0.0,0.0,0.0,0.0,0.0,0.0,0.0,0.0,0.0,0.0,0.0,0.0,0.0,0.0,0.0,0.0,0.0,0.0,0.0,0.0
1167,-0.901089754799742,-1.1989585150885067,-1.3972299729528945,-1.4658505654574343,-1.646479658731716,-1.5237011098110373,-1.1833675882414363,-0.6594303886701519,-0.40443667721083065,-0.19929290290727375,0.05754710252077954,0.34659468051449127,0.5705091101668236,0.8037575815499679,0.9604874251178854,1.062956740382512,1.1627591865811926,1.226866616051054,1.1950693310340028,1.062033593398146,1.0267488642179343,0.8874562414658191,0.3846488506478011,-0.1675981897773742,0.0,0.0,0.0,0.0,0.0,0.0,0.0,0.0,0.0,0.0,0.0,0.0,0.0,0.0,0.0,0.0,0.0,0.0,0.0,0.0,0.0,0.0,0.0,0.0,0.0,0.0,0.0,0.0,0.0,0.0,0.0,0.0,0.0,0.0,0.0,0.0,0.0,0.0,0.0,0.0,0.0,0.0,0.0,0.0,0.0,0.0,0.0,0.0,0.0,0.0,0.0,0.0,0.0,0.0,0.0,0.0,0.0,0.0,0.0,0.0,0.0,0.0,0.0,0.0,0.0,0.0,0.0,0.0,0.0,0.0,0.0,0.0
1168,-0.8249068719784945,-1.1270149034700778,-1.3394317295218874,-1.4822732789259714,-1.5409601170532305,-1.4757217608331483,-1.1954828812852136,-0.7184216342444424,-0.516985521615815,-0.2979249025684666,-0.06004020336709171,0.21327805847715672,0.48493537207252047,0.7397986533736056,0.9741769062717796,1.1458082253231983,1.2713020930167087,1.3305425805602629,1.277115411887805,1.1062222920581128,0.9968765323398704,0.8428697197071726,0.36857671974787587,-0.17233875997224038,0.0,0.0,0.0,0.0,0.0,0.0,0.0,0.0,0.0,0.0,0.0,0.0,0.0,0.0,0.0,0.0,0.0,0.0,0.0,0.0,0.0,0.0,0.0,0.0,0.0,0.0,0.0,0.0,0.0,0.0,0.0,0.0,0.0,0.0,0.0,0.0,0.0,0.0,0.0,0.0,0.0,0.0,0.0,0.0,0.0,0.0,0.0,0.0,0.0,0.0,0.0,0.0,0.0,0.0,0.0,0.0,0.0,0.0,0.0,0.0,0.0,0.0,0.0,0.0,0.0,0.0,0.0,0.0,0.0,0.0,0.0,0.0
1169,-0.8019013122410685,-1.1219596428088856,-1.3290608594272308,-1.4508711551558073,-1.5033578757033574,-1.4364056884988772,-1.2142066350965226,-0.7854596889370167,-0.5897411346060918,-0.3753676615263388,-0.10131425770351303,0.22111546084084993,0.5071048508122903,0.776494524947909,0.9952945889172145,1.1394749778912074,1.24610839056989,1.32784222949484,1.291639039719572,1.1186858099634882,1.0084162690541019,0.8284279216342652,0.39398964433104894,-0.14494779647195832,0.0,0.0,0.0,0.0,0.0,0.0,0.0,0.0,0.0,0.0,0.0,0.0,0.0,0.0,0.0,0.0,0.0,0.0,0.0,0.0,0.0,0.0,0.0,0.0,0.0,0.0,0.0,0.0,0.0,0.0,0.0,0.0,0.0,0.0,0.0,0.0,0.0,0.0,0.0,0.0,0.0,0.0,0.0,0.0,0.0,0.0,0.0,0.0,0.0,0.0,0.0,0.0,0.0,0.0,0.0,0.0,0.0,0.0,0.0,0.0,0.0,0.0,0.0,0.0,0.0,0.0,0.0,0.0,0.0,0.0,0.0,0.0
1170,-0.7860874597412176,-1.090854237077094,-1.3042518939591765,-1.4457725094176082,-1.5064822138969067,-1.4241823246585266,-1.1734248496353372,-0.7965779883859124,-0.5982054757562314,-0.3609164858962309,-0.05939838839871163,0.2635068513679919,0.5866151336245928,0.8713483852906003,1.1154054581471782,1.2753352593563,1.3587857227040983,1.4082604094090785,1.288126936219831,1.0098910442305378,0.7881009644326994,0.5795763273081523,0.2136937605131829,-0.21249242578129043,0.0,0.0,0.0,0.0,0.0,0.0,0.0,0.0,0.0,0.0,0.0,0.0,0.0,0.0,0.0,0.0,0.0,0.0,0.0,0.0,0.0,0.0,0.0,0.0,0.0,0.0,0.0,0.0,0.0,0.0,0.0,0.0,0.0,0.0,0.0,0.0,0.0,0.0,0.0,0.0,0.0,0.0,0.0,0.0,0.0,0.0,0.0,0.0,0.0,0.0,0.0,0.0,0.0,0.0,0.0,0.0,0.0,0.0,0.0,0.0,0.0,0.0,0.0,0.0,0.0,0.0,0.0,0.0,0.0,0.0,0.0,0.0
1171,-0.4846445127019456,-0.8084285545300873,-1.0546623371148283,-1.2246171761814701,-1.3255194979580434,-1.3591759090015556,-1.3028365489645033,-1.206484199257431,-1.0605505362635939,-0.6898616353072174,-0.2740075704256509,0.14860454120620348,0.5425116819878258,0.8674332168333427,1.106641307251943,1.2703064790460399,1.3768293545555257,1.4178460145349947,1.333738442603196,1.094597263538559,0.876800806388197,0.6435478264723256,0.26469574033243326,-0.15276419704425123,0.0,0.0,0.0,0.0,0.0,0.0,0.0,0.0,0.0,0.0,0.0,0.0,0.0,0.0,0.0,0.0,0.0,0.0,0.0,0.0,0.0,0.0,0.0,0.0,0.0,0.0,0.0,0.0,0.0,0.0,0.0,0.0,0.0,0.0,0.0,0.0,0.0,0.0,0.0,0.0,0.0,0.0,0.0,0.0,0.0,0.0,0.0,0.0,0.0,0.0,0.0,0.0,0.0,0.0,0.0,0.0,0.0,0.0,0.0,0.0,0.0,0.0,0.0,0.0,0.0,0.0,0.0,0.0,0.0,0.0,0.0,0.0
1172,-0.462273839195951,-0.7679191533911683,-0.9987279809285295,-1.1725905256892055,-1.2760261410866802,-1.3358701329427098,-1.3261061132188314,-1.2738213624393526,-1.1420385930048114,-0.7735255905229438,-0.37156294627733744,0.04797493347125023,0.45478809074097687,0.7930641289166399,1.0280305390461042,1.2014521280773147,1.3139588327666507,1.3891732814783344,1.345140702207424,1.1680654799892138,1.0101403351649332,0.800686363668829,0.3965189407758952,-0.04853137760605252,0.0,0.0,0.0,0.0,0.0,0.0,0.0,0.0,0.0,0.0,0.0,0.0,0.0,0.0,0.0,0.0,0.0,0.0,0.0,0.0,0.0,0.0,0.0,0.0,0.0,0.0,0.0,0.0,0.0,0.0,0.0,0.0,0.0,0.0,0.0,0.0,0.0,0.0,0.0,0.0,0.0,0.0,0.0,0.0,0.0,0.0,0.0,0.0,0.0,0.0,0.0,0.0,0.0,0.0,0.0,0.0,0.0,0.0,0.0,0.0,0.0,0.0,0.0,0.0,0.0,0.0,0.0,0.0,0.0,0.0,0.0,0.0
1173,-0.8552484512186529,-1.1340353908811796,-1.3198933506561972,-1.4321520461764752,-1.4820312492919492,-1.3893461774881346,-1.1188521126712125,-0.7732343580764618,-0.606462205850519,-0.390847459864803,-0.08047442336387126,0.27843632179221606,0.6266151112657564,0.9227195248705745,1.1475418010157485,1.2766301543109297,1.3382169454437276,1.337607175234492,1.2287631928859333,1.0250999430012355,0.8810722195797815,0.6150904543112031,0.19508073418970645,-0.29029635236184886,0.0,0.0,0.0,0.0,0.0,0.0,0.0,0.0,0.0,0.0,0.0,0.0,0.0,0.0,0.0,0.0,0.0,0.0,0.0,0.0,0.0,0.0,0.0,0.0,0.0,0.0,0.0,0.0,0.0,0.0,0.0,0.0,0.0,0.0,0.0,0.0,0.0,0.0,0.0,0.0,0.0,0.0,0.0,0.0,0.0,0.0,0.0,0.0,0.0,0.0,0.0,0.0,0.0,0.0,0.0,0.0,0.0,0.0,0.0,0.0,0.0,0.0,0.0,0.0,0.0,0.0,0.0,0.0,0.0,0.0,0.0,0.0
1174,-0.7030541263781332,-1.0554247789917135,-1.3036410694450882,-1.4694840503163211,-1.5335846647826372,-1.4809593028490595,-1.1868420022647312,-0.7619652954315549,-0.5806270691021018,-0.34710202552185104,0.003295176019220191,0.3548618300477043,0.7191462798768029,0.9937483420774297,1.2079043288349054,1.3111085108490883,1.325361213039432,1.2861845547111022,1.1386142689556948,0.9288437290260172,0.8278322704257334,0.5701141785121295,0.12491823471015522,-0.3692485320022316,0.0,0.0,0.0,0.0,0.0,0.0,0.0,0.0,0.0,0.0,0.0,0.0,0.0,0.0,0.0,0.0,0.0,0.0,0.0,0.0,0.0,0.0,0.0,0.0,0.0,0.0,0.0,0.0,0.0,0.0,0.0,0.0,0.0,0.0,0.0,0.0,0.0,0.0,0.0,0.0,0.0,0.0,0.0,0.0,0.0,0.0,0.0,0.0,0.0,0.0,0.0,0.0,0.0,0.0,0.0,0.0,0.0,0.0,0.0,0.0,0.0,0.0,0.0,0.0,0.0,0.0,0.0,0.0,0.0,0.0,0.0,0.0
1175,-0.7318469853018766,-1.07753637351442,-1.315529638150436,-1.4832928954400688,-1.5387336463798165,-1.4632705175357004,-1.155957353639863,-0.7473946651139809,-0.565524732482634,-0.3450510485129404,-0.053285564429207496,0.27897972950654343,0.6311157166655691,0.9232604124520363,1.1640598436882859,1.2791885166384045,1.321887754366281,1.3135450969061275,1.201905171621164,0.9903050414954518,0.8816229674918155,0.6314949283683033,0.17833694360087315,-0.31827870229990224,0.0,0.0,0.0,0.0,0.0,0.0,0.0,0.0,0.0,0.0,0.0,0.0,0.0,0.0,0.0,0.0,0.0,0.0,0.0,0.0,0.0,0.0,0.0,0.0,0.0,0.0,0.0,0.0,0.0,0.0,0.0,0.0,0.0,0.0,0.0,0.0,0.0,0.0,0.0,0.0,0.0,0.0,0.0,0.0,0.0,0.0,0.0,0.0,0.0,0.0,0.0,0.0,0.0,0.0,0.0,0.0,0.0,0.0,0.0,0.0,0.0,0.0,0.0,0.0,0.0,0.0,0.0,0.0,0.0,0.0,0.0,0.0
1176,-0.8305606147891269,-1.139636861442909,-1.3297528500242417,-1.4584255553394334,-1.5286858119890565,-1.4569101380391476,-1.1633324774110174,-0.7584405278164257,-0.5849941295382389,-0.3746955378212794,-0.0676857693042507,0.2787248490202136,0.5838059046096056,0.8486595191368606,1.0982211954521388,1.2195923446841346,1.2857196450602502,1.3091397306101245,1.2049892325177423,1.0360890861404135,0.9428220395682669,0.7157849749436032,0.30910207763049175,-0.13953032585871805,0.0,0.0,0.0,0.0,0.0,0.0,0.0,0.0,0.0,0.0,0.0,0.0,0.0,0.0,0.0,0.0,0.0,0.0,0.0,0.0,0.0,0.0,0.0,0.0,0.0,0.0,0.0,0.0,0.0,0.0,0.0,0.0,0.0,0.0,0.0,0.0,0.0,0.0,0.0,0.0,0.0,0.0,0.0,0.0,0.0,0.0,0.0,0.0,0.0,0.0,0.0,0.0,0.0,0.0,0.0,0.0,0.0,0.0,0.0,0.0,0.0,0.0,0.0,0.0,0.0,0.0,0.0,0.0,0.0,0.0,0.0,0.0
1177,-0.27178237635513036,-0.8169050732465063,-1.1956629965695569,-1.4601190911109558,-1.581875386987063,-1.4766845735430794,-1.0045683242275616,-0.3753166415559018,-0.07122171405192171,0.21204803553738888,0.6071347915435326,0.9615177907164588,1.1909497224013683,1.342760536404328,1.4675932790178294,1.4041711462776998,1.269280789330409,1.0155922583698902,0.6315097156936571,0.21334960915705573,0.08768859242194801,-0.21486811171333486,-0.6824880157972761,-1.2521039617132916,1.0,1.0,1.0,1.0,1.0,1.0,1.0,1.0,1.0,1.0,1.0,1.0,1.0,1.0,1.0,1.0,1.0,1.0,1.0,1.0,1.0,1.0,1.0,1.0,1.0,1.0,1.0,1.0,1.0,1.0,1.0,1.0,1.0,1.0,1.0,1.0,1.0,1.0,1.0,1.0,1.0,1.0,1.0,1.0,1.0,1.0,1.0,1.0,1.0,1.0,1.0,1.0,1.0,1.0,1.0,1.0,1.0,1.0,1.0,1.0,1.0,1.0,1.0,1.0,1.0,1.0,1.0,1.0,1.0,1.0,1.0,1.0
1178,0.24824467653627216,-0.5390994519818116,-1.1135546918912838,-1.496883976136952,-1.7123585597489068,-1.7569617985565815,-1.5154147903275799,-1.117648708979911,-0.7797845618763654,-0.1516761506475164,0.3536117479225182,0.7563337446932622,1.0004664479256073,1.0478708563202375,1.0433458900643864,1.0146877704439963,0.9476751749406783,0.9608191245410075,0.9039338344674515,0.7912406272383989,0.9418573611831554,0.7050507937936169,0.09956721384402319,-0.6313225737677284,-1.0,-1.0,-1.0,-1.0,-1.0,-1.0,-1.0,-1.0,-1.0,-1.0,-1.0,-1.0,-1.0,-1.0,-1.0,-1.0,-1.0,-1.0,-1.0,-1.0,-1.0,-1.0,-1.0,-1.0,-1.0,-1.0,-1.0,-1.0,-1.0,-1.0,-1.0,-1.0,-1.0,-1.0,-1.0,-1.0,-1.0,-1.0,-1.0,-1.0,-1.0,-1.0,-1.0,-1.0,-1.0,-1.0,-1.0,-1.0,-1.0,-1.0,-1.0,-1.0,-1.0,-1.0,-1.0,-1.0,-1.0,-1.0,-1.0,-1.0,-1.0,-1.0,-1.0,-1.0,-1.0,-1.0,-1.0,-1.0,-1.0,-1.0,-1.0,-1.0
1179,-0.6145411584229402,-0.9502602815034918,-1.175682303306473,-1.327449134020616,-1.3967716668101104,-1.4345276891329601,-1.3130894665142208,-1.1129206530845557,-0.9217885269649495,-0.541752498993971,-0.16159268078586841,0.08982529081317304,0.3767710604668304,0.588823736660409,0.7524744301384655,0.8945856223569291,1.0288980296365746,1.1890825964751564,1.2575385976047821,1.2468926372121099,1.3866518149252156,1.2020805713731866,0.7472752401792534,0.18947643169807132,0.0,0.0,0.0,0.0,0.0,0.0,0.0,0.0,0.0,0.0,0.0,0.0,0.0,0.0,0.0,0.0,0.0,0.0,0.0,0.0,0.0,0.0,0.0,0.0,0.0,0.0,0.0,0.0,0.0,0.0,0.0,0.0,0.0,0.0,0.0,0.0,0.0,0.0,0.0,0.0,0.0,0.0,0.0,0.0,0.0,0.0,0.0,0.0,0.0,0.0,0.0,0.0,0.0,0.0,0.0,0.0,0.0,0.0,0.0,0.0,0.0,0.0,0.0,0.0,0.0,0.0,0.0,0.0,0.0,0.0,0.0,0.0
1180,-1.1425596413660342,-1.3940459871782078,-1.5563395556422481,-1.6500459388847863,-1.640528117759628,-1.4699923124449352,-1.031093200147685,-0.4473662117603963,-0.1911700163192784,0.00939108037993454,0.24292112448175784,0.4522150673679718,0.6422771242693296,0.8040800833970215,0.9245737364041807,0.9713778670918151,0.9847224410404907,1.0246580410192478,1.0378063712333843,1.0251486503555962,1.0805875053629619,0.8962165167632451,0.4621253759622088,-0.034960003625957956,0.0,0.0,0.0,0.0,0.0,0.0,0.0,0.0,0.0,0.0,0.0,0.0,0.0,0.0,0.0,0.0,0.0,0.0,0.0,0.0,0.0,0.0,0.0,0.0,0.0,0.0,0.0,0.0,0.0,0.0,0.0,0.0,0.0,0.0,0.0,0.0,0.0,0.0,0.0,0.0,0.0,0.0,0.0,0.0,0.0,0.0,0.0,0.0,0.0,0.0,0.0,0.0,0.0,0.0,0.0,0.0,0.0,0.0,0.0,0.0,0.0,0.0,0.0,0.0,0.0,0.0,0.0,0.0,0.0,0.0,0.0,0.0
1181,-0.9443861100553109,-1.283132074365135,-1.4940077102214138,-1.6249894830878793,-1.6625275543921383,-1.5055501653016004,-1.0628217360954866,-0.486200827959208,-0.20285864803427953,0.012433231504853176,0.2645605981259727,0.49932409753950713,0.7194336974599351,0.9009011651553905,1.063097751325665,1.1172971056152368,1.1401812774263893,1.1368690946642488,1.0664099340878055,0.946769877952306,0.9325174551576408,0.6639295439004291,0.19129110066044033,-0.3885416210633683,0.0,0.0,0.0,0.0,0.0,0.0,0.0,0.0,0.0,0.0,0.0,0.0,0.0,0.0,0.0,0.0,0.0,0.0,0.0,0.0,0.0,0.0,0.0,0.0,0.0,0.0,0.0,0.0,0.0,0.0,0.0,0.0,0.0,0.0,0.0,0.0,0.0,0.0,0.0,0.0,0.0,0.0,0.0,0.0,0.0,0.0,0.0,0.0,0.0,0.0,0.0,0.0,0.0,0.0,0.0,0.0,0.0,0.0,0.0,0.0,0.0,0.0,0.0,0.0,0.0,0.0,0.0,0.0,0.0,0.0,0.0,0.0
1182,-0.5201283248651594,-1.079559118055863,-1.529633757980785,-1.8084336921058755,-1.888827941767021,-1.669949187513592,-1.0103168657597212,-0.09019385928599007,0.250691075095016,0.3009582870984651,0.4401085825782117,0.6293596423395418,0.7546947769044331,0.9049970697491834,1.0303322043140748,1.0759388801052836,1.057463182978188,0.9674149654488304,0.8162804339947516,0.7390486910490549,0.9286326462541163,0.6158773768684179,-0.07604580292740339,-0.8387092645161581,0.0,0.0,0.0,0.0,0.0,0.0,0.0,0.0,0.0,0.0,0.0,0.0,0.0,0.0,0.0,0.0,0.0,0.0,0.0,0.0,0.0,0.0,0.0,0.0,0.0,0.0,0.0,0.0,0.0,0.0,0.0,0.0,0.0,0.0,0.0,0.0,0.0,0.0,0.0,0.0,0.0,0.0,0.0,0.0,0.0,0.0,0.0,0.0,0.0,0.0,0.0,0.0,0.0,0.0,0.0,0.0,0.0,0.0,0.0,0.0,0.0,0.0,0.0,0.0,0.0,0.0,0.0,0.0,0.0,0.0,0.0,0.0
1183,-0.9456293338354625,-1.3407917150758528,-1.6153909474211297,-1.7854819225583312,-1.8315261402268166,-1.6066061953659583,-0.9663795240347471,-0.11653049331806258,0.23061867410354514,0.35799757890353295,0.5306633951603535,0.7071157424754377,0.7769393751898187,0.8805388649439111,0.9402145944221455,0.9065901986247646,0.8447940117539026,0.8243467440392791,0.7775452201591408,0.7887533520916011,1.0435111616915769,0.7852697435179986,0.25076301933350753,-0.4373254045741556,-1.0,-1.0,-1.0,-1.0,-1.0,-1.0,-1.0,-1.0,-1.0,-1.0,-1.0,-1.0,-1.0,-1.0,-1.0,-1.0,-1.0,-1.0,-1.0,-1.0,-1.0,-1.0,-1.0,-1.0,-1.0,-1.0,-1.0,-1.0,-1.0,-1.0,-1.0,-1.0,-1.0,-1.0,-1.0,-1.0,-1.0,-1.0,-1.0,-1.0,-1.0,-1.0,-1.0,-1.0,-1.0,-1.0,-1.0,-1.0,-1.0,-1.0,-1.0,-1.0,-1.0,-1.0,-1.0,-1.0,-1.0,-1.0,-1.0,-1.0,-1.0,-1.0,-1.0,-1.0,-1.0,-1.0,-1.0,-1.0,-1.0,-1.0,-1.0,-1.0
1184,-0.9287412986884367,-1.3573911288523306,-1.6237760390803655,-1.7654573534317684,-1.7976098468264663,-1.5771999972469246,-0.957287904973449,-0.11170737775213989,0.27862990187134284,0.4257200468872742,0.5280370936246075,0.6778316539728031,0.7830033613386376,0.9056035230679531,0.9894403983681469,1.0007087955859149,1.022945099428977,1.0187382311343436,0.8859213892609185,0.7274126017309822,0.7675280958262362,0.5113598657423108,0.0742962989891502,-0.4780054099777176,-1.0,-1.0,-1.0,-1.0,-1.0,-1.0,-1.0,-1.0,-1.0,-1.0,-1.0,-1.0,-1.0,-1.0,-1.0,-1.0,-1.0,-1.0,-1.0,-1.0,-1.0,-1.0,-1.0,-1.0,-1.0,-1.0,-1.0,-1.0,-1.0,-1.0,-1.0,-1.0,-1.0,-1.0,-1.0,-1.0,-1.0,-1.0,-1.0,-1.0,-1.0,-1.0,-1.0,-1.0,-1.0,-1.0,-1.0,-1.0,-1.0,-1.0,-1.0,-1.0,-1.0,-1.0,-1.0,-1.0,-1.0,-1.0,-1.0,-1.0,-1.0,-1.0,-1.0,-1.0,-1.0,-1.0,-1.0,-1.0,-1.0,-1.0,-1.0,-1.0
1185,-0.48288790179076935,-1.0302341606254086,-1.3419225730231519,-1.5862538092662612,-1.6800002352568197,-1.5840393267625472,-1.3179323458995837,-0.8981033712371411,-0.5836468557097555,-0.10236599156924998,0.2990089622289094,0.5271006601114496,0.6533261628231466,0.7389528196334206,0.8382354518832642,0.9299519355787517,1.0594991620460197,1.1120931215092267,1.126118177366082,1.0838584695868734,1.2043632258306427,0.8935975144761137,0.3816829757008981,-0.24040206763408822,1.0,1.0,1.0,1.0,1.0,1.0,1.0,1.0,1.0,1.0,1.0,1.0,1.0,1.0,1.0,1.0,1.0,1.0,1.0,1.0,1.0,1.0,1.0,1.0,1.0,1.0,1.0,1.0,1.0,1.0,1.0,1.0,1.0,1.0,1.0,1.0,1.0,1.0,1.0,1.0,1.0,1.0,1.0,1.0,1.0,1.0,1.0,1.0,1.0,1.0,1.0,1.0,1.0,1.0,1.0,1.0,1.0,1.0,1.0,1.0,1.0,1.0,1.0,1.0,1.0,1.0,1.0,1.0,1.0,1.0,1.0,1.0
1186,-0.650740687329283,-0.9713191032406061,-1.1850794014663064,-1.336436083901219,-1.4019412710533778,-1.4065315966682073,-1.3128641415547981,-1.088682563554891,-0.8550722086164151,-0.4750676854212205,-0.16515867499301426,0.08929423949387569,0.3312168056808262,0.5508080580659043,0.7510455051560263,0.9073647017691328,1.0442060302328284,1.2085893123854998,1.303001144625638,1.3203699442493164,1.4285527533339424,1.152885090735274,0.6503064673386911,0.11125336473238351,0.0,0.0,0.0,0.0,0.0,0.0,0.0,0.0,0.0,0.0,0.0,0.0,0.0,0.0,0.0,0.0,0.0,0.0,0.0,0.0,0.0,0.0,0.0,0.0,0.0,0.0,0.0,0.0,0.0,0.0,0.0,0.0,0.0,0.0,0.0,0.0,0.0,0.0,0.0,0.0,0.0,0.0,0.0,0.0,0.0,0.0,0.0,0.0,0.0,0.0,0.0,0.0,0.0,0.0,0.0,0.0,0.0,0.0,0.0,0.0,0.0,0.0,0.0,0.0,0.0,0.0,0.0,0.0,0.0,0.0,0.0,0.0
1187,-1.1248186354095586,-1.3783609883504522,-1.527300820221315,-1.6151371313246443,-1.6209121592020637,-1.4612605820746971,-1.0347468296440026,-0.4693529713224657,-0.19531858397782623,-0.01601328294504892,0.20055026245817564,0.4581910222798183,0.6580815033272677,0.8605800614806484,1.0165058141709702,1.0885073714168594,1.0979150781203972,1.0786339366586908,1.0240506086559857,0.9983424200403771,1.0232122981576506,0.7519722791407947,0.3336553404715984,-0.14697601190717094,0.0,0.0,0.0,0.0,0.0,0.0,0.0,0.0,0.0,0.0,0.0,0.0,0.0,0.0,0.0,0.0,0.0,0.0,0.0,0.0,0.0,0.0,0.0,0.0,0.0,0.0,0.0,0.0,0.0,0.0,0.0,0.0,0.0,0.0,0.0,0.0,0.0,0.0,0.0,0.0,0.0,0.0,0.0,0.0,0.0,0.0,0.0,0.0,0.0,0.0,0.0,0.0,0.0,0.0,0.0,0.0,0.0,0.0,0.0,0.0,0.0,0.0,0.0,0.0,0.0,0.0,0.0,0.0,0.0,0.0,0.0,0.0
1188,-0.9431307296321152,-1.2598677929209372,-1.4675191710375766,-1.5766048562097592,-1.618684825120662,-1.4903598748833595,-1.081880897392389,-0.5074514118766649,-0.2690930294196369,-0.12001241884114586,0.11995713359670494,0.41082070248760705,0.6589408795343265,0.8836517045067372,1.0779398492530226,1.1609624906177765,1.2084446176996735,1.174041399873868,1.1001171301655253,0.9958649549358113,0.9763413657564284,0.6873732909606121,0.21046697663704755,-0.3303174886909053,0.0,0.0,0.0,0.0,0.0,0.0,0.0,0.0,0.0,0.0,0.0,0.0,0.0,0.0,0.0,0.0,0.0,0.0,0.0,0.0,0.0,0.0,0.0,0.0,0.0,0.0,0.0,0.0,0.0,0.0,0.0,0.0,0.0,0.0,0.0,0.0,0.0,0.0,0.0,0.0,0.0,0.0,0.0,0.0,0.0,0.0,0.0,0.0,0.0,0.0,0.0,0.0,0.0,0.0,0.0,0.0,0.0,0.0,0.0,0.0,0.0,0.0,0.0,0.0,0.0,0.0,0.0,0.0,0.0,0.0,0.0,0.0
1189,-0.9424328191336891,-1.2230852749278631,-1.4069099026318037,-1.5148951678025395,-1.56529869475362,-1.465427929277795,-1.1347620667101803,-0.6471898686957812,-0.44432737632301156,-0.2735327625522451,-0.009811522467644534,0.29268766327436624,0.5717796383579805,0.8094408505762329,1.0199496984307455,1.151342174259878,1.218052724636308,1.2489502427053913,1.1761538175577781,1.0456196061194536,1.0246311405624249,0.7781532123295096,0.38366368870000067,-0.09275107223389613,0.0,0.0,0.0,0.0,0.0,0.0,0.0,0.0,0.0,0.0,0.0,0.0,0.0,0.0,0.0,0.0,0.0,0.0,0.0,0.0,0.0,0.0,0.0,0.0,0.0,0.0,0.0,0.0,0.0,0.0,0.0,0.0,0.0,0.0,0.0,0.0,0.0,0.0,0.0,0.0,0.0,0.0,0.0,0.0,0.0,0.0,0.0,0.0,0.0,0.0,0.0,0.0,0.0,0.0,0.0,0.0,0.0,0.0,0.0,0.0,0.0,0.0,0.0,0.0,0.0,0.0,0.0,0.0,0.0,0.0,0.0,0.0
1190,-0.5045678549038434,-1.0564736421841425,-1.4086651674981008,-1.6776872764406314,-1.7892527233207505,-1.6441772688735028,-1.1264543808785477,-0.31965721073824205,-0.023315698036164796,0.11570373094714391,0.2864836490302211,0.5567169630655395,0.7766179765783434,0.9508969315961409,1.141729022882038,1.2122480749510156,1.1671643298305814,1.1162937159334947,0.941745604228411,0.8246624452589254,0.8659779967573531,0.5019435772028031,-0.08064607242811979,-0.8272867229599656,1.0,1.0,1.0,1.0,1.0,1.0,1.0,1.0,1.0,1.0,1.0,1.0,1.0,1.0,1.0,1.0,1.0,1.0,1.0,1.0,1.0,1.0,1.0,1.0,1.0,1.0,1.0,1.0,1.0,1.0,1.0,1.0,1.0,1.0,1.0,1.0,1.0,1.0,1.0,1.0,1.0,1.0,1.0,1.0,1.0,1.0,1.0,1.0,1.0,1.0,1.0,1.0,1.0,1.0,1.0,1.0,1.0,1.0,1.0,1.0,1.0,1.0,1.0,1.0,1.0,1.0,1.0,1.0,1.0,1.0,1.0,1.0
1191,-0.8808828794554251,-1.2434629021830055,-1.4643712681003849,-1.600873152170845,-1.635272024631427,-1.5097061982796491,-1.1094464857758821,-0.5476313751552196,-0.25384909734880357,-0.08642799554643306,0.207751957086117,0.536728457005383,0.7914391831441439,0.9429532919011584,1.1244918500312822,1.1861314480820362,1.2275890487064949,1.2112843808350051,1.0856191357766938,0.8850916046986764,0.7775205642294574,0.4994464420553302,0.14700712739416427,-0.29113111229885635,0.0,0.0,0.0,0.0,0.0,0.0,0.0,0.0,0.0,0.0,0.0,0.0,0.0,0.0,0.0,0.0,0.0,0.0,0.0,0.0,0.0,0.0,0.0,0.0,0.0,0.0,0.0,0.0,0.0,0.0,0.0,0.0,0.0,0.0,0.0,0.0,0.0,0.0,0.0,0.0,0.0,0.0,0.0,0.0,0.0,0.0,0.0,0.0,0.0,0.0,0.0,0.0,0.0,0.0,0.0,0.0,0.0,0.0,0.0,0.0,0.0,0.0,0.0,0.0,0.0,0.0,0.0,0.0,0.0,0.0,0.0,0.0
1192,-0.48470068004985184,-0.9196987766065633,-1.1724036040129249,-1.3855175908340556,-1.4936406776222013,-1.4782303187868109,-1.307714071835865,-1.0541322321380586,-0.9298470616932838,-0.3604155096050771,0.1783206122825552,0.6363716033572491,0.9780305346101731,1.1660870273900188,1.2160767280023828,1.1892652093782075,1.1754835876555008,1.133011135255522,1.0411754195942118,0.8873224061807206,0.8501120275294121,0.5231117302906398,0.06894465079234519,-0.45701214913423166,-1.0,-1.0,-1.0,-1.0,-1.0,-1.0,-1.0,-1.0,-1.0,-1.0,-1.0,-1.0,-1.0,-1.0,-1.0,-1.0,-1.0,-1.0,-1.0,-1.0,-1.0,-1.0,-1.0,-1.0,-1.0,-1.0,-1.0,-1.0,-1.0,-1.0,-1.0,-1.0,-1.0,-1.0,-1.0,-1.0,-1.0,-1.0,-1.0,-1.0,-1.0,-1.0,-1.0,-1.0,-1.0,-1.0,-1.0,-1.0,-1.0,-1.0,-1.0,-1.0,-1.0,-1.0,-1.0,-1.0,-1.0,-1.0,-1.0,-1.0,-1.0,-1.0,-1.0,-1.0,-1.0,-1.0,-1.0,-1.0,-1.0,-1.0,-1.0,-1.0
1193,-0.5407925514634075,-0.8685613890151774,-1.103697561337068,-1.2743140052023338,-1.37534823774376,-1.419833459534388,-1.344757915737614,-1.2010695722298712,-0.9951234606955355,-0.6072511031457742,-0.20613012022011173,0.17926485209675735,0.5234059746659012,0.8276935087059111,1.031377659810215,1.1513692750033375,1.2219208979400478,1.2735151382250618,1.227091093208692,1.1697880956478832,1.149645876580456,0.8320020047631147,0.4055686075013806,-0.05576360782370334,0.0,0.0,0.0,0.0,0.0,0.0,0.0,0.0,0.0,0.0,0.0,0.0,0.0,0.0,0.0,0.0,0.0,0.0,0.0,0.0,0.0,0.0,0.0,0.0,0.0,0.0,0.0,0.0,0.0,0.0,0.0,0.0,0.0,0.0,0.0,0.0,0.0,0.0,0.0,0.0,0.0,0.0,0.0,0.0,0.0,0.0,0.0,0.0,0.0,0.0,0.0,0.0,0.0,0.0,0.0,0.0,0.0,0.0,0.0,0.0,0.0,0.0,0.0,0.0,0.0,0.0,0.0,0.0,0.0,0.0,0.0,0.0
1194,-1.099482969437368,-1.2957888509377715,-1.4424834807429767,-1.519821087033999,-1.530516713435949,-1.3978909460517701,-1.1113304325287587,-0.6231984983536145,-0.36773757544550345,-0.18311460893799905,0.10797097729352972,0.40670805010491495,0.690964890249045,0.9148325782467809,1.0918040581744288,1.1915202058603003,1.2189997383083868,1.1941529754361648,1.1073538534818792,0.9952965984091424,0.9549000402294702,0.635183084860414,0.23516665742748774,-0.17348854517624412,0.0,0.0,0.0,0.0,0.0,0.0,0.0,0.0,0.0,0.0,0.0,0.0,0.0,0.0,0.0,0.0,0.0,0.0,0.0,0.0,0.0,0.0,0.0,0.0,0.0,0.0,0.0,0.0,0.0,0.0,0.0,0.0,0.0,0.0,0.0,0.0,0.0,0.0,0.0,0.0,0.0,0.0,0.0,0.0,0.0,0.0,0.0,0.0,0.0,0.0,0.0,0.0,0.0,0.0,0.0,0.0,0.0,0.0,0.0,0.0,0.0,0.0,0.0,0.0,0.0,0.0,0.0,0.0,0.0,0.0,0.0,0.0
1195,-0.8518253397529754,-1.1660649272722563,-1.408329466498819,-1.5684884211448142,-1.6227109106093018,-1.4874441308420214,-1.1387607199440535,-0.605701548607232,-0.38389104455232653,-0.20848804482556788,0.10507617360785655,0.4434360856220164,0.7175394531818191,0.94224439617611,1.1368471742007922,1.2198210904631752,1.2388279061651397,1.185859673574386,1.0404623575192566,0.9915463394436423,0.9411831018983354,0.6017618956064009,0.1814893616076326,-0.304390455017206,0.0,0.0,0.0,0.0,0.0,0.0,0.0,0.0,0.0,0.0,0.0,0.0,0.0,0.0,0.0,0.0,0.0,0.0,0.0,0.0,0.0,0.0,0.0,0.0,0.0,0.0,0.0,0.0,0.0,0.0,0.0,0.0,0.0,0.0,0.0,0.0,0.0,0.0,0.0,0.0,0.0,0.0,0.0,0.0,0.0,0.0,0.0,0.0,0.0,0.0,0.0,0.0,0.0,0.0,0.0,0.0,0.0,0.0,0.0,0.0,0.0,0.0,0.0,0.0,0.0,0.0,0.0,0.0,0.0,0.0,0.0,0.0
1196,-0.6074224960922444,-1.1552863352088274,-1.4738054124914497,-1.6867487159971406,-1.729061721936459,-1.5665632398437668,-1.0673524661883544,-0.37173767473643127,-0.03902237722009625,0.10803943821069474,0.323050152430033,0.5496383666457972,0.7550011642014473,0.9195670570077868,1.1085283962351669,1.1629702116945506,1.1759259855000748,1.1395395569398792,1.028037205783825,0.9333497950987701,0.883318455828501,0.45701836667438994,-0.1200648771950776,-0.7269188353410689,1.0,1.0,1.0,1.0,1.0,1.0,1.0,1.0,1.0,1.0,1.0,1.0,1.0,1.0,1.0,1.0,1.0,1.0,1.0,1.0,1.0,1.0,1.0,1.0,1.0,1.0,1.0,1.0,1.0,1.0,1.0,1.0,1.0,1.0,1.0,1.0,1.0,1.0,1.0,1.0,1.0,1.0,1.0,1.0,1.0,1.0,1.0,1.0,1.0,1.0,1.0,1.0,1.0,1.0,1.0,1.0,1.0,1.0,1.0,1.0,1.0,1.0,1.0,1.0,1.0,1.0,1.0,1.0,1.0,1.0,1.0,1.0
1197,-0.47766689202554435,-1.1344134629625666,-1.5559711438944133,-1.8556723076818982,-1.9445946310034594,-1.7130866214843616,-1.1574673986385269,-0.16149863132665934,0.27826972148367707,0.3978014720052531,0.5616975189116604,0.6835540360560224,0.7407045488661762,0.7703453233066967,0.844931585787745,0.8548118439345851,0.82923941108394,0.8209089973522904,0.7918494145674664,0.9003385236308094,1.1064678308511608,0.7742199343446732,0.174430145665906,-0.5291992188306323,0.0,0.0,0.0,0.0,0.0,0.0,0.0,0.0,0.0,0.0,0.0,0.0,0.0,0.0,0.0,0.0,0.0,0.0,0.0,0.0,0.0,0.0,0.0,0.0,0.0,0.0,0.0,0.0,0.0,0.0,0.0,0.0,0.0,0.0,0.0,0.0,0.0,0.0,0.0,0.0,0.0,0.0,0.0,0.0,0.0,0.0,0.0,0.0,0.0,0.0,0.0,0.0,0.0,0.0,0.0,0.0,0.0,0.0,0.0,0.0,0.0,0.0,0.0,0.0,0.0,0.0,0.0,0.0,0.0,0.0,0.0,0.0
1198,-0.8675062849093428,-1.3592485240625778,-1.609625366635389,-1.8297873608807826,-1.8393288919315463,-1.6598067521616264,-1.035366553394996,0.018619237675448125,0.5008199457779196,0.6584319031349751,0.7296399959767839,0.7762874811138496,0.78370867193111,0.7554374688177369,0.7799980765224799,0.7856523171451545,0.7572044190123227,0.7978442734877966,0.8121565700639418,0.8819511027500819,0.9028011150461946,0.5863403351958735,0.12074895892250877,-0.44697213859791657,0.0,0.0,0.0,0.0,0.0,0.0,0.0,0.0,0.0,0.0,0.0,0.0,0.0,0.0,0.0,0.0,0.0,0.0,0.0,0.0,0.0,0.0,0.0,0.0,0.0,0.0,0.0,0.0,0.0,0.0,0.0,0.0,0.0,0.0,0.0,0.0,0.0,0.0,0.0,0.0,0.0,0.0,0.0,0.0,0.0,0.0,0.0,0.0,0.0,0.0,0.0,0.0,0.0,0.0,0.0,0.0,0.0,0.0,0.0,0.0,0.0,0.0,0.0,0.0,0.0,0.0,0.0,0.0,0.0,0.0,0.0,0.0
1199,-0.43765733533878104,-1.020727967082749,-1.3649172374730105,-1.6125534131171668,-1.7391230140019578,-1.6183065767937481,-1.5122482551037257,-0.9174211584554393,-0.37562322265216413,0.1579201739629725,0.5916586876669795,0.7087230616078534,0.676705455059922,0.6679506407694721,0.6774558677133892,0.708973199159009,0.7347373669280475,0.8462987147434957,0.946353735205781,1.2185033908631973,1.3508261554245695,0.9863757433906951,0.44582849534319857,-0.11973250781986934,0.0,0.0,0.0,0.0,0.0,0.0,0.0,0.0,0.0,0.0,0.0,0.0,0.0,0.0,0.0,0.0,0.0,0.0,0.0,0.0,0.0,0.0,0.0,0.0,0.0,0.0,0.0,0.0,0.0,0.0,0.0,0.0,0.0,0.0,0.0,0.0,0.0,0.0,0.0,0.0,0.0,0.0,0.0,0.0,0.0,0.0,0.0,0.0,0.0,0.0,0.0,0.0,0.0,0.0,0.0,0.0,0.0,0.0,0.0,0.0,0.0,0.0,0.0,0.0,0.0,0.0,0.0,0.0,0.0,0.0,0.0,0.0
1200,-0.5736613937538281,-0.9349061652394139,-1.2285872999527896,-1.3873109190030823,-1.44163344103099,-1.4100584751022687,-1.4066633174755243,-1.146084969622905,-0.8240542687262149,-0.3923599764856864,0.006910560419434823,0.30874007343699666,0.5056592157881619,0.6499534149247915,0.718535598985025,0.7869480251639211,0.8523048094787475,1.0449800047964823,1.2230560223192173,1.4551150461071851,1.4900851696626507,1.1215408092795647,0.5932542825581629,-0.01176280652765843,0.0,0.0,0.0,0.0,0.0,0.0,0.0,0.0,0.0,0.0,0.0,0.0,0.0,0.0,0.0,0.0,0.0,0.0,0.0,0.0,0.0,0.0,0.0,0.0,0.0,0.0,0.0,0.0,0.0,0.0,0.0,0.0,0.0,0.0,0.0,0.0,0.0,0.0,0.0,0.0,0.0,0.0,0.0,0.0,0.0,0.0,0.0,0.0,0.0,0.0,0.0,0.0,0.0,0.0,0.0,0.0,0.0,0.0,0.0,0.0,0.0,0.0,0.0,0.0,0.0,0.0,0.0,0.0,0.0,0.0,0.0,0.0
1201,-1.2794053841644273,-1.5394466578445118,-1.7022853377800087,-1.7373283329497313,-1.671831306263464,-1.5259578858942615,-0.9172944340772935,-0.05248337471021025,0.41489562039073313,0.5301759497387493,0.6771618461450858,0.7923031159884601,0.8452847872569693,0.8665608914671581,0.842086418650209,0.7297263388996698,0.6245973533905018,0.5711985036080673,0.6212599252790997,0.9100865164200278,1.0661112806280786,0.8023154003226666,0.33368486967994737,-0.20141610418153139,0.0,0.0,0.0,0.0,0.0,0.0,0.0,0.0,0.0,0.0,0.0,0.0,0.0,0.0,0.0,0.0,0.0,0.0,0.0,0.0,0.0,0.0,0.0,0.0,0.0,0.0,0.0,0.0,0.0,0.0,0.0,0.0,0.0,0.0,0.0,0.0,0.0,0.0,0.0,0.0,0.0,0.0,0.0,0.0,0.0,0.0,0.0,0.0,0.0,0.0,0.0,0.0,0.0,0.0,0.0,0.0,0.0,0.0,0.0,0.0,0.0,0.0,0.0,0.0,0.0,0.0,0.0,0.0,0.0,0.0,0.0,0.0
1202,-0.9887666896040462,-1.3646012121498192,-1.6723679267234135,-1.8097563244095907,-1.8082947457108014,-1.525792462930562,-0.7966734891917622,0.48575742051720366,1.0463772499813153,1.0098377825115874,0.9421875684533482,0.8434266078065977,0.6999830983682943,0.639223183890061,0.5573747767578704,0.4220743486413921,0.29115865662128115,0.3061920375231121,0.42019517602866324,0.8789220904914763,1.1635123428414145,0.8060519525089903,0.07213064875988336,-0.6181520909825199,0.0,0.0,0.0,0.0,0.0,0.0,0.0,0.0,0.0,0.0,0.0,0.0,0.0,0.0,0.0,0.0,0.0,0.0,0.0,0.0,0.0,0.0,0.0,0.0,0.0,0.0,0.0,0.0,0.0,0.0,0.0,0.0,0.0,0.0,0.0,0.0,0.0,0.0,0.0,0.0,0.0,0.0,0.0,0.0,0.0,0.0,0.0,0.0,0.0,0.0,0.0,0.0,0.0,0.0,0.0,0.0,0.0,0.0,0.0,0.0,0.0,0.0,0.0,0.0,0.0,0.0,0.0,0.0,0.0,0.0,0.0,0.0
1203,-0.9511878505184146,-1.3886823299721445,-1.6301387230265207,-1.8280780408672475,-1.8530052975430273,-1.5650743581439768,-0.72958876362949,0.573599765462765,1.1093245360541022,1.0239803691302456,0.9069490115168384,0.8325897373653594,0.6807024699934463,0.547405021159403,0.46438458155278023,0.34524074456006965,0.18849477461575886,0.15385011279518343,0.3239047028291055,0.9069490115168384,1.2170609843985745,0.8748393249514269,0.2700364786568693,-0.47355626285792035,0.0,0.0,0.0,0.0,0.0,0.0,0.0,0.0,0.0,0.0,0.0,0.0,0.0,0.0,0.0,0.0,0.0,0.0,0.0,0.0,0.0,0.0,0.0,0.0,0.0,0.0,0.0,0.0,0.0,0.0,0.0,0.0,0.0,0.0,0.0,0.0,0.0,0.0,0.0,0.0,0.0,0.0,0.0,0.0,0.0,0.0,0.0,0.0,0.0,0.0,0.0,0.0,0.0,0.0,0.0,0.0,0.0,0.0,0.0,0.0,0.0,0.0,0.0,0.0,0.0,0.0,0.0,0.0,0.0,0.0,0.0,0.0
1204,-0.9940542556262644,-1.4415863421599546,-1.6301520658595328,-1.8315934226751613,-1.8396926112481609,-1.5867487219683303,-0.662818210140772,0.6073006953070469,1.1298021940164507,1.040711119713456,0.9316835812307704,0.8058346510964706,0.6197609854193539,0.5175866064984371,0.5028419298655405,0.42101935812805846,0.36930915416198473,0.3304745833119615,0.41042811153259756,0.7948280614972661,1.0913829661701708,0.8160105546881878,0.16516806782202298,-0.5674969907816241,0.0,0.0,0.0,0.0,0.0,0.0,0.0,0.0,0.0,0.0,0.0,0.0,0.0,0.0,0.0,0.0,0.0,0.0,0.0,0.0,0.0,0.0,0.0,0.0,0.0,0.0,0.0,0.0,0.0,0.0,0.0,0.0,0.0,0.0,0.0,0.0,0.0,0.0,0.0,0.0,0.0,0.0,0.0,0.0,0.0,0.0,0.0,0.0,0.0,0.0,0.0,0.0,0.0,0.0,0.0,0.0,0.0,0.0,0.0,0.0,0.0,0.0,0.0,0.0,0.0,0.0,0.0,0.0,0.0,0.0,0.0,0.0
1205,-0.9215624866905201,-1.3924487095871176,-1.660478196015088,-1.8158094955160438,-1.875740469339247,-1.595654897798154,-0.8855689572223572,0.10687399122019335,0.5807305539272704,0.6609297288102158,0.7089793433915014,0.7484673902837577,0.7804422247142132,0.7994873446755226,0.8648348205060709,0.8342577930452528,0.78481037149433,0.7834125645246927,0.7573784097151961,0.8693776931573924,0.8328599860756155,0.5069962362788977,0.03453748054145815,-0.5071127201930324,0.0,0.0,0.0,0.0,0.0,0.0,0.0,0.0,0.0,0.0,0.0,0.0,0.0,0.0,0.0,0.0,0.0,0.0,0.0,0.0,0.0,0.0,0.0,0.0,0.0,0.0,0.0,0.0,0.0,0.0,0.0,0.0,0.0,0.0,0.0,0.0,0.0,0.0,0.0,0.0,0.0,0.0,0.0,0.0,0.0,0.0,0.0,0.0,0.0,0.0,0.0,0.0,0.0,0.0,0.0,0.0,0.0,0.0,0.0,0.0,0.0,0.0,0.0,0.0,0.0,0.0,0.0,0.0,0.0,0.0,0.0,0.0
1206,-0.2062868551979608,-0.8370827131167591,-1.4049660097426853,-1.7011561213162074,-1.8929559210099638,-1.7615633151239654,-1.4717758093457354,-0.7480029803126923,-0.11525850323880502,0.42673599604093915,0.8387297602597482,1.0160541033728439,1.0001867759671195,0.8598861968007141,0.6522190697012333,0.40585793366498596,0.2405036796474369,0.33487252158674524,0.5121968646998407,1.0759045488505763,1.3233791815468745,1.0296944374584664,0.5467152611614167,-0.12388810235419899,0.0,0.0,0.0,0.0,0.0,0.0,0.0,0.0,0.0,0.0,0.0,0.0,0.0,0.0,0.0,0.0,0.0,0.0,0.0,0.0,0.0,0.0,0.0,0.0,0.0,0.0,0.0,0.0,0.0,0.0,0.0,0.0,0.0,0.0,0.0,0.0,0.0,0.0,0.0,0.0,0.0,0.0,0.0,0.0,0.0,0.0,0.0,0.0,0.0,0.0,0.0,0.0,0.0,0.0,0.0,0.0,0.0,0.0,0.0,0.0,0.0,0.0,0.0,0.0,0.0,0.0,0.0,0.0,0.0,0.0,0.0,0.0
1207,-0.5344477309038513,-1.0907899184942784,-1.4668795897036633,-1.597143643140534,-1.5609755199515156,-1.491873821175749,-1.1160781997483886,-0.5120999474699864,0.12069518344682065,0.6017606268389658,0.7564308121838731,0.5688270512522174,0.4294474545725862,0.2800701653041206,0.04865298685080869,-0.08337536527820914,-0.1371864753886997,0.11187368998608449,0.5376577743576164,1.4412727545190236,2.022315123799512,1.621231221118041,0.9940230360597003,0.056592330965471234,1.0,1.0,1.0,1.0,1.0,1.0,1.0,1.0,1.0,1.0,1.0,1.0,1.0,1.0,1.0,1.0,1.0,1.0,1.0,1.0,1.0,1.0,1.0,1.0,1.0,1.0,1.0,1.0,1.0,1.0,1.0,1.0,1.0,1.0,1.0,1.0,1.0,1.0,1.0,1.0,1.0,1.0,1.0,1.0,1.0,1.0,1.0,1.0,1.0,1.0,1.0,1.0,1.0,1.0,1.0,1.0,1.0,1.0,1.0,1.0,1.0,1.0,1.0,1.0,1.0,1.0,1.0,1.0,1.0,1.0,1.0,1.0
1208,-1.3746585978112404,-1.616765684325213,-1.6878922122431848,-1.7268300924902495,-1.6588185949920429,-1.3241258821128274,-0.41782508720669914,0.7542916368527255,1.2620415952744517,1.1902228383743099,1.0145697341486615,0.8508575798654464,0.680569250251616,0.5201451836337085,0.4455575108048865,0.291882676763137,0.21175717207695458,0.1989509359068088,0.3197448932954812,0.8292254241726326,1.0017634979785157,0.6549567779113243,0.13803478547584505,-0.5576553416050477,0.0,0.0,0.0,0.0,0.0,0.0,0.0,0.0,0.0,0.0,0.0,0.0,0.0,0.0,0.0,0.0,0.0,0.0,0.0,0.0,0.0,0.0,0.0,0.0,0.0,0.0,0.0,0.0,0.0,0.0,0.0,0.0,0.0,0.0,0.0,0.0,0.0,0.0,0.0,0.0,0.0,0.0,0.0,0.0,0.0,0.0,0.0,0.0,0.0,0.0,0.0,0.0,0.0,0.0,0.0,0.0,0.0,0.0,0.0,0.0,0.0,0.0,0.0,0.0,0.0,0.0,0.0,0.0,0.0,0.0,0.0,0.0
1209,-1.1543376456557939,-1.430310709275315,-1.6894820538361248,-1.84822933045981,-1.7802499613946796,-1.4575410815428813,-0.6470029793657439,0.5914961507896012,1.1459528797270713,1.0598199291502297,0.9109219361126856,0.8356038851598422,0.7121981555217219,0.6117740875845974,0.4959001630417615,0.32942795811522047,0.1849717988518183,0.18323368998367578,0.3278829724546493,0.8806015925239769,1.1102250863263634,0.8151328251572746,0.2402050362172368,-0.4281943851873553,1.0,1.0,1.0,1.0,1.0,1.0,1.0,1.0,1.0,1.0,1.0,1.0,1.0,1.0,1.0,1.0,1.0,1.0,1.0,1.0,1.0,1.0,1.0,1.0,1.0,1.0,1.0,1.0,1.0,1.0,1.0,1.0,1.0,1.0,1.0,1.0,1.0,1.0,1.0,1.0,1.0,1.0,1.0,1.0,1.0,1.0,1.0,1.0,1.0,1.0,1.0,1.0,1.0,1.0,1.0,1.0,1.0,1.0,1.0,1.0,1.0,1.0,1.0,1.0,1.0,1.0,1.0,1.0,1.0,1.0,1.0,1.0
1210,-1.2064014814021065,-1.5490017195365153,-1.7099259456773634,-1.7729643894940947,-1.7013119968328412,-1.3902309806067978,-0.5374500449990917,0.741134043718523,1.2544470862261918,1.1369841474372515,0.9592235667366553,0.7832249301178932,0.5831463910473983,0.4433654938885594,0.3750412178263258,0.2546417055676621,0.12425784351193842,0.16811067399314278,0.33862770680175436,0.9739064340852729,1.108988813692554,0.8026063150180683,0.2795046942779878,-0.4599245053983911,0.0,0.0,0.0,0.0,0.0,0.0,0.0,0.0,0.0,0.0,0.0,0.0,0.0,0.0,0.0,0.0,0.0,0.0,0.0,0.0,0.0,0.0,0.0,0.0,0.0,0.0,0.0,0.0,0.0,0.0,0.0,0.0,0.0,0.0,0.0,0.0,0.0,0.0,0.0,0.0,0.0,0.0,0.0,0.0,0.0,0.0,0.0,0.0,0.0,0.0,0.0,0.0,0.0,0.0,0.0,0.0,0.0,0.0,0.0,0.0,0.0,0.0,0.0,0.0,0.0,0.0,0.0,0.0,0.0,0.0,0.0,0.0
1211,-1.070754559490608,-1.4617315012265235,-1.714536904269921,-1.8090469554432167,-1.7402307014520146,-1.5159939260446516,-0.7635070547257113,0.384269004010055,0.9421657889778938,0.8774821037642313,0.9076678235306072,0.903175900946325,0.8047129578988611,0.7218819054446989,0.6320434537590565,0.5423846789767854,0.44787462780348974,0.43350047553378696,0.556579154343117,0.9321038823891019,0.9518683417599432,0.6356369918264823,0.04180482618438643,-0.6393503144961536,0.0,0.0,0.0,0.0,0.0,0.0,0.0,0.0,0.0,0.0,0.0,0.0,0.0,0.0,0.0,0.0,0.0,0.0,0.0,0.0,0.0,0.0,0.0,0.0,0.0,0.0,0.0,0.0,0.0,0.0,0.0,0.0,0.0,0.0,0.0,0.0,0.0,0.0,0.0,0.0,0.0,0.0,0.0,0.0,0.0,0.0,0.0,0.0,0.0,0.0,0.0,0.0,0.0,0.0,0.0,0.0,0.0,0.0,0.0,0.0,0.0,0.0,0.0,0.0,0.0,0.0,0.0,0.0,0.0,0.0,0.0,0.0
1212,-1.0296542547300749,-1.4110548869169544,-1.634924631423639,-1.7595728580832106,-1.8549708106953673,-1.5177323569722319,-0.7729018492027672,0.2562107337856899,0.8144512580892929,0.9092756759162063,0.991673506729512,1.0159531459714837,0.9595555587558801,0.8911137410501644,0.8060394145723893,0.6878912488122432,0.5251985480648576,0.5154484567157193,0.5349486394139957,0.7439064795043513,0.664949857402506,0.3902266952709042,-0.055027476339743496,-0.6710038356911848,1.0,1.0,1.0,1.0,1.0,1.0,1.0,1.0,1.0,1.0,1.0,1.0,1.0,1.0,1.0,1.0,1.0,1.0,1.0,1.0,1.0,1.0,1.0,1.0,1.0,1.0,1.0,1.0,1.0,1.0,1.0,1.0,1.0,1.0,1.0,1.0,1.0,1.0,1.0,1.0,1.0,1.0,1.0,1.0,1.0,1.0,1.0,1.0,1.0,1.0,1.0,1.0,1.0,1.0,1.0,1.0,1.0,1.0,1.0,1.0,1.0,1.0,1.0,1.0,1.0,1.0,1.0,1.0,1.0,1.0,1.0,1.0
1213,-0.4853967018327189,-1.2084141801643975,-1.5345436911315664,-1.7016850655022404,-1.7902059327647575,-1.5598769656441946,-1.2526746137956561,-0.4786993993753574,0.3278887661416583,0.8566844732098534,1.1796109264800232,1.1667986956920273,0.9297724261141028,0.6455738522712843,0.4330072960158975,0.34652473819692503,0.40272384142608897,0.55647061088204,0.7201177404923514,1.1271972550745852,1.1347681187220375,0.7125468768448993,0.08096213640937333,-0.6091512037622249,-1.0,-1.0,-1.0,-1.0,-1.0,-1.0,-1.0,-1.0,-1.0,-1.0,-1.0,-1.0,-1.0,-1.0,-1.0,-1.0,-1.0,-1.0,-1.0,-1.0,-1.0,-1.0,-1.0,-1.0,-1.0,-1.0,-1.0,-1.0,-1.0,-1.0,-1.0,-1.0,-1.0,-1.0,-1.0,-1.0,-1.0,-1.0,-1.0,-1.0,-1.0,-1.0,-1.0,-1.0,-1.0,-1.0,-1.0,-1.0,-1.0,-1.0,-1.0,-1.0,-1.0,-1.0,-1.0,-1.0,-1.0,-1.0,-1.0,-1.0,-1.0,-1.0,-1.0,-1.0,-1.0,-1.0,-1.0,-1.0,-1.0,-1.0,-1.0,-1.0
1214,-0.659969200528555,-1.0422906112450359,-1.287000562818851,-1.3896534574509716,-1.4549229160458041,-1.5602027548318964,-1.4120835190733443,-0.9592387614540878,-0.5235701771492609,-0.10972543658512106,0.1594353028833527,0.2610778343793304,0.3289742371281346,0.4219276456532832,0.5110416742610887,0.5736841887019497,0.7211972065788159,0.9125599845642849,1.1831352324233588,1.5759644197557259,1.687104364731447,1.2601249033974493,0.698362999701986,0.10406740302272072,0.0,0.0,0.0,0.0,0.0,0.0,0.0,0.0,0.0,0.0,0.0,0.0,0.0,0.0,0.0,0.0,0.0,0.0,0.0,0.0,0.0,0.0,0.0,0.0,0.0,0.0,0.0,0.0,0.0,0.0,0.0,0.0,0.0,0.0,0.0,0.0,0.0,0.0,0.0,0.0,0.0,0.0,0.0,0.0,0.0,0.0,0.0,0.0,0.0,0.0,0.0,0.0,0.0,0.0,0.0,0.0,0.0,0.0,0.0,0.0,0.0,0.0,0.0,0.0,0.0,0.0,0.0,0.0,0.0,0.0,0.0,0.0
1215,-1.3449787782872815,-1.6208361374491427,-1.728786587821261,-1.809785457125841,-1.725615813578021,-1.423239251654518,-0.6838723485717862,0.282493165106521,0.7527766358197674,0.7186187496539569,0.6773986844918397,0.7026207523357926,0.6360344932277571,0.6358903671257916,0.6759574234721852,0.6534737515655759,0.6095152904661152,0.6390611413690314,0.6987293475827255,1.0156626458047386,1.0320930214287993,0.6916671685864187,0.2522266836937776,-0.33710494724292606,0.0,0.0,0.0,0.0,0.0,0.0,0.0,0.0,0.0,0.0,0.0,0.0,0.0,0.0,0.0,0.0,0.0,0.0,0.0,0.0,0.0,0.0,0.0,0.0,0.0,0.0,0.0,0.0,0.0,0.0,0.0,0.0,0.0,0.0,0.0,0.0,0.0,0.0,0.0,0.0,0.0,0.0,0.0,0.0,0.0,0.0,0.0,0.0,0.0,0.0,0.0,0.0,0.0,0.0,0.0,0.0,0.0,0.0,0.0,0.0,0.0,0.0,0.0,0.0,0.0,0.0,0.0,0.0,0.0,0.0,0.0,0.0
1216,-1.0504300055497588,-1.455912609602969,-1.7223233077553761,-1.8029021911991419,-1.7749497733878141,-1.5264838372871234,-0.8978995281101683,0.16032379557423113,0.6527694772626831,0.6206759605163439,0.622401418405932,0.6631222246002119,0.6653653198566765,0.686070814531734,0.7383521885862543,0.7207525181124553,0.7048783055282446,0.7154035986547321,0.7719986174332227,1.0532482534360879,1.0553188029035936,0.7233407049468376,0.1760254623694831,-0.49914620982635166,0.0,0.0,0.0,0.0,0.0,0.0,0.0,0.0,0.0,0.0,0.0,0.0,0.0,0.0,0.0,0.0,0.0,0.0,0.0,0.0,0.0,0.0,0.0,0.0,0.0,0.0,0.0,0.0,0.0,0.0,0.0,0.0,0.0,0.0,0.0,0.0,0.0,0.0,0.0,0.0,0.0,0.0,0.0,0.0,0.0,0.0,0.0,0.0,0.0,0.0,0.0,0.0,0.0,0.0,0.0,0.0,0.0,0.0,0.0,0.0,0.0,0.0,0.0,0.0,0.0,0.0,0.0,0.0,0.0,0.0,0.0,0.0
1217,-0.9849087351621727,-1.3768000817332209,-1.6632673763583852,-1.8647482381547997,-1.8509528452507342,-1.6177936738227616,-0.9591913977731121,0.05400356995881557,0.6538476910467041,0.6511226751644197,0.7083480086923953,0.8086626558589958,0.8311440368878433,0.8626520330267585,0.8490269536153358,0.7587608025146597,0.7034089174057546,0.6633852466347001,0.6201256195034328,0.8311440368878433,0.7793687351244367,0.6448210759366366,0.2200592252855309,-0.3222189352890964,-1.0,-1.0,-1.0,-1.0,-1.0,-1.0,-1.0,-1.0,-1.0,-1.0,-1.0,-1.0,-1.0,-1.0,-1.0,-1.0,-1.0,-1.0,-1.0,-1.0,-1.0,-1.0,-1.0,-1.0,-1.0,-1.0,-1.0,-1.0,-1.0,-1.0,-1.0,-1.0,-1.0,-1.0,-1.0,-1.0,-1.0,-1.0,-1.0,-1.0,-1.0,-1.0,-1.0,-1.0,-1.0,-1.0,-1.0,-1.0,-1.0,-1.0,-1.0,-1.0,-1.0,-1.0,-1.0,-1.0,-1.0,-1.0,-1.0,-1.0,-1.0,-1.0,-1.0,-1.0,-1.0,-1.0,-1.0,-1.0,-1.0,-1.0,-1.0,-1.0
1218,-1.0499883145191655,-1.3922523441374406,-1.6259677610565313,-1.8052320823545327,-1.814778703015373,-1.596620741988022,-0.9868745445947211,0.0448676438620212,0.67865718217892,0.7223241322386895,0.7276278103836008,0.7451299482618081,0.7058827299894646,0.641885013707535,0.6478958489384345,0.5434133894836821,0.5036358033968475,0.5628602093483569,0.7567980401806129,1.136718184627758,1.1096694260887106,0.8220332813630218,0.27752232515212966,-0.3552064775357869,-1.0,-1.0,-1.0,-1.0,-1.0,-1.0,-1.0,-1.0,-1.0,-1.0,-1.0,-1.0,-1.0,-1.0,-1.0,-1.0,-1.0,-1.0,-1.0,-1.0,-1.0,-1.0,-1.0,-1.0,-1.0,-1.0,-1.0,-1.0,-1.0,-1.0,-1.0,-1.0,-1.0,-1.0,-1.0,-1.0,-1.0,-1.0,-1.0,-1.0,-1.0,-1.0,-1.0,-1.0,-1.0,-1.0,-1.0,-1.0,-1.0,-1.0,-1.0,-1.0,-1.0,-1.0,-1.0,-1.0,-1.0,-1.0,-1.0,-1.0,-1.0,-1.0,-1.0,-1.0,-1.0,-1.0,-1.0,-1.0,-1.0,-1.0,-1.0,-1.0
1219,-0.9164303651658403,-1.3644717903709955,-1.654624078649611,-1.813959843794064,-1.7397684823325095,-1.4651157821029654,-0.6585172200292934,0.616582223474308,1.2727314508849943,1.289677667151979,1.2471054653105296,1.1282752902676494,0.8678822110432511,0.6525412677481535,0.512218330610561,0.30266390018711664,0.15262788787210618,0.204086520195023,0.3481293584643926,0.7000733377653056,0.6603943923596829,0.36672886412327815,-0.08937234686739418,-0.6194582581456337,0.0,0.0,0.0,0.0,0.0,0.0,0.0,0.0,0.0,0.0,0.0,0.0,0.0,0.0,0.0,0.0,0.0,0.0,0.0,0.0,0.0,0.0,0.0,0.0,0.0,0.0,0.0,0.0,0.0,0.0,0.0,0.0,0.0,0.0,0.0,0.0,0.0,0.0,0.0,0.0,0.0,0.0,0.0,0.0,0.0,0.0,0.0,0.0,0.0,0.0,0.0,0.0,0.0,0.0,0.0,0.0,0.0,0.0,0.0,0.0,0.0,0.0,0.0,0.0,0.0,0.0,0.0,0.0,0.0,0.0,0.0,0.0
1220,-0.46160132962658734,-1.0451453165325797,-1.50643272871707,-1.719782437544789,-1.7632742722496368,-1.4889675037568555,-1.1591829618610394,-0.4013291807442783,0.5126842588402835,1.2578671904761045,1.401698454854342,1.2900579972655195,0.8876729123978313,0.5284372068436143,0.14796926702403834,-0.052024681539987176,-0.07770883589324387,0.05927332065745852,0.4500149222183371,1.213690444988503,1.2041016940299538,0.7774022763745159,0.3784417454205951,-0.43386244292507015,0.0,0.0,0.0,0.0,0.0,0.0,0.0,0.0,0.0,0.0,0.0,0.0,0.0,0.0,0.0,0.0,0.0,0.0,0.0,0.0,0.0,0.0,0.0,0.0,0.0,0.0,0.0,0.0,0.0,0.0,0.0,0.0,0.0,0.0,0.0,0.0,0.0,0.0,0.0,0.0,0.0,0.0,0.0,0.0,0.0,0.0,0.0,0.0,0.0,0.0,0.0,0.0,0.0,0.0,0.0,0.0,0.0,0.0,0.0,0.0,0.0,0.0,0.0,0.0,0.0,0.0,0.0,0.0,0.0,0.0,0.0,0.0
1221,-0.42730497356603436,-0.9146640445405941,-1.2131242507963322,-1.4053813175545995,-1.4945835592273764,-1.4488280564399285,-1.3676015446108352,-1.234113013542868,-0.8321782069467086,-0.25876520871135245,0.2271246488709498,0.4607295782398925,0.49095339659490395,0.506275193399875,0.5199178891851233,0.44498800617999074,0.4258882320806432,0.6252814781727326,1.0244877456118424,1.6144818664169618,1.6344211910261708,1.4058535647163966,0.9266801112129858,0.2894612742281609,1.0,1.0,1.0,1.0,1.0,1.0,1.0,1.0,1.0,1.0,1.0,1.0,1.0,1.0,1.0,1.0,1.0,1.0,1.0,1.0,1.0,1.0,1.0,1.0,1.0,1.0,1.0,1.0,1.0,1.0,1.0,1.0,1.0,1.0,1.0,1.0,1.0,1.0,1.0,1.0,1.0,1.0,1.0,1.0,1.0,1.0,1.0,1.0,1.0,1.0,1.0,1.0,1.0,1.0,1.0,1.0,1.0,1.0,1.0,1.0,1.0,1.0,1.0,1.0,1.0,1.0,1.0,1.0,1.0,1.0,1.0,1.0
1222,-1.4162306198529475,-1.614898536598667,-1.7394268410845901,-1.7571416156953379,-1.657676436769806,-1.3243762329824036,-0.6479342839571834,0.16956975919065775,0.48056246902378513,0.5760910313691509,0.6305475607281162,0.6650585660809063,0.6780494007954546,0.6945831904321526,0.699307130328352,0.6838231051130317,0.6878909422458701,0.8261974047623748,1.1299729841985309,1.1102899012977,0.9033550897336318,0.5779281191065617,0.08926278095526789,-0.4448048684206091,0.20851441405707746,0.20851441405707746,0.20851441405707746,0.20851441405707746,0.20851441405707746,0.20851441405707746,0.20851441405707746,0.20851441405707746,0.20851441405707746,0.20851441405707746,0.20851441405707746,0.20851441405707746,0.20851441405707746,0.20851441405707746,0.20851441405707746,0.20851441405707746,0.20851441405707746,0.20851441405707746,0.20851441405707746,0.20851441405707746,0.20851441405707746,0.20851441405707746,0.20851441405707746,-4.7958315233127164,0.20851441405707746,0.20851441405707746,0.20851441405707746,0.20851441405707746,0.20851441405707746,0.20851441405707746,0.20851441405707746,0.20851441405707746,0.20851441405707746,0.20851441405707746,0.20851441405707746,0.20851441405707746,0.20851441405707746,0.20851441405707746,0.20851441405707746,0.20851441405707746,0.20851441405707746,0.20851441405707746,0.20851441405707746,0.20851441405707746,0.20851441405707746,0.20851441405707746,0.20851441405707746,-4.7958315233127164,0.20851441405707746,0.20851441405707746,0.20851441405707746,0.20851441405707746,0.20851441405707746,0.20851441405707746,0.20851441405707746,0.20851441405707746,0.20851441405707746,0.20851441405707746,0.20851441405707746,0.20851441405707746,0.20851441405707746,0.20851441405707746,0.20851441405707746,0.20851441405707746,0.20851441405707746,0.20851441405707746,0.20851441405707746,0.20851441405707746,0.20851441405707746,0.20851441405707746,0.20851441405707746,-4.7958315233127164
1223,-1.1773032840682505,-1.501986592871109,-1.688122293093898,-1.8027252606258901,-1.7569443117037802,-1.4327127885810742,-0.7521729590448417,0.09281685806686465,0.3949108828621031,0.5146340881024892,0.6019793195986199,0.6485132446543173,0.6695965763947626,0.690378717681773,0.7308888336687716,0.6691447907146102,0.626827532007002,0.7870608532343867,1.153308444611266,1.1944209415051343,0.994279885197621,0.6676388384474355,0.13588709290806017,-0.46031940966639096,0.20851441405707646,0.20851441405707646,0.20851441405707646,0.20851441405707646,0.20851441405707646,0.20851441405707646,0.20851441405707646,0.20851441405707646,0.20851441405707646,0.20851441405707646,0.20851441405707646,0.20851441405707646,0.20851441405707646,0.20851441405707646,0.20851441405707646,0.20851441405707646,0.20851441405707646,0.20851441405707646,0.20851441405707646,0.20851441405707646,0.20851441405707646,0.20851441405707646,0.20851441405707646,-4.795831523312717,0.20851441405707646,0.20851441405707646,0.20851441405707646,0.20851441405707646,0.20851441405707646,0.20851441405707646,0.20851441405707646,0.20851441405707646,0.20851441405707646,0.20851441405707646,0.20851441405707646,0.20851441405707646,0.20851441405707646,0.20851441405707646,0.20851441405707646,0.20851441405707646,0.20851441405707646,0.20851441405707646,0.20851441405707646,0.20851441405707646,0.20851441405707646,0.20851441405707646,0.20851441405707646,-4.795831523312717,0.20851441405707646,0.20851441405707646,0.20851441405707646,0.20851441405707646,0.20851441405707646,0.20851441405707646,0.20851441405707646,0.20851441405707646,0.20851441405707646,0.20851441405707646,0.20851441405707646,0.20851441405707646,0.20851441405707646,0.20851441405707646,0.20851441405707646,0.20851441405707646,0.20851441405707646,0.20851441405707646,0.20851441405707646,0.20851441405707646,0.20851441405707646,0.20851441405707646,0.20851441405707646,-4.795831523312717
1224,-1.2377337289151276,-1.5546282695734288,-1.7424344419501965,-1.7994875660324219,-1.7507578420152428,-1.414946483027291,-0.6507070225094205,0.2550302391142343,0.5601206851348337,0.5914469362887346,0.6416900057722857,0.688301046136544,0.6435060203319322,0.5803995143842189,0.5452898995643879,0.44646844061029495,0.4593318770744571,0.6864850315768976,1.1805923263473626,1.2269006976183463,1.0396998634281274,0.7471701847784156,0.24050212263706286,-0.38223953677502387,0.208514414057083,0.208514414057083,0.208514414057083,0.208514414057083,0.208514414057083,0.208514414057083,0.208514414057083,0.208514414057083,0.208514414057083,0.208514414057083,0.208514414057083,0.208514414057083,0.208514414057083,0.208514414057083,0.208514414057083,0.208514414057083,0.208514414057083,0.208514414057083,0.208514414057083,0.208514414057083,0.208514414057083,0.208514414057083,0.208514414057083,-4.795831523312711,0.208514414057083,0.208514414057083,0.208514414057083,0.208514414057083,0.208514414057083,0.208514414057083,0.208514414057083,0.208514414057083,0.208514414057083,0.208514414057083,0.208514414057083,0.208514414057083,0.208514414057083,0.208514414057083,0.208514414057083,0.208514414057083,0.208514414057083,0.208514414057083,0.208514414057083,0.208514414057083,0.208514414057083,0.208514414057083,0.208514414057083,-4.795831523312711,0.208514414057083,0.208514414057083,0.208514414057083,0.208514414057083,0.208514414057083,0.208514414057083,0.208514414057083,0.208514414057083,0.208514414057083,0.208514414057083,0.208514414057083,0.208514414057083,0.208514414057083,0.208514414057083,0.208514414057083,0.208514414057083,0.208514414057083,0.208514414057083,0.208514414057083,0.208514414057083,0.208514414057083,0.208514414057083,0.208514414057083,-4.795831523312711
1225,-1.2539126443516673,-1.4851193798810913,-1.700854386491629,-1.7683041709919423,-1.7265826548061816,-1.465997018295951,-0.676417324480429,0.2955201629970221,0.6572804762577225,0.7544568410403902,0.7723623250701125,0.7560213978973562,0.631204528641622,0.49108977011777555,0.4250307028236544,0.34141383080135895,0.38661214000259975,0.682661065270727,1.2226070205747805,1.2403386649537287,1.0039167399010847,0.6963943976818732,0.20686194110228057,-0.48658442583521766,0.20851441405707577,0.20851441405707577,0.20851441405707577,0.20851441405707577,0.20851441405707577,0.20851441405707577,0.20851441405707577,0.20851441405707577,0.20851441405707577,0.20851441405707577,0.20851441405707577,0.20851441405707577,0.20851441405707577,0.20851441405707577,0.20851441405707577,0.20851441405707577,0.20851441405707577,0.20851441405707577,0.20851441405707577,0.20851441405707577,0.20851441405707577,0.20851441405707577,0.20851441405707577,-4.795831523312719,0.20851441405707577,0.20851441405707577,0.20851441405707577,0.20851441405707577,0.20851441405707577,0.20851441405707577,0.20851441405707577,0.20851441405707577,0.20851441405707577,0.20851441405707577,0.20851441405707577,0.20851441405707577,0.20851441405707577,0.20851441405707577,0.20851441405707577,0.20851441405707577,0.20851441405707577,0.20851441405707577,0.20851441405707577,0.20851441405707577,0.20851441405707577,0.20851441405707577,0.20851441405707577,-4.795831523312719,0.20851441405707577,0.20851441405707577,0.20851441405707577,0.20851441405707577,0.20851441405707577,0.20851441405707577,0.20851441405707577,0.20851441405707577,0.20851441405707577,0.20851441405707577,0.20851441405707577,0.20851441405707577,0.20851441405707577,0.20851441405707577,0.20851441405707577,0.20851441405707577,0.20851441405707577,0.20851441405707577,0.20851441405707577,0.20851441405707577,0.20851441405707577,0.20851441405707577,0.20851441405707577,-4.795831523312719
1226,-1.162977648704488,-1.51070796566713,-1.7316737189209828,-1.8157403889559072,-1.7619111377872994,-1.578825227948393,-0.7675652481449621,0.1860764237927181,0.5391232100065806,0.6871536507202518,0.7389892259196519,0.7124068796635493,0.6474462710001986,0.5487593105244177,0.5316469251220517,0.4283080540514529,0.44276220482820866,0.7170587902583673,1.1674634196352054,1.109314537199981,0.9423441747788366,0.7316790806992236,0.32197866902704253,-0.1231094910985751,-0.20851441405707677,-0.20851441405707677,-0.20851441405707677,-0.20851441405707677,-0.20851441405707677,-0.20851441405707677,-0.20851441405707677,-0.20851441405707677,-0.20851441405707677,-0.20851441405707677,-0.20851441405707677,-0.20851441405707677,-0.20851441405707677,-0.20851441405707677,-0.20851441405707677,-0.20851441405707677,-0.20851441405707677,-0.20851441405707677,-0.20851441405707677,-0.20851441405707677,-0.20851441405707677,-0.20851441405707677,-0.20851441405707677,4.795831523312717,-0.20851441405707677,-0.20851441405707677,-0.20851441405707677,-0.20851441405707677,-0.20851441405707677,-0.20851441405707677,-0.20851441405707677,-0.20851441405707677,-0.20851441405707677,-0.20851441405707677,-0.20851441405707677,-0.20851441405707677,-0.20851441405707677,-0.20851441405707677,-0.20851441405707677,-0.20851441405707677,-0.20851441405707677,-0.20851441405707677,-0.20851441405707677,-0.20851441405707677,-0.20851441405707677,-0.20851441405707677,-0.20851441405707677,4.795831523312717,-0.20851441405707677,-0.20851441405707677,-0.20851441405707677,-0.20851441405707677,-0.20851441405707677,-0.20851441405707677,-0.20851441405707677,-0.20851441405707677,-0.20851441405707677,-0.20851441405707677,-0.20851441405707677,-0.20851441405707677,-0.20851441405707677,-0.20851441405707677,-0.20851441405707677,-0.20851441405707677,-0.20851441405707677,-0.20851441405707677,-0.20851441405707677,-0.20851441405707677,-0.20851441405707677,-0.20851441405707677,-0.20851441405707677,4.795831523312717
1227,-0.8076711260333616,-1.1973575359984254,-1.49476526366407,-1.567647789811382,-1.484185542126557,-1.2217496717654694,-0.6131218022046494,0.2264966542585389,0.9212317018885624,1.287113738394222,1.2621338403195383,0.9996979699584508,0.5042143446182564,-0.010077674566405638,-0.4444340199120802,-0.6780695371988267,-0.5616926002861832,0.19123091580016208,1.3320775549286525,1.5160471572198515,1.253317405704944,0.8301285442044223,0.31201607002010273,-0.5549333337483277,-0.20851441405707477,-0.20851441405707477,-0.20851441405707477,-0.20851441405707477,-0.20851441405707477,-0.20851441405707477,-0.20851441405707477,-0.20851441405707477,-0.20851441405707477,-0.20851441405707477,-0.20851441405707477,-0.20851441405707477,-0.20851441405707477,-0.20851441405707477,-0.20851441405707477,-0.20851441405707477,-0.20851441405707477,-0.20851441405707477,-0.20851441405707477,-0.20851441405707477,-0.20851441405707477,-0.20851441405707477,-0.20851441405707477,4.79583152331272,-0.20851441405707477,-0.20851441405707477,-0.20851441405707477,-0.20851441405707477,-0.20851441405707477,-0.20851441405707477,-0.20851441405707477,-0.20851441405707477,-0.20851441405707477,-0.20851441405707477,-0.20851441405707477,-0.20851441405707477,-0.20851441405707477,-0.20851441405707477,-0.20851441405707477,-0.20851441405707477,-0.20851441405707477,-0.20851441405707477,-0.20851441405707477,-0.20851441405707477,-0.20851441405707477,-0.20851441405707477,-0.20851441405707477,4.79583152331272,-0.20851441405707477,-0.20851441405707477,-0.20851441405707477,-0.20851441405707477,-0.20851441405707477,-0.20851441405707477,-0.20851441405707477,-0.20851441405707477,-0.20851441405707477,-0.20851441405707477,-0.20851441405707477,-0.20851441405707477,-0.20851441405707477,-0.20851441405707477,-0.20851441405707477,-0.20851441405707477,-0.20851441405707477,-0.20851441405707477,-0.20851441405707477,-0.20851441405707477,-0.20851441405707477,-0.20851441405707477,-0.20851441405707477,4.79583152331272
1228,-0.18831373716583735,-0.7733814824862887,-1.1523535214597909,-1.4665816789986428,-1.494038508298154,-1.3259078004888007,-0.8432099619393669,-0.13509494457295734,0.38929659772758624,0.928941934083414,0.8316566253308244,0.410651909404984,0.03778138805359548,-0.33271632088919323,-0.566946802938111,-0.6198266223297624,-0.3791556494575025,0.4662435144064637,1.8224752925218322,1.9933177859410138,1.7309525281901277,1.0960557222890817,0.29980767260325303,-0.7296539395278077,0.20851441405707244,0.20851441405707244,0.20851441405707244,0.20851441405707244,0.20851441405707244,0.20851441405707244,0.20851441405707244,0.20851441405707244,0.20851441405707244,0.20851441405707244,0.20851441405707244,0.20851441405707244,0.20851441405707244,0.20851441405707244,0.20851441405707244,0.20851441405707244,0.20851441405707244,0.20851441405707244,0.20851441405707244,0.20851441405707244,0.20851441405707244,0.20851441405707244,0.20851441405707244,-4.795831523312722,0.20851441405707244,0.20851441405707244,0.20851441405707244,0.20851441405707244,0.20851441405707244,0.20851441405707244,0.20851441405707244,0.20851441405707244,0.20851441405707244,0.20851441405707244,0.20851441405707244,0.20851441405707244,0.20851441405707244,0.20851441405707244,0.20851441405707244,0.20851441405707244,0.20851441405707244,0.20851441405707244,0.20851441405707244,0.20851441405707244,0.20851441405707244,0.20851441405707244,0.20851441405707244,-4.795831523312722,0.20851441405707244,0.20851441405707244,0.20851441405707244,0.20851441405707244,0.20851441405707244,0.20851441405707244,0.20851441405707244,0.20851441405707244,0.20851441405707244,0.20851441405707244,0.20851441405707244,0.20851441405707244,0.20851441405707244,0.20851441405707244,0.20851441405707244,0.20851441405707244,0.20851441405707244,0.20851441405707244,0.20851441405707244,0.20851441405707244,0.20851441405707244,0.20851441405707244,0.20851441405707244,-4.795831523312722
1229,-1.433678915949769,-1.6242579836545783,-1.7101056171041797,-1.7169359280338672,-1.6116687831175074,-1.4105094298549468,-0.7837279563071549,0.027739767672774873,0.37581776975626013,0.5006383538046666,0.5937180811798194,0.6531819645676868,0.6139411586383059,0.5690753907668293,0.5689414631015414,0.5226024909118969,0.5452362663455671,0.5678700417792374,1.2359012362357302,1.2379101512150499,1.1319733679722501,0.8105469712810748,0.37889810605788393,-0.04310796726457169,-0.2085144140570624,-0.2085144140570624,-0.2085144140570624,-0.2085144140570624,-0.2085144140570624,-0.2085144140570624,-0.2085144140570624,-0.2085144140570624,-0.2085144140570624,-0.2085144140570624,-0.2085144140570624,-0.2085144140570624,-0.2085144140570624,-0.2085144140570624,-0.2085144140570624,-0.2085144140570624,-0.2085144140570624,-0.2085144140570624,-0.2085144140570624,-0.2085144140570624,-0.2085144140570624,-0.2085144140570624,-0.2085144140570624,4.7958315233127315,-0.2085144140570624,-0.2085144140570624,-0.2085144140570624,-0.2085144140570624,-0.2085144140570624,-0.2085144140570624,-0.2085144140570624,-0.2085144140570624,-0.2085144140570624,-0.2085144140570624,-0.2085144140570624,-0.2085144140570624,-0.2085144140570624,-0.2085144140570624,-0.2085144140570624,-0.2085144140570624,-0.2085144140570624,-0.2085144140570624,-0.2085144140570624,-0.2085144140570624,-0.2085144140570624,-0.2085144140570624,-0.2085144140570624,4.7958315233127315,-0.2085144140570624,-0.2085144140570624,-0.2085144140570624,-0.2085144140570624,-0.2085144140570624,-0.2085144140570624,-0.2085144140570624,-0.2085144140570624,-0.2085144140570624,-0.2085144140570624,-0.2085144140570624,-0.2085144140570624,-0.2085144140570624,-0.2085144140570624,-0.2085144140570624,-0.2085144140570624,-0.2085144140570624,-0.2085144140570624,-0.2085144140570624,-0.2085144140570624,-0.2085144140570624,-0.2085144140570624,-0.2085144140570624,4.7958315233127315
1230,-1.3371536119115135,-1.602570799118043,-1.7553777988794856,-1.7663136963479062,-1.656215809672592,-1.3500106805568186,-0.6502610249761303,0.32554615048306423,0.6434260890583675,0.6562831577036726,0.6443127834476988,0.5651014180007614,0.4122944182393185,0.3076644802982145,0.2484037386112333,0.20761579670198937,0.27899469504316626,0.6613077592432172,1.2469694033966001,1.338742272692399,1.1979056471869298,0.9417987510683802,0.4634271280240953,-0.021890267736618684,-0.20851441405707416,-0.20851441405707416,-0.20851441405707416,-0.20851441405707416,-0.20851441405707416,-0.20851441405707416,-0.20851441405707416,-0.20851441405707416,-0.20851441405707416,-0.20851441405707416,-0.20851441405707416,-0.20851441405707416,-0.20851441405707416,-0.20851441405707416,-0.20851441405707416,-0.20851441405707416,-0.20851441405707416,-0.20851441405707416,-0.20851441405707416,-0.20851441405707416,-0.20851441405707416,-0.20851441405707416,-0.20851441405707416,4.79583152331272,-0.20851441405707416,-0.20851441405707416,-0.20851441405707416,-0.20851441405707416,-0.20851441405707416,-0.20851441405707416,-0.20851441405707416,-0.20851441405707416,-0.20851441405707416,-0.20851441405707416,-0.20851441405707416,-0.20851441405707416,-0.20851441405707416,-0.20851441405707416,-0.20851441405707416,-0.20851441405707416,-0.20851441405707416,-0.20851441405707416,-0.20851441405707416,-0.20851441405707416,-0.20851441405707416,-0.20851441405707416,-0.20851441405707416,4.79583152331272,-0.20851441405707416,-0.20851441405707416,-0.20851441405707416,-0.20851441405707416,-0.20851441405707416,-0.20851441405707416,-0.20851441405707416,-0.20851441405707416,-0.20851441405707416,-0.20851441405707416,-0.20851441405707416,-0.20851441405707416,-0.20851441405707416,-0.20851441405707416,-0.20851441405707416,-0.20851441405707416,-0.20851441405707416,-0.20851441405707416,-0.20851441405707416,-0.20851441405707416,-0.20851441405707416,-0.20851441405707416,-0.20851441405707416,4.79583152331272
1231,-1.0860607481478424,-1.4481501645632004,-1.6129060365596442,-1.7411417152672037,-1.595268443209899,-1.284431798057918,-0.2880115243464282,1.0014003000690652,1.2858843057455442,1.0771382009238535,0.8107067907935842,0.5552729388696267,0.27618396174718723,0.05395028554039721,-0.06743785692549652,-0.18737349170376416,-0.08611295576640324,0.4494473787711552,1.228406501535198,1.3373445781071538,1.137521020509452,0.8019917446678277,0.06266533166615368,-0.6810186043983986,-0.20851441405708815,-0.20851441405708815,-0.20851441405708815,-0.20851441405708815,-0.20851441405708815,-0.20851441405708815,-0.20851441405708815,-0.20851441405708815,-0.20851441405708815,-0.20851441405708815,-0.20851441405708815,-0.20851441405708815,-0.20851441405708815,-0.20851441405708815,-0.20851441405708815,-0.20851441405708815,-0.20851441405708815,-0.20851441405708815,-0.20851441405708815,-0.20851441405708815,-0.20851441405708815,-0.20851441405708815,-0.20851441405708815,4.795831523312706,-0.20851441405708815,-0.20851441405708815,-0.20851441405708815,-0.20851441405708815,-0.20851441405708815,-0.20851441405708815,-0.20851441405708815,-0.20851441405708815,-0.20851441405708815,-0.20851441405708815,-0.20851441405708815,-0.20851441405708815,-0.20851441405708815,-0.20851441405708815,-0.20851441405708815,-0.20851441405708815,-0.20851441405708815,-0.20851441405708815,-0.20851441405708815,-0.20851441405708815,-0.20851441405708815,-0.20851441405708815,-0.20851441405708815,4.795831523312706,-0.20851441405708815,-0.20851441405708815,-0.20851441405708815,-0.20851441405708815,-0.20851441405708815,-0.20851441405708815,-0.20851441405708815,-0.20851441405708815,-0.20851441405708815,-0.20851441405708815,-0.20851441405708815,-0.20851441405708815,-0.20851441405708815,-0.20851441405708815,-0.20851441405708815,-0.20851441405708815,-0.20851441405708815,-0.20851441405708815,-0.20851441405708815,-0.20851441405708815,-0.20851441405708815,-0.20851441405708815,-0.20851441405708815,4.795831523312706
1232,-0.7379041043539645,-1.2268641462124763,-1.4784237044273285,-1.6393651853865492,-1.555826645416514,-1.0425601922107883,-0.022870838508746695,1.3364003203257266,1.7038283054481702,1.4900262794231645,1.085076746687061,0.7372354813881002,0.3639078818609932,-0.01130759427560621,-0.28292584146631433,-0.5408569832382031,-0.5536001503522763,-0.06676396967944323,0.851923985414759,1.0905043919393513,0.9918628390933775,0.5687424939909104,-0.11868057644048215,-0.9415587936029489,-0.20851441405706486,-0.20851441405706486,-0.20851441405706486,-0.20851441405706486,-0.20851441405706486,-0.20851441405706486,-0.20851441405706486,-0.20851441405706486,-0.20851441405706486,-0.20851441405706486,-0.20851441405706486,-0.20851441405706486,-0.20851441405706486,-0.20851441405706486,-0.20851441405706486,-0.20851441405706486,-0.20851441405706486,-0.20851441405706486,-0.20851441405706486,-0.20851441405706486,-0.20851441405706486,-0.20851441405706486,-0.20851441405706486,4.795831523312729,-0.20851441405706486,-0.20851441405706486,-0.20851441405706486,-0.20851441405706486,-0.20851441405706486,-0.20851441405706486,-0.20851441405706486,-0.20851441405706486,-0.20851441405706486,-0.20851441405706486,-0.20851441405706486,-0.20851441405706486,-0.20851441405706486,-0.20851441405706486,-0.20851441405706486,-0.20851441405706486,-0.20851441405706486,-0.20851441405706486,-0.20851441405706486,-0.20851441405706486,-0.20851441405706486,-0.20851441405706486,-0.20851441405706486,4.795831523312729,-0.20851441405706486,-0.20851441405706486,-0.20851441405706486,-0.20851441405706486,-0.20851441405706486,-0.20851441405706486,-0.20851441405706486,-0.20851441405706486,-0.20851441405706486,-0.20851441405706486,-0.20851441405706486,-0.20851441405706486,-0.20851441405706486,-0.20851441405706486,-0.20851441405706486,-0.20851441405706486,-0.20851441405706486,-0.20851441405706486,-0.20851441405706486,-0.20851441405706486,-0.20851441405706486,-0.20851441405706486,-0.20851441405706486,4.795831523312729
1233,-0.6382964725244192,-1.0234201155788887,-1.2341621476164018,-1.3439854600866552,-1.2311939499820705,-0.8463176567304621,0.31202147006727726,1.73428283651763,2.1233640764178743,1.8171450204760418,1.3387705017430014,0.8952723052133523,0.4826928340413196,0.08693314946383014,-0.20370286889776368,-0.485434294356364,-0.603172800518167,-0.23956859031259864,0.43841721932921296,0.42258683194611335,0.23583773078611053,-0.0990739022875899,-0.6385438223272802,-1.3004518947831312,0.20851441405706364,0.20851441405706364,0.20851441405706364,0.20851441405706364,0.20851441405706364,0.20851441405706364,0.20851441405706364,0.20851441405706364,0.20851441405706364,0.20851441405706364,0.20851441405706364,0.20851441405706364,0.20851441405706364,0.20851441405706364,0.20851441405706364,0.20851441405706364,0.20851441405706364,0.20851441405706364,0.20851441405706364,0.20851441405706364,0.20851441405706364,0.20851441405706364,0.20851441405706364,-4.795831523312731,0.20851441405706364,0.20851441405706364,0.20851441405706364,0.20851441405706364,0.20851441405706364,0.20851441405706364,0.20851441405706364,0.20851441405706364,0.20851441405706364,0.20851441405706364,0.20851441405706364,0.20851441405706364,0.20851441405706364,0.20851441405706364,0.20851441405706364,0.20851441405706364,0.20851441405706364,0.20851441405706364,0.20851441405706364,0.20851441405706364,0.20851441405706364,0.20851441405706364,0.20851441405706364,-4.795831523312731,0.20851441405706364,0.20851441405706364,0.20851441405706364,0.20851441405706364,0.20851441405706364,0.20851441405706364,0.20851441405706364,0.20851441405706364,0.20851441405706364,0.20851441405706364,0.20851441405706364,0.20851441405706364,0.20851441405706364,0.20851441405706364,0.20851441405706364,0.20851441405706364,0.20851441405706364,0.20851441405706364,0.20851441405706364,0.20851441405706364,0.20851441405706364,0.20851441405706364,0.20851441405706364,-4.795831523312731
1234,-0.42249770337176684,-0.9962140474998215,-1.3804788885824748,-1.532040091018796,-1.4419612631556995,-0.9272251039380056,-0.30203514388818153,0.6863297729430153,1.390874890872234,1.7122275347171692,1.4906050217206621,1.024125377429627,0.3217249934971489,-0.1937260770527918,-0.629821989723338,-0.8997010176465039,-0.8432230223990069,-0.05717801259365356,1.1528094172340504,1.2164365258040153,0.9369061948955177,0.5930338440848083,0.01645785462776654,-0.9154290669559334,0.20851441405707477,0.20851441405707477,0.20851441405707477,0.20851441405707477,0.20851441405707477,0.20851441405707477,0.20851441405707477,0.20851441405707477,0.20851441405707477,0.20851441405707477,0.20851441405707477,0.20851441405707477,0.20851441405707477,0.20851441405707477,0.20851441405707477,0.20851441405707477,0.20851441405707477,0.20851441405707477,0.20851441405707477,0.20851441405707477,0.20851441405707477,0.20851441405707477,0.20851441405707477,-4.79583152331272,0.20851441405707477,0.20851441405707477,0.20851441405707477,0.20851441405707477,0.20851441405707477,0.20851441405707477,0.20851441405707477,0.20851441405707477,0.20851441405707477,0.20851441405707477,0.20851441405707477,0.20851441405707477,0.20851441405707477,0.20851441405707477,0.20851441405707477,0.20851441405707477,0.20851441405707477,0.20851441405707477,0.20851441405707477,0.20851441405707477,0.20851441405707477,0.20851441405707477,0.20851441405707477,-4.79583152331272,0.20851441405707477,0.20851441405707477,0.20851441405707477,0.20851441405707477,0.20851441405707477,0.20851441405707477,0.20851441405707477,0.20851441405707477,0.20851441405707477,0.20851441405707477,0.20851441405707477,0.20851441405707477,0.20851441405707477,0.20851441405707477,0.20851441405707477,0.20851441405707477,0.20851441405707477,0.20851441405707477,0.20851441405707477,0.20851441405707477,0.20851441405707477,0.20851441405707477,0.20851441405707477,-4.79583152331272
1235,-0.7872681399910462,-1.1906404203209124,-1.4851619036034864,-1.5714824858005911,-1.507149221710296,-1.2693604481107248,-0.7989404199736736,-0.3895962754666491,0.13131314980455774,0.5118837669125473,0.5181270794613945,0.302868520712011,0.08218099452884725,-0.022869525314798946,-0.054357536430723906,-0.09860362101603225,0.02327669787233246,0.7944615218408049,1.815650296134854,1.8482241007375348,1.6921412870163552,1.190233247763379,0.5170412859746385,-0.25197195102032194,-0.2085144140570721,-0.2085144140570721,-0.2085144140570721,-0.2085144140570721,-0.2085144140570721,-0.2085144140570721,-0.2085144140570721,-0.2085144140570721,-0.2085144140570721,-0.2085144140570721,-0.2085144140570721,-0.2085144140570721,-0.2085144140570721,-0.2085144140570721,-0.2085144140570721,-0.2085144140570721,-0.2085144140570721,-0.2085144140570721,-0.2085144140570721,-0.2085144140570721,-0.2085144140570721,-0.2085144140570721,-0.2085144140570721,4.795831523312723,-0.2085144140570721,-0.2085144140570721,-0.2085144140570721,-0.2085144140570721,-0.2085144140570721,-0.2085144140570721,-0.2085144140570721,-0.2085144140570721,-0.2085144140570721,-0.2085144140570721,-0.2085144140570721,-0.2085144140570721,-0.2085144140570721,-0.2085144140570721,-0.2085144140570721,-0.2085144140570721,-0.2085144140570721,-0.2085144140570721,-0.2085144140570721,-0.2085144140570721,-0.2085144140570721,-0.2085144140570721,-0.2085144140570721,4.795831523312723,-0.2085144140570721,-0.2085144140570721,-0.2085144140570721,-0.2085144140570721,-0.2085144140570721,-0.2085144140570721,-0.2085144140570721,-0.2085144140570721,-0.2085144140570721,-0.2085144140570721,-0.2085144140570721,-0.2085144140570721,-0.2085144140570721,-0.2085144140570721,-0.2085144140570721,-0.2085144140570721,-0.2085144140570721,-0.2085144140570721,-0.2085144140570721,-0.2085144140570721,-0.2085144140570721,-0.2085144140570721,-0.2085144140570721,4.795831523312723
1236,-1.3653154353932933,-1.6097667687384876,-1.726734643032122,-1.8050973568446063,-1.7382585715339578,-1.3995991226862552,-0.6632200914189407,0.19243159984237554,0.6270277534678622,0.7483171009496852,0.7465885116744098,0.7000606503482473,0.622130083854582,0.5276338701395276,0.49479067390929515,0.433281705530746,0.4322733617868354,0.7059666637054381,1.1081517684195115,1.109592259482241,0.9772111308174009,0.7043821235364358,0.3510296658488922,-0.17287693366582274,-0.20851441405711924,-0.20851441405711924,-0.20851441405711924,-0.20851441405711924,-0.20851441405711924,-0.20851441405711924,-0.20851441405711924,-0.20851441405711924,-0.20851441405711924,-0.20851441405711924,-0.20851441405711924,-0.20851441405711924,-0.20851441405711924,-0.20851441405711924,-0.20851441405711924,-0.20851441405711924,-0.20851441405711924,-0.20851441405711924,-0.20851441405711924,-0.20851441405711924,-0.20851441405711924,-0.20851441405711924,-0.20851441405711924,4.795831523312676,-0.20851441405711924,-0.20851441405711924,-0.20851441405711924,-0.20851441405711924,-0.20851441405711924,-0.20851441405711924,-0.20851441405711924,-0.20851441405711924,-0.20851441405711924,-0.20851441405711924,-0.20851441405711924,-0.20851441405711924,-0.20851441405711924,-0.20851441405711924,-0.20851441405711924,-0.20851441405711924,-0.20851441405711924,-0.20851441405711924,-0.20851441405711924,-0.20851441405711924,-0.20851441405711924,-0.20851441405711924,-0.20851441405711924,4.795831523312676,-0.20851441405711924,-0.20851441405711924,-0.20851441405711924,-0.20851441405711924,-0.20851441405711924,-0.20851441405711924,-0.20851441405711924,-0.20851441405711924,-0.20851441405711924,-0.20851441405711924,-0.20851441405711924,-0.20851441405711924,-0.20851441405711924,-0.20851441405711924,-0.20851441405711924,-0.20851441405711924,-0.20851441405711924,-0.20851441405711924,-0.20851441405711924,-0.20851441405711924,-0.20851441405711924,-0.20851441405711924,-0.20851441405711924,4.795831523312676
1237,-1.143184653784252,-1.5244022225258607,-1.7360510785110288,-1.7984580705875317,-1.7651149062495144,-1.395843818848265,-0.5863359787701998,0.4216260961111442,0.8536607869721908,0.9913127809237913,0.93193698560529,0.8094409754436974,0.5697981258699266,0.33639597550380607,0.1982090644772641,0.056456039617779154,0.023291180971409087,0.4180599822782012,1.0708371193984205,1.1904802384936588,1.109172843102558,0.8149684518847591,0.37223541952488337,-0.21849133690212752,-0.20851441405707705,-0.20851441405707705,-0.20851441405707705,-0.20851441405707705,-0.20851441405707705,-0.20851441405707705,-0.20851441405707705,-0.20851441405707705,-0.20851441405707705,-0.20851441405707705,-0.20851441405707705,-0.20851441405707705,-0.20851441405707705,-0.20851441405707705,-0.20851441405707705,-0.20851441405707705,-0.20851441405707705,-0.20851441405707705,-0.20851441405707705,-0.20851441405707705,-0.20851441405707705,-0.20851441405707705,-0.20851441405707705,4.795831523312717,-0.20851441405707705,-0.20851441405707705,-0.20851441405707705,-0.20851441405707705,-0.20851441405707705,-0.20851441405707705,-0.20851441405707705,-0.20851441405707705,-0.20851441405707705,-0.20851441405707705,-0.20851441405707705,-0.20851441405707705,-0.20851441405707705,-0.20851441405707705,-0.20851441405707705,-0.20851441405707705,-0.20851441405707705,-0.20851441405707705,-0.20851441405707705,-0.20851441405707705,-0.20851441405707705,-0.20851441405707705,-0.20851441405707705,4.795831523312717,-0.20851441405707705,-0.20851441405707705,-0.20851441405707705,-0.20851441405707705,-0.20851441405707705,-0.20851441405707705,-0.20851441405707705,-0.20851441405707705,-0.20851441405707705,-0.20851441405707705,-0.20851441405707705,-0.20851441405707705,-0.20851441405707705,-0.20851441405707705,-0.20851441405707705,-0.20851441405707705,-0.20851441405707705,-0.20851441405707705,-0.20851441405707705,-0.20851441405707705,-0.20851441405707705,-0.20851441405707705,-0.20851441405707705,4.795831523312717
1238,-0.7681425623945501,-1.1205960149898353,-1.3950607522045484,-1.5130852176172833,-1.4540729849109157,-0.9447164194728184,-0.0065376297017838494,1.24267033950987,1.8246929483589454,1.7677635003363321,1.4467832385177763,1.053831194849494,0.5183241106042611,0.09065898887340966,-0.18311148678005207,-0.4578076445151823,-0.5663438685908151,-0.11599953585908512,0.652316591925778,0.7055433116217172,0.5266552493392778,0.2538104557674845,-0.344643010031207,-1.2129328026362691,-0.20851441405707066,-0.20851441405707066,-0.20851441405707066,-0.20851441405707066,-0.20851441405707066,-0.20851441405707066,-0.20851441405707066,-0.20851441405707066,-0.20851441405707066,-0.20851441405707066,-0.20851441405707066,-0.20851441405707066,-0.20851441405707066,-0.20851441405707066,-0.20851441405707066,-0.20851441405707066,-0.20851441405707066,-0.20851441405707066,-0.20851441405707066,-0.20851441405707066,-0.20851441405707066,-0.20851441405707066,-0.20851441405707066,4.7958315233127236,-0.20851441405707066,-0.20851441405707066,-0.20851441405707066,-0.20851441405707066,-0.20851441405707066,-0.20851441405707066,-0.20851441405707066,-0.20851441405707066,-0.20851441405707066,-0.20851441405707066,-0.20851441405707066,-0.20851441405707066,-0.20851441405707066,-0.20851441405707066,-0.20851441405707066,-0.20851441405707066,-0.20851441405707066,-0.20851441405707066,-0.20851441405707066,-0.20851441405707066,-0.20851441405707066,-0.20851441405707066,-0.20851441405707066,4.7958315233127236,-0.20851441405707066,-0.20851441405707066,-0.20851441405707066,-0.20851441405707066,-0.20851441405707066,-0.20851441405707066,-0.20851441405707066,-0.20851441405707066,-0.20851441405707066,-0.20851441405707066,-0.20851441405707066,-0.20851441405707066,-0.20851441405707066,-0.20851441405707066,-0.20851441405707066,-0.20851441405707066,-0.20851441405707066,-0.20851441405707066,-0.20851441405707066,-0.20851441405707066,-0.20851441405707066,-0.20851441405707066,-0.20851441405707066,4.7958315233127236
1239,0.7111360875336653,0.07161187318333694,-0.3354374334027001,-0.6234851914585805,-0.606027751576406,-0.37180709982389715,0.03553316409350949,0.6509079199401631,1.36695391244069,1.9334478366172547,2.0646695930649335,1.8173558614007939,1.070468391775092,0.025349657495574322,-0.7372495080240847,-1.201908366221298,-1.4643518791166557,-1.3427317146041728,-0.6377421006956897,-0.38111773442772356,-0.3043049989461555,-0.33136403076352605,-0.539398522692773,-0.8705079657913507,-0.2085144140570783,-0.2085144140570783,-0.2085144140570783,-0.2085144140570783,-0.2085144140570783,-0.2085144140570783,-0.2085144140570783,-0.2085144140570783,-0.2085144140570783,-0.2085144140570783,-0.2085144140570783,-0.2085144140570783,-0.2085144140570783,-0.2085144140570783,-0.2085144140570783,-0.2085144140570783,-0.2085144140570783,-0.2085144140570783,-0.2085144140570783,-0.2085144140570783,-0.2085144140570783,-0.2085144140570783,-0.2085144140570783,4.795831523312716,-0.2085144140570783,-0.2085144140570783,-0.2085144140570783,-0.2085144140570783,-0.2085144140570783,-0.2085144140570783,-0.2085144140570783,-0.2085144140570783,-0.2085144140570783,-0.2085144140570783,-0.2085144140570783,-0.2085144140570783,-0.2085144140570783,-0.2085144140570783,-0.2085144140570783,-0.2085144140570783,-0.2085144140570783,-0.2085144140570783,-0.2085144140570783,-0.2085144140570783,-0.2085144140570783,-0.2085144140570783,-0.2085144140570783,4.795831523312716,-0.2085144140570783,-0.2085144140570783,-0.2085144140570783,-0.2085144140570783,-0.2085144140570783,-0.2085144140570783,-0.2085144140570783,-0.2085144140570783,-0.2085144140570783,-0.2085144140570783,-0.2085144140570783,-0.2085144140570783,-0.2085144140570783,-0.2085144140570783,-0.2085144140570783,-0.2085144140570783,-0.2085144140570783,-0.2085144140570783,-0.2085144140570783,-0.2085144140570783,-0.2085144140570783,-0.2085144140570783,-0.2085144140570783,4.795831523312716
1240,-1.0884956573159852,-1.4648870161417176,-1.6207662657564148,-1.7595368172426695,-1.6669325940395132,-1.347298662338296,-0.7666891925190928,-0.046222904665797045,0.3695456165190487,0.6641954176200008,0.8700429284352281,0.8398990317327344,0.7052019798008706,0.5235238996750301,0.338043886631758,0.24679749661339864,0.33478508698824516,0.9379345876750789,1.506323558831109,1.337137544005401,1.0245643448651285,0.594945925195353,0.03551865305898321,-0.5676308476278505,0.20851441405707802,0.20851441405707802,0.20851441405707802,0.20851441405707802,0.20851441405707802,0.20851441405707802,0.20851441405707802,0.20851441405707802,0.20851441405707802,0.20851441405707802,0.20851441405707802,0.20851441405707802,0.20851441405707802,0.20851441405707802,0.20851441405707802,0.20851441405707802,0.20851441405707802,0.20851441405707802,0.20851441405707802,0.20851441405707802,0.20851441405707802,0.20851441405707802,0.20851441405707802,-4.7958315233127164,0.20851441405707802,0.20851441405707802,0.20851441405707802,0.20851441405707802,0.20851441405707802,0.20851441405707802,0.20851441405707802,0.20851441405707802,0.20851441405707802,0.20851441405707802,0.20851441405707802,0.20851441405707802,0.20851441405707802,0.20851441405707802,0.20851441405707802,0.20851441405707802,0.20851441405707802,0.20851441405707802,0.20851441405707802,0.20851441405707802,0.20851441405707802,0.20851441405707802,0.20851441405707802,-4.7958315233127164,0.20851441405707802,0.20851441405707802,0.20851441405707802,0.20851441405707802,0.20851441405707802,0.20851441405707802,0.20851441405707802,0.20851441405707802,0.20851441405707802,0.20851441405707802,0.20851441405707802,0.20851441405707802,0.20851441405707802,0.20851441405707802,0.20851441405707802,0.20851441405707802,0.20851441405707802,0.20851441405707802,0.20851441405707802,0.20851441405707802,0.20851441405707802,0.20851441405707802,0.20851441405707802,-4.7958315233127164
1241,-0.5870395727848695,-1.0890211552137365,-1.4941557858810748,-1.655905406885932,-1.6807509599556436,-1.597594414987629,-1.3514206187560989,-0.711774390236891,-0.13601672675408444,0.42706463414213464,0.7847898931356354,0.8555236615687939,0.7416904643412376,0.47523458397116736,0.27520252915481574,0.14565071671989097,0.1755667908242376,0.6372377310277563,1.4163232879994272,1.416576814051159,1.1807975859406306,1.0411047314364357,0.6554916067524423,0.07542400039019594,0.20851441405707596,0.20851441405707596,0.20851441405707596,0.20851441405707596,0.20851441405707596,0.20851441405707596,0.20851441405707596,0.20851441405707596,0.20851441405707596,0.20851441405707596,0.20851441405707596,0.20851441405707596,0.20851441405707596,0.20851441405707596,0.20851441405707596,0.20851441405707596,0.20851441405707596,0.20851441405707596,0.20851441405707596,0.20851441405707596,0.20851441405707596,0.20851441405707596,0.20851441405707596,-4.795831523312719,0.20851441405707596,0.20851441405707596,0.20851441405707596,0.20851441405707596,0.20851441405707596,0.20851441405707596,0.20851441405707596,0.20851441405707596,0.20851441405707596,0.20851441405707596,0.20851441405707596,0.20851441405707596,0.20851441405707596,0.20851441405707596,0.20851441405707596,0.20851441405707596,0.20851441405707596,0.20851441405707596,0.20851441405707596,0.20851441405707596,0.20851441405707596,0.20851441405707596,0.20851441405707596,-4.795831523312719,0.20851441405707596,0.20851441405707596,0.20851441405707596,0.20851441405707596,0.20851441405707596,0.20851441405707596,0.20851441405707596,0.20851441405707596,0.20851441405707596,0.20851441405707596,0.20851441405707596,0.20851441405707596,0.20851441405707596,0.20851441405707596,0.20851441405707596,0.20851441405707596,0.20851441405707596,0.20851441405707596,0.20851441405707596,0.20851441405707596,0.20851441405707596,0.20851441405707596,0.20851441405707596,-4.795831523312719
1242,-0.7384011508187414,-1.0711942957785854,-1.2797353593480734,-1.3903755554175756,-1.4050345088400333,-1.3202219926100993,-1.1778207307919386,-0.8424099155780843,-0.5387601661128885,-0.21032980490972833,0.007111337523394673,0.07517076412766271,0.13310853241642423,0.17097749542444002,0.2022150271222964,0.23013684316507302,0.4016815004778819,0.9824552741676358,1.6408865987263623,1.7112146728841058,1.6319865198627272,1.3747567895686474,0.9737297066542682,0.43885241808482833,0.20851441405707263,0.20851441405707263,0.20851441405707263,0.20851441405707263,0.20851441405707263,0.20851441405707263,0.20851441405707263,0.20851441405707263,0.20851441405707263,0.20851441405707263,0.20851441405707263,0.20851441405707263,0.20851441405707263,0.20851441405707263,0.20851441405707263,0.20851441405707263,0.20851441405707263,0.20851441405707263,0.20851441405707263,0.20851441405707263,0.20851441405707263,0.20851441405707263,0.20851441405707263,-4.795831523312722,0.20851441405707263,0.20851441405707263,0.20851441405707263,0.20851441405707263,0.20851441405707263,0.20851441405707263,0.20851441405707263,0.20851441405707263,0.20851441405707263,0.20851441405707263,0.20851441405707263,0.20851441405707263,0.20851441405707263,0.20851441405707263,0.20851441405707263,0.20851441405707263,0.20851441405707263,0.20851441405707263,0.20851441405707263,0.20851441405707263,0.20851441405707263,0.20851441405707263,0.20851441405707263,-4.795831523312722,0.20851441405707263,0.20851441405707263,0.20851441405707263,0.20851441405707263,0.20851441405707263,0.20851441405707263,0.20851441405707263,0.20851441405707263,0.20851441405707263,0.20851441405707263,0.20851441405707263,0.20851441405707263,0.20851441405707263,0.20851441405707263,0.20851441405707263,0.20851441405707263,0.20851441405707263,0.20851441405707263,0.20851441405707263,0.20851441405707263,0.20851441405707263,0.20851441405707263,0.20851441405707263,-4.795831523312722
1243,-1.5744153735733701,-1.7011540313977498,-1.753241486872074,-1.7376377017192055,-1.5848553161576635,-1.305558787666028,-0.6644565070326955,0.1577170358421997,0.5215434220324694,0.6208912627539717,0.6636613501154319,0.6065223095196753,0.5215434220324694,0.4308394047409736,0.38324224715236693,0.3066826682008816,0.3401353874494778,0.6669168160825772,1.0934951152257506,1.1950881048901116,1.107864068460047,0.9538468509799328,0.5795805222053696,0.17174921673506727,0.20851441405707244,0.20851441405707244,0.20851441405707244,0.20851441405707244,0.20851441405707244,0.20851441405707244,0.20851441405707244,0.20851441405707244,0.20851441405707244,0.20851441405707244,0.20851441405707244,0.20851441405707244,0.20851441405707244,0.20851441405707244,0.20851441405707244,0.20851441405707244,0.20851441405707244,0.20851441405707244,0.20851441405707244,0.20851441405707244,0.20851441405707244,0.20851441405707244,0.20851441405707244,-4.795831523312722,0.20851441405707244,0.20851441405707244,0.20851441405707244,0.20851441405707244,0.20851441405707244,0.20851441405707244,0.20851441405707244,0.20851441405707244,0.20851441405707244,0.20851441405707244,0.20851441405707244,0.20851441405707244,0.20851441405707244,0.20851441405707244,0.20851441405707244,0.20851441405707244,0.20851441405707244,0.20851441405707244,0.20851441405707244,0.20851441405707244,0.20851441405707244,0.20851441405707244,0.20851441405707244,-4.795831523312722,0.20851441405707244,0.20851441405707244,0.20851441405707244,0.20851441405707244,0.20851441405707244,0.20851441405707244,0.20851441405707244,0.20851441405707244,0.20851441405707244,0.20851441405707244,0.20851441405707244,0.20851441405707244,0.20851441405707244,0.20851441405707244,0.20851441405707244,0.20851441405707244,0.20851441405707244,0.20851441405707244,0.20851441405707244,0.20851441405707244,0.20851441405707244,0.20851441405707244,0.20851441405707244,-4.795831523312722
1244,-1.1582841206858168,-1.4933971778504667,-1.7009909966984058,-1.7049290908228925,-1.5820980597972374,-1.2274820603017966,-0.2755884519258804,0.9746626684528101,1.302274593951771,1.1425004894725983,0.8951506727965083,0.5952929344605962,0.26299280167057965,0.008704438203727356,-0.16232136377397863,-0.2859025079662026,-0.2208301907663517,0.2958102527079684,1.0680517576906365,1.2477038610838846,1.1753179405099872,0.875460202174075,0.35544424945019487,-0.38754284203628664,-0.20851441405707494,-0.20851441405707494,-0.20851441405707494,-0.20851441405707494,-0.20851441405707494,-0.20851441405707494,-0.20851441405707494,-0.20851441405707494,-0.20851441405707494,-0.20851441405707494,-0.20851441405707494,-0.20851441405707494,-0.20851441405707494,-0.20851441405707494,-0.20851441405707494,-0.20851441405707494,-0.20851441405707494,-0.20851441405707494,-0.20851441405707494,-0.20851441405707494,-0.20851441405707494,-0.20851441405707494,-0.20851441405707494,4.795831523312719,-0.20851441405707494,-0.20851441405707494,-0.20851441405707494,-0.20851441405707494,-0.20851441405707494,-0.20851441405707494,-0.20851441405707494,-0.20851441405707494,-0.20851441405707494,-0.20851441405707494,-0.20851441405707494,-0.20851441405707494,-0.20851441405707494,-0.20851441405707494,-0.20851441405707494,-0.20851441405707494,-0.20851441405707494,-0.20851441405707494,-0.20851441405707494,-0.20851441405707494,-0.20851441405707494,-0.20851441405707494,-0.20851441405707494,4.795831523312719,-0.20851441405707494,-0.20851441405707494,-0.20851441405707494,-0.20851441405707494,-0.20851441405707494,-0.20851441405707494,-0.20851441405707494,-0.20851441405707494,-0.20851441405707494,-0.20851441405707494,-0.20851441405707494,-0.20851441405707494,-0.20851441405707494,-0.20851441405707494,-0.20851441405707494,-0.20851441405707494,-0.20851441405707494,-0.20851441405707494,-0.20851441405707494,-0.20851441405707494,-0.20851441405707494,-0.20851441405707494,-0.20851441405707494,4.795831523312719
1245,-0.7684962742847087,-1.19418180440817,-1.450885876803663,-1.4885142615163116,-1.3426177023850603,-0.9739518717954899,0.012696694228194345,1.4668144568353976,1.8144730297019556,1.502826898646276,1.0635212783507517,0.6754641329399392,0.24377652918133144,-0.11796383182922383,-0.2592434112411318,-0.4566192942430621,-0.39267412513015604,0.18768022559130915,1.0044239379431563,1.0621361844349488,0.8453689866117763,0.40260063152674436,-0.48085843776961495,-1.3557760945851889,-0.20851441405707646,-0.20851441405707646,-0.20851441405707646,-0.20851441405707646,-0.20851441405707646,-0.20851441405707646,-0.20851441405707646,-0.20851441405707646,-0.20851441405707646,-0.20851441405707646,-0.20851441405707646,-0.20851441405707646,-0.20851441405707646,-0.20851441405707646,-0.20851441405707646,-0.20851441405707646,-0.20851441405707646,-0.20851441405707646,-0.20851441405707646,-0.20851441405707646,-0.20851441405707646,-0.20851441405707646,-0.20851441405707646,4.795831523312717,-0.20851441405707646,-0.20851441405707646,-0.20851441405707646,-0.20851441405707646,-0.20851441405707646,-0.20851441405707646,-0.20851441405707646,-0.20851441405707646,-0.20851441405707646,-0.20851441405707646,-0.20851441405707646,-0.20851441405707646,-0.20851441405707646,-0.20851441405707646,-0.20851441405707646,-0.20851441405707646,-0.20851441405707646,-0.20851441405707646,-0.20851441405707646,-0.20851441405707646,-0.20851441405707646,-0.20851441405707646,-0.20851441405707646,4.795831523312717,-0.20851441405707646,-0.20851441405707646,-0.20851441405707646,-0.20851441405707646,-0.20851441405707646,-0.20851441405707646,-0.20851441405707646,-0.20851441405707646,-0.20851441405707646,-0.20851441405707646,-0.20851441405707646,-0.20851441405707646,-0.20851441405707646,-0.20851441405707646,-0.20851441405707646,-0.20851441405707646,-0.20851441405707646,-0.20851441405707646,-0.20851441405707646,-0.20851441405707646,-0.20851441405707646,-0.20851441405707646,-0.20851441405707646,4.795831523312717
1246,-0.7019368865785005,-1.215197264528317,-1.5381293812781336,-1.732630491079351,-1.6711968866725304,-1.3698244876956733,-0.33472620967131483,1.0154221377450041,1.2722841516422023,1.1475623434502413,0.998962568262422,0.7511417263345297,0.4852385404680259,0.2772915851739946,0.20264396019665004,0.10295924361199738,-0.029412787015529785,0.47921109248848875,1.1647173876996932,1.1600808892538954,0.9138828217820324,0.41800931300395777,-0.43325180164451804,-1.3631015649492666,-0.20851441405708634,-0.20851441405708634,-0.20851441405708634,-0.20851441405708634,-0.20851441405708634,-0.20851441405708634,-0.20851441405708634,-0.20851441405708634,-0.20851441405708634,-0.20851441405708634,-0.20851441405708634,-0.20851441405708634,-0.20851441405708634,-0.20851441405708634,-0.20851441405708634,-0.20851441405708634,-0.20851441405708634,-0.20851441405708634,-0.20851441405708634,-0.20851441405708634,-0.20851441405708634,-0.20851441405708634,-0.20851441405708634,4.795831523312708,-0.20851441405708634,-0.20851441405708634,-0.20851441405708634,-0.20851441405708634,-0.20851441405708634,-0.20851441405708634,-0.20851441405708634,-0.20851441405708634,-0.20851441405708634,-0.20851441405708634,-0.20851441405708634,-0.20851441405708634,-0.20851441405708634,-0.20851441405708634,-0.20851441405708634,-0.20851441405708634,-0.20851441405708634,-0.20851441405708634,-0.20851441405708634,-0.20851441405708634,-0.20851441405708634,-0.20851441405708634,-0.20851441405708634,4.795831523312708,-0.20851441405708634,-0.20851441405708634,-0.20851441405708634,-0.20851441405708634,-0.20851441405708634,-0.20851441405708634,-0.20851441405708634,-0.20851441405708634,-0.20851441405708634,-0.20851441405708634,-0.20851441405708634,-0.20851441405708634,-0.20851441405708634,-0.20851441405708634,-0.20851441405708634,-0.20851441405708634,-0.20851441405708634,-0.20851441405708634,-0.20851441405708634,-0.20851441405708634,-0.20851441405708634,-0.20851441405708634,-0.20851441405708634,4.795831523312708
1247,-1.0201868165433088,-1.4310832858899414,-1.6856108210685499,-1.826000448095316,-1.813635508045533,-1.4830160340990297,-0.6988886050958725,0.4354519720865211,0.8667030350535655,0.9074122222943893,0.9403219858115038,0.869936942451201,0.7835725919496404,0.600571479212853,0.4987985111107936,0.38028531647979724,0.32778187872994974,0.7219381215476455,1.156803551606165,0.9827432416746053,0.7093829516509428,0.43640312132111975,-0.06390137607778934,-0.5957840280653748,-0.20851441405707388,-0.20851441405707388,-0.20851441405707388,-0.20851441405707388,-0.20851441405707388,-0.20851441405707388,-0.20851441405707388,-0.20851441405707388,-0.20851441405707388,-0.20851441405707388,-0.20851441405707388,-0.20851441405707388,-0.20851441405707388,-0.20851441405707388,-0.20851441405707388,-0.20851441405707388,-0.20851441405707388,-0.20851441405707388,-0.20851441405707388,-0.20851441405707388,-0.20851441405707388,-0.20851441405707388,-0.20851441405707388,4.795831523312721,-0.20851441405707388,-0.20851441405707388,-0.20851441405707388,-0.20851441405707388,-0.20851441405707388,-0.20851441405707388,-0.20851441405707388,-0.20851441405707388,-0.20851441405707388,-0.20851441405707388,-0.20851441405707388,-0.20851441405707388,-0.20851441405707388,-0.20851441405707388,-0.20851441405707388,-0.20851441405707388,-0.20851441405707388,-0.20851441405707388,-0.20851441405707388,-0.20851441405707388,-0.20851441405707388,-0.20851441405707388,-0.20851441405707388,4.795831523312721,-0.20851441405707388,-0.20851441405707388,-0.20851441405707388,-0.20851441405707388,-0.20851441405707388,-0.20851441405707388,-0.20851441405707388,-0.20851441405707388,-0.20851441405707388,-0.20851441405707388,-0.20851441405707388,-0.20851441405707388,-0.20851441405707388,-0.20851441405707388,-0.20851441405707388,-0.20851441405707388,-0.20851441405707388,-0.20851441405707388,-0.20851441405707388,-0.20851441405707388,-0.20851441405707388,-0.20851441405707388,-0.20851441405707388,4.795831523312721
1248,-0.3227836308318762,-0.9309483220081353,-1.440993419113806,-1.6493870614754385,-1.73888804255334,-1.642094388943165,-1.3154710555280085,-0.7892936828206418,-0.2600224490389774,0.2694697748194226,0.625705778517144,0.830342589574272,0.8427180338714633,0.8606182300870435,0.7563109138678596,0.6661469625597515,0.6559814190299157,1.011775442574166,1.3940882753266837,1.2199480948590629,0.9521081218555651,0.5483592516596983,0.06726385460638584,-0.6109546908950455,0.2085144140570753,0.2085144140570753,0.2085144140570753,0.2085144140570753,0.2085144140570753,0.2085144140570753,0.2085144140570753,0.2085144140570753,0.2085144140570753,0.2085144140570753,0.2085144140570753,0.2085144140570753,0.2085144140570753,0.2085144140570753,0.2085144140570753,0.2085144140570753,0.2085144140570753,0.2085144140570753,0.2085144140570753,0.2085144140570753,0.2085144140570753,0.2085144140570753,0.2085144140570753,-4.795831523312719,0.2085144140570753,0.2085144140570753,0.2085144140570753,0.2085144140570753,0.2085144140570753,0.2085144140570753,0.2085144140570753,0.2085144140570753,0.2085144140570753,0.2085144140570753,0.2085144140570753,0.2085144140570753,0.2085144140570753,0.2085144140570753,0.2085144140570753,0.2085144140570753,0.2085144140570753,0.2085144140570753,0.2085144140570753,0.2085144140570753,0.2085144140570753,0.2085144140570753,0.2085144140570753,-4.795831523312719,0.2085144140570753,0.2085144140570753,0.2085144140570753,0.2085144140570753,0.2085144140570753,0.2085144140570753,0.2085144140570753,0.2085144140570753,0.2085144140570753,0.2085144140570753,0.2085144140570753,0.2085144140570753,0.2085144140570753,0.2085144140570753,0.2085144140570753,0.2085144140570753,0.2085144140570753,0.2085144140570753,0.2085144140570753,0.2085144140570753,0.2085144140570753,0.2085144140570753,0.2085144140570753,-4.795831523312719
1249,-0.7223290073792075,-1.116143510853479,-1.3812010739232323,-1.482526442470596,-1.5103009089759647,-1.4324638238312895,-1.1574623159633175,-0.7334730834461765,-0.42075316427461745,-0.07545825352268772,0.051412766316650906,0.13405037653632823,0.21994548591404262,0.2952108611971097,0.29075323077032217,0.3392728234926638,0.5090056743588061,1.0422068523322428,1.5724934257958567,1.6842770811137604,1.5580918505708508,1.2491437725296504,0.8122959907044682,0.2739513930078151,0.208514414057072,0.208514414057072,0.208514414057072,0.208514414057072,0.208514414057072,0.208514414057072,0.208514414057072,0.208514414057072,0.208514414057072,0.208514414057072,0.208514414057072,0.208514414057072,0.208514414057072,0.208514414057072,0.208514414057072,0.208514414057072,0.208514414057072,0.208514414057072,0.208514414057072,0.208514414057072,0.208514414057072,0.208514414057072,0.208514414057072,-4.795831523312723,0.208514414057072,0.208514414057072,0.208514414057072,0.208514414057072,0.208514414057072,0.208514414057072,0.208514414057072,0.208514414057072,0.208514414057072,0.208514414057072,0.208514414057072,0.208514414057072,0.208514414057072,0.208514414057072,0.208514414057072,0.208514414057072,0.208514414057072,0.208514414057072,0.208514414057072,0.208514414057072,0.208514414057072,0.208514414057072,0.208514414057072,-4.795831523312723,0.208514414057072,0.208514414057072,0.208514414057072,0.208514414057072,0.208514414057072,0.208514414057072,0.208514414057072,0.208514414057072,0.208514414057072,0.208514414057072,0.208514414057072,0.208514414057072,0.208514414057072,0.208514414057072,0.208514414057072,0.208514414057072,0.208514414057072,0.208514414057072,0.208514414057072,0.208514414057072,0.208514414057072,0.208514414057072,0.208514414057072,-4.795831523312723
1250,-1.3705098975410275,-1.6219579150605705,-1.7448450743919164,-1.7617372232611779,-1.6541948403835889,-1.3997810257343282,-0.7217740123406067,0.1771204133664364,0.5362397614648606,0.568605634489171,0.5858846264623089,0.5746661764498985,0.5110949597129063,0.4898185889997142,0.46312641483225503,0.42108946421103916,0.45500270965085443,0.7586745461936871,1.1722098242373662,1.2273994403903736,1.1244991747592992,0.8751143204604293,0.4569369251702355,-0.12268299213763405,0.20851441405707002,0.20851441405707002,0.20851441405707002,0.20851441405707002,0.20851441405707002,0.20851441405707002,0.20851441405707002,0.20851441405707002,0.20851441405707002,0.20851441405707002,0.20851441405707002,0.20851441405707002,0.20851441405707002,0.20851441405707002,0.20851441405707002,0.20851441405707002,0.20851441405707002,0.20851441405707002,0.20851441405707002,0.20851441405707002,0.20851441405707002,0.20851441405707002,0.20851441405707002,-4.795831523312724,0.20851441405707002,0.20851441405707002,0.20851441405707002,0.20851441405707002,0.20851441405707002,0.20851441405707002,0.20851441405707002,0.20851441405707002,0.20851441405707002,0.20851441405707002,0.20851441405707002,0.20851441405707002,0.20851441405707002,0.20851441405707002,0.20851441405707002,0.20851441405707002,0.20851441405707002,0.20851441405707002,0.20851441405707002,0.20851441405707002,0.20851441405707002,0.20851441405707002,0.20851441405707002,-4.795831523312724,0.20851441405707002,0.20851441405707002,0.20851441405707002,0.20851441405707002,0.20851441405707002,0.20851441405707002,0.20851441405707002,0.20851441405707002,0.20851441405707002,0.20851441405707002,0.20851441405707002,0.20851441405707002,0.20851441405707002,0.20851441405707002,0.20851441405707002,0.20851441405707002,0.20851441405707002,0.20851441405707002,0.20851441405707002,0.20851441405707002,0.20851441405707002,0.20851441405707002,0.20851441405707002,-4.795831523312724
1251,-1.256854120343374,-1.5396721019810018,-1.7110143828271558,-1.7750096925407794,-1.7027569235092688,-1.424385266119734,-0.59863933433104,0.46641412038180063,0.8673772891830415,0.8222788575238128,0.6990521569338077,0.589482023677231,0.408611905156592,0.27696894795412524,0.18867765217056487,0.12801708564301081,0.14373801780591094,0.6083789017316261,1.1671865813401674,1.2734219714106743,1.1891006079914828,0.9491578958890371,0.42417404002491743,-0.19370623316543037,-0.20851441405707785,-0.20851441405707785,-0.20851441405707785,-0.20851441405707785,-0.20851441405707785,-0.20851441405707785,-0.20851441405707785,-0.20851441405707785,-0.20851441405707785,-0.20851441405707785,-0.20851441405707785,-0.20851441405707785,-0.20851441405707785,-0.20851441405707785,-0.20851441405707785,-0.20851441405707785,-0.20851441405707785,-0.20851441405707785,-0.20851441405707785,-0.20851441405707785,-0.20851441405707785,-0.20851441405707785,-0.20851441405707785,4.7958315233127164,-0.20851441405707785,-0.20851441405707785,-0.20851441405707785,-0.20851441405707785,-0.20851441405707785,-0.20851441405707785,-0.20851441405707785,-0.20851441405707785,-0.20851441405707785,-0.20851441405707785,-0.20851441405707785,-0.20851441405707785,-0.20851441405707785,-0.20851441405707785,-0.20851441405707785,-0.20851441405707785,-0.20851441405707785,-0.20851441405707785,-0.20851441405707785,-0.20851441405707785,-0.20851441405707785,-0.20851441405707785,-0.20851441405707785,4.7958315233127164,-0.20851441405707785,-0.20851441405707785,-0.20851441405707785,-0.20851441405707785,-0.20851441405707785,-0.20851441405707785,-0.20851441405707785,-0.20851441405707785,-0.20851441405707785,-0.20851441405707785,-0.20851441405707785,-0.20851441405707785,-0.20851441405707785,-0.20851441405707785,-0.20851441405707785,-0.20851441405707785,-0.20851441405707785,-0.20851441405707785,-0.20851441405707785,-0.20851441405707785,-0.20851441405707785,-0.20851441405707785,-0.20851441405707785,4.7958315233127164
1252,-1.041699044055931,-1.5027145711953276,-1.655594918348923,-1.7355968204436358,-1.6565081820714653,-1.187090628684679,-0.2564748954139876,0.9501291348090127,1.3603671989750525,1.1397226836088121,0.8114957017270785,0.5092054095655488,0.20033961860171384,-0.04551097550669645,-0.16186077375859642,-0.3030513452636493,-0.2928227915711746,0.2969629204466983,1.0518667135002344,1.2743377563115597,1.2102266429890842,0.9649240071141993,0.38938520916798774,-0.32003805050293765,0.20851441405707646,0.20851441405707646,0.20851441405707646,0.20851441405707646,0.20851441405707646,0.20851441405707646,0.20851441405707646,0.20851441405707646,0.20851441405707646,0.20851441405707646,0.20851441405707646,0.20851441405707646,0.20851441405707646,0.20851441405707646,0.20851441405707646,0.20851441405707646,0.20851441405707646,0.20851441405707646,0.20851441405707646,0.20851441405707646,0.20851441405707646,0.20851441405707646,0.20851441405707646,-4.795831523312718,0.20851441405707646,0.20851441405707646,0.20851441405707646,0.20851441405707646,0.20851441405707646,0.20851441405707646,0.20851441405707646,0.20851441405707646,0.20851441405707646,0.20851441405707646,0.20851441405707646,0.20851441405707646,0.20851441405707646,0.20851441405707646,0.20851441405707646,0.20851441405707646,0.20851441405707646,0.20851441405707646,0.20851441405707646,0.20851441405707646,0.20851441405707646,0.20851441405707646,0.20851441405707646,-4.795831523312718,0.20851441405707646,0.20851441405707646,0.20851441405707646,0.20851441405707646,0.20851441405707646,0.20851441405707646,0.20851441405707646,0.20851441405707646,0.20851441405707646,0.20851441405707646,0.20851441405707646,0.20851441405707646,0.20851441405707646,0.20851441405707646,0.20851441405707646,0.20851441405707646,0.20851441405707646,0.20851441405707646,0.20851441405707646,0.20851441405707646,0.20851441405707646,0.20851441405707646,0.20851441405707646,-4.795831523312718
1253,-1.1064601993544334,-1.4780649529263945,-1.6902379812388793,-1.7043291690774693,-1.643737061371532,-1.3697641092526593,-0.42666103748416656,0.8487927645916434,1.2036893954407049,1.0196987428054003,0.8169869406131116,0.5311371301731416,0.2915869369171103,0.14262295119487237,0.056868008062881364,-0.07659567103690747,-0.018620498215279738,0.5510660958305761,1.2445538401726162,1.2759570587843312,1.1412855635840917,0.8022918447242962,0.17080532687205252,-0.5828719198091079,-0.20851441405707477,-0.20851441405707477,-0.20851441405707477,-0.20851441405707477,-0.20851441405707477,-0.20851441405707477,-0.20851441405707477,-0.20851441405707477,-0.20851441405707477,-0.20851441405707477,-0.20851441405707477,-0.20851441405707477,-0.20851441405707477,-0.20851441405707477,-0.20851441405707477,-0.20851441405707477,-0.20851441405707477,-0.20851441405707477,-0.20851441405707477,-0.20851441405707477,-0.20851441405707477,-0.20851441405707477,-0.20851441405707477,4.79583152331272,-0.20851441405707477,-0.20851441405707477,-0.20851441405707477,-0.20851441405707477,-0.20851441405707477,-0.20851441405707477,-0.20851441405707477,-0.20851441405707477,-0.20851441405707477,-0.20851441405707477,-0.20851441405707477,-0.20851441405707477,-0.20851441405707477,-0.20851441405707477,-0.20851441405707477,-0.20851441405707477,-0.20851441405707477,-0.20851441405707477,-0.20851441405707477,-0.20851441405707477,-0.20851441405707477,-0.20851441405707477,-0.20851441405707477,4.79583152331272,-0.20851441405707477,-0.20851441405707477,-0.20851441405707477,-0.20851441405707477,-0.20851441405707477,-0.20851441405707477,-0.20851441405707477,-0.20851441405707477,-0.20851441405707477,-0.20851441405707477,-0.20851441405707477,-0.20851441405707477,-0.20851441405707477,-0.20851441405707477,-0.20851441405707477,-0.20851441405707477,-0.20851441405707477,-0.20851441405707477,-0.20851441405707477,-0.20851441405707477,-0.20851441405707477,-0.20851441405707477,-0.20851441405707477,4.79583152331272
1254,-1.0999715849505722,-1.385129793392802,-1.6332432798923855,-1.7351162652346623,-1.6963485329691024,-1.3840529119409808,-0.42648992498165067,0.8842901781750032,1.346487697296623,1.1797864485547156,0.9954243440029417,0.7234040892729295,0.4701215718046047,0.17161003335979327,-0.014044328934165918,-0.13400892266703746,-0.10450237088713907,0.5476570363357245,1.1853862321041853,1.081359483858266,0.8752443739797059,0.6381150782886977,0.12573488351221404,-0.6117135346948814,-0.20851441405709206,-0.20851441405709206,-0.20851441405709206,-0.20851441405709206,-0.20851441405709206,-0.20851441405709206,-0.20851441405709206,-0.20851441405709206,-0.20851441405709206,-0.20851441405709206,-0.20851441405709206,-0.20851441405709206,-0.20851441405709206,-0.20851441405709206,-0.20851441405709206,-0.20851441405709206,-0.20851441405709206,-0.20851441405709206,-0.20851441405709206,-0.20851441405709206,-0.20851441405709206,-0.20851441405709206,-0.20851441405709206,4.795831523312702,-0.20851441405709206,-0.20851441405709206,-0.20851441405709206,-0.20851441405709206,-0.20851441405709206,-0.20851441405709206,-0.20851441405709206,-0.20851441405709206,-0.20851441405709206,-0.20851441405709206,-0.20851441405709206,-0.20851441405709206,-0.20851441405709206,-0.20851441405709206,-0.20851441405709206,-0.20851441405709206,-0.20851441405709206,-0.20851441405709206,-0.20851441405709206,-0.20851441405709206,-0.20851441405709206,-0.20851441405709206,-0.20851441405709206,4.795831523312702,-0.20851441405709206,-0.20851441405709206,-0.20851441405709206,-0.20851441405709206,-0.20851441405709206,-0.20851441405709206,-0.20851441405709206,-0.20851441405709206,-0.20851441405709206,-0.20851441405709206,-0.20851441405709206,-0.20851441405709206,-0.20851441405709206,-0.20851441405709206,-0.20851441405709206,-0.20851441405709206,-0.20851441405709206,-0.20851441405709206,-0.20851441405709206,-0.20851441405709206,-0.20851441405709206,-0.20851441405709206,-0.20851441405709206,4.795831523312702
1255,-0.9165605311984042,-1.3636888962186813,-1.570883316411132,-1.6548368117261316,-1.661852424147998,-1.4460054153019124,-1.0133759826201587,-0.397872919475091,0.24990196081056154,0.6717741211121201,0.9472538355440692,0.8827102012628995,0.6231325416538473,0.39091577049007364,0.1119282498471915,0.07918872521181557,0.09345380380294366,0.7059167682318693,1.4841820395642347,1.4081795716606833,1.2337246761036087,0.9236346070571193,0.43675110497959996,-0.2175716802331278,0.20851441405706267,0.20851441405706267,0.20851441405706267,0.20851441405706267,0.20851441405706267,0.20851441405706267,0.20851441405706267,0.20851441405706267,0.20851441405706267,0.20851441405706267,0.20851441405706267,0.20851441405706267,0.20851441405706267,0.20851441405706267,0.20851441405706267,0.20851441405706267,0.20851441405706267,0.20851441405706267,0.20851441405706267,0.20851441405706267,0.20851441405706267,0.20851441405706267,0.20851441405706267,-4.795831523312732,0.20851441405706267,0.20851441405706267,0.20851441405706267,0.20851441405706267,0.20851441405706267,0.20851441405706267,0.20851441405706267,0.20851441405706267,0.20851441405706267,0.20851441405706267,0.20851441405706267,0.20851441405706267,0.20851441405706267,0.20851441405706267,0.20851441405706267,0.20851441405706267,0.20851441405706267,0.20851441405706267,0.20851441405706267,0.20851441405706267,0.20851441405706267,0.20851441405706267,0.20851441405706267,-4.795831523312732,0.20851441405706267,0.20851441405706267,0.20851441405706267,0.20851441405706267,0.20851441405706267,0.20851441405706267,0.20851441405706267,0.20851441405706267,0.20851441405706267,0.20851441405706267,0.20851441405706267,0.20851441405706267,0.20851441405706267,0.20851441405706267,0.20851441405706267,0.20851441405706267,0.20851441405706267,0.20851441405706267,0.20851441405706267,0.20851441405706267,0.20851441405706267,0.20851441405706267,0.20851441405706267,-4.795831523312732
1256,-0.6395724897754451,-0.9821431009155689,-1.254845900988236,-1.3727478321645692,-1.3744945274412557,-1.2057200963314305,-0.983234785463498,-0.47843985050112303,0.0715508247455129,0.5051679271829163,0.48879265896398105,0.24491033095663992,0.0029930351355709804,-0.20464536588052698,-0.4526760951699984,-0.5963417816774563,-0.4345541316743768,0.5104080130129754,1.664755253993112,1.8464115627684996,1.839206444752168,1.5758921317916905,0.942715093992864,0.28661268068752815,-0.20851441405707383,-0.20851441405707383,-0.20851441405707383,-0.20851441405707383,-0.20851441405707383,-0.20851441405707383,-0.20851441405707383,-0.20851441405707383,-0.20851441405707383,-0.20851441405707383,-0.20851441405707383,-0.20851441405707383,-0.20851441405707383,-0.20851441405707383,-0.20851441405707383,-0.20851441405707383,-0.20851441405707383,-0.20851441405707383,-0.20851441405707383,-0.20851441405707383,-0.20851441405707383,-0.20851441405707383,-0.20851441405707383,4.79583152331272,-0.20851441405707383,-0.20851441405707383,-0.20851441405707383,-0.20851441405707383,-0.20851441405707383,-0.20851441405707383,-0.20851441405707383,-0.20851441405707383,-0.20851441405707383,-0.20851441405707383,-0.20851441405707383,-0.20851441405707383,-0.20851441405707383,-0.20851441405707383,-0.20851441405707383,-0.20851441405707383,-0.20851441405707383,-0.20851441405707383,-0.20851441405707383,-0.20851441405707383,-0.20851441405707383,-0.20851441405707383,-0.20851441405707383,4.79583152331272,-0.20851441405707383,-0.20851441405707383,-0.20851441405707383,-0.20851441405707383,-0.20851441405707383,-0.20851441405707383,-0.20851441405707383,-0.20851441405707383,-0.20851441405707383,-0.20851441405707383,-0.20851441405707383,-0.20851441405707383,-0.20851441405707383,-0.20851441405707383,-0.20851441405707383,-0.20851441405707383,-0.20851441405707383,-0.20851441405707383,-0.20851441405707383,-0.20851441405707383,-0.20851441405707383,-0.20851441405707383,-0.20851441405707383,4.79583152331272
1257,-1.239671974771229,-1.4759983129557648,-1.5608678141064922,-1.5856913045616456,-1.4344021938146967,-1.0174346446828617,-0.06978112392869103,1.1016192634955793,1.5013110050809224,1.2656555720438234,0.9545233099201089,0.6157162104646355,0.24822791595624835,-0.1375425438197857,-0.42536085207007895,-0.6526299707642207,-0.6112015779100118,-0.012586460109722504,0.8983350038222953,1.1559625804379423,1.1948750789892641,0.9860558518496283,0.48740560101738944,-0.18651861958265611,-0.20851441405707583,-0.20851441405707583,-0.20851441405707583,-0.20851441405707583,-0.20851441405707583,-0.20851441405707583,-0.20851441405707583,-0.20851441405707583,-0.20851441405707583,-0.20851441405707583,-0.20851441405707583,-0.20851441405707583,-0.20851441405707583,-0.20851441405707583,-0.20851441405707583,-0.20851441405707583,-0.20851441405707583,-0.20851441405707583,-0.20851441405707583,-0.20851441405707583,-0.20851441405707583,-0.20851441405707583,-0.20851441405707583,4.795831523312718,-0.20851441405707583,-0.20851441405707583,-0.20851441405707583,-0.20851441405707583,-0.20851441405707583,-0.20851441405707583,-0.20851441405707583,-0.20851441405707583,-0.20851441405707583,-0.20851441405707583,-0.20851441405707583,-0.20851441405707583,-0.20851441405707583,-0.20851441405707583,-0.20851441405707583,-0.20851441405707583,-0.20851441405707583,-0.20851441405707583,-0.20851441405707583,-0.20851441405707583,-0.20851441405707583,-0.20851441405707583,-0.20851441405707583,4.795831523312718,-0.20851441405707583,-0.20851441405707583,-0.20851441405707583,-0.20851441405707583,-0.20851441405707583,-0.20851441405707583,-0.20851441405707583,-0.20851441405707583,-0.20851441405707583,-0.20851441405707583,-0.20851441405707583,-0.20851441405707583,-0.20851441405707583,-0.20851441405707583,-0.20851441405707583,-0.20851441405707583,-0.20851441405707583,-0.20851441405707583,-0.20851441405707583,-0.20851441405707583,-0.20851441405707583,-0.20851441405707583,-0.20851441405707583,4.795831523312718
1258,-0.6491749183340871,-0.9204008789783815,-1.0808932331340655,-1.0857875361832858,-0.9885132630800314,-0.5616892513292734,0.477534429455181,1.8687400711960656,2.2311224261320888,1.7115105857398618,1.0619957852495778,0.45754935867086455,-0.07898861309991632,-0.5255937663412733,-0.8335269998547203,-1.0755910714974102,-1.045001677439783,-0.33553166459654965,0.5898994702935315,0.7777183498073624,0.7202102889790233,0.4748833486368533,-0.15790924976859447,-1.0325619905230146,0.20851441405707302,0.20851441405707302,0.20851441405707302,0.20851441405707302,0.20851441405707302,0.20851441405707302,0.20851441405707302,0.20851441405707302,0.20851441405707302,0.20851441405707302,0.20851441405707302,0.20851441405707302,0.20851441405707302,0.20851441405707302,0.20851441405707302,0.20851441405707302,0.20851441405707302,0.20851441405707302,0.20851441405707302,0.20851441405707302,0.20851441405707302,0.20851441405707302,0.20851441405707302,-4.795831523312722,0.20851441405707302,0.20851441405707302,0.20851441405707302,0.20851441405707302,0.20851441405707302,0.20851441405707302,0.20851441405707302,0.20851441405707302,0.20851441405707302,0.20851441405707302,0.20851441405707302,0.20851441405707302,0.20851441405707302,0.20851441405707302,0.20851441405707302,0.20851441405707302,0.20851441405707302,0.20851441405707302,0.20851441405707302,0.20851441405707302,0.20851441405707302,0.20851441405707302,0.20851441405707302,-4.795831523312722,0.20851441405707302,0.20851441405707302,0.20851441405707302,0.20851441405707302,0.20851441405707302,0.20851441405707302,0.20851441405707302,0.20851441405707302,0.20851441405707302,0.20851441405707302,0.20851441405707302,0.20851441405707302,0.20851441405707302,0.20851441405707302,0.20851441405707302,0.20851441405707302,0.20851441405707302,0.20851441405707302,0.20851441405707302,0.20851441405707302,0.20851441405707302,0.20851441405707302,0.20851441405707302,-4.795831523312722
1259,-0.8729701485699486,-1.305585705368583,-1.5965874276444978,-1.6510058002578278,-1.5436398218585552,-1.0803482712315573,-0.14431024037292858,1.234848824622815,1.651916274960498,1.3613347717781226,0.9335517345551892,0.6877235648347413,0.3427236890390358,-0.017824293217621204,-0.12540038116366337,-0.27646914529101557,-0.30441371501137415,0.2397700111219251,1.0671814063006635,1.1356771185475576,0.9404853495985864,0.5702723281905273,-0.14367991173261976,-1.1032502118294452,-0.20851441405707688,-0.20851441405707688,-0.20851441405707688,-0.20851441405707688,-0.20851441405707688,-0.20851441405707688,-0.20851441405707688,-0.20851441405707688,-0.20851441405707688,-0.20851441405707688,-0.20851441405707688,-0.20851441405707688,-0.20851441405707688,-0.20851441405707688,-0.20851441405707688,-0.20851441405707688,-0.20851441405707688,-0.20851441405707688,-0.20851441405707688,-0.20851441405707688,-0.20851441405707688,-0.20851441405707688,-0.20851441405707688,4.795831523312717,-0.20851441405707688,-0.20851441405707688,-0.20851441405707688,-0.20851441405707688,-0.20851441405707688,-0.20851441405707688,-0.20851441405707688,-0.20851441405707688,-0.20851441405707688,-0.20851441405707688,-0.20851441405707688,-0.20851441405707688,-0.20851441405707688,-0.20851441405707688,-0.20851441405707688,-0.20851441405707688,-0.20851441405707688,-0.20851441405707688,-0.20851441405707688,-0.20851441405707688,-0.20851441405707688,-0.20851441405707688,-0.20851441405707688,4.795831523312717,-0.20851441405707688,-0.20851441405707688,-0.20851441405707688,-0.20851441405707688,-0.20851441405707688,-0.20851441405707688,-0.20851441405707688,-0.20851441405707688,-0.20851441405707688,-0.20851441405707688,-0.20851441405707688,-0.20851441405707688,-0.20851441405707688,-0.20851441405707688,-0.20851441405707688,-0.20851441405707688,-0.20851441405707688,-0.20851441405707688,-0.20851441405707688,-0.20851441405707688,-0.20851441405707688,-0.20851441405707688,-0.20851441405707688,4.795831523312717
1260,-0.9600922054936677,-1.4263391838562036,-1.7021835652097101,-1.8415788900992993,-1.7927813192991129,-1.4318634371543377,-0.6271638733927732,0.47050525694651435,0.9161283563293487,0.8141138120904685,0.7586871373325209,0.7284878859693867,0.573808793621626,0.46019331745666364,0.38782559925110416,0.27752467506502243,0.22780639538181366,0.698472776382857,1.2210671383863627,1.1930775883424822,1.023851295642968,0.6831890089246854,0.07165416882121713,-0.724390731439937,0.20851441405707122,0.20851441405707122,0.20851441405707122,0.20851441405707122,0.20851441405707122,0.20851441405707122,0.20851441405707122,0.20851441405707122,0.20851441405707122,0.20851441405707122,0.20851441405707122,0.20851441405707122,0.20851441405707122,0.20851441405707122,0.20851441405707122,0.20851441405707122,0.20851441405707122,0.20851441405707122,0.20851441405707122,0.20851441405707122,0.20851441405707122,0.20851441405707122,0.20851441405707122,-4.795831523312723,0.20851441405707122,0.20851441405707122,0.20851441405707122,0.20851441405707122,0.20851441405707122,0.20851441405707122,0.20851441405707122,0.20851441405707122,0.20851441405707122,0.20851441405707122,0.20851441405707122,0.20851441405707122,0.20851441405707122,0.20851441405707122,0.20851441405707122,0.20851441405707122,0.20851441405707122,0.20851441405707122,0.20851441405707122,0.20851441405707122,0.20851441405707122,0.20851441405707122,0.20851441405707122,-4.795831523312723,0.20851441405707122,0.20851441405707122,0.20851441405707122,0.20851441405707122,0.20851441405707122,0.20851441405707122,0.20851441405707122,0.20851441405707122,0.20851441405707122,0.20851441405707122,0.20851441405707122,0.20851441405707122,0.20851441405707122,0.20851441405707122,0.20851441405707122,0.20851441405707122,0.20851441405707122,0.20851441405707122,0.20851441405707122,0.20851441405707122,0.20851441405707122,0.20851441405707122,0.20851441405707122,-4.795831523312723
1261,-1.0577847256012864,-1.4098068312806278,-1.6477668723256336,-1.8274016821355326,-1.7911641124332476,-1.565800940856179,-0.8282801174868138,0.26385120939777024,0.8295024164648688,0.8270865784847165,0.7810130970060968,0.7182013095221358,0.5587560028320812,0.4462469768992721,0.33943242620539354,0.2509092202183827,0.29456686371685004,0.7496072032641162,1.2607294959220618,1.1749672476266537,0.9791118113785888,0.6955959684221389,0.2740322408855551,-0.31560478612734166,0.20851441405708496,0.20851441405708496,0.20851441405708496,0.20851441405708496,0.20851441405708496,0.20851441405708496,0.20851441405708496,0.20851441405708496,0.20851441405708496,0.20851441405708496,0.20851441405708496,0.20851441405708496,0.20851441405708496,0.20851441405708496,0.20851441405708496,0.20851441405708496,0.20851441405708496,0.20851441405708496,0.20851441405708496,0.20851441405708496,0.20851441405708496,0.20851441405708496,0.20851441405708496,-4.795831523312709,0.20851441405708496,0.20851441405708496,0.20851441405708496,0.20851441405708496,0.20851441405708496,0.20851441405708496,0.20851441405708496,0.20851441405708496,0.20851441405708496,0.20851441405708496,0.20851441405708496,0.20851441405708496,0.20851441405708496,0.20851441405708496,0.20851441405708496,0.20851441405708496,0.20851441405708496,0.20851441405708496,0.20851441405708496,0.20851441405708496,0.20851441405708496,0.20851441405708496,0.20851441405708496,-4.795831523312709,0.20851441405708496,0.20851441405708496,0.20851441405708496,0.20851441405708496,0.20851441405708496,0.20851441405708496,0.20851441405708496,0.20851441405708496,0.20851441405708496,0.20851441405708496,0.20851441405708496,0.20851441405708496,0.20851441405708496,0.20851441405708496,0.20851441405708496,0.20851441405708496,0.20851441405708496,0.20851441405708496,0.20851441405708496,0.20851441405708496,0.20851441405708496,0.20851441405708496,0.20851441405708496,-4.795831523312709
1262,-0.44789737476870944,-0.9980596709186772,-1.432398325773915,-1.6874861071968323,-1.7054111945400643,-1.5399488498333072,-1.1064375067016032,-0.34531072105051996,0.41250681770642816,1.0021043060115065,1.1937648552968336,1.033266380931279,0.6979293623255843,0.24649293185064838,-0.12414272029248781,-0.2642341721442089,-0.29953280568165047,0.41388567057898445,1.4077628211175728,1.417414791225467,1.2381639177931467,0.9279220214679769,0.3882390071494371,-0.4285934345529211,0.20851441405707705,0.20851441405707705,0.20851441405707705,0.20851441405707705,0.20851441405707705,0.20851441405707705,0.20851441405707705,0.20851441405707705,0.20851441405707705,0.20851441405707705,0.20851441405707705,0.20851441405707705,0.20851441405707705,0.20851441405707705,0.20851441405707705,0.20851441405707705,0.20851441405707705,0.20851441405707705,0.20851441405707705,0.20851441405707705,0.20851441405707705,0.20851441405707705,0.20851441405707705,-4.795831523312717,0.20851441405707705,0.20851441405707705,0.20851441405707705,0.20851441405707705,0.20851441405707705,0.20851441405707705,0.20851441405707705,0.20851441405707705,0.20851441405707705,0.20851441405707705,0.20851441405707705,0.20851441405707705,0.20851441405707705,0.20851441405707705,0.20851441405707705,0.20851441405707705,0.20851441405707705,0.20851441405707705,0.20851441405707705,0.20851441405707705,0.20851441405707705,0.20851441405707705,0.20851441405707705,-4.795831523312717,0.20851441405707705,0.20851441405707705,0.20851441405707705,0.20851441405707705,0.20851441405707705,0.20851441405707705,0.20851441405707705,0.20851441405707705,0.20851441405707705,0.20851441405707705,0.20851441405707705,0.20851441405707705,0.20851441405707705,0.20851441405707705,0.20851441405707705,0.20851441405707705,0.20851441405707705,0.20851441405707705,0.20851441405707705,0.20851441405707705,0.20851441405707705,0.20851441405707705,0.20851441405707705,-4.795831523312717
1263,-0.5371081355334332,-0.9767235022795723,-1.1349946119850178,-1.2393912894911816,-1.2551944562696375,-1.194136766443785,-0.9669063835232588,-0.3105960783755641,0.2678956024842792,0.6416644409868517,0.5588175363604007,0.16158338961102983,-0.14657836256886184,-0.381710328878616,-0.6197155982389985,-0.8019309000330137,-0.6264199720237981,0.24227531694950963,1.5275995482639295,1.863536563266562,1.907833318630416,1.6523487890453774,1.0846319946253906,0.28321988542096377,0.20851441405707333,0.20851441405707333,0.20851441405707333,0.20851441405707333,0.20851441405707333,0.20851441405707333,0.20851441405707333,0.20851441405707333,0.20851441405707333,0.20851441405707333,0.20851441405707333,0.20851441405707333,0.20851441405707333,0.20851441405707333,0.20851441405707333,0.20851441405707333,0.20851441405707333,0.20851441405707333,0.20851441405707333,0.20851441405707333,0.20851441405707333,0.20851441405707333,0.20851441405707333,-4.795831523312721,0.20851441405707333,0.20851441405707333,0.20851441405707333,0.20851441405707333,0.20851441405707333,0.20851441405707333,0.20851441405707333,0.20851441405707333,0.20851441405707333,0.20851441405707333,0.20851441405707333,0.20851441405707333,0.20851441405707333,0.20851441405707333,0.20851441405707333,0.20851441405707333,0.20851441405707333,0.20851441405707333,0.20851441405707333,0.20851441405707333,0.20851441405707333,0.20851441405707333,0.20851441405707333,-4.795831523312721,0.20851441405707333,0.20851441405707333,0.20851441405707333,0.20851441405707333,0.20851441405707333,0.20851441405707333,0.20851441405707333,0.20851441405707333,0.20851441405707333,0.20851441405707333,0.20851441405707333,0.20851441405707333,0.20851441405707333,0.20851441405707333,0.20851441405707333,0.20851441405707333,0.20851441405707333,0.20851441405707333,0.20851441405707333,0.20851441405707333,0.20851441405707333,0.20851441405707333,0.20851441405707333,-4.795831523312721
1264,-1.356094616039752,-1.6248516629514722,-1.7070916386850052,-1.6793057051362,-1.4897545377659016,-1.1274195767185498,-0.21192097306739596,0.938001483742644,1.3666074931966292,1.1706687548955712,0.8358003488504866,0.541812396762265,0.21492845438063027,-0.025084523342670674,-0.17583119730860286,-0.27451916818884237,-0.26829128653135154,0.19225257757643283,0.9811175875252729,1.1994128240839903,1.13585649332293,0.9697796491231742,0.48831649021715134,-0.09438966794141493,-0.20851441405707585,-0.20851441405707585,-0.20851441405707585,-0.20851441405707585,-0.20851441405707585,-0.20851441405707585,-0.20851441405707585,-0.20851441405707585,-0.20851441405707585,-0.20851441405707585,-0.20851441405707585,-0.20851441405707585,-0.20851441405707585,-0.20851441405707585,-0.20851441405707585,-0.20851441405707585,-0.20851441405707585,-0.20851441405707585,-0.20851441405707585,-0.20851441405707585,-0.20851441405707585,-0.20851441405707585,-0.20851441405707585,4.795831523312718,-0.20851441405707585,-0.20851441405707585,-0.20851441405707585,-0.20851441405707585,-0.20851441405707585,-0.20851441405707585,-0.20851441405707585,-0.20851441405707585,-0.20851441405707585,-0.20851441405707585,-0.20851441405707585,-0.20851441405707585,-0.20851441405707585,-0.20851441405707585,-0.20851441405707585,-0.20851441405707585,-0.20851441405707585,-0.20851441405707585,-0.20851441405707585,-0.20851441405707585,-0.20851441405707585,-0.20851441405707585,-0.20851441405707585,4.795831523312718,-0.20851441405707585,-0.20851441405707585,-0.20851441405707585,-0.20851441405707585,-0.20851441405707585,-0.20851441405707585,-0.20851441405707585,-0.20851441405707585,-0.20851441405707585,-0.20851441405707585,-0.20851441405707585,-0.20851441405707585,-0.20851441405707585,-0.20851441405707585,-0.20851441405707585,-0.20851441405707585,-0.20851441405707585,-0.20851441405707585,-0.20851441405707585,-0.20851441405707585,-0.20851441405707585,-0.20851441405707585,-0.20851441405707585,4.795831523312718
1265,-0.8844060585405329,-1.284469266259794,-1.4609857044748575,-1.4862314234352587,-1.4636324330755446,-1.0658087649414802,0.0034695897361582784,1.3649060630281173,1.8089456844203355,1.4886915237371814,0.9882562236995509,0.5032941062505534,0.06169761895127721,-0.22577782598490437,-0.4715163968333259,-0.6901768981516396,-0.6620808560828061,-0.058219546110628566,0.8948063446445174,1.0900534775721364,1.0566639783019285,0.8147937031006651,0.2563339683556608,-0.5786071079072859,-0.20851441405707308,-0.20851441405707308,-0.20851441405707308,-0.20851441405707308,-0.20851441405707308,-0.20851441405707308,-0.20851441405707308,-0.20851441405707308,-0.20851441405707308,-0.20851441405707308,-0.20851441405707308,-0.20851441405707308,-0.20851441405707308,-0.20851441405707308,-0.20851441405707308,-0.20851441405707308,-0.20851441405707308,-0.20851441405707308,-0.20851441405707308,-0.20851441405707308,-0.20851441405707308,-0.20851441405707308,-0.20851441405707308,4.795831523312721,-0.20851441405707308,-0.20851441405707308,-0.20851441405707308,-0.20851441405707308,-0.20851441405707308,-0.20851441405707308,-0.20851441405707308,-0.20851441405707308,-0.20851441405707308,-0.20851441405707308,-0.20851441405707308,-0.20851441405707308,-0.20851441405707308,-0.20851441405707308,-0.20851441405707308,-0.20851441405707308,-0.20851441405707308,-0.20851441405707308,-0.20851441405707308,-0.20851441405707308,-0.20851441405707308,-0.20851441405707308,-0.20851441405707308,4.795831523312721,-0.20851441405707308,-0.20851441405707308,-0.20851441405707308,-0.20851441405707308,-0.20851441405707308,-0.20851441405707308,-0.20851441405707308,-0.20851441405707308,-0.20851441405707308,-0.20851441405707308,-0.20851441405707308,-0.20851441405707308,-0.20851441405707308,-0.20851441405707308,-0.20851441405707308,-0.20851441405707308,-0.20851441405707308,-0.20851441405707308,-0.20851441405707308,-0.20851441405707308,-0.20851441405707308,-0.20851441405707308,-0.20851441405707308,4.795831523312721
1266,-0.9123074321576542,-1.3275181726767005,-1.5980682669903394,-1.7647646674837352,-1.6733570941409674,-1.3430248145830628,-0.43343784591775186,0.863203066120842,1.3371758180745246,1.1790488775820132,0.8783016385033527,0.6873251013407841,0.3782124370231649,0.15254999033320665,0.004828822698912091,-0.11126695683688018,-0.0912715501681497,0.4745168446521525,1.2159791694905868,1.2345463328258366,1.059280472331556,0.6807959889591577,-0.00884150635011793,-0.8819062526307069,0.20851441405707755,0.20851441405707755,0.20851441405707755,0.20851441405707755,0.20851441405707755,0.20851441405707755,0.20851441405707755,0.20851441405707755,0.20851441405707755,0.20851441405707755,0.20851441405707755,0.20851441405707755,0.20851441405707755,0.20851441405707755,0.20851441405707755,0.20851441405707755,0.20851441405707755,0.20851441405707755,0.20851441405707755,0.20851441405707755,0.20851441405707755,0.20851441405707755,0.20851441405707755,-4.7958315233127164,0.20851441405707755,0.20851441405707755,0.20851441405707755,0.20851441405707755,0.20851441405707755,0.20851441405707755,0.20851441405707755,0.20851441405707755,0.20851441405707755,0.20851441405707755,0.20851441405707755,0.20851441405707755,0.20851441405707755,0.20851441405707755,0.20851441405707755,0.20851441405707755,0.20851441405707755,0.20851441405707755,0.20851441405707755,0.20851441405707755,0.20851441405707755,0.20851441405707755,0.20851441405707755,-4.7958315233127164,0.20851441405707755,0.20851441405707755,0.20851441405707755,0.20851441405707755,0.20851441405707755,0.20851441405707755,0.20851441405707755,0.20851441405707755,0.20851441405707755,0.20851441405707755,0.20851441405707755,0.20851441405707755,0.20851441405707755,0.20851441405707755,0.20851441405707755,0.20851441405707755,0.20851441405707755,0.20851441405707755,0.20851441405707755,0.20851441405707755,0.20851441405707755,0.20851441405707755,0.20851441405707755,-4.7958315233127164
1267,-1.125176219353385,-1.492174323425676,-1.7175466015105678,-1.82130073840951,-1.7782842160863948,-1.4683080136982332,-0.7956210682666627,0.07757146128228479,0.5373194756127208,0.5553263919340248,0.580621822004428,0.5437505171560436,0.48444202292317734,0.4208461676614291,0.4282775934448244,0.3831173906072684,0.4720086759394198,0.8490106224124351,1.213865045970285,1.238445915869208,1.1288323855641273,0.9151788942915124,0.4850136710603616,-0.11521687298310478,0.20851441405707571,0.20851441405707571,0.20851441405707571,0.20851441405707571,0.20851441405707571,0.20851441405707571,0.20851441405707571,0.20851441405707571,0.20851441405707571,0.20851441405707571,0.20851441405707571,0.20851441405707571,0.20851441405707571,0.20851441405707571,0.20851441405707571,0.20851441405707571,0.20851441405707571,0.20851441405707571,0.20851441405707571,0.20851441405707571,0.20851441405707571,0.20851441405707571,0.20851441405707571,-4.795831523312719,0.20851441405707571,0.20851441405707571,0.20851441405707571,0.20851441405707571,0.20851441405707571,0.20851441405707571,0.20851441405707571,0.20851441405707571,0.20851441405707571,0.20851441405707571,0.20851441405707571,0.20851441405707571,0.20851441405707571,0.20851441405707571,0.20851441405707571,0.20851441405707571,0.20851441405707571,0.20851441405707571,0.20851441405707571,0.20851441405707571,0.20851441405707571,0.20851441405707571,0.20851441405707571,-4.795831523312719,0.20851441405707571,0.20851441405707571,0.20851441405707571,0.20851441405707571,0.20851441405707571,0.20851441405707571,0.20851441405707571,0.20851441405707571,0.20851441405707571,0.20851441405707571,0.20851441405707571,0.20851441405707571,0.20851441405707571,0.20851441405707571,0.20851441405707571,0.20851441405707571,0.20851441405707571,0.20851441405707571,0.20851441405707571,0.20851441405707571,0.20851441405707571,0.20851441405707571,0.20851441405707571,-4.795831523312719
1268,-1.1237391121532134,-1.5402530140728017,-1.7720242059544018,-1.8487194003588585,-1.7730355711553396,-1.407427051016292,-0.5882212382566,0.39769127179102115,0.9938910577439081,1.069237765213781,1.05844986973711,0.9561334235755601,0.6891330105279568,0.4681497141230276,0.31678205571598983,0.11265484599335875,0.11366621119429664,0.4750607096627698,0.9256239066806005,0.9340519500217495,0.8044286434348764,0.6527238632941927,0.32655858599172277,-0.24081729173443428,-0.20851441405708027,-0.20851441405708027,-0.20851441405708027,-0.20851441405708027,-0.20851441405708027,-0.20851441405708027,-0.20851441405708027,-0.20851441405708027,-0.20851441405708027,-0.20851441405708027,-0.20851441405708027,-0.20851441405708027,-0.20851441405708027,-0.20851441405708027,-0.20851441405708027,-0.20851441405708027,-0.20851441405708027,-0.20851441405708027,-0.20851441405708027,-0.20851441405708027,-0.20851441405708027,-0.20851441405708027,-0.20851441405708027,4.795831523312714,-0.20851441405708027,-0.20851441405708027,-0.20851441405708027,-0.20851441405708027,-0.20851441405708027,-0.20851441405708027,-0.20851441405708027,-0.20851441405708027,-0.20851441405708027,-0.20851441405708027,-0.20851441405708027,-0.20851441405708027,-0.20851441405708027,-0.20851441405708027,-0.20851441405708027,-0.20851441405708027,-0.20851441405708027,-0.20851441405708027,-0.20851441405708027,-0.20851441405708027,-0.20851441405708027,-0.20851441405708027,-0.20851441405708027,4.795831523312714,-0.20851441405708027,-0.20851441405708027,-0.20851441405708027,-0.20851441405708027,-0.20851441405708027,-0.20851441405708027,-0.20851441405708027,-0.20851441405708027,-0.20851441405708027,-0.20851441405708027,-0.20851441405708027,-0.20851441405708027,-0.20851441405708027,-0.20851441405708027,-0.20851441405708027,-0.20851441405708027,-0.20851441405708027,-0.20851441405708027,-0.20851441405708027,-0.20851441405708027,-0.20851441405708027,-0.20851441405708027,-0.20851441405708027,4.795831523312714
1269,0.1066150672943492,-0.6524662065649228,-1.1020685516929554,-1.2278936602941575,-1.3206737908788821,-1.0305770127149996,-0.3598275070151574,0.5657496176194425,1.4217416443154989,1.8986696443417723,1.8236829634582277,1.2663666996034086,0.5905333511318005,-0.21557346836630456,-0.8329426249626065,-1.2224920773491563,-1.155766640969731,-0.4192449194101695,0.7014246715909407,0.9041429021150996,0.7687855883168367,0.46184858097148024,-0.06687106729215667,-0.9031632032476208,0.20851441405707605,0.20851441405707605,0.20851441405707605,0.20851441405707605,0.20851441405707605,0.20851441405707605,0.20851441405707605,0.20851441405707605,0.20851441405707605,0.20851441405707605,0.20851441405707605,0.20851441405707605,0.20851441405707605,0.20851441405707605,0.20851441405707605,0.20851441405707605,0.20851441405707605,0.20851441405707605,0.20851441405707605,0.20851441405707605,0.20851441405707605,0.20851441405707605,0.20851441405707605,-4.795831523312718,0.20851441405707605,0.20851441405707605,0.20851441405707605,0.20851441405707605,0.20851441405707605,0.20851441405707605,0.20851441405707605,0.20851441405707605,0.20851441405707605,0.20851441405707605,0.20851441405707605,0.20851441405707605,0.20851441405707605,0.20851441405707605,0.20851441405707605,0.20851441405707605,0.20851441405707605,0.20851441405707605,0.20851441405707605,0.20851441405707605,0.20851441405707605,0.20851441405707605,0.20851441405707605,-4.795831523312718,0.20851441405707605,0.20851441405707605,0.20851441405707605,0.20851441405707605,0.20851441405707605,0.20851441405707605,0.20851441405707605,0.20851441405707605,0.20851441405707605,0.20851441405707605,0.20851441405707605,0.20851441405707605,0.20851441405707605,0.20851441405707605,0.20851441405707605,0.20851441405707605,0.20851441405707605,0.20851441405707605,0.20851441405707605,0.20851441405707605,0.20851441405707605,0.20851441405707605,0.20851441405707605,-4.795831523312718
1270,-0.5693989231063524,-1.0891146225782071,-1.337388130481935,-1.545906283461524,-1.5453797224691515,-1.3610833751387064,-1.188371369640461,-0.642064340053785,0.0006033511370949955,0.5848227721746053,0.7130403738173577,0.536379160876317,0.31022121465224245,0.017453302893021386,-0.1873789231399588,-0.350086269783123,-0.2674161939806092,0.42711775495898174,1.4547015315743053,1.6179354392098422,1.6229377686373827,1.4273203599709248,1.0424042745464814,0.32865084938528694,-0.20851441405707602,-0.20851441405707602,-0.20851441405707602,-0.20851441405707602,-0.20851441405707602,-0.20851441405707602,-0.20851441405707602,-0.20851441405707602,-0.20851441405707602,-0.20851441405707602,-0.20851441405707602,-0.20851441405707602,-0.20851441405707602,-0.20851441405707602,-0.20851441405707602,-0.20851441405707602,-0.20851441405707602,-0.20851441405707602,-0.20851441405707602,-0.20851441405707602,-0.20851441405707602,-0.20851441405707602,-0.20851441405707602,4.795831523312718,-0.20851441405707602,-0.20851441405707602,-0.20851441405707602,-0.20851441405707602,-0.20851441405707602,-0.20851441405707602,-0.20851441405707602,-0.20851441405707602,-0.20851441405707602,-0.20851441405707602,-0.20851441405707602,-0.20851441405707602,-0.20851441405707602,-0.20851441405707602,-0.20851441405707602,-0.20851441405707602,-0.20851441405707602,-0.20851441405707602,-0.20851441405707602,-0.20851441405707602,-0.20851441405707602,-0.20851441405707602,-0.20851441405707602,4.795831523312718,-0.20851441405707602,-0.20851441405707602,-0.20851441405707602,-0.20851441405707602,-0.20851441405707602,-0.20851441405707602,-0.20851441405707602,-0.20851441405707602,-0.20851441405707602,-0.20851441405707602,-0.20851441405707602,-0.20851441405707602,-0.20851441405707602,-0.20851441405707602,-0.20851441405707602,-0.20851441405707602,-0.20851441405707602,-0.20851441405707602,-0.20851441405707602,-0.20851441405707602,-0.20851441405707602,-0.20851441405707602,-0.20851441405707602,4.795831523312718
1271,-0.3149390104456356,-0.9597678021140337,-1.3385547959811774,-1.4648171272702253,-1.3612881597655802,-0.9622254630636988,-0.25288307146659017,0.7851714721482345,1.574387844609461,1.9743721641674667,1.8994135052026793,1.4158687133560577,0.7676606378818701,0.02698306917653065,-0.4630130826629619,-0.7594684347163225,-0.7969477641987164,-0.220933479120943,0.5996180704485145,0.529267525764349,0.2970185660209908,0.11484444812706035,-0.23383619910668513,-0.8559316269906804,-0.20851441405706292,-0.20851441405706292,-0.20851441405706292,-0.20851441405706292,-0.20851441405706292,-0.20851441405706292,-0.20851441405706292,-0.20851441405706292,-0.20851441405706292,-0.20851441405706292,-0.20851441405706292,-0.20851441405706292,-0.20851441405706292,-0.20851441405706292,-0.20851441405706292,-0.20851441405706292,-0.20851441405706292,-0.20851441405706292,-0.20851441405706292,-0.20851441405706292,-0.20851441405706292,-0.20851441405706292,-0.20851441405706292,4.7958315233127315,-0.20851441405706292,-0.20851441405706292,-0.20851441405706292,-0.20851441405706292,-0.20851441405706292,-0.20851441405706292,-0.20851441405706292,-0.20851441405706292,-0.20851441405706292,-0.20851441405706292,-0.20851441405706292,-0.20851441405706292,-0.20851441405706292,-0.20851441405706292,-0.20851441405706292,-0.20851441405706292,-0.20851441405706292,-0.20851441405706292,-0.20851441405706292,-0.20851441405706292,-0.20851441405706292,-0.20851441405706292,-0.20851441405706292,4.7958315233127315,-0.20851441405706292,-0.20851441405706292,-0.20851441405706292,-0.20851441405706292,-0.20851441405706292,-0.20851441405706292,-0.20851441405706292,-0.20851441405706292,-0.20851441405706292,-0.20851441405706292,-0.20851441405706292,-0.20851441405706292,-0.20851441405706292,-0.20851441405706292,-0.20851441405706292,-0.20851441405706292,-0.20851441405706292,-0.20851441405706292,-0.20851441405706292,-0.20851441405706292,-0.20851441405706292,-0.20851441405706292,-0.20851441405706292,4.7958315233127315
1272,0.11031411991209086,-0.6857305156294183,-1.2178253488723594,-1.5024016920128023,-1.5527444357624631,-1.3695527848956424,-0.8507428423644171,-0.09769930044240978,0.7074349971650103,1.3297272462927603,1.5429847024545171,1.3084015006765846,0.7049877804549575,0.011726246735672075,-0.6658031795618443,-1.050715407814458,-1.0702931414948818,-0.407447015457683,0.8346902660877636,1.1367467285857276,1.2272937468576868,1.0542405652182283,0.6431081579293328,-0.1407003940619116,-0.2085144140570756,-0.2085144140570756,-0.2085144140570756,-0.2085144140570756,-0.2085144140570756,-0.2085144140570756,-0.2085144140570756,-0.2085144140570756,-0.2085144140570756,-0.2085144140570756,-0.2085144140570756,-0.2085144140570756,-0.2085144140570756,-0.2085144140570756,-0.2085144140570756,-0.2085144140570756,-0.2085144140570756,-0.2085144140570756,-0.2085144140570756,-0.2085144140570756,-0.2085144140570756,-0.2085144140570756,-0.2085144140570756,4.795831523312719,-0.2085144140570756,-0.2085144140570756,-0.2085144140570756,-0.2085144140570756,-0.2085144140570756,-0.2085144140570756,-0.2085144140570756,-0.2085144140570756,-0.2085144140570756,-0.2085144140570756,-0.2085144140570756,-0.2085144140570756,-0.2085144140570756,-0.2085144140570756,-0.2085144140570756,-0.2085144140570756,-0.2085144140570756,-0.2085144140570756,-0.2085144140570756,-0.2085144140570756,-0.2085144140570756,-0.2085144140570756,-0.2085144140570756,4.795831523312719,-0.2085144140570756,-0.2085144140570756,-0.2085144140570756,-0.2085144140570756,-0.2085144140570756,-0.2085144140570756,-0.2085144140570756,-0.2085144140570756,-0.2085144140570756,-0.2085144140570756,-0.2085144140570756,-0.2085144140570756,-0.2085144140570756,-0.2085144140570756,-0.2085144140570756,-0.2085144140570756,-0.2085144140570756,-0.2085144140570756,-0.2085144140570756,-0.2085144140570756,-0.2085144140570756,-0.2085144140570756,-0.2085144140570756,4.795831523312719
1273,-1.3511341184545447,-1.5981920311884956,-1.7408125122719311,-1.752433440360211,-1.650712589301761,-1.3541525413346174,-0.7552974419281925,-0.03178147757476481,0.45991960958907907,0.6402703766734232,0.7533103135321461,0.7456133351879607,0.6629085482739685,0.5242120169346277,0.45795763471703177,0.3939670696594904,0.4335084093884429,0.7738355891166405,1.2432003469679462,1.2225241502394484,1.024062845874668,0.7431985968839026,0.32756176629789086,-0.1715344569221311,0.20851441405706486,0.20851441405706486,0.20851441405706486,0.20851441405706486,0.20851441405706486,0.20851441405706486,0.20851441405706486,0.20851441405706486,0.20851441405706486,0.20851441405706486,0.20851441405706486,0.20851441405706486,0.20851441405706486,0.20851441405706486,0.20851441405706486,0.20851441405706486,0.20851441405706486,0.20851441405706486,0.20851441405706486,0.20851441405706486,0.20851441405706486,0.20851441405706486,0.20851441405706486,-4.795831523312729,0.20851441405706486,0.20851441405706486,0.20851441405706486,0.20851441405706486,0.20851441405706486,0.20851441405706486,0.20851441405706486,0.20851441405706486,0.20851441405706486,0.20851441405706486,0.20851441405706486,0.20851441405706486,0.20851441405706486,0.20851441405706486,0.20851441405706486,0.20851441405706486,0.20851441405706486,0.20851441405706486,0.20851441405706486,0.20851441405706486,0.20851441405706486,0.20851441405706486,0.20851441405706486,-4.795831523312729,0.20851441405706486,0.20851441405706486,0.20851441405706486,0.20851441405706486,0.20851441405706486,0.20851441405706486,0.20851441405706486,0.20851441405706486,0.20851441405706486,0.20851441405706486,0.20851441405706486,0.20851441405706486,0.20851441405706486,0.20851441405706486,0.20851441405706486,0.20851441405706486,0.20851441405706486,0.20851441405706486,0.20851441405706486,0.20851441405706486,0.20851441405706486,0.20851441405706486,0.20851441405706486,-4.795831523312729
1274,-0.8568385875016032,-1.3152711901892937,-1.5461427973961315,-1.7048779175209836,-1.7601128605282044,-1.5862186235527902,-1.0422328441567545,-0.31006492454684353,0.1943677568597943,0.4808227925186933,0.7256338175191513,0.8955204718788998,0.9511039003309611,0.8986568408824644,0.7880127121456026,0.631020019244953,0.6207396986221579,0.8815810540852794,1.201142207004027,1.0896268646550638,0.8425506842631424,0.5071334436041518,0.008625014759802615,-0.59477753298154,0.20851441405707455,0.20851441405707455,0.20851441405707455,0.20851441405707455,0.20851441405707455,0.20851441405707455,0.20851441405707455,0.20851441405707455,0.20851441405707455,0.20851441405707455,0.20851441405707455,0.20851441405707455,0.20851441405707455,0.20851441405707455,0.20851441405707455,0.20851441405707455,0.20851441405707455,0.20851441405707455,0.20851441405707455,0.20851441405707455,0.20851441405707455,0.20851441405707455,0.20851441405707455,-4.79583152331272,0.20851441405707455,0.20851441405707455,0.20851441405707455,0.20851441405707455,0.20851441405707455,0.20851441405707455,0.20851441405707455,0.20851441405707455,0.20851441405707455,0.20851441405707455,0.20851441405707455,0.20851441405707455,0.20851441405707455,0.20851441405707455,0.20851441405707455,0.20851441405707455,0.20851441405707455,0.20851441405707455,0.20851441405707455,0.20851441405707455,0.20851441405707455,0.20851441405707455,0.20851441405707455,-4.79583152331272,0.20851441405707455,0.20851441405707455,0.20851441405707455,0.20851441405707455,0.20851441405707455,0.20851441405707455,0.20851441405707455,0.20851441405707455,0.20851441405707455,0.20851441405707455,0.20851441405707455,0.20851441405707455,0.20851441405707455,0.20851441405707455,0.20851441405707455,0.20851441405707455,0.20851441405707455,0.20851441405707455,0.20851441405707455,0.20851441405707455,0.20851441405707455,0.20851441405707455,0.20851441405707455,-4.79583152331272
1275,-1.1791870234545956,-1.4988965573038835,-1.669788067601944,-1.7408504539675542,-1.6941401078194176,-1.4697025909612982,-0.9845131113067218,-0.32700802543493435,0.16886217361327094,0.40796787843864046,0.6533396053082722,0.726110906776863,0.7043222392138602,0.6113287756933323,0.5478140976992198,0.4328895570237743,0.43175028028845386,0.7353675302513412,1.1778341323314026,1.187375574989711,1.091391510038967,0.9085375940200424,0.5980846836452327,0.18110939851796526,0.20851441405707716,0.20851441405707716,0.20851441405707716,0.20851441405707716,0.20851441405707716,0.20851441405707716,0.20851441405707716,0.20851441405707716,0.20851441405707716,0.20851441405707716,0.20851441405707716,0.20851441405707716,0.20851441405707716,0.20851441405707716,0.20851441405707716,0.20851441405707716,0.20851441405707716,0.20851441405707716,0.20851441405707716,0.20851441405707716,0.20851441405707716,0.20851441405707716,0.20851441405707716,-4.795831523312717,0.20851441405707716,0.20851441405707716,0.20851441405707716,0.20851441405707716,0.20851441405707716,0.20851441405707716,0.20851441405707716,0.20851441405707716,0.20851441405707716,0.20851441405707716,0.20851441405707716,0.20851441405707716,0.20851441405707716,0.20851441405707716,0.20851441405707716,0.20851441405707716,0.20851441405707716,0.20851441405707716,0.20851441405707716,0.20851441405707716,0.20851441405707716,0.20851441405707716,0.20851441405707716,-4.795831523312717,0.20851441405707716,0.20851441405707716,0.20851441405707716,0.20851441405707716,0.20851441405707716,0.20851441405707716,0.20851441405707716,0.20851441405707716,0.20851441405707716,0.20851441405707716,0.20851441405707716,0.20851441405707716,0.20851441405707716,0.20851441405707716,0.20851441405707716,0.20851441405707716,0.20851441405707716,0.20851441405707716,0.20851441405707716,0.20851441405707716,0.20851441405707716,0.20851441405707716,0.20851441405707716,-4.795831523312717
1276,-0.7695315858203965,-1.1967678752939115,-1.5332054872304475,-1.6792729250073268,-1.6544897110902286,-1.4917539170505223,-1.1526844593882768,-0.5719238359150386,-0.03371138500743812,0.4562505609288209,0.8150588615338878,0.8703276217737882,0.7472888340968673,0.4676552257402289,0.2009615255349957,0.09634565793804155,0.20973434462069415,0.7455342702797276,1.491881853995524,1.4670986400784258,1.266639723970216,0.9380976492108087,0.48542018438876827,-0.17495377228718334,-0.20851441405707427,-0.20851441405707427,-0.20851441405707427,-0.20851441405707427,-0.20851441405707427,-0.20851441405707427,-0.20851441405707427,-0.20851441405707427,-0.20851441405707427,-0.20851441405707427,-0.20851441405707427,-0.20851441405707427,-0.20851441405707427,-0.20851441405707427,-0.20851441405707427,-0.20851441405707427,-0.20851441405707427,-0.20851441405707427,-0.20851441405707427,-0.20851441405707427,-0.20851441405707427,-0.20851441405707427,-0.20851441405707427,4.795831523312719,-0.20851441405707427,-0.20851441405707427,-0.20851441405707427,-0.20851441405707427,-0.20851441405707427,-0.20851441405707427,-0.20851441405707427,-0.20851441405707427,-0.20851441405707427,-0.20851441405707427,-0.20851441405707427,-0.20851441405707427,-0.20851441405707427,-0.20851441405707427,-0.20851441405707427,-0.20851441405707427,-0.20851441405707427,-0.20851441405707427,-0.20851441405707427,-0.20851441405707427,-0.20851441405707427,-0.20851441405707427,-0.20851441405707427,4.795831523312719,-0.20851441405707427,-0.20851441405707427,-0.20851441405707427,-0.20851441405707427,-0.20851441405707427,-0.20851441405707427,-0.20851441405707427,-0.20851441405707427,-0.20851441405707427,-0.20851441405707427,-0.20851441405707427,-0.20851441405707427,-0.20851441405707427,-0.20851441405707427,-0.20851441405707427,-0.20851441405707427,-0.20851441405707427,-0.20851441405707427,-0.20851441405707427,-0.20851441405707427,-0.20851441405707427,-0.20851441405707427,-0.20851441405707427,4.795831523312719
1277,-0.1835809814584324,-0.9053101561652884,-1.4033299187858865,-1.6220458172095047,-1.3826900623136424,-1.215906705981477,-0.6712808158429084,-0.2787906419594291,0.31943229482480534,0.7488744698118184,0.8540711576380945,0.6080573845253793,0.260508833605657,-0.09569514099597394,-0.3593526623833494,-0.5487732806528148,-0.3903124470917154,0.5348191841399972,1.9346675142333225,1.980274939018765,1.5944427833521386,0.961598151840269,0.13766839750472076,-0.8773464796545062,0.20851441405707244,0.20851441405707244,0.20851441405707244,0.20851441405707244,0.20851441405707244,0.20851441405707244,0.20851441405707244,0.20851441405707244,0.20851441405707244,0.20851441405707244,0.20851441405707244,0.20851441405707244,0.20851441405707244,0.20851441405707244,0.20851441405707244,0.20851441405707244,0.20851441405707244,0.20851441405707244,0.20851441405707244,0.20851441405707244,0.20851441405707244,0.20851441405707244,0.20851441405707244,-4.795831523312722,0.20851441405707244,0.20851441405707244,0.20851441405707244,0.20851441405707244,0.20851441405707244,0.20851441405707244,0.20851441405707244,0.20851441405707244,0.20851441405707244,0.20851441405707244,0.20851441405707244,0.20851441405707244,0.20851441405707244,0.20851441405707244,0.20851441405707244,0.20851441405707244,0.20851441405707244,0.20851441405707244,0.20851441405707244,0.20851441405707244,0.20851441405707244,0.20851441405707244,0.20851441405707244,-4.795831523312722,0.20851441405707244,0.20851441405707244,0.20851441405707244,0.20851441405707244,0.20851441405707244,0.20851441405707244,0.20851441405707244,0.20851441405707244,0.20851441405707244,0.20851441405707244,0.20851441405707244,0.20851441405707244,0.20851441405707244,0.20851441405707244,0.20851441405707244,0.20851441405707244,0.20851441405707244,0.20851441405707244,0.20851441405707244,0.20851441405707244,0.20851441405707244,0.20851441405707244,0.20851441405707244,-4.795831523312722
1278,-0.7962028777774434,-1.244903335379076,-1.5600880470602227,-1.7129048769662334,-1.726833494275375,-1.551730876674738,-1.034979174505585,-0.3908801140814232,0.06299382994931915,0.37698466014682525,0.7104755545771295,0.9062721178942056,0.9432824438870675,0.8913485993486968,0.7880778510137756,0.6631182557260482,0.6448120729768907,0.9562161599598419,1.3669113903322454,1.1822577208624825,0.782108443595572,0.34256107736851815,-0.0621647455856817,-0.536732635332863,0.20851441405706853,0.20851441405706853,0.20851441405706853,0.20851441405706853,0.20851441405706853,0.20851441405706853,0.20851441405706853,0.20851441405706853,0.20851441405706853,0.20851441405706853,0.20851441405706853,0.20851441405706853,0.20851441405706853,0.20851441405706853,0.20851441405706853,0.20851441405706853,0.20851441405706853,0.20851441405706853,0.20851441405706853,0.20851441405706853,0.20851441405706853,0.20851441405706853,0.20851441405706853,-4.795831523312725,0.20851441405706853,0.20851441405706853,0.20851441405706853,0.20851441405706853,0.20851441405706853,0.20851441405706853,0.20851441405706853,0.20851441405706853,0.20851441405706853,0.20851441405706853,0.20851441405706853,0.20851441405706853,0.20851441405706853,0.20851441405706853,0.20851441405706853,0.20851441405706853,0.20851441405706853,0.20851441405706853,0.20851441405706853,0.20851441405706853,0.20851441405706853,0.20851441405706853,0.20851441405706853,-4.795831523312725,0.20851441405706853,0.20851441405706853,0.20851441405706853,0.20851441405706853,0.20851441405706853,0.20851441405706853,0.20851441405706853,0.20851441405706853,0.20851441405706853,0.20851441405706853,0.20851441405706853,0.20851441405706853,0.20851441405706853,0.20851441405706853,0.20851441405706853,0.20851441405706853,0.20851441405706853,0.20851441405706853,0.20851441405706853,0.20851441405706853,0.20851441405706853,0.20851441405706853,0.20851441405706853,-4.795831523312725
1279,-0.7823224753703736,-1.0405662769434108,-1.264023813007751,-1.4300938376114165,-1.460949451650204,-1.3858740085749375,-1.2007403243422123,-0.8750858500602317,-0.6199865696631219,-0.34602016221044785,0.05294096198534009,0.34675715936105583,0.4568154005185146,0.43224882883158183,0.33437560723084175,0.3345721398043372,0.4412893272123731,0.987846414103253,1.6770861493518383,1.7114793497135443,1.4886114113696902,1.2091420918591433,0.7193829187084518,0.21311500938414166,-0.20851441405706278,-0.20851441405706278,-0.20851441405706278,-0.20851441405706278,-0.20851441405706278,-0.20851441405706278,-0.20851441405706278,-0.20851441405706278,-0.20851441405706278,-0.20851441405706278,-0.20851441405706278,-0.20851441405706278,-0.20851441405706278,-0.20851441405706278,-0.20851441405706278,-0.20851441405706278,-0.20851441405706278,-0.20851441405706278,-0.20851441405706278,-0.20851441405706278,-0.20851441405706278,-0.20851441405706278,-0.20851441405706278,4.7958315233127315,-0.20851441405706278,-0.20851441405706278,-0.20851441405706278,-0.20851441405706278,-0.20851441405706278,-0.20851441405706278,-0.20851441405706278,-0.20851441405706278,-0.20851441405706278,-0.20851441405706278,-0.20851441405706278,-0.20851441405706278,-0.20851441405706278,-0.20851441405706278,-0.20851441405706278,-0.20851441405706278,-0.20851441405706278,-0.20851441405706278,-0.20851441405706278,-0.20851441405706278,-0.20851441405706278,-0.20851441405706278,-0.20851441405706278,4.7958315233127315,-0.20851441405706278,-0.20851441405706278,-0.20851441405706278,-0.20851441405706278,-0.20851441405706278,-0.20851441405706278,-0.20851441405706278,-0.20851441405706278,-0.20851441405706278,-0.20851441405706278,-0.20851441405706278,-0.20851441405706278,-0.20851441405706278,-0.20851441405706278,-0.20851441405706278,-0.20851441405706278,-0.20851441405706278,-0.20851441405706278,-0.20851441405706278,-0.20851441405706278,-0.20851441405706278,-0.20851441405706278,-0.20851441405706278,4.7958315233127315
1280,-1.3284523832134634,-1.5650695605828813,-1.691222869703288,-1.7347196122817092,-1.6493843607129004,-1.4177418841075833,-0.836594789716711,-0.13988156988287762,0.3267198505038237,0.44853624100937306,0.5912718860101163,0.6540296494956978,0.6713773239551268,0.6850258619489423,0.6598972452687399,0.6222680984633608,0.5857869595266204,0.8364353441794,1.2210179801733596,1.2096654579168216,0.996646220069421,0.7217621137453802,0.30962728890409214,-0.17700049096886178,-0.20851441405707552,-0.20851441405707552,-0.20851441405707552,-0.20851441405707552,-0.20851441405707552,-0.20851441405707552,-0.20851441405707552,-0.20851441405707552,-0.20851441405707552,-0.20851441405707552,-0.20851441405707552,-0.20851441405707552,-0.20851441405707552,-0.20851441405707552,-0.20851441405707552,-0.20851441405707552,-0.20851441405707552,-0.20851441405707552,-0.20851441405707552,-0.20851441405707552,-0.20851441405707552,-0.20851441405707552,-0.20851441405707552,4.795831523312719,-0.20851441405707552,-0.20851441405707552,-0.20851441405707552,-0.20851441405707552,-0.20851441405707552,-0.20851441405707552,-0.20851441405707552,-0.20851441405707552,-0.20851441405707552,-0.20851441405707552,-0.20851441405707552,-0.20851441405707552,-0.20851441405707552,-0.20851441405707552,-0.20851441405707552,-0.20851441405707552,-0.20851441405707552,-0.20851441405707552,-0.20851441405707552,-0.20851441405707552,-0.20851441405707552,-0.20851441405707552,-0.20851441405707552,4.795831523312719,-0.20851441405707552,-0.20851441405707552,-0.20851441405707552,-0.20851441405707552,-0.20851441405707552,-0.20851441405707552,-0.20851441405707552,-0.20851441405707552,-0.20851441405707552,-0.20851441405707552,-0.20851441405707552,-0.20851441405707552,-0.20851441405707552,-0.20851441405707552,-0.20851441405707552,-0.20851441405707552,-0.20851441405707552,-0.20851441405707552,-0.20851441405707552,-0.20851441405707552,-0.20851441405707552,-0.20851441405707552,-0.20851441405707552,4.795831523312719
1281,-0.9736089196083308,-1.3710306368616605,-1.6162835797467356,-1.7966471133984816,-1.734038162636611,-1.4108350029089425,-0.6213817429711858,0.496457536856646,1.1103154944920708,1.0087314353089034,0.8822696473461852,0.743161680587195,0.5319083003675065,0.2845822134174687,0.10401136535922657,-0.08485205895886593,-0.0948031504706864,0.39093450395004986,1.2382284833002628,1.354946494157657,1.1111447521180557,0.7813075313825067,0.22466834994004967,-0.5591874210223079,-0.20851441405707244,-0.20851441405707244,-0.20851441405707244,-0.20851441405707244,-0.20851441405707244,-0.20851441405707244,-0.20851441405707244,-0.20851441405707244,-0.20851441405707244,-0.20851441405707244,-0.20851441405707244,-0.20851441405707244,-0.20851441405707244,-0.20851441405707244,-0.20851441405707244,-0.20851441405707244,-0.20851441405707244,-0.20851441405707244,-0.20851441405707244,-0.20851441405707244,-0.20851441405707244,-0.20851441405707244,-0.20851441405707244,4.795831523312722,-0.20851441405707244,-0.20851441405707244,-0.20851441405707244,-0.20851441405707244,-0.20851441405707244,-0.20851441405707244,-0.20851441405707244,-0.20851441405707244,-0.20851441405707244,-0.20851441405707244,-0.20851441405707244,-0.20851441405707244,-0.20851441405707244,-0.20851441405707244,-0.20851441405707244,-0.20851441405707244,-0.20851441405707244,-0.20851441405707244,-0.20851441405707244,-0.20851441405707244,-0.20851441405707244,-0.20851441405707244,-0.20851441405707244,4.795831523312722,-0.20851441405707244,-0.20851441405707244,-0.20851441405707244,-0.20851441405707244,-0.20851441405707244,-0.20851441405707244,-0.20851441405707244,-0.20851441405707244,-0.20851441405707244,-0.20851441405707244,-0.20851441405707244,-0.20851441405707244,-0.20851441405707244,-0.20851441405707244,-0.20851441405707244,-0.20851441405707244,-0.20851441405707244,-0.20851441405707244,-0.20851441405707244,-0.20851441405707244,-0.20851441405707244,-0.20851441405707244,-0.20851441405707244,4.795831523312722
1282,-0.9105784369682761,-1.3217525604850253,-1.5958686428295248,-1.6805873673081646,-1.6601839048682827,-1.3787491892573038,-0.4204517848798103,0.8228287633590763,1.5385023861144969,1.4965865774064786,1.2967657115550273,0.9913791052537524,0.6675850274034537,0.33403277186451585,0.09739696291501672,-0.1711747002882105,-0.31998691003995733,-0.036112650006818764,0.7527473054133953,0.9186363261202606,0.717041246143602,0.4779658927719431,0.02953327262584453,-0.6455552020154631,-0.20851441405705992,-0.20851441405705992,-0.20851441405705992,-0.20851441405705992,-0.20851441405705992,-0.20851441405705992,-0.20851441405705992,-0.20851441405705992,-0.20851441405705992,-0.20851441405705992,-0.20851441405705992,-0.20851441405705992,-0.20851441405705992,-0.20851441405705992,-0.20851441405705992,-0.20851441405705992,-0.20851441405705992,-0.20851441405705992,-0.20851441405705992,-0.20851441405705992,-0.20851441405705992,-0.20851441405705992,-0.20851441405705992,4.795831523312733,-0.20851441405705992,-0.20851441405705992,-0.20851441405705992,-0.20851441405705992,-0.20851441405705992,-0.20851441405705992,-0.20851441405705992,-0.20851441405705992,-0.20851441405705992,-0.20851441405705992,-0.20851441405705992,-0.20851441405705992,-0.20851441405705992,-0.20851441405705992,-0.20851441405705992,-0.20851441405705992,-0.20851441405705992,-0.20851441405705992,-0.20851441405705992,-0.20851441405705992,-0.20851441405705992,-0.20851441405705992,-0.20851441405705992,4.795831523312733,-0.20851441405705992,-0.20851441405705992,-0.20851441405705992,-0.20851441405705992,-0.20851441405705992,-0.20851441405705992,-0.20851441405705992,-0.20851441405705992,-0.20851441405705992,-0.20851441405705992,-0.20851441405705992,-0.20851441405705992,-0.20851441405705992,-0.20851441405705992,-0.20851441405705992,-0.20851441405705992,-0.20851441405705992,-0.20851441405705992,-0.20851441405705992,-0.20851441405705992,-0.20851441405705992,-0.20851441405705992,-0.20851441405705992,4.795831523312733
1283,0.22774718245898612,-0.5079147177076168,-0.9295391268940097,-1.096896555214739,-1.0254950269157406,-0.678502984412916,0.05780508343060091,0.9666399210101592,1.699394066630649,1.9407376939580325,1.5527140039711682,0.8855458775574506,0.17282292992129508,-0.5134071429613859,-1.106912154206906,-1.4994590179321685,-1.4949358441937706,-0.83455247838765,0.5773238956694667,0.9479010583796528,0.7957285704664029,0.5052761996935544,0.06555909555356906,-0.7075805298740466,-0.20851441405707613,-0.20851441405707613,-0.20851441405707613,-0.20851441405707613,-0.20851441405707613,-0.20851441405707613,-0.20851441405707613,-0.20851441405707613,-0.20851441405707613,-0.20851441405707613,-0.20851441405707613,-0.20851441405707613,-0.20851441405707613,-0.20851441405707613,-0.20851441405707613,-0.20851441405707613,-0.20851441405707613,-0.20851441405707613,-0.20851441405707613,-0.20851441405707613,-0.20851441405707613,-0.20851441405707613,-0.20851441405707613,4.795831523312718,-0.20851441405707613,-0.20851441405707613,-0.20851441405707613,-0.20851441405707613,-0.20851441405707613,-0.20851441405707613,-0.20851441405707613,-0.20851441405707613,-0.20851441405707613,-0.20851441405707613,-0.20851441405707613,-0.20851441405707613,-0.20851441405707613,-0.20851441405707613,-0.20851441405707613,-0.20851441405707613,-0.20851441405707613,-0.20851441405707613,-0.20851441405707613,-0.20851441405707613,-0.20851441405707613,-0.20851441405707613,-0.20851441405707613,4.795831523312718,-0.20851441405707613,-0.20851441405707613,-0.20851441405707613,-0.20851441405707613,-0.20851441405707613,-0.20851441405707613,-0.20851441405707613,-0.20851441405707613,-0.20851441405707613,-0.20851441405707613,-0.20851441405707613,-0.20851441405707613,-0.20851441405707613,-0.20851441405707613,-0.20851441405707613,-0.20851441405707613,-0.20851441405707613,-0.20851441405707613,-0.20851441405707613,-0.20851441405707613,-0.20851441405707613,-0.20851441405707613,-0.20851441405707613,4.795831523312718
1284,-0.5595474705390967,-1.0950204726762542,-1.3732594288748683,-1.4828502650143662,-1.4408404444942253,-1.1473805388317921,-0.8009517290352685,-0.10413666258162786,0.5735000075476006,0.9652872467463054,0.7126194856469076,0.33422668197636357,-0.06212684206148701,-0.18054582888999998,-0.3963788922869555,-0.4892266840162523,-0.2849615422117993,0.5704558176548368,1.7339451946691724,1.9248159009454644,1.7068519046235744,1.1926882317357634,0.3744099885608461,-0.6715736585928057,0.20851441405706256,0.20851441405706256,0.20851441405706256,0.20851441405706256,0.20851441405706256,0.20851441405706256,0.20851441405706256,0.20851441405706256,0.20851441405706256,0.20851441405706256,0.20851441405706256,0.20851441405706256,0.20851441405706256,0.20851441405706256,0.20851441405706256,0.20851441405706256,0.20851441405706256,0.20851441405706256,0.20851441405706256,0.20851441405706256,0.20851441405706256,0.20851441405706256,0.20851441405706256,-4.7958315233127315,0.20851441405706256,0.20851441405706256,0.20851441405706256,0.20851441405706256,0.20851441405706256,0.20851441405706256,0.20851441405706256,0.20851441405706256,0.20851441405706256,0.20851441405706256,0.20851441405706256,0.20851441405706256,0.20851441405706256,0.20851441405706256,0.20851441405706256,0.20851441405706256,0.20851441405706256,0.20851441405706256,0.20851441405706256,0.20851441405706256,0.20851441405706256,0.20851441405706256,0.20851441405706256,-4.7958315233127315,0.20851441405706256,0.20851441405706256,0.20851441405706256,0.20851441405706256,0.20851441405706256,0.20851441405706256,0.20851441405706256,0.20851441405706256,0.20851441405706256,0.20851441405706256,0.20851441405706256,0.20851441405706256,0.20851441405706256,0.20851441405706256,0.20851441405706256,0.20851441405706256,0.20851441405706256,0.20851441405706256,0.20851441405706256,0.20851441405706256,0.20851441405706256,0.20851441405706256,0.20851441405706256,-4.7958315233127315
1285,-1.3173386690529707,-1.5806028753145471,-1.7331692406299908,-1.7691698278717847,-1.6949483528534608,-1.309567617181394,-0.5118453536297496,0.4352714173305726,0.9375351168669658,0.9308742152627573,0.8934462919629187,0.850150431535563,0.7293026452877791,0.6247899272598401,0.5515200096135459,0.4159230840993001,0.342177387766991,0.5442247364279841,0.9695708817253023,1.074876564229933,0.8400004862339119,0.49490234597777305,-0.034639331556807595,-0.6832842734904508,0.20851441405707605,0.20851441405707605,0.20851441405707605,0.20851441405707605,0.20851441405707605,0.20851441405707605,0.20851441405707605,0.20851441405707605,0.20851441405707605,0.20851441405707605,0.20851441405707605,0.20851441405707605,0.20851441405707605,0.20851441405707605,0.20851441405707605,0.20851441405707605,0.20851441405707605,0.20851441405707605,0.20851441405707605,0.20851441405707605,0.20851441405707605,0.20851441405707605,0.20851441405707605,-4.795831523312718,0.20851441405707605,0.20851441405707605,0.20851441405707605,0.20851441405707605,0.20851441405707605,0.20851441405707605,0.20851441405707605,0.20851441405707605,0.20851441405707605,0.20851441405707605,0.20851441405707605,0.20851441405707605,0.20851441405707605,0.20851441405707605,0.20851441405707605,0.20851441405707605,0.20851441405707605,0.20851441405707605,0.20851441405707605,0.20851441405707605,0.20851441405707605,0.20851441405707605,0.20851441405707605,-4.795831523312718,0.20851441405707605,0.20851441405707605,0.20851441405707605,0.20851441405707605,0.20851441405707605,0.20851441405707605,0.20851441405707605,0.20851441405707605,0.20851441405707605,0.20851441405707605,0.20851441405707605,0.20851441405707605,0.20851441405707605,0.20851441405707605,0.20851441405707605,0.20851441405707605,0.20851441405707605,0.20851441405707605,0.20851441405707605,0.20851441405707605,0.20851441405707605,0.20851441405707605,0.20851441405707605,-4.795831523312718
1286,-1.2234898292508938,-1.5442816303438909,-1.7221643020026016,-1.8040204805709745,-1.7340733961221255,-1.4075531700096107,-0.673108783296696,0.2809754785066777,0.6885981430534185,0.6153346020143223,0.5073990148044605,0.45343122119952955,0.37715271962384506,0.338711972782344,0.3022309502896253,0.2870053995798543,0.29936673777986644,0.5833760203264862,1.1625499394051022,1.3622910749540784,1.2765154476881408,1.0128571487634923,0.5814162959777037,-0.02052057515215425,0.20851441405707086,0.20851441405707086,0.20851441405707086,0.20851441405707086,0.20851441405707086,0.20851441405707086,0.20851441405707086,0.20851441405707086,0.20851441405707086,0.20851441405707086,0.20851441405707086,0.20851441405707086,0.20851441405707086,0.20851441405707086,0.20851441405707086,0.20851441405707086,0.20851441405707086,0.20851441405707086,0.20851441405707086,0.20851441405707086,0.20851441405707086,0.20851441405707086,0.20851441405707086,-4.795831523312723,0.20851441405707086,0.20851441405707086,0.20851441405707086,0.20851441405707086,0.20851441405707086,0.20851441405707086,0.20851441405707086,0.20851441405707086,0.20851441405707086,0.20851441405707086,0.20851441405707086,0.20851441405707086,0.20851441405707086,0.20851441405707086,0.20851441405707086,0.20851441405707086,0.20851441405707086,0.20851441405707086,0.20851441405707086,0.20851441405707086,0.20851441405707086,0.20851441405707086,0.20851441405707086,-4.795831523312723,0.20851441405707086,0.20851441405707086,0.20851441405707086,0.20851441405707086,0.20851441405707086,0.20851441405707086,0.20851441405707086,0.20851441405707086,0.20851441405707086,0.20851441405707086,0.20851441405707086,0.20851441405707086,0.20851441405707086,0.20851441405707086,0.20851441405707086,0.20851441405707086,0.20851441405707086,0.20851441405707086,0.20851441405707086,0.20851441405707086,0.20851441405707086,0.20851441405707086,0.20851441405707086,-4.795831523312723
1287,-1.43242427622737,-1.6609295531724135,-1.735507349406864,-1.768092529114421,-1.6388425275965801,-1.2722251709705523,-0.5261745292979516,0.4160688889402326,0.8347679972327321,0.7415116670236569,0.6201693660206207,0.5025082359468899,0.34994415187678024,0.26336846520607454,0.15947764120122773,0.07631044613173092,0.11244045710454512,0.4670599232943175,1.0797703735276267,1.307321272824332,1.2409238564327827,1.0492302887807952,0.6441651468931312,0.16915775734866095,-0.20851441405707508,-0.20851441405707508,-0.20851441405707508,-0.20851441405707508,-0.20851441405707508,-0.20851441405707508,-0.20851441405707508,-0.20851441405707508,-0.20851441405707508,-0.20851441405707508,-0.20851441405707508,-0.20851441405707508,-0.20851441405707508,-0.20851441405707508,-0.20851441405707508,-0.20851441405707508,-0.20851441405707508,-0.20851441405707508,-0.20851441405707508,-0.20851441405707508,-0.20851441405707508,-0.20851441405707508,-0.20851441405707508,4.795831523312719,-0.20851441405707508,-0.20851441405707508,-0.20851441405707508,-0.20851441405707508,-0.20851441405707508,-0.20851441405707508,-0.20851441405707508,-0.20851441405707508,-0.20851441405707508,-0.20851441405707508,-0.20851441405707508,-0.20851441405707508,-0.20851441405707508,-0.20851441405707508,-0.20851441405707508,-0.20851441405707508,-0.20851441405707508,-0.20851441405707508,-0.20851441405707508,-0.20851441405707508,-0.20851441405707508,-0.20851441405707508,-0.20851441405707508,4.795831523312719,-0.20851441405707508,-0.20851441405707508,-0.20851441405707508,-0.20851441405707508,-0.20851441405707508,-0.20851441405707508,-0.20851441405707508,-0.20851441405707508,-0.20851441405707508,-0.20851441405707508,-0.20851441405707508,-0.20851441405707508,-0.20851441405707508,-0.20851441405707508,-0.20851441405707508,-0.20851441405707508,-0.20851441405707508,-0.20851441405707508,-0.20851441405707508,-0.20851441405707508,-0.20851441405707508,-0.20851441405707508,-0.20851441405707508,4.795831523312719
1288,-0.990273216312857,-1.3126577656327554,-1.4711080088890116,-1.507537854680932,-1.4454504293258847,-1.054319235527685,-0.013522458440236662,1.3273308979656102,1.8426369424739046,1.545909972717133,1.1773026083064109,0.7193833638896902,0.2869258396501182,-0.084619415550275,-0.35510122758598556,-0.6116770232172534,-0.6422310874298318,-0.22818434547219812,0.6582752354645333,1.025315724787431,0.9293446256581781,0.6802114866940768,0.10066356358497643,-0.5766181931271794,-0.20851441405707272,-0.20851441405707272,-0.20851441405707272,-0.20851441405707272,-0.20851441405707272,-0.20851441405707272,-0.20851441405707272,-0.20851441405707272,-0.20851441405707272,-0.20851441405707272,-0.20851441405707272,-0.20851441405707272,-0.20851441405707272,-0.20851441405707272,-0.20851441405707272,-0.20851441405707272,-0.20851441405707272,-0.20851441405707272,-0.20851441405707272,-0.20851441405707272,-0.20851441405707272,-0.20851441405707272,-0.20851441405707272,4.795831523312722,-0.20851441405707272,-0.20851441405707272,-0.20851441405707272,-0.20851441405707272,-0.20851441405707272,-0.20851441405707272,-0.20851441405707272,-0.20851441405707272,-0.20851441405707272,-0.20851441405707272,-0.20851441405707272,-0.20851441405707272,-0.20851441405707272,-0.20851441405707272,-0.20851441405707272,-0.20851441405707272,-0.20851441405707272,-0.20851441405707272,-0.20851441405707272,-0.20851441405707272,-0.20851441405707272,-0.20851441405707272,-0.20851441405707272,4.795831523312722,-0.20851441405707272,-0.20851441405707272,-0.20851441405707272,-0.20851441405707272,-0.20851441405707272,-0.20851441405707272,-0.20851441405707272,-0.20851441405707272,-0.20851441405707272,-0.20851441405707272,-0.20851441405707272,-0.20851441405707272,-0.20851441405707272,-0.20851441405707272,-0.20851441405707272,-0.20851441405707272,-0.20851441405707272,-0.20851441405707272,-0.20851441405707272,-0.20851441405707272,-0.20851441405707272,-0.20851441405707272,-0.20851441405707272,4.795831523312722
1289,-0.8428461873076871,-1.150860309900751,-1.5105631848409318,-1.6099157457048567,-1.5298405473966188,-1.0661246503153141,-0.01709718464760228,1.31261715339687,1.8273862853784006,1.5926685083267398,1.3102869227582705,0.9766402631406117,0.5783826630890572,0.23668611581078194,0.030778463018169704,-0.11433135402189139,-0.15669918381460995,0.16360160941834243,0.6743457975695647,0.6673551056537662,0.38052489795706146,0.0250588059961527,-0.5267821770540067,-1.251272066509494,0.0,0.0,0.0,0.0,0.0,0.0,0.0,0.0,0.0,0.0,0.0,0.0,0.0,0.0,0.0,0.0,0.0,0.0,0.0,0.0,0.0,0.0,0.0,0.0,0.0,0.0,0.0,0.0,0.0,0.0,0.0,0.0,0.0,0.0,0.0,0.0,0.0,0.0,0.0,0.0,0.0,0.0,0.0,0.0,0.0,0.0,0.0,0.0,0.0,0.0,0.0,0.0,0.0,0.0,0.0,0.0,0.0,0.0,0.0,0.0,0.0,0.0,0.0,0.0,0.0,0.0,0.0,0.0,0.0,0.0,0.0,0.0
1290,-0.578261688116757,-1.1462393136421927,-1.5728307905956138,-1.6560945262747353,-1.6523098110165932,-1.4209015066616324,-1.0608128835298474,-0.6263816392559896,-0.035155048573396616,0.5109252958156467,0.9680648316383558,1.1091806434062175,1.0186178140149653,0.8758799814221856,0.6136532813937836,0.43279795941543214,0.31412010239226873,0.6512300971710494,1.3432923158027084,1.3038231423963715,0.9915841335996661,0.5433657123140058,-0.05488963527656501,-0.8726584678393651,0.20851441405707585,0.20851441405707585,0.20851441405707585,0.20851441405707585,0.20851441405707585,0.20851441405707585,0.20851441405707585,0.20851441405707585,0.20851441405707585,0.20851441405707585,0.20851441405707585,0.20851441405707585,0.20851441405707585,0.20851441405707585,0.20851441405707585,0.20851441405707585,0.20851441405707585,0.20851441405707585,0.20851441405707585,0.20851441405707585,0.20851441405707585,0.20851441405707585,0.20851441405707585,-4.795831523312718,0.20851441405707585,0.20851441405707585,0.20851441405707585,0.20851441405707585,0.20851441405707585,0.20851441405707585,0.20851441405707585,0.20851441405707585,0.20851441405707585,0.20851441405707585,0.20851441405707585,0.20851441405707585,0.20851441405707585,0.20851441405707585,0.20851441405707585,0.20851441405707585,0.20851441405707585,0.20851441405707585,0.20851441405707585,0.20851441405707585,0.20851441405707585,0.20851441405707585,0.20851441405707585,-4.795831523312718,0.20851441405707585,0.20851441405707585,0.20851441405707585,0.20851441405707585,0.20851441405707585,0.20851441405707585,0.20851441405707585,0.20851441405707585,0.20851441405707585,0.20851441405707585,0.20851441405707585,0.20851441405707585,0.20851441405707585,0.20851441405707585,0.20851441405707585,0.20851441405707585,0.20851441405707585,0.20851441405707585,0.20851441405707585,0.20851441405707585,0.20851441405707585,0.20851441405707585,0.20851441405707585,-4.795831523312718
1291,-1.1131094865590216,-1.3460131769933545,-1.4471789804755708,-1.4905357533965204,-1.4670045133924152,-1.3059915404509395,-1.0767935571038671,-0.6943645856985665,-0.23096591443662032,0.13367566294982916,0.4319850834743127,0.48293855592414686,0.4379142148139298,0.39770729291715157,0.26226369887777423,0.182961567210396,0.3069174692792653,0.729182791872618,1.5010815781490148,1.6400455939212897,1.5738987224136867,1.2626193270837909,0.7360383499840503,0.09272759963559879,-0.20851441405706364,-0.20851441405706364,-0.20851441405706364,-0.20851441405706364,-0.20851441405706364,-0.20851441405706364,-0.20851441405706364,-0.20851441405706364,-0.20851441405706364,-0.20851441405706364,-0.20851441405706364,-0.20851441405706364,-0.20851441405706364,-0.20851441405706364,-0.20851441405706364,-0.20851441405706364,-0.20851441405706364,-0.20851441405706364,-0.20851441405706364,-0.20851441405706364,-0.20851441405706364,-0.20851441405706364,-0.20851441405706364,4.795831523312731,-0.20851441405706364,-0.20851441405706364,-0.20851441405706364,-0.20851441405706364,-0.20851441405706364,-0.20851441405706364,-0.20851441405706364,-0.20851441405706364,-0.20851441405706364,-0.20851441405706364,-0.20851441405706364,-0.20851441405706364,-0.20851441405706364,-0.20851441405706364,-0.20851441405706364,-0.20851441405706364,-0.20851441405706364,-0.20851441405706364,-0.20851441405706364,-0.20851441405706364,-0.20851441405706364,-0.20851441405706364,-0.20851441405706364,4.795831523312731,-0.20851441405706364,-0.20851441405706364,-0.20851441405706364,-0.20851441405706364,-0.20851441405706364,-0.20851441405706364,-0.20851441405706364,-0.20851441405706364,-0.20851441405706364,-0.20851441405706364,-0.20851441405706364,-0.20851441405706364,-0.20851441405706364,-0.20851441405706364,-0.20851441405706364,-0.20851441405706364,-0.20851441405706364,-0.20851441405706364,-0.20851441405706364,-0.20851441405706364,-0.20851441405706364,-0.20851441405706364,-0.20851441405706364,4.795831523312731
1292,-1.5329510868550282,-1.701933797721526,-1.736178966560843,-1.6721748955423816,-1.5680935090263795,-1.2987679671940233,-0.5039510572334608,0.511739714629595,0.9250744162534887,0.9131110384930287,0.8513501008046538,0.7735881453616638,0.6469258833227932,0.46807338580391594,0.3556176348555917,0.21609474172422674,0.20652403951585874,0.48512119911257146,1.037530167201813,1.1677814425688213,1.0103134827967664,0.7130235454493349,0.16166137291413366,-0.4294790306745971,-0.20851441405707177,-0.20851441405707177,-0.20851441405707177,-0.20851441405707177,-0.20851441405707177,-0.20851441405707177,-0.20851441405707177,-0.20851441405707177,-0.20851441405707177,-0.20851441405707177,-0.20851441405707177,-0.20851441405707177,-0.20851441405707177,-0.20851441405707177,-0.20851441405707177,-0.20851441405707177,-0.20851441405707177,-0.20851441405707177,-0.20851441405707177,-0.20851441405707177,-0.20851441405707177,-0.20851441405707177,-0.20851441405707177,4.795831523312722,-0.20851441405707177,-0.20851441405707177,-0.20851441405707177,-0.20851441405707177,-0.20851441405707177,-0.20851441405707177,-0.20851441405707177,-0.20851441405707177,-0.20851441405707177,-0.20851441405707177,-0.20851441405707177,-0.20851441405707177,-0.20851441405707177,-0.20851441405707177,-0.20851441405707177,-0.20851441405707177,-0.20851441405707177,-0.20851441405707177,-0.20851441405707177,-0.20851441405707177,-0.20851441405707177,-0.20851441405707177,-0.20851441405707177,4.795831523312722,-0.20851441405707177,-0.20851441405707177,-0.20851441405707177,-0.20851441405707177,-0.20851441405707177,-0.20851441405707177,-0.20851441405707177,-0.20851441405707177,-0.20851441405707177,-0.20851441405707177,-0.20851441405707177,-0.20851441405707177,-0.20851441405707177,-0.20851441405707177,-0.20851441405707177,-0.20851441405707177,-0.20851441405707177,-0.20851441405707177,-0.20851441405707177,-0.20851441405707177,-0.20851441405707177,-0.20851441405707177,-0.20851441405707177,4.795831523312722
1293,-1.1589672874746686,-1.51714021468796,-1.7070358564456587,-1.7886667698424108,-1.7106677403044126,-1.3891595453794927,-0.5285760177052589,0.5509582225967042,0.9926644785613331,0.9387050612312766,0.9001379135883196,0.8572470946849414,0.7330712560856448,0.5660045985829699,0.42868479935199294,0.19589833869091597,0.12135824616125464,0.41433021076739457,0.9755427403700652,1.1474519096844118,0.9999282462788407,0.6403717442622144,0.006002696933217248,-0.668144125991655,0.208514414057083,0.208514414057083,0.208514414057083,0.208514414057083,0.208514414057083,0.208514414057083,0.208514414057083,0.208514414057083,0.208514414057083,0.208514414057083,0.208514414057083,0.208514414057083,0.208514414057083,0.208514414057083,0.208514414057083,0.208514414057083,0.208514414057083,0.208514414057083,0.208514414057083,0.208514414057083,0.208514414057083,0.208514414057083,0.208514414057083,-4.795831523312711,0.208514414057083,0.208514414057083,0.208514414057083,0.208514414057083,0.208514414057083,0.208514414057083,0.208514414057083,0.208514414057083,0.208514414057083,0.208514414057083,0.208514414057083,0.208514414057083,0.208514414057083,0.208514414057083,0.208514414057083,0.208514414057083,0.208514414057083,0.208514414057083,0.208514414057083,0.208514414057083,0.208514414057083,0.208514414057083,0.208514414057083,-4.795831523312711,0.208514414057083,0.208514414057083,0.208514414057083,0.208514414057083,0.208514414057083,0.208514414057083,0.208514414057083,0.208514414057083,0.208514414057083,0.208514414057083,0.208514414057083,0.208514414057083,0.208514414057083,0.208514414057083,0.208514414057083,0.208514414057083,0.208514414057083,0.208514414057083,0.208514414057083,0.208514414057083,0.208514414057083,0.208514414057083,0.208514414057083,-4.795831523312711
1294,-0.912724057234634,-1.3703505617181337,-1.6085095594621854,-1.7267489913227685,-1.6578634963844536,-1.3130159881871584,-0.39020237611717307,0.9192520779693899,1.4235023015879686,1.2435179443863351,1.022790337129723,0.8033228303902749,0.4681360928245724,0.1982645653985526,0.027310928569929935,-0.13734220567287125,-0.15540364641889282,0.21485588887454915,0.9618854788001152,1.2094952304228992,1.0351813255485052,0.6535808856005845,-0.04346471714413129,-0.8654702878409729,0.0,0.0,0.0,0.0,0.0,0.0,0.0,0.0,0.0,0.0,0.0,0.0,0.0,0.0,0.0,0.0,0.0,0.0,0.0,0.0,0.0,0.0,0.0,0.0,0.0,0.0,0.0,0.0,0.0,0.0,0.0,0.0,0.0,0.0,0.0,0.0,0.0,0.0,0.0,0.0,0.0,0.0,0.0,0.0,0.0,0.0,0.0,0.0,0.0,0.0,0.0,0.0,0.0,0.0,0.0,0.0,0.0,0.0,0.0,0.0,0.0,0.0,0.0,0.0,0.0,0.0,0.0,0.0,0.0,0.0,0.0,0.0
1295,-0.9903337409601501,-1.428176201827383,-1.7087749306184576,-1.7868158469074868,-1.7554445604587952,-1.375503424580197,-0.5360310372031719,0.6760237892311534,1.158599380775224,1.0596442735204006,1.02362538907931,0.8940735950411949,0.7075887255961949,0.5071610621739986,0.37102517097998505,0.17660065496463717,0.10533748574785626,0.3948441106910287,0.9275750305697359,1.080364814569845,0.8778070020677993,0.5338847506302914,-0.10806472206978657,-0.8050107710132498,0.2085144140570721,0.2085144140570721,0.2085144140570721,0.2085144140570721,0.2085144140570721,0.2085144140570721,0.2085144140570721,0.2085144140570721,0.2085144140570721,0.2085144140570721,0.2085144140570721,0.2085144140570721,0.2085144140570721,0.2085144140570721,0.2085144140570721,0.2085144140570721,0.2085144140570721,0.2085144140570721,0.2085144140570721,0.2085144140570721,0.2085144140570721,0.2085144140570721,0.2085144140570721,-4.795831523312723,0.2085144140570721,0.2085144140570721,0.2085144140570721,0.2085144140570721,0.2085144140570721,0.2085144140570721,0.2085144140570721,0.2085144140570721,0.2085144140570721,0.2085144140570721,0.2085144140570721,0.2085144140570721,0.2085144140570721,0.2085144140570721,0.2085144140570721,0.2085144140570721,0.2085144140570721,0.2085144140570721,0.2085144140570721,0.2085144140570721,0.2085144140570721,0.2085144140570721,0.2085144140570721,-4.795831523312723,0.2085144140570721,0.2085144140570721,0.2085144140570721,0.2085144140570721,0.2085144140570721,0.2085144140570721,0.2085144140570721,0.2085144140570721,0.2085144140570721,0.2085144140570721,0.2085144140570721,0.2085144140570721,0.2085144140570721,0.2085144140570721,0.2085144140570721,0.2085144140570721,0.2085144140570721,0.2085144140570721,0.2085144140570721,0.2085144140570721,0.2085144140570721,0.2085144140570721,0.2085144140570721,-4.795831523312723
1296,-1.1805510927737537,-1.5371372894203827,-1.7112201811097791,-1.7615596082544522,-1.7084743941746152,-1.4088175133170526,-0.6319428631279903,0.47845337345232375,0.9759899661040371,1.0045461502297426,0.9996037337464474,0.9404777884092497,0.8275344191428379,0.671024563838491,0.5800474900533911,0.407612070525093,0.30894679332153396,0.496575567224406,0.9763560710287257,0.9428574704197251,0.7109300006295408,0.34390981362928863,-0.11134166022089943,-0.613820669355908,0.20851441405707263,0.20851441405707263,0.20851441405707263,0.20851441405707263,0.20851441405707263,0.20851441405707263,0.20851441405707263,0.20851441405707263,0.20851441405707263,0.20851441405707263,0.20851441405707263,0.20851441405707263,0.20851441405707263,0.20851441405707263,0.20851441405707263,0.20851441405707263,0.20851441405707263,0.20851441405707263,0.20851441405707263,0.20851441405707263,0.20851441405707263,0.20851441405707263,0.20851441405707263,-4.795831523312722,0.20851441405707263,0.20851441405707263,0.20851441405707263,0.20851441405707263,0.20851441405707263,0.20851441405707263,0.20851441405707263,0.20851441405707263,0.20851441405707263,0.20851441405707263,0.20851441405707263,0.20851441405707263,0.20851441405707263,0.20851441405707263,0.20851441405707263,0.20851441405707263,0.20851441405707263,0.20851441405707263,0.20851441405707263,0.20851441405707263,0.20851441405707263,0.20851441405707263,0.20851441405707263,-4.795831523312722,0.20851441405707263,0.20851441405707263,0.20851441405707263,0.20851441405707263,0.20851441405707263,0.20851441405707263,0.20851441405707263,0.20851441405707263,0.20851441405707263,0.20851441405707263,0.20851441405707263,0.20851441405707263,0.20851441405707263,0.20851441405707263,0.20851441405707263,0.20851441405707263,0.20851441405707263,0.20851441405707263,0.20851441405707263,0.20851441405707263,0.20851441405707263,0.20851441405707263,0.20851441405707263,-4.795831523312722
1297,-0.8256581693796045,-1.1367861932041405,-1.3679311854843355,-1.4734311916445018,-1.5047678271376206,-1.4228449086341817,-1.2290054347981756,-0.8919127701364841,-0.5088597067515517,-0.14296718185094617,0.17606961188375797,0.34633199806303644,0.35662832115363263,0.37647485696594113,0.3445413331777154,0.3275300167671652,0.35916509640783745,0.7183426279884889,1.3414940080802216,1.5518971321054473,1.4654975513887059,1.328362465587867,1.0749833843149355,0.7368461651368067,0.208514414057072,0.208514414057072,0.208514414057072,0.208514414057072,0.208514414057072,0.208514414057072,0.208514414057072,0.208514414057072,0.208514414057072,0.208514414057072,0.208514414057072,0.208514414057072,0.208514414057072,0.208514414057072,0.208514414057072,0.208514414057072,0.208514414057072,0.208514414057072,0.208514414057072,0.208514414057072,0.208514414057072,0.208514414057072,0.208514414057072,-4.795831523312722,0.208514414057072,0.208514414057072,0.208514414057072,0.208514414057072,0.208514414057072,0.208514414057072,0.208514414057072,0.208514414057072,0.208514414057072,0.208514414057072,0.208514414057072,0.208514414057072,0.208514414057072,0.208514414057072,0.208514414057072,0.208514414057072,0.208514414057072,0.208514414057072,0.208514414057072,0.208514414057072,0.208514414057072,0.208514414057072,0.208514414057072,-4.795831523312722,0.208514414057072,0.208514414057072,0.208514414057072,0.208514414057072,0.208514414057072,0.208514414057072,0.208514414057072,0.208514414057072,0.208514414057072,0.208514414057072,0.208514414057072,0.208514414057072,0.208514414057072,0.208514414057072,0.208514414057072,0.208514414057072,0.208514414057072,0.208514414057072,0.208514414057072,0.208514414057072,0.208514414057072,0.208514414057072,0.208514414057072,-4.795831523312722
1298,-0.7986600726208436,-1.1624422109621115,-1.3814380203487238,-1.4273648666300394,-1.2786864320583227,-1.0454195687424883,-0.7330132245464208,-0.07369053301634815,0.5371105751543686,0.9948221957207,1.0163585134684354,0.6642526919783495,0.2288558102831657,-0.21588212489296357,-0.6533547962505797,-0.9008927134956365,-0.8342079705899975,-0.19408633343742399,1.0570958855936703,1.7184943667861752,1.6837248899404336,1.3788432832706832,0.9896327215646191,0.42994793383129887,-0.20851441405707424,-0.20851441405707424,-0.20851441405707424,-0.20851441405707424,-0.20851441405707424,-0.20851441405707424,-0.20851441405707424,-0.20851441405707424,-0.20851441405707424,-0.20851441405707424,-0.20851441405707424,-0.20851441405707424,-0.20851441405707424,-0.20851441405707424,-0.20851441405707424,-0.20851441405707424,-0.20851441405707424,-0.20851441405707424,-0.20851441405707424,-0.20851441405707424,-0.20851441405707424,-0.20851441405707424,-0.20851441405707424,4.79583152331272,-0.20851441405707424,-0.20851441405707424,-0.20851441405707424,-0.20851441405707424,-0.20851441405707424,-0.20851441405707424,-0.20851441405707424,-0.20851441405707424,-0.20851441405707424,-0.20851441405707424,-0.20851441405707424,-0.20851441405707424,-0.20851441405707424,-0.20851441405707424,-0.20851441405707424,-0.20851441405707424,-0.20851441405707424,-0.20851441405707424,-0.20851441405707424,-0.20851441405707424,-0.20851441405707424,-0.20851441405707424,-0.20851441405707424,4.79583152331272,-0.20851441405707424,-0.20851441405707424,-0.20851441405707424,-0.20851441405707424,-0.20851441405707424,-0.20851441405707424,-0.20851441405707424,-0.20851441405707424,-0.20851441405707424,-0.20851441405707424,-0.20851441405707424,-0.20851441405707424,-0.20851441405707424,-0.20851441405707424,-0.20851441405707424,-0.20851441405707424,-0.20851441405707424,-0.20851441405707424,-0.20851441405707424,-0.20851441405707424,-0.20851441405707424,-0.20851441405707424,-0.20851441405707424,4.79583152331272
1299,-1.2710521011348814,-1.4811779782843113,-1.57065741879292,-1.5284311659686327,-1.4120073546102405,-1.0024127022146534,-0.16009949706732177,0.9007848357942971,1.4726489454717886,1.4780780351206255,1.2792124920576722,0.9675425307355514,0.585696558767353,0.2213443201120738,-0.1124441545941975,-0.35896504013027497,-0.3919417328120994,-0.031208887256044725,0.7883825723239323,1.1082967068165093,0.9703576142571706,0.5690071350320395,-0.12229694691986455,-0.8986567667035474,-0.20851441405707577,-0.20851441405707577,-0.20851441405707577,-0.20851441405707577,-0.20851441405707577,-0.20851441405707577,-0.20851441405707577,-0.20851441405707577,-0.20851441405707577,-0.20851441405707577,-0.20851441405707577,-0.20851441405707577,-0.20851441405707577,-0.20851441405707577,-0.20851441405707577,-0.20851441405707577,-0.20851441405707577,-0.20851441405707577,-0.20851441405707577,-0.20851441405707577,-0.20851441405707577,-0.20851441405707577,-0.20851441405707577,4.795831523312719,-0.20851441405707577,-0.20851441405707577,-0.20851441405707577,-0.20851441405707577,-0.20851441405707577,-0.20851441405707577,-0.20851441405707577,-0.20851441405707577,-0.20851441405707577,-0.20851441405707577,-0.20851441405707577,-0.20851441405707577,-0.20851441405707577,-0.20851441405707577,-0.20851441405707577,-0.20851441405707577,-0.20851441405707577,-0.20851441405707577,-0.20851441405707577,-0.20851441405707577,-0.20851441405707577,-0.20851441405707577,-0.20851441405707577,4.795831523312719,-0.20851441405707577,-0.20851441405707577,-0.20851441405707577,-0.20851441405707577,-0.20851441405707577,-0.20851441405707577,-0.20851441405707577,-0.20851441405707577,-0.20851441405707577,-0.20851441405707577,-0.20851441405707577,-0.20851441405707577,-0.20851441405707577,-0.20851441405707577,-0.20851441405707577,-0.20851441405707577,-0.20851441405707577,-0.20851441405707577,-0.20851441405707577,-0.20851441405707577,-0.20851441405707577,-0.20851441405707577,-0.20851441405707577,4.795831523312719
1300,-0.30718856745903966,-0.8569755969188171,-1.1827022032414858,-1.355189247044172,-1.464011545065609,-1.1871439296913404,-0.1092849778599636,1.326379715765254,1.7888127917112249,1.5067631621454594,1.247662452570609,0.9490797301081626,0.6561725469983082,0.37190205420761535,0.14734810590941183,-0.1082979275377737,-0.193924542987748,0.04395458466001923,0.5878193121866572,0.7923854914605151,0.43778766321379153,-0.14210440107277797,-0.9704863839706562,-1.9787582880876446,0.2085144140570761,0.2085144140570761,0.2085144140570761,0.2085144140570761,0.2085144140570761,0.2085144140570761,0.2085144140570761,0.2085144140570761,0.2085144140570761,0.2085144140570761,0.2085144140570761,0.2085144140570761,0.2085144140570761,0.2085144140570761,0.2085144140570761,0.2085144140570761,0.2085144140570761,0.2085144140570761,0.2085144140570761,0.2085144140570761,0.2085144140570761,0.2085144140570761,0.2085144140570761,-4.795831523312718,0.2085144140570761,0.2085144140570761,0.2085144140570761,0.2085144140570761,0.2085144140570761,0.2085144140570761,0.2085144140570761,0.2085144140570761,0.2085144140570761,0.2085144140570761,0.2085144140570761,0.2085144140570761,0.2085144140570761,0.2085144140570761,0.2085144140570761,0.2085144140570761,0.2085144140570761,0.2085144140570761,0.2085144140570761,0.2085144140570761,0.2085144140570761,0.2085144140570761,0.2085144140570761,-4.795831523312718,0.2085144140570761,0.2085144140570761,0.2085144140570761,0.2085144140570761,0.2085144140570761,0.2085144140570761,0.2085144140570761,0.2085144140570761,0.2085144140570761,0.2085144140570761,0.2085144140570761,0.2085144140570761,0.2085144140570761,0.2085144140570761,0.2085144140570761,0.2085144140570761,0.2085144140570761,0.2085144140570761,0.2085144140570761,0.2085144140570761,0.2085144140570761,0.2085144140570761,0.2085144140570761,-4.795831523312718
1301,-1.2095856444882551,-1.5067251666369552,-1.6619039028480644,-1.7504641696806396,-1.7168905759859021,-1.435876953170895,-0.8832344522350789,-0.08976089731575247,0.3312308188958175,0.37907979888595517,0.46222070610638766,0.47530647687717115,0.4778178874291397,0.44596262726995967,0.43419865152652803,0.35727018093464935,0.4016824938536721,0.6308817515964861,1.1543125824278258,1.3609091452029227,1.2915149062669498,1.1072566794540992,0.7198385569372667,0.22495849869672732,0.20851441405707472,0.20851441405707472,0.20851441405707472,0.20851441405707472,0.20851441405707472,0.20851441405707472,0.20851441405707472,0.20851441405707472,0.20851441405707472,0.20851441405707472,0.20851441405707472,0.20851441405707472,0.20851441405707472,0.20851441405707472,0.20851441405707472,0.20851441405707472,0.20851441405707472,0.20851441405707472,0.20851441405707472,0.20851441405707472,0.20851441405707472,0.20851441405707472,0.20851441405707472,-4.795831523312719,0.20851441405707472,0.20851441405707472,0.20851441405707472,0.20851441405707472,0.20851441405707472,0.20851441405707472,0.20851441405707472,0.20851441405707472,0.20851441405707472,0.20851441405707472,0.20851441405707472,0.20851441405707472,0.20851441405707472,0.20851441405707472,0.20851441405707472,0.20851441405707472,0.20851441405707472,0.20851441405707472,0.20851441405707472,0.20851441405707472,0.20851441405707472,0.20851441405707472,0.20851441405707472,-4.795831523312719,0.20851441405707472,0.20851441405707472,0.20851441405707472,0.20851441405707472,0.20851441405707472,0.20851441405707472,0.20851441405707472,0.20851441405707472,0.20851441405707472,0.20851441405707472,0.20851441405707472,0.20851441405707472,0.20851441405707472,0.20851441405707472,0.20851441405707472,0.20851441405707472,0.20851441405707472,0.20851441405707472,0.20851441405707472,0.20851441405707472,0.20851441405707472,0.20851441405707472,0.20851441405707472,-4.795831523312719
1302,-1.2921893143910834,-1.5437674793059548,-1.6872127747919614,-1.5953638738557685,-1.5554772993456287,-1.140144619813441,-0.1790245468695726,1.098992530897974,1.5521991596209823,1.3079396322309071,0.9760394204813968,0.6516408121948027,0.27784140061583384,-0.018014521324054903,-0.19311292410480538,-0.36455200812315774,-0.37717665785343124,-0.07125760931694768,0.5907131548008738,1.0506895232343187,1.0720965379943477,0.9266386171890221,0.49209451415424427,0.020408325681125453,-0.20851441405707405,-0.20851441405707405,-0.20851441405707405,-0.20851441405707405,-0.20851441405707405,-0.20851441405707405,-0.20851441405707405,-0.20851441405707405,-0.20851441405707405,-0.20851441405707405,-0.20851441405707405,-0.20851441405707405,-0.20851441405707405,-0.20851441405707405,-0.20851441405707405,-0.20851441405707405,-0.20851441405707405,-0.20851441405707405,-0.20851441405707405,-0.20851441405707405,-0.20851441405707405,-0.20851441405707405,-0.20851441405707405,4.79583152331272,-0.20851441405707405,-0.20851441405707405,-0.20851441405707405,-0.20851441405707405,-0.20851441405707405,-0.20851441405707405,-0.20851441405707405,-0.20851441405707405,-0.20851441405707405,-0.20851441405707405,-0.20851441405707405,-0.20851441405707405,-0.20851441405707405,-0.20851441405707405,-0.20851441405707405,-0.20851441405707405,-0.20851441405707405,-0.20851441405707405,-0.20851441405707405,-0.20851441405707405,-0.20851441405707405,-0.20851441405707405,-0.20851441405707405,4.79583152331272,-0.20851441405707405,-0.20851441405707405,-0.20851441405707405,-0.20851441405707405,-0.20851441405707405,-0.20851441405707405,-0.20851441405707405,-0.20851441405707405,-0.20851441405707405,-0.20851441405707405,-0.20851441405707405,-0.20851441405707405,-0.20851441405707405,-0.20851441405707405,-0.20851441405707405,-0.20851441405707405,-0.20851441405707405,-0.20851441405707405,-0.20851441405707405,-0.20851441405707405,-0.20851441405707405,-0.20851441405707405,-0.20851441405707405,4.79583152331272
1303,-0.818553613330842,-1.0756142373225475,-1.164442518467887,-1.2127667075334105,-1.0096447012123515,-0.5657038107929788,0.4412840625973055,1.7640835450257615,2.1971966088495396,1.913266933676174,1.4296240124062884,0.9108909123543836,0.34824495999812355,-0.1486319715552665,-0.5033435502146478,-0.827576802160504,-0.902569527100362,-0.5909687395160326,0.10622298405585487,0.4408830319826539,0.33521146502194504,0.0771482644936105,-0.3331060542950239,-0.8111345469597865,-0.20851441405707272,-0.20851441405707272,-0.20851441405707272,-0.20851441405707272,-0.20851441405707272,-0.20851441405707272,-0.20851441405707272,-0.20851441405707272,-0.20851441405707272,-0.20851441405707272,-0.20851441405707272,-0.20851441405707272,-0.20851441405707272,-0.20851441405707272,-0.20851441405707272,-0.20851441405707272,-0.20851441405707272,-0.20851441405707272,-0.20851441405707272,-0.20851441405707272,-0.20851441405707272,-0.20851441405707272,-0.20851441405707272,4.795831523312722,-0.20851441405707272,-0.20851441405707272,-0.20851441405707272,-0.20851441405707272,-0.20851441405707272,-0.20851441405707272,-0.20851441405707272,-0.20851441405707272,-0.20851441405707272,-0.20851441405707272,-0.20851441405707272,-0.20851441405707272,-0.20851441405707272,-0.20851441405707272,-0.20851441405707272,-0.20851441405707272,-0.20851441405707272,-0.20851441405707272,-0.20851441405707272,-0.20851441405707272,-0.20851441405707272,-0.20851441405707272,-0.20851441405707272,4.795831523312722,-0.20851441405707272,-0.20851441405707272,-0.20851441405707272,-0.20851441405707272,-0.20851441405707272,-0.20851441405707272,-0.20851441405707272,-0.20851441405707272,-0.20851441405707272,-0.20851441405707272,-0.20851441405707272,-0.20851441405707272,-0.20851441405707272,-0.20851441405707272,-0.20851441405707272,-0.20851441405707272,-0.20851441405707272,-0.20851441405707272,-0.20851441405707272,-0.20851441405707272,-0.20851441405707272,-0.20851441405707272,-0.20851441405707272,4.795831523312722
1304,0.5123533187852318,-0.10900377165809438,-0.46840379953162725,-0.6569622648596427,-0.7183386780704397,-0.408292879376723,-0.02801221608096021,0.8891538761772896,1.644336857281271,2.095485131707026,1.907559412906957,1.2871514422555506,0.5015966278101437,-0.2836418133712899,-0.9144901017338115,-1.3314700636504633,-1.4314440150659882,-1.0600218031614745,0.05645944539987894,0.5307029680956763,0.30892531005047685,-0.15709250778201778,-0.6683517023626773,-1.4981987737643292,-0.20851441405707485,-0.20851441405707485,-0.20851441405707485,-0.20851441405707485,-0.20851441405707485,-0.20851441405707485,-0.20851441405707485,-0.20851441405707485,-0.20851441405707485,-0.20851441405707485,-0.20851441405707485,-0.20851441405707485,-0.20851441405707485,-0.20851441405707485,-0.20851441405707485,-0.20851441405707485,-0.20851441405707485,-0.20851441405707485,-0.20851441405707485,-0.20851441405707485,-0.20851441405707485,-0.20851441405707485,-0.20851441405707485,4.795831523312719,-0.20851441405707485,-0.20851441405707485,-0.20851441405707485,-0.20851441405707485,-0.20851441405707485,-0.20851441405707485,-0.20851441405707485,-0.20851441405707485,-0.20851441405707485,-0.20851441405707485,-0.20851441405707485,-0.20851441405707485,-0.20851441405707485,-0.20851441405707485,-0.20851441405707485,-0.20851441405707485,-0.20851441405707485,-0.20851441405707485,-0.20851441405707485,-0.20851441405707485,-0.20851441405707485,-0.20851441405707485,-0.20851441405707485,4.795831523312719,-0.20851441405707485,-0.20851441405707485,-0.20851441405707485,-0.20851441405707485,-0.20851441405707485,-0.20851441405707485,-0.20851441405707485,-0.20851441405707485,-0.20851441405707485,-0.20851441405707485,-0.20851441405707485,-0.20851441405707485,-0.20851441405707485,-0.20851441405707485,-0.20851441405707485,-0.20851441405707485,-0.20851441405707485,-0.20851441405707485,-0.20851441405707485,-0.20851441405707485,-0.20851441405707485,-0.20851441405707485,-0.20851441405707485,4.795831523312719
1305,-0.9333419848417626,-1.297909083359292,-1.4742371803360599,-1.4749378217810005,-1.4065085073251158,-1.2061250540720472,-0.7401984931864155,-0.08556583646339515,0.5382385966822301,0.967264708134313,0.9091114682042266,0.5088116559947164,0.1619941407490207,-0.11032183418463673,-0.33546128515894696,-0.5330421726322524,-0.4924049688256861,0.03284256773159998,1.1419579750728857,1.7339999960478611,1.7339999960478611,1.4432337963974295,0.8437182666764187,0.07488105442804795,0.20851441405707438,0.20851441405707438,0.20851441405707438,0.20851441405707438,0.20851441405707438,0.20851441405707438,0.20851441405707438,0.20851441405707438,0.20851441405707438,0.20851441405707438,0.20851441405707438,0.20851441405707438,0.20851441405707438,0.20851441405707438,0.20851441405707438,0.20851441405707438,0.20851441405707438,0.20851441405707438,0.20851441405707438,0.20851441405707438,0.20851441405707438,0.20851441405707438,0.20851441405707438,-4.79583152331272,0.20851441405707438,0.20851441405707438,0.20851441405707438,0.20851441405707438,0.20851441405707438,0.20851441405707438,0.20851441405707438,0.20851441405707438,0.20851441405707438,0.20851441405707438,0.20851441405707438,0.20851441405707438,0.20851441405707438,0.20851441405707438,0.20851441405707438,0.20851441405707438,0.20851441405707438,0.20851441405707438,0.20851441405707438,0.20851441405707438,0.20851441405707438,0.20851441405707438,0.20851441405707438,-4.79583152331272,0.20851441405707438,0.20851441405707438,0.20851441405707438,0.20851441405707438,0.20851441405707438,0.20851441405707438,0.20851441405707438,0.20851441405707438,0.20851441405707438,0.20851441405707438,0.20851441405707438,0.20851441405707438,0.20851441405707438,0.20851441405707438,0.20851441405707438,0.20851441405707438,0.20851441405707438,0.20851441405707438,0.20851441405707438,0.20851441405707438,0.20851441405707438,0.20851441405707438,0.20851441405707438,-4.79583152331272
1306,-1.2974456091040505,-1.5656459751369738,-1.7464328885369444,-1.7800256616562198,-1.6622703494316635,-1.2475982683464162,-0.4511244540668255,0.6494903813571713,1.0592860921509109,0.9189549915397448,0.744308692580932,0.5176477771793705,0.3177165952275549,0.1306084610793336,0.033803480477551155,-0.07058696502213216,-0.07672757946329001,0.21459039387752174,0.9176907473900947,1.3525907348697441,1.2606621245594694,1.0240678622677997,0.6442527984514779,0.11218661775586009,0.20851441405707477,0.20851441405707477,0.20851441405707477,0.20851441405707477,0.20851441405707477,0.20851441405707477,0.20851441405707477,0.20851441405707477,0.20851441405707477,0.20851441405707477,0.20851441405707477,0.20851441405707477,0.20851441405707477,0.20851441405707477,0.20851441405707477,0.20851441405707477,0.20851441405707477,0.20851441405707477,0.20851441405707477,0.20851441405707477,0.20851441405707477,0.20851441405707477,0.20851441405707477,-4.79583152331272,0.20851441405707477,0.20851441405707477,0.20851441405707477,0.20851441405707477,0.20851441405707477,0.20851441405707477,0.20851441405707477,0.20851441405707477,0.20851441405707477,0.20851441405707477,0.20851441405707477,0.20851441405707477,0.20851441405707477,0.20851441405707477,0.20851441405707477,0.20851441405707477,0.20851441405707477,0.20851441405707477,0.20851441405707477,0.20851441405707477,0.20851441405707477,0.20851441405707477,0.20851441405707477,-4.79583152331272,0.20851441405707477,0.20851441405707477,0.20851441405707477,0.20851441405707477,0.20851441405707477,0.20851441405707477,0.20851441405707477,0.20851441405707477,0.20851441405707477,0.20851441405707477,0.20851441405707477,0.20851441405707477,0.20851441405707477,0.20851441405707477,0.20851441405707477,0.20851441405707477,0.20851441405707477,0.20851441405707477,0.20851441405707477,0.20851441405707477,0.20851441405707477,0.20851441405707477,0.20851441405707477,-4.79583152331272
1307,-1.4511140260078312,-1.6428016918624158,-1.7252433259298827,-1.78334366909518,-1.6270088305032702,-1.2090051147130383,-0.4182029376651752,0.5469002688785801,0.9651937619414569,0.9485315687643765,0.8182766847105053,0.5741393325071984,0.35651660075089747,0.19032933488906179,0.04123892811327374,-0.06771732640119917,-0.08046752639757365,0.20307953488543629,0.82508645061766,1.2519283732235604,1.198754243693226,1.0599509300963308,0.7049737711063593,0.32000466439764325,-0.2085144140570718,-0.2085144140570718,-0.2085144140570718,-0.2085144140570718,-0.2085144140570718,-0.2085144140570718,-0.2085144140570718,-0.2085144140570718,-0.2085144140570718,-0.2085144140570718,-0.2085144140570718,-0.2085144140570718,-0.2085144140570718,-0.2085144140570718,-0.2085144140570718,-0.2085144140570718,-0.2085144140570718,-0.2085144140570718,-0.2085144140570718,-0.2085144140570718,-0.2085144140570718,-0.2085144140570718,-0.2085144140570718,4.795831523312723,-0.2085144140570718,-0.2085144140570718,-0.2085144140570718,-0.2085144140570718,-0.2085144140570718,-0.2085144140570718,-0.2085144140570718,-0.2085144140570718,-0.2085144140570718,-0.2085144140570718,-0.2085144140570718,-0.2085144140570718,-0.2085144140570718,-0.2085144140570718,-0.2085144140570718,-0.2085144140570718,-0.2085144140570718,-0.2085144140570718,-0.2085144140570718,-0.2085144140570718,-0.2085144140570718,-0.2085144140570718,-0.2085144140570718,4.795831523312723,-0.2085144140570718,-0.2085144140570718,-0.2085144140570718,-0.2085144140570718,-0.2085144140570718,-0.2085144140570718,-0.2085144140570718,-0.2085144140570718,-0.2085144140570718,-0.2085144140570718,-0.2085144140570718,-0.2085144140570718,-0.2085144140570718,-0.2085144140570718,-0.2085144140570718,-0.2085144140570718,-0.2085144140570718,-0.2085144140570718,-0.2085144140570718,-0.2085144140570718,-0.2085144140570718,-0.2085144140570718,-0.2085144140570718,4.795831523312723
1308,-1.2527333885559002,-1.4966706841368138,-1.6010582655790966,-1.596662998992053,-1.4294231053550484,-0.9600086338588042,-0.0493093970233941,1.087086779056699,1.416292246426256,1.2989386285521949,1.0336842900241205,0.6447031970707722,0.32912305612105,-0.010631051057411429,-0.2594031398840727,-0.4782874159188382,-0.49674753558442086,-0.04205720715477235,0.9374279517678683,1.3604723607708038,1.1637841810006078,0.8108442740610159,0.1649598490949758,-0.5743239908457384,-0.20851441405707477,-0.20851441405707477,-0.20851441405707477,-0.20851441405707477,-0.20851441405707477,-0.20851441405707477,-0.20851441405707477,-0.20851441405707477,-0.20851441405707477,-0.20851441405707477,-0.20851441405707477,-0.20851441405707477,-0.20851441405707477,-0.20851441405707477,-0.20851441405707477,-0.20851441405707477,-0.20851441405707477,-0.20851441405707477,-0.20851441405707477,-0.20851441405707477,-0.20851441405707477,-0.20851441405707477,-0.20851441405707477,4.795831523312719,-0.20851441405707477,-0.20851441405707477,-0.20851441405707477,-0.20851441405707477,-0.20851441405707477,-0.20851441405707477,-0.20851441405707477,-0.20851441405707477,-0.20851441405707477,-0.20851441405707477,-0.20851441405707477,-0.20851441405707477,-0.20851441405707477,-0.20851441405707477,-0.20851441405707477,-0.20851441405707477,-0.20851441405707477,-0.20851441405707477,-0.20851441405707477,-0.20851441405707477,-0.20851441405707477,-0.20851441405707477,-0.20851441405707477,4.795831523312719,-0.20851441405707477,-0.20851441405707477,-0.20851441405707477,-0.20851441405707477,-0.20851441405707477,-0.20851441405707477,-0.20851441405707477,-0.20851441405707477,-0.20851441405707477,-0.20851441405707477,-0.20851441405707477,-0.20851441405707477,-0.20851441405707477,-0.20851441405707477,-0.20851441405707477,-0.20851441405707477,-0.20851441405707477,-0.20851441405707477,-0.20851441405707477,-0.20851441405707477,-0.20851441405707477,-0.20851441405707477,-0.20851441405707477,4.795831523312719
1309,-0.4432399017764085,-0.718458261013686,-0.9064970894394923,-1.011761735685258,-0.904178484896634,-0.5114068753364418,0.36038843277827043,1.6068702350188804,2.0035834723019317,1.777055808464678,1.482129310613105,1.0974728169529169,0.5335881921297838,-0.013834340439055513,-0.36510292868208455,-0.7094157032965387,-0.7933491877480083,-0.5563878034678924,0.19994099841247764,0.5852930734355234,0.3423033173439759,-0.15179131073912303,-0.9616798775595192,-1.9415221573714272,-0.20851441405707463,-0.20851441405707463,-0.20851441405707463,-0.20851441405707463,-0.20851441405707463,-0.20851441405707463,-0.20851441405707463,-0.20851441405707463,-0.20851441405707463,-0.20851441405707463,-0.20851441405707463,-0.20851441405707463,-0.20851441405707463,-0.20851441405707463,-0.20851441405707463,-0.20851441405707463,-0.20851441405707463,-0.20851441405707463,-0.20851441405707463,-0.20851441405707463,-0.20851441405707463,-0.20851441405707463,-0.20851441405707463,4.79583152331272,-0.20851441405707463,-0.20851441405707463,-0.20851441405707463,-0.20851441405707463,-0.20851441405707463,-0.20851441405707463,-0.20851441405707463,-0.20851441405707463,-0.20851441405707463,-0.20851441405707463,-0.20851441405707463,-0.20851441405707463,-0.20851441405707463,-0.20851441405707463,-0.20851441405707463,-0.20851441405707463,-0.20851441405707463,-0.20851441405707463,-0.20851441405707463,-0.20851441405707463,-0.20851441405707463,-0.20851441405707463,-0.20851441405707463,4.79583152331272,-0.20851441405707463,-0.20851441405707463,-0.20851441405707463,-0.20851441405707463,-0.20851441405707463,-0.20851441405707463,-0.20851441405707463,-0.20851441405707463,-0.20851441405707463,-0.20851441405707463,-0.20851441405707463,-0.20851441405707463,-0.20851441405707463,-0.20851441405707463,-0.20851441405707463,-0.20851441405707463,-0.20851441405707463,-0.20851441405707463,-0.20851441405707463,-0.20851441405707463,-0.20851441405707463,-0.20851441405707463,-0.20851441405707463,4.79583152331272
1310,-0.025643219194212384,-0.6105690799918212,-0.8318387440424857,-1.0111862408010401,-0.9784422994841255,-0.7373278225141189,0.2561531242604456,1.5755851232352043,2.151580818219109,1.9352723573982802,1.6199878921422324,1.1439604422395133,0.4781669687955855,-0.06632508567886372,-0.4575159603513951,-0.8439936919555827,-1.050131686155249,-0.904768431521068,-0.1328052089586598,0.3824157464597598,0.19810704647136992,-0.10130156844920418,-0.6157783433831484,-1.3736021367405253,-0.20851441405707527,-0.20851441405707527,-0.20851441405707527,-0.20851441405707527,-0.20851441405707527,-0.20851441405707527,-0.20851441405707527,-0.20851441405707527,-0.20851441405707527,-0.20851441405707527,-0.20851441405707527,-0.20851441405707527,-0.20851441405707527,-0.20851441405707527,-0.20851441405707527,-0.20851441405707527,-0.20851441405707527,-0.20851441405707527,-0.20851441405707527,-0.20851441405707527,-0.20851441405707527,-0.20851441405707527,-0.20851441405707527,4.795831523312719,-0.20851441405707527,-0.20851441405707527,-0.20851441405707527,-0.20851441405707527,-0.20851441405707527,-0.20851441405707527,-0.20851441405707527,-0.20851441405707527,-0.20851441405707527,-0.20851441405707527,-0.20851441405707527,-0.20851441405707527,-0.20851441405707527,-0.20851441405707527,-0.20851441405707527,-0.20851441405707527,-0.20851441405707527,-0.20851441405707527,-0.20851441405707527,-0.20851441405707527,-0.20851441405707527,-0.20851441405707527,-0.20851441405707527,4.795831523312719,-0.20851441405707527,-0.20851441405707527,-0.20851441405707527,-0.20851441405707527,-0.20851441405707527,-0.20851441405707527,-0.20851441405707527,-0.20851441405707527,-0.20851441405707527,-0.20851441405707527,-0.20851441405707527,-0.20851441405707527,-0.20851441405707527,-0.20851441405707527,-0.20851441405707527,-0.20851441405707527,-0.20851441405707527,-0.20851441405707527,-0.20851441405707527,-0.20851441405707527,-0.20851441405707527,-0.20851441405707527,-0.20851441405707527,4.795831523312719
1311,0.8490090050528749,0.2475958616950567,-0.3694031997441472,-0.6109849300056257,-0.6197943619646699,-0.3826173476827134,0.04091303496363749,0.962515147602097,1.5696883041639056,1.9620468506474849,1.8468465865676775,1.2722005633931086,0.509168226017443,-0.13696972574782987,-0.7004345468205351,-1.1849533045679603,-1.300492392953885,-1.0812730668961337,-0.19355338486938234,0.3827867598357719,0.12392498996232226,-0.29655597392897487,-0.9914846257751073,-1.8981784689444152,-0.2085144140570715,-0.2085144140570715,-0.2085144140570715,-0.2085144140570715,-0.2085144140570715,-0.2085144140570715,-0.2085144140570715,-0.2085144140570715,-0.2085144140570715,-0.2085144140570715,-0.2085144140570715,-0.2085144140570715,-0.2085144140570715,-0.2085144140570715,-0.2085144140570715,-0.2085144140570715,-0.2085144140570715,-0.2085144140570715,-0.2085144140570715,-0.2085144140570715,-0.2085144140570715,-0.2085144140570715,-0.2085144140570715,4.7958315233127236,-0.2085144140570715,-0.2085144140570715,-0.2085144140570715,-0.2085144140570715,-0.2085144140570715,-0.2085144140570715,-0.2085144140570715,-0.2085144140570715,-0.2085144140570715,-0.2085144140570715,-0.2085144140570715,-0.2085144140570715,-0.2085144140570715,-0.2085144140570715,-0.2085144140570715,-0.2085144140570715,-0.2085144140570715,-0.2085144140570715,-0.2085144140570715,-0.2085144140570715,-0.2085144140570715,-0.2085144140570715,-0.2085144140570715,4.7958315233127236,-0.2085144140570715,-0.2085144140570715,-0.2085144140570715,-0.2085144140570715,-0.2085144140570715,-0.2085144140570715,-0.2085144140570715,-0.2085144140570715,-0.2085144140570715,-0.2085144140570715,-0.2085144140570715,-0.2085144140570715,-0.2085144140570715,-0.2085144140570715,-0.2085144140570715,-0.2085144140570715,-0.2085144140570715,-0.2085144140570715,-0.2085144140570715,-0.2085144140570715,-0.2085144140570715,-0.2085144140570715,-0.2085144140570715,4.7958315233127236
1312,-0.4398542775609965,-1.0408793119123332,-1.4094255345502897,-1.6113437512966529,-1.69538538745595,-1.5087474681930955,-1.2253343315346865,-0.5238959137202935,-0.009095415168755096,0.6432277607343604,0.8364143789187187,0.7349095456354118,0.6457744769816118,0.5035221837422822,0.24048277706188476,-0.029832961753516716,0.10768971559806034,0.5777407715193237,1.5083836515863451,1.7143038510069606,1.4094255345502897,0.9248218143590182,0.25212490847789126,-0.605027017025589,0.20851441405707696,0.20851441405707696,0.20851441405707696,0.20851441405707696,0.20851441405707696,0.20851441405707696,0.20851441405707696,0.20851441405707696,0.20851441405707696,0.20851441405707696,0.20851441405707696,0.20851441405707696,0.20851441405707696,0.20851441405707696,0.20851441405707696,0.20851441405707696,0.20851441405707696,0.20851441405707696,0.20851441405707696,0.20851441405707696,0.20851441405707696,0.20851441405707696,0.20851441405707696,-4.795831523312717,0.20851441405707696,0.20851441405707696,0.20851441405707696,0.20851441405707696,0.20851441405707696,0.20851441405707696,0.20851441405707696,0.20851441405707696,0.20851441405707696,0.20851441405707696,0.20851441405707696,0.20851441405707696,0.20851441405707696,0.20851441405707696,0.20851441405707696,0.20851441405707696,0.20851441405707696,0.20851441405707696,0.20851441405707696,0.20851441405707696,0.20851441405707696,0.20851441405707696,0.20851441405707696,-4.795831523312717,0.20851441405707696,0.20851441405707696,0.20851441405707696,0.20851441405707696,0.20851441405707696,0.20851441405707696,0.20851441405707696,0.20851441405707696,0.20851441405707696,0.20851441405707696,0.20851441405707696,0.20851441405707696,0.20851441405707696,0.20851441405707696,0.20851441405707696,0.20851441405707696,0.20851441405707696,0.20851441405707696,0.20851441405707696,0.20851441405707696,0.20851441405707696,0.20851441405707696,0.20851441405707696,-4.795831523312717
1313,-1.3541231621414487,-1.6091618437339699,-1.744838517976465,-1.7711929798796835,-1.6843208647172225,-1.3888441198869586,-0.7454605896147368,0.12590995235993033,0.5011472908867073,0.5528801235115435,0.5855094572964806,0.6143738679523866,0.5842544829201369,0.5781190526357898,0.5443741860718804,0.48246211683892276,0.4693546066859993,0.6288757940790253,1.0016031838531148,1.2712832331696464,1.1646104111804287,0.8844722420610327,0.4325420249799164,-0.12382994853247307,-0.20851441405707735,-0.20851441405707735,-0.20851441405707735,-0.20851441405707735,-0.20851441405707735,-0.20851441405707735,-0.20851441405707735,-0.20851441405707735,-0.20851441405707735,-0.20851441405707735,-0.20851441405707735,-0.20851441405707735,-0.20851441405707735,-0.20851441405707735,-0.20851441405707735,-0.20851441405707735,-0.20851441405707735,-0.20851441405707735,-0.20851441405707735,-0.20851441405707735,-0.20851441405707735,-0.20851441405707735,-0.20851441405707735,4.7958315233127164,-0.20851441405707735,-0.20851441405707735,-0.20851441405707735,-0.20851441405707735,-0.20851441405707735,-0.20851441405707735,-0.20851441405707735,-0.20851441405707735,-0.20851441405707735,-0.20851441405707735,-0.20851441405707735,-0.20851441405707735,-0.20851441405707735,-0.20851441405707735,-0.20851441405707735,-0.20851441405707735,-0.20851441405707735,-0.20851441405707735,-0.20851441405707735,-0.20851441405707735,-0.20851441405707735,-0.20851441405707735,-0.20851441405707735,4.7958315233127164,-0.20851441405707735,-0.20851441405707735,-0.20851441405707735,-0.20851441405707735,-0.20851441405707735,-0.20851441405707735,-0.20851441405707735,-0.20851441405707735,-0.20851441405707735,-0.20851441405707735,-0.20851441405707735,-0.20851441405707735,-0.20851441405707735,-0.20851441405707735,-0.20851441405707735,-0.20851441405707735,-0.20851441405707735,-0.20851441405707735,-0.20851441405707735,-0.20851441405707735,-0.20851441405707735,-0.20851441405707735,-0.20851441405707735,4.7958315233127164
1314,-1.3162257923304104,-1.5992695690766383,-1.7448264004128717,-1.8002695055727718,-1.701936451138232,-1.3815320914001576,-0.6524029537312843,0.3064190481714606,0.6568613166349794,0.6737483001472939,0.7357668679137589,0.7306858286268678,0.691980264647315,0.6411698717784039,0.5818412659873519,0.4927736361347902,0.4875431545159317,0.6044070581144271,0.9730812910779669,1.191416538082317,1.026282761258356,0.6722538768276201,0.14517077197865172,-0.41493908823510883,-0.2085144140570631,-0.2085144140570631,-0.2085144140570631,-0.2085144140570631,-0.2085144140570631,-0.2085144140570631,-0.2085144140570631,-0.2085144140570631,-0.2085144140570631,-0.2085144140570631,-0.2085144140570631,-0.2085144140570631,-0.2085144140570631,-0.2085144140570631,-0.2085144140570631,-0.2085144140570631,-0.2085144140570631,-0.2085144140570631,-0.2085144140570631,-0.2085144140570631,-0.2085144140570631,-0.2085144140570631,-0.2085144140570631,4.795831523312731,-0.2085144140570631,-0.2085144140570631,-0.2085144140570631,-0.2085144140570631,-0.2085144140570631,-0.2085144140570631,-0.2085144140570631,-0.2085144140570631,-0.2085144140570631,-0.2085144140570631,-0.2085144140570631,-0.2085144140570631,-0.2085144140570631,-0.2085144140570631,-0.2085144140570631,-0.2085144140570631,-0.2085144140570631,-0.2085144140570631,-0.2085144140570631,-0.2085144140570631,-0.2085144140570631,-0.2085144140570631,-0.2085144140570631,4.795831523312731,-0.2085144140570631,-0.2085144140570631,-0.2085144140570631,-0.2085144140570631,-0.2085144140570631,-0.2085144140570631,-0.2085144140570631,-0.2085144140570631,-0.2085144140570631,-0.2085144140570631,-0.2085144140570631,-0.2085144140570631,-0.2085144140570631,-0.2085144140570631,-0.2085144140570631,-0.2085144140570631,-0.2085144140570631,-0.2085144140570631,-0.2085144140570631,-0.2085144140570631,-0.2085144140570631,-0.2085144140570631,-0.2085144140570631,4.795831523312731
1315,-1.049946340924081,-1.4488237184044015,-1.6202634551616018,-1.7644795955292165,-1.7946323130493271,-1.5449678119828114,-0.8757497842793278,0.09878604597064727,0.5005925445814927,0.5729590666297582,0.6496331197523252,0.7283747877905569,0.6809919459732402,0.6573866756860679,0.6541129520695987,0.6020779766920364,0.5679623305835684,0.7039080112885243,1.0505781121483102,1.2607856285742243,1.0683251401744325,0.7076986386339096,0.13066177592047848,-0.5359717331384242,0.20851441405707455,0.20851441405707455,0.20851441405707455,0.20851441405707455,0.20851441405707455,0.20851441405707455,0.20851441405707455,0.20851441405707455,0.20851441405707455,0.20851441405707455,0.20851441405707455,0.20851441405707455,0.20851441405707455,0.20851441405707455,0.20851441405707455,0.20851441405707455,0.20851441405707455,0.20851441405707455,0.20851441405707455,0.20851441405707455,0.20851441405707455,0.20851441405707455,0.20851441405707455,-4.795831523312719,0.20851441405707455,0.20851441405707455,0.20851441405707455,0.20851441405707455,0.20851441405707455,0.20851441405707455,0.20851441405707455,0.20851441405707455,0.20851441405707455,0.20851441405707455,0.20851441405707455,0.20851441405707455,0.20851441405707455,0.20851441405707455,0.20851441405707455,0.20851441405707455,0.20851441405707455,0.20851441405707455,0.20851441405707455,0.20851441405707455,0.20851441405707455,0.20851441405707455,0.20851441405707455,-4.795831523312719,0.20851441405707455,0.20851441405707455,0.20851441405707455,0.20851441405707455,0.20851441405707455,0.20851441405707455,0.20851441405707455,0.20851441405707455,0.20851441405707455,0.20851441405707455,0.20851441405707455,0.20851441405707455,0.20851441405707455,0.20851441405707455,0.20851441405707455,0.20851441405707455,0.20851441405707455,0.20851441405707455,0.20851441405707455,0.20851441405707455,0.20851441405707455,0.20851441405707455,0.20851441405707455,-4.795831523312719
1316,-1.198972112851312,-1.4749635060304067,-1.6130937013495734,-1.6846470255071164,-1.7141022472937744,-1.5504172933469136,-0.9500149643257251,-0.17274680585497063,0.15879256265695355,0.22819390714058554,0.3595991659787802,0.477016556936553,0.5283950716511797,0.5361959979691073,0.5410379522354073,0.510506740611794,0.496518872731372,0.6456779638793331,1.0201224271398592,1.354351770244172,1.2836054384643458,1.0982661890487548,0.7819251769838277,0.33875186288776676,-0.20851441405707624,-0.20851441405707624,-0.20851441405707624,-0.20851441405707624,-0.20851441405707624,-0.20851441405707624,-0.20851441405707624,-0.20851441405707624,-0.20851441405707624,-0.20851441405707624,-0.20851441405707624,-0.20851441405707624,-0.20851441405707624,-0.20851441405707624,-0.20851441405707624,-0.20851441405707624,-0.20851441405707624,-0.20851441405707624,-0.20851441405707624,-0.20851441405707624,-0.20851441405707624,-0.20851441405707624,-0.20851441405707624,4.795831523312718,-0.20851441405707624,-0.20851441405707624,-0.20851441405707624,-0.20851441405707624,-0.20851441405707624,-0.20851441405707624,-0.20851441405707624,-0.20851441405707624,-0.20851441405707624,-0.20851441405707624,-0.20851441405707624,-0.20851441405707624,-0.20851441405707624,-0.20851441405707624,-0.20851441405707624,-0.20851441405707624,-0.20851441405707624,-0.20851441405707624,-0.20851441405707624,-0.20851441405707624,-0.20851441405707624,-0.20851441405707624,-0.20851441405707624,4.795831523312718,-0.20851441405707624,-0.20851441405707624,-0.20851441405707624,-0.20851441405707624,-0.20851441405707624,-0.20851441405707624,-0.20851441405707624,-0.20851441405707624,-0.20851441405707624,-0.20851441405707624,-0.20851441405707624,-0.20851441405707624,-0.20851441405707624,-0.20851441405707624,-0.20851441405707624,-0.20851441405707624,-0.20851441405707624,-0.20851441405707624,-0.20851441405707624,-0.20851441405707624,-0.20851441405707624,-0.20851441405707624,-0.20851441405707624,4.795831523312718
1317,-1.553980145363968,-1.6794431316044016,-1.727152082951093,-1.7179074418596925,-1.5739551734364579,-1.2096172647093038,-0.3673644281320762,0.7291160384586617,1.1418232300390359,1.1750048882420978,1.025109636260106,0.8686110692128282,0.6317171412456934,0.39862011944109815,0.19210144077427893,-0.05436729403752048,-0.1195750303072196,0.07852442165135998,0.618015262485225,1.048221238988607,0.9557748280746032,0.7398464254397514,0.4164490701173703,-0.015572818028965315,-0.2085144140570746,-0.2085144140570746,-0.2085144140570746,-0.2085144140570746,-0.2085144140570746,-0.2085144140570746,-0.2085144140570746,-0.2085144140570746,-0.2085144140570746,-0.2085144140570746,-0.2085144140570746,-0.2085144140570746,-0.2085144140570746,-0.2085144140570746,-0.2085144140570746,-0.2085144140570746,-0.2085144140570746,-0.2085144140570746,-0.2085144140570746,-0.2085144140570746,-0.2085144140570746,-0.2085144140570746,-0.2085144140570746,4.795831523312719,-0.2085144140570746,-0.2085144140570746,-0.2085144140570746,-0.2085144140570746,-0.2085144140570746,-0.2085144140570746,-0.2085144140570746,-0.2085144140570746,-0.2085144140570746,-0.2085144140570746,-0.2085144140570746,-0.2085144140570746,-0.2085144140570746,-0.2085144140570746,-0.2085144140570746,-0.2085144140570746,-0.2085144140570746,-0.2085144140570746,-0.2085144140570746,-0.2085144140570746,-0.2085144140570746,-0.2085144140570746,-0.2085144140570746,4.795831523312719,-0.2085144140570746,-0.2085144140570746,-0.2085144140570746,-0.2085144140570746,-0.2085144140570746,-0.2085144140570746,-0.2085144140570746,-0.2085144140570746,-0.2085144140570746,-0.2085144140570746,-0.2085144140570746,-0.2085144140570746,-0.2085144140570746,-0.2085144140570746,-0.2085144140570746,-0.2085144140570746,-0.2085144140570746,-0.2085144140570746,-0.2085144140570746,-0.2085144140570746,-0.2085144140570746,-0.2085144140570746,-0.2085144140570746,4.795831523312719
1318,0.5487837135351918,-0.0475798265339141,-0.5209266722389893,-0.6736575439856363,-0.6763318199500716,-0.3777043372547794,0.25253336503050894,1.106815964780723,1.677328170526953,1.9233615592550146,1.765579277353323,1.2699467986112856,0.5576979667499767,-0.26300761255788113,-1.035873366279727,-1.4762374750900982,-1.4598946775296593,-1.164535754346455,-0.20357925779264885,0.47954968023369626,0.3577215529649701,-0.02083706688955957,-0.6344348298405829,-1.3847178087516405,-0.20851441405707413,-0.20851441405707413,-0.20851441405707413,-0.20851441405707413,-0.20851441405707413,-0.20851441405707413,-0.20851441405707413,-0.20851441405707413,-0.20851441405707413,-0.20851441405707413,-0.20851441405707413,-0.20851441405707413,-0.20851441405707413,-0.20851441405707413,-0.20851441405707413,-0.20851441405707413,-0.20851441405707413,-0.20851441405707413,-0.20851441405707413,-0.20851441405707413,-0.20851441405707413,-0.20851441405707413,-0.20851441405707413,4.79583152331272,-0.20851441405707413,-0.20851441405707413,-0.20851441405707413,-0.20851441405707413,-0.20851441405707413,-0.20851441405707413,-0.20851441405707413,-0.20851441405707413,-0.20851441405707413,-0.20851441405707413,-0.20851441405707413,-0.20851441405707413,-0.20851441405707413,-0.20851441405707413,-0.20851441405707413,-0.20851441405707413,-0.20851441405707413,-0.20851441405707413,-0.20851441405707413,-0.20851441405707413,-0.20851441405707413,-0.20851441405707413,-0.20851441405707413,4.79583152331272,-0.20851441405707413,-0.20851441405707413,-0.20851441405707413,-0.20851441405707413,-0.20851441405707413,-0.20851441405707413,-0.20851441405707413,-0.20851441405707413,-0.20851441405707413,-0.20851441405707413,-0.20851441405707413,-0.20851441405707413,-0.20851441405707413,-0.20851441405707413,-0.20851441405707413,-0.20851441405707413,-0.20851441405707413,-0.20851441405707413,-0.20851441405707413,-0.20851441405707413,-0.20851441405707413,-0.20851441405707413,-0.20851441405707413,4.79583152331272
1319,-0.22848086179350846,-0.9125309787425904,-1.1784924491492563,-1.4047685692596397,-1.4785693961264108,-1.4594229551939937,-1.1120020815475897,-0.5793829065185336,-0.0039453272224357645,0.6191842958507737,0.972871277438696,0.9568578904770381,0.7330185901216896,0.543991000552554,0.18647473077814836,0.07542537337012946,-0.0599921815882384,0.34103872666893326,1.2621565940721244,1.942377422834723,1.568151531882935,0.8659993253250226,-0.23788002370578593,-1.4120790285247444,-0.20851441405708068,-0.20851441405708068,-0.20851441405708068,-0.20851441405708068,-0.20851441405708068,-0.20851441405708068,-0.20851441405708068,-0.20851441405708068,-0.20851441405708068,-0.20851441405708068,-0.20851441405708068,-0.20851441405708068,-0.20851441405708068,-0.20851441405708068,-0.20851441405708068,-0.20851441405708068,-0.20851441405708068,-0.20851441405708068,-0.20851441405708068,-0.20851441405708068,-0.20851441405708068,-0.20851441405708068,-0.20851441405708068,4.795831523312714,-0.20851441405708068,-0.20851441405708068,-0.20851441405708068,-0.20851441405708068,-0.20851441405708068,-0.20851441405708068,-0.20851441405708068,-0.20851441405708068,-0.20851441405708068,-0.20851441405708068,-0.20851441405708068,-0.20851441405708068,-0.20851441405708068,-0.20851441405708068,-0.20851441405708068,-0.20851441405708068,-0.20851441405708068,-0.20851441405708068,-0.20851441405708068,-0.20851441405708068,-0.20851441405708068,-0.20851441405708068,-0.20851441405708068,4.795831523312714,-0.20851441405708068,-0.20851441405708068,-0.20851441405708068,-0.20851441405708068,-0.20851441405708068,-0.20851441405708068,-0.20851441405708068,-0.20851441405708068,-0.20851441405708068,-0.20851441405708068,-0.20851441405708068,-0.20851441405708068,-0.20851441405708068,-0.20851441405708068,-0.20851441405708068,-0.20851441405708068,-0.20851441405708068,-0.20851441405708068,-0.20851441405708068,-0.20851441405708068,-0.20851441405708068,-0.20851441405708068,-0.20851441405708068,4.795831523312714
1320,-1.2615688852804836,-1.5438671329018319,-1.7483121885865802,-1.7824131734844297,-1.6752846077204309,-1.4108411210597491,-0.6168672462683105,0.39635022482392457,0.7688873994626952,0.7836859400787431,0.7960716751595658,0.8201997305118178,0.733499584946059,0.6836349372180716,0.655485539307111,0.5165079404781395,0.4811201259615032,0.5604210012192381,0.9133340241715104,1.1290388390206432,0.9022351187094746,0.5686245400390038,0.0017760929634304404,-0.6717183587690967,0.20851441405707422,0.20851441405707422,0.20851441405707422,0.20851441405707422,0.20851441405707422,0.20851441405707422,0.20851441405707422,0.20851441405707422,0.20851441405707422,0.20851441405707422,0.20851441405707422,0.20851441405707422,0.20851441405707422,0.20851441405707422,0.20851441405707422,0.20851441405707422,0.20851441405707422,0.20851441405707422,0.20851441405707422,0.20851441405707422,0.20851441405707422,0.20851441405707422,0.20851441405707422,-4.79583152331272,0.20851441405707422,0.20851441405707422,0.20851441405707422,0.20851441405707422,0.20851441405707422,0.20851441405707422,0.20851441405707422,0.20851441405707422,0.20851441405707422,0.20851441405707422,0.20851441405707422,0.20851441405707422,0.20851441405707422,0.20851441405707422,0.20851441405707422,0.20851441405707422,0.20851441405707422,0.20851441405707422,0.20851441405707422,0.20851441405707422,0.20851441405707422,0.20851441405707422,0.20851441405707422,-4.79583152331272,0.20851441405707422,0.20851441405707422,0.20851441405707422,0.20851441405707422,0.20851441405707422,0.20851441405707422,0.20851441405707422,0.20851441405707422,0.20851441405707422,0.20851441405707422,0.20851441405707422,0.20851441405707422,0.20851441405707422,0.20851441405707422,0.20851441405707422,0.20851441405707422,0.20851441405707422,0.20851441405707422,0.20851441405707422,0.20851441405707422,0.20851441405707422,0.20851441405707422,0.20851441405707422,-4.79583152331272
1321,-1.0844266240626497,-1.4453704389327167,-1.700914248500263,-1.7661393638892668,-1.746760887578041,-1.4593922632554734,-0.8997796790483682,-0.07422507847257108,0.30578211553292944,0.36249960717554147,0.47388645881811564,0.549509781008265,0.5358030538613004,0.4924771921898607,0.4678996124780621,0.38565924959627473,0.32390020314098605,0.4872780887892879,0.9238452258495043,1.4210685692497362,1.3876682686157538,1.1678879885006321,0.7418766068294574,0.14996656210364254,-0.20851441405707505,-0.20851441405707505,-0.20851441405707505,-0.20851441405707505,-0.20851441405707505,-0.20851441405707505,-0.20851441405707505,-0.20851441405707505,-0.20851441405707505,-0.20851441405707505,-0.20851441405707505,-0.20851441405707505,-0.20851441405707505,-0.20851441405707505,-0.20851441405707505,-0.20851441405707505,-0.20851441405707505,-0.20851441405707505,-0.20851441405707505,-0.20851441405707505,-0.20851441405707505,-0.20851441405707505,-0.20851441405707505,4.795831523312719,-0.20851441405707505,-0.20851441405707505,-0.20851441405707505,-0.20851441405707505,-0.20851441405707505,-0.20851441405707505,-0.20851441405707505,-0.20851441405707505,-0.20851441405707505,-0.20851441405707505,-0.20851441405707505,-0.20851441405707505,-0.20851441405707505,-0.20851441405707505,-0.20851441405707505,-0.20851441405707505,-0.20851441405707505,-0.20851441405707505,-0.20851441405707505,-0.20851441405707505,-0.20851441405707505,-0.20851441405707505,-0.20851441405707505,4.795831523312719,-0.20851441405707505,-0.20851441405707505,-0.20851441405707505,-0.20851441405707505,-0.20851441405707505,-0.20851441405707505,-0.20851441405707505,-0.20851441405707505,-0.20851441405707505,-0.20851441405707505,-0.20851441405707505,-0.20851441405707505,-0.20851441405707505,-0.20851441405707505,-0.20851441405707505,-0.20851441405707505,-0.20851441405707505,-0.20851441405707505,-0.20851441405707505,-0.20851441405707505,-0.20851441405707505,-0.20851441405707505,-0.20851441405707505,4.795831523312719
1322,-0.9620408475492428,-1.2377974361848307,-1.3543691293004694,-1.3543691293004694,-1.2748791171231975,-0.7368874367687738,0.3446274454060176,1.7342685603504406,2.058989357517905,1.6963673947504527,1.263064879918158,0.7617451381712904,0.2940242675508985,-0.07371947435168728,-0.369143694866188,-0.6199060013223244,-0.7379117925958004,-0.48141309350831446,0.1286932370687889,0.7332680461799481,0.6986448192264456,0.4347707581843673,-0.14235131476247628,-0.8036754366909147,0.20851441405707516,0.20851441405707516,0.20851441405707516,0.20851441405707516,0.20851441405707516,0.20851441405707516,0.20851441405707516,0.20851441405707516,0.20851441405707516,0.20851441405707516,0.20851441405707516,0.20851441405707516,0.20851441405707516,0.20851441405707516,0.20851441405707516,0.20851441405707516,0.20851441405707516,0.20851441405707516,0.20851441405707516,0.20851441405707516,0.20851441405707516,0.20851441405707516,0.20851441405707516,-4.795831523312719,0.20851441405707516,0.20851441405707516,0.20851441405707516,0.20851441405707516,0.20851441405707516,0.20851441405707516,0.20851441405707516,0.20851441405707516,0.20851441405707516,0.20851441405707516,0.20851441405707516,0.20851441405707516,0.20851441405707516,0.20851441405707516,0.20851441405707516,0.20851441405707516,0.20851441405707516,0.20851441405707516,0.20851441405707516,0.20851441405707516,0.20851441405707516,0.20851441405707516,0.20851441405707516,-4.795831523312719,0.20851441405707516,0.20851441405707516,0.20851441405707516,0.20851441405707516,0.20851441405707516,0.20851441405707516,0.20851441405707516,0.20851441405707516,0.20851441405707516,0.20851441405707516,0.20851441405707516,0.20851441405707516,0.20851441405707516,0.20851441405707516,0.20851441405707516,0.20851441405707516,0.20851441405707516,0.20851441405707516,0.20851441405707516,0.20851441405707516,0.20851441405707516,0.20851441405707516,0.20851441405707516,-4.795831523312719
1323,-0.6854556650830212,-1.1565564895420348,-1.4182791697970423,-1.6407434480137988,-1.6845225145291818,-1.2400698175143146,-0.05684537305235771,1.404756831317198,1.7804478423377952,1.5851075509838304,1.2736575614803716,0.9067699497047155,0.47278615990004846,0.18037054714240822,-0.04637646584215741,-0.284782034583537,-0.4927326005316066,-0.36948501110243037,0.15610171679148932,0.8553771324910049,0.824922129697695,0.4980067090882583,-0.08849002439228135,-0.7739655169510784,0.20851441405707477,0.20851441405707477,0.20851441405707477,0.20851441405707477,0.20851441405707477,0.20851441405707477,0.20851441405707477,0.20851441405707477,0.20851441405707477,0.20851441405707477,0.20851441405707477,0.20851441405707477,0.20851441405707477,0.20851441405707477,0.20851441405707477,0.20851441405707477,0.20851441405707477,0.20851441405707477,0.20851441405707477,0.20851441405707477,0.20851441405707477,0.20851441405707477,0.20851441405707477,-4.79583152331272,0.20851441405707477,0.20851441405707477,0.20851441405707477,0.20851441405707477,0.20851441405707477,0.20851441405707477,0.20851441405707477,0.20851441405707477,0.20851441405707477,0.20851441405707477,0.20851441405707477,0.20851441405707477,0.20851441405707477,0.20851441405707477,0.20851441405707477,0.20851441405707477,0.20851441405707477,0.20851441405707477,0.20851441405707477,0.20851441405707477,0.20851441405707477,0.20851441405707477,0.20851441405707477,-4.79583152331272,0.20851441405707477,0.20851441405707477,0.20851441405707477,0.20851441405707477,0.20851441405707477,0.20851441405707477,0.20851441405707477,0.20851441405707477,0.20851441405707477,0.20851441405707477,0.20851441405707477,0.20851441405707477,0.20851441405707477,0.20851441405707477,0.20851441405707477,0.20851441405707477,0.20851441405707477,0.20851441405707477,0.20851441405707477,0.20851441405707477,0.20851441405707477,0.20851441405707477,0.20851441405707477,-4.79583152331272
1324,-1.4738648627562576,-1.7085513960847505,-1.735624338775876,-1.7299161882084702,-1.609229576211886,-1.4058563259960204,-0.6773332235788022,0.3193098654902868,0.7270349060192873,0.7795498912394226,0.7932494526011971,0.7919447324715042,0.7425284575593893,0.6686486802155345,0.5879191221907923,0.45336985881622216,0.38291497181281087,0.49332691278806423,0.8325541465081927,1.0993694130303706,0.9626999794450497,0.6890349322419845,0.2739708409834619,-0.2570502518015084,-0.20851441405707474,-0.20851441405707474,-0.20851441405707474,-0.20851441405707474,-0.20851441405707474,-0.20851441405707474,-0.20851441405707474,-0.20851441405707474,-0.20851441405707474,-0.20851441405707474,-0.20851441405707474,-0.20851441405707474,-0.20851441405707474,-0.20851441405707474,-0.20851441405707474,-0.20851441405707474,-0.20851441405707474,-0.20851441405707474,-0.20851441405707474,-0.20851441405707474,-0.20851441405707474,-0.20851441405707474,-0.20851441405707474,4.795831523312719,-0.20851441405707474,-0.20851441405707474,-0.20851441405707474,-0.20851441405707474,-0.20851441405707474,-0.20851441405707474,-0.20851441405707474,-0.20851441405707474,-0.20851441405707474,-0.20851441405707474,-0.20851441405707474,-0.20851441405707474,-0.20851441405707474,-0.20851441405707474,-0.20851441405707474,-0.20851441405707474,-0.20851441405707474,-0.20851441405707474,-0.20851441405707474,-0.20851441405707474,-0.20851441405707474,-0.20851441405707474,-0.20851441405707474,4.795831523312719,-0.20851441405707474,-0.20851441405707474,-0.20851441405707474,-0.20851441405707474,-0.20851441405707474,-0.20851441405707474,-0.20851441405707474,-0.20851441405707474,-0.20851441405707474,-0.20851441405707474,-0.20851441405707474,-0.20851441405707474,-0.20851441405707474,-0.20851441405707474,-0.20851441405707474,-0.20851441405707474,-0.20851441405707474,-0.20851441405707474,-0.20851441405707474,-0.20851441405707474,-0.20851441405707474,-0.20851441405707474,-0.20851441405707474,4.795831523312719
1325,-0.29661896814227057,-0.9725064845056749,-1.4608440617734748,-1.5869496811996788,-1.6313440064058424,-1.3540403228716897,-0.7167565675571235,0.2042648314664017,0.7765655890154242,1.2916041010086703,1.5463889239310007,1.3334248421449115,0.865997635445232,0.22967897415688668,-0.2811774637227354,-0.5716707656152409,-0.6125264127252611,-0.28632463186258045,0.6231156388462934,1.446019145204022,1.2205088410770604,0.8148476520555218,0.13059598746486928,-0.7122527954347591,-0.20851441405705992,-0.20851441405705992,-0.20851441405705992,-0.20851441405705992,-0.20851441405705992,-0.20851441405705992,-0.20851441405705992,-0.20851441405705992,-0.20851441405705992,-0.20851441405705992,-0.20851441405705992,-0.20851441405705992,-0.20851441405705992,-0.20851441405705992,-0.20851441405705992,-0.20851441405705992,-0.20851441405705992,-0.20851441405705992,-0.20851441405705992,-0.20851441405705992,-0.20851441405705992,-0.20851441405705992,-0.20851441405705992,4.795831523312733,-0.20851441405705992,-0.20851441405705992,-0.20851441405705992,-0.20851441405705992,-0.20851441405705992,-0.20851441405705992,-0.20851441405705992,-0.20851441405705992,-0.20851441405705992,-0.20851441405705992,-0.20851441405705992,-0.20851441405705992,-0.20851441405705992,-0.20851441405705992,-0.20851441405705992,-0.20851441405705992,-0.20851441405705992,-0.20851441405705992,-0.20851441405705992,-0.20851441405705992,-0.20851441405705992,-0.20851441405705992,-0.20851441405705992,4.795831523312733,-0.20851441405705992,-0.20851441405705992,-0.20851441405705992,-0.20851441405705992,-0.20851441405705992,-0.20851441405705992,-0.20851441405705992,-0.20851441405705992,-0.20851441405705992,-0.20851441405705992,-0.20851441405705992,-0.20851441405705992,-0.20851441405705992,-0.20851441405705992,-0.20851441405705992,-0.20851441405705992,-0.20851441405705992,-0.20851441405705992,-0.20851441405705992,-0.20851441405705992,-0.20851441405705992,-0.20851441405705992,-0.20851441405705992,4.795831523312733
1326,-0.6257022776432831,-1.0388573135445485,-1.3527162651871905,-1.5198299547786267,-1.5126547132587729,-1.398545227152709,-1.2045822467127871,-0.9367837164395301,-0.5923721234865423,-0.02136177414849092,0.2989780408024062,0.3971168280416984,0.4517412473541346,0.4658602709899762,0.39318201817597204,0.3237441970160955,0.41424482392780126,0.6915331897595749,1.2926332616002396,1.778466550315509,1.7013905688280462,1.302123097158756,0.6811175165855935,0.011274001796651055,0.20851441405707613,0.20851441405707613,0.20851441405707613,0.20851441405707613,0.20851441405707613,0.20851441405707613,0.20851441405707613,0.20851441405707613,0.20851441405707613,0.20851441405707613,0.20851441405707613,0.20851441405707613,0.20851441405707613,0.20851441405707613,0.20851441405707613,0.20851441405707613,0.20851441405707613,0.20851441405707613,0.20851441405707613,0.20851441405707613,0.20851441405707613,0.20851441405707613,0.20851441405707613,-4.795831523312718,0.20851441405707613,0.20851441405707613,0.20851441405707613,0.20851441405707613,0.20851441405707613,0.20851441405707613,0.20851441405707613,0.20851441405707613,0.20851441405707613,0.20851441405707613,0.20851441405707613,0.20851441405707613,0.20851441405707613,0.20851441405707613,0.20851441405707613,0.20851441405707613,0.20851441405707613,0.20851441405707613,0.20851441405707613,0.20851441405707613,0.20851441405707613,0.20851441405707613,0.20851441405707613,-4.795831523312718,0.20851441405707613,0.20851441405707613,0.20851441405707613,0.20851441405707613,0.20851441405707613,0.20851441405707613,0.20851441405707613,0.20851441405707613,0.20851441405707613,0.20851441405707613,0.20851441405707613,0.20851441405707613,0.20851441405707613,0.20851441405707613,0.20851441405707613,0.20851441405707613,0.20851441405707613,0.20851441405707613,0.20851441405707613,0.20851441405707613,0.20851441405707613,0.20851441405707613,0.20851441405707613,-4.795831523312718
1327,-1.4426547836356782,-1.6720347957805461,-1.7771863781942612,-1.7680294914818913,-1.6276238952255517,-1.2263996424452075,-0.5028529773894401,0.44106942787736453,0.817264856977231,0.932489014774553,0.9488187960782795,0.8157387091918359,0.62542808035308,0.4189402849891371,0.2629679813217686,0.11691563825946753,0.08868190422966012,0.25060618426006914,0.7163864883626218,1.2096374526022842,1.1756043569879757,0.9204324472699326,0.4303863933795996,-0.15458605276230214,-0.2085144140570771,-0.2085144140570771,-0.2085144140570771,-0.2085144140570771,-0.2085144140570771,-0.2085144140570771,-0.2085144140570771,-0.2085144140570771,-0.2085144140570771,-0.2085144140570771,-0.2085144140570771,-0.2085144140570771,-0.2085144140570771,-0.2085144140570771,-0.2085144140570771,-0.2085144140570771,-0.2085144140570771,-0.2085144140570771,-0.2085144140570771,-0.2085144140570771,-0.2085144140570771,-0.2085144140570771,-0.2085144140570771,4.7958315233127164,-0.2085144140570771,-0.2085144140570771,-0.2085144140570771,-0.2085144140570771,-0.2085144140570771,-0.2085144140570771,-0.2085144140570771,-0.2085144140570771,-0.2085144140570771,-0.2085144140570771,-0.2085144140570771,-0.2085144140570771,-0.2085144140570771,-0.2085144140570771,-0.2085144140570771,-0.2085144140570771,-0.2085144140570771,-0.2085144140570771,-0.2085144140570771,-0.2085144140570771,-0.2085144140570771,-0.2085144140570771,-0.2085144140570771,4.7958315233127164,-0.2085144140570771,-0.2085144140570771,-0.2085144140570771,-0.2085144140570771,-0.2085144140570771,-0.2085144140570771,-0.2085144140570771,-0.2085144140570771,-0.2085144140570771,-0.2085144140570771,-0.2085144140570771,-0.2085144140570771,-0.2085144140570771,-0.2085144140570771,-0.2085144140570771,-0.2085144140570771,-0.2085144140570771,-0.2085144140570771,-0.2085144140570771,-0.2085144140570771,-0.2085144140570771,-0.2085144140570771,-0.2085144140570771,4.7958315233127164
1328,-1.2446219762159287,-1.4489524043959299,-1.5872303980887403,-1.6849715394638667,-1.513564443115487,-1.1701329379468852,-0.10938434049682906,1.2048739120567127,1.509826273147107,1.334303760319775,0.9966338382217066,0.7262509755545148,0.4313813848375545,0.1990661246006751,0.046795714879425555,-0.07275713383415011,-0.08530915409495582,0.16141006381825798,0.6558773537644238,1.1659832263306098,0.9916953384469633,0.5824171696151182,-0.14724617210319382,-0.9423446358368537,-0.20851441405706486,-0.20851441405706486,-0.20851441405706486,-0.20851441405706486,-0.20851441405706486,-0.20851441405706486,-0.20851441405706486,-0.20851441405706486,-0.20851441405706486,-0.20851441405706486,-0.20851441405706486,-0.20851441405706486,-0.20851441405706486,-0.20851441405706486,-0.20851441405706486,-0.20851441405706486,-0.20851441405706486,-0.20851441405706486,-0.20851441405706486,-0.20851441405706486,-0.20851441405706486,-0.20851441405706486,-0.20851441405706486,4.795831523312729,-0.20851441405706486,-0.20851441405706486,-0.20851441405706486,-0.20851441405706486,-0.20851441405706486,-0.20851441405706486,-0.20851441405706486,-0.20851441405706486,-0.20851441405706486,-0.20851441405706486,-0.20851441405706486,-0.20851441405706486,-0.20851441405706486,-0.20851441405706486,-0.20851441405706486,-0.20851441405706486,-0.20851441405706486,-0.20851441405706486,-0.20851441405706486,-0.20851441405706486,-0.20851441405706486,-0.20851441405706486,-0.20851441405706486,4.795831523312729,-0.20851441405706486,-0.20851441405706486,-0.20851441405706486,-0.20851441405706486,-0.20851441405706486,-0.20851441405706486,-0.20851441405706486,-0.20851441405706486,-0.20851441405706486,-0.20851441405706486,-0.20851441405706486,-0.20851441405706486,-0.20851441405706486,-0.20851441405706486,-0.20851441405706486,-0.20851441405706486,-0.20851441405706486,-0.20851441405706486,-0.20851441405706486,-0.20851441405706486,-0.20851441405706486,-0.20851441405706486,-0.20851441405706486,4.795831523312729
1329,-0.7824123477025575,-1.376298191396847,-1.6483614890706082,-1.799482169234865,-1.7879638247101504,-1.3428949922751745,-0.48086208804552677,0.7393913309027481,1.095999277387915,1.1395386196913366,1.15474283446396,1.0690463512000827,0.8776114651993244,0.6212131160791753,0.44244840905560323,0.1563327310616902,-0.029803716457699275,0.049903227653326415,0.42286722336358823,1.0319572818305014,0.9543236397339243,0.5659250623605447,-0.1159609335025652,-0.9572608175877265,0.20851441405708662,0.20851441405708662,0.20851441405708662,0.20851441405708662,0.20851441405708662,0.20851441405708662,0.20851441405708662,0.20851441405708662,0.20851441405708662,0.20851441405708662,0.20851441405708662,0.20851441405708662,0.20851441405708662,0.20851441405708662,0.20851441405708662,0.20851441405708662,0.20851441405708662,0.20851441405708662,0.20851441405708662,0.20851441405708662,0.20851441405708662,0.20851441405708662,0.20851441405708662,-4.7958315233127085,0.20851441405708662,0.20851441405708662,0.20851441405708662,0.20851441405708662,0.20851441405708662,0.20851441405708662,0.20851441405708662,0.20851441405708662,0.20851441405708662,0.20851441405708662,0.20851441405708662,0.20851441405708662,0.20851441405708662,0.20851441405708662,0.20851441405708662,0.20851441405708662,0.20851441405708662,0.20851441405708662,0.20851441405708662,0.20851441405708662,0.20851441405708662,0.20851441405708662,0.20851441405708662,-4.7958315233127085,0.20851441405708662,0.20851441405708662,0.20851441405708662,0.20851441405708662,0.20851441405708662,0.20851441405708662,0.20851441405708662,0.20851441405708662,0.20851441405708662,0.20851441405708662,0.20851441405708662,0.20851441405708662,0.20851441405708662,0.20851441405708662,0.20851441405708662,0.20851441405708662,0.20851441405708662,0.20851441405708662,0.20851441405708662,0.20851441405708662,0.20851441405708662,0.20851441405708662,0.20851441405708662,-4.7958315233127085
1330,-1.1696565138489359,-1.4594342438005308,-1.6595653801416321,-1.7435683625320944,-1.5942297271712724,-1.2317362372692775,-0.2807877466940442,1.1157889682936415,1.4036131405152257,1.1249055710336917,0.7993126160319,0.5121396297203196,0.26295248815894817,0.05305356316779302,-0.01662332920259043,-0.08499784975296672,-0.07978836247293805,0.15138263557833415,0.721387368801471,1.3165712905447466,1.2740271444245124,0.8874397758523849,0.27879801196903536,-0.5809844512056963,-0.20851441405707305,-0.20851441405707305,-0.20851441405707305,-0.20851441405707305,-0.20851441405707305,-0.20851441405707305,-0.20851441405707305,-0.20851441405707305,-0.20851441405707305,-0.20851441405707305,-0.20851441405707305,-0.20851441405707305,-0.20851441405707305,-0.20851441405707305,-0.20851441405707305,-0.20851441405707305,-0.20851441405707305,-0.20851441405707305,-0.20851441405707305,-0.20851441405707305,-0.20851441405707305,-0.20851441405707305,-0.20851441405707305,4.795831523312721,-0.20851441405707305,-0.20851441405707305,-0.20851441405707305,-0.20851441405707305,-0.20851441405707305,-0.20851441405707305,-0.20851441405707305,-0.20851441405707305,-0.20851441405707305,-0.20851441405707305,-0.20851441405707305,-0.20851441405707305,-0.20851441405707305,-0.20851441405707305,-0.20851441405707305,-0.20851441405707305,-0.20851441405707305,-0.20851441405707305,-0.20851441405707305,-0.20851441405707305,-0.20851441405707305,-0.20851441405707305,-0.20851441405707305,4.795831523312721,-0.20851441405707305,-0.20851441405707305,-0.20851441405707305,-0.20851441405707305,-0.20851441405707305,-0.20851441405707305,-0.20851441405707305,-0.20851441405707305,-0.20851441405707305,-0.20851441405707305,-0.20851441405707305,-0.20851441405707305,-0.20851441405707305,-0.20851441405707305,-0.20851441405707305,-0.20851441405707305,-0.20851441405707305,-0.20851441405707305,-0.20851441405707305,-0.20851441405707305,-0.20851441405707305,-0.20851441405707305,-0.20851441405707305,4.795831523312721
1331,-0.9680833945354882,-1.433427891556426,-1.6277738200836025,-1.7070322155164734,-1.5984590710878832,-1.304660142264118,-0.28472402350194115,1.0303139018171439,1.387519546987206,1.4074970055620664,1.2531059941846112,1.0418226551265746,0.7938415932516744,0.5842954245044952,0.319376952098735,0.14522562843527623,0.03513245998468571,0.11960236635012893,0.43033870570475424,0.8285849994688232,0.5953698852362114,0.22187826840186095,-0.2534549579065072,-1.0162898706617822,-0.2085144140570896,-0.2085144140570896,-0.2085144140570896,-0.2085144140570896,-0.2085144140570896,-0.2085144140570896,-0.2085144140570896,-0.2085144140570896,-0.2085144140570896,-0.2085144140570896,-0.2085144140570896,-0.2085144140570896,-0.2085144140570896,-0.2085144140570896,-0.2085144140570896,-0.2085144140570896,-0.2085144140570896,-0.2085144140570896,-0.2085144140570896,-0.2085144140570896,-0.2085144140570896,-0.2085144140570896,-0.2085144140570896,4.795831523312705,-0.2085144140570896,-0.2085144140570896,-0.2085144140570896,-0.2085144140570896,-0.2085144140570896,-0.2085144140570896,-0.2085144140570896,-0.2085144140570896,-0.2085144140570896,-0.2085144140570896,-0.2085144140570896,-0.2085144140570896,-0.2085144140570896,-0.2085144140570896,-0.2085144140570896,-0.2085144140570896,-0.2085144140570896,-0.2085144140570896,-0.2085144140570896,-0.2085144140570896,-0.2085144140570896,-0.2085144140570896,-0.2085144140570896,4.795831523312705,-0.2085144140570896,-0.2085144140570896,-0.2085144140570896,-0.2085144140570896,-0.2085144140570896,-0.2085144140570896,-0.2085144140570896,-0.2085144140570896,-0.2085144140570896,-0.2085144140570896,-0.2085144140570896,-0.2085144140570896,-0.2085144140570896,-0.2085144140570896,-0.2085144140570896,-0.2085144140570896,-0.2085144140570896,-0.2085144140570896,-0.2085144140570896,-0.2085144140570896,-0.2085144140570896,-0.2085144140570896,-0.2085144140570896,4.795831523312705
1332,-0.16119293630816775,-0.7845133026444455,-1.3397883972694509,-1.6344372625097716,-1.7288019317697436,-1.5827613722007394,-1.2117220604166317,-0.6464969496451667,-0.01483140847637443,0.6951503888129388,1.263585182212294,1.3605175975745782,1.1570237189663393,0.9188652679768861,0.5519985436090357,0.28110132981510244,0.18705762881791943,0.35010950631474186,0.7580601683195869,1.3168659138352714,1.0655477640714683,0.49261941499306694,-0.23918822416589974,-1.0547685799128008,0.2085144140570741,0.2085144140570741,0.2085144140570741,0.2085144140570741,0.2085144140570741,0.2085144140570741,0.2085144140570741,0.2085144140570741,0.2085144140570741,0.2085144140570741,0.2085144140570741,0.2085144140570741,0.2085144140570741,0.2085144140570741,0.2085144140570741,0.2085144140570741,0.2085144140570741,0.2085144140570741,0.2085144140570741,0.2085144140570741,0.2085144140570741,0.2085144140570741,0.2085144140570741,-4.79583152331272,0.2085144140570741,0.2085144140570741,0.2085144140570741,0.2085144140570741,0.2085144140570741,0.2085144140570741,0.2085144140570741,0.2085144140570741,0.2085144140570741,0.2085144140570741,0.2085144140570741,0.2085144140570741,0.2085144140570741,0.2085144140570741,0.2085144140570741,0.2085144140570741,0.2085144140570741,0.2085144140570741,0.2085144140570741,0.2085144140570741,0.2085144140570741,0.2085144140570741,0.2085144140570741,-4.79583152331272,0.2085144140570741,0.2085144140570741,0.2085144140570741,0.2085144140570741,0.2085144140570741,0.2085144140570741,0.2085144140570741,0.2085144140570741,0.2085144140570741,0.2085144140570741,0.2085144140570741,0.2085144140570741,0.2085144140570741,0.2085144140570741,0.2085144140570741,0.2085144140570741,0.2085144140570741,0.2085144140570741,0.2085144140570741,0.2085144140570741,0.2085144140570741,0.2085144140570741,0.2085144140570741,-4.79583152331272
1333,-1.0037375831608122,-1.291216786952228,-1.4295948761662132,-1.484401450246045,-1.445594310835481,-1.3097693228985066,-1.052416714175818,-0.593879724824679,-0.11440730500205132,0.2004751858292803,0.37868165496463396,0.3928088153640937,0.3497465071585116,0.2391121184880437,0.09681927398264195,-0.048707498806973476,-0.005474983849590646,0.24149501301325377,0.825133964937922,1.5755755336272956,1.7602498593310765,1.6322543819769353,1.2763520639616301,0.81049618428306,-0.20851441405707344,-0.20851441405707344,-0.20851441405707344,-0.20851441405707344,-0.20851441405707344,-0.20851441405707344,-0.20851441405707344,-0.20851441405707344,-0.20851441405707344,-0.20851441405707344,-0.20851441405707344,-0.20851441405707344,-0.20851441405707344,-0.20851441405707344,-0.20851441405707344,-0.20851441405707344,-0.20851441405707344,-0.20851441405707344,-0.20851441405707344,-0.20851441405707344,-0.20851441405707344,-0.20851441405707344,-0.20851441405707344,4.795831523312721,-0.20851441405707344,-0.20851441405707344,-0.20851441405707344,-0.20851441405707344,-0.20851441405707344,-0.20851441405707344,-0.20851441405707344,-0.20851441405707344,-0.20851441405707344,-0.20851441405707344,-0.20851441405707344,-0.20851441405707344,-0.20851441405707344,-0.20851441405707344,-0.20851441405707344,-0.20851441405707344,-0.20851441405707344,-0.20851441405707344,-0.20851441405707344,-0.20851441405707344,-0.20851441405707344,-0.20851441405707344,-0.20851441405707344,4.795831523312721,-0.20851441405707344,-0.20851441405707344,-0.20851441405707344,-0.20851441405707344,-0.20851441405707344,-0.20851441405707344,-0.20851441405707344,-0.20851441405707344,-0.20851441405707344,-0.20851441405707344,-0.20851441405707344,-0.20851441405707344,-0.20851441405707344,-0.20851441405707344,-0.20851441405707344,-0.20851441405707344,-0.20851441405707344,-0.20851441405707344,-0.20851441405707344,-0.20851441405707344,-0.20851441405707344,-0.20851441405707344,-0.20851441405707344,4.795831523312721
1334,-1.425863447715754,-1.640889771935623,-1.6423232807637556,-1.5869540022771391,-1.3884130295807933,-0.8515639734451866,0.1515338290405031,1.3124967912242802,1.5705283802881231,1.4092586371232212,1.1247071347389277,0.7829944678328523,0.45561688920810145,0.17142376403084103,-0.03535988442726651,-0.33102108022958665,-0.44014693977117025,-0.285507174936381,0.2192671211697619,0.968633861076006,0.9869110986346948,0.7202784566020571,0.19131369902117892,-0.4369215449078722,-0.208514414057074,-0.208514414057074,-0.208514414057074,-0.208514414057074,-0.208514414057074,-0.208514414057074,-0.208514414057074,-0.208514414057074,-0.208514414057074,-0.208514414057074,-0.208514414057074,-0.208514414057074,-0.208514414057074,-0.208514414057074,-0.208514414057074,-0.208514414057074,-0.208514414057074,-0.208514414057074,-0.208514414057074,-0.208514414057074,-0.208514414057074,-0.208514414057074,-0.208514414057074,4.79583152331272,-0.208514414057074,-0.208514414057074,-0.208514414057074,-0.208514414057074,-0.208514414057074,-0.208514414057074,-0.208514414057074,-0.208514414057074,-0.208514414057074,-0.208514414057074,-0.208514414057074,-0.208514414057074,-0.208514414057074,-0.208514414057074,-0.208514414057074,-0.208514414057074,-0.208514414057074,-0.208514414057074,-0.208514414057074,-0.208514414057074,-0.208514414057074,-0.208514414057074,-0.208514414057074,4.79583152331272,-0.208514414057074,-0.208514414057074,-0.208514414057074,-0.208514414057074,-0.208514414057074,-0.208514414057074,-0.208514414057074,-0.208514414057074,-0.208514414057074,-0.208514414057074,-0.208514414057074,-0.208514414057074,-0.208514414057074,-0.208514414057074,-0.208514414057074,-0.208514414057074,-0.208514414057074,-0.208514414057074,-0.208514414057074,-0.208514414057074,-0.208514414057074,-0.208514414057074,-0.208514414057074,4.79583152331272
1335,-0.8796630262256443,-1.1751359945366433,-1.3803718516551615,-1.4513234588724682,-1.293468037446044,-0.9615668949597166,0.22818203545935023,1.656737885472238,1.9141160311162266,1.6098336350634816,1.2681706942687325,0.8765082987235325,0.46460802863648315,0.07175516988293901,-0.21157507370295042,-0.47609599859700347,-0.6389513654984726,-0.5125241727723321,-0.012291532626152556,0.8229374543480492,0.818175601514673,0.49365533092007857,-0.23205104088646847,-0.9996617176267268,0.20851441405707438,0.20851441405707438,0.20851441405707438,0.20851441405707438,0.20851441405707438,0.20851441405707438,0.20851441405707438,0.20851441405707438,0.20851441405707438,0.20851441405707438,0.20851441405707438,0.20851441405707438,0.20851441405707438,0.20851441405707438,0.20851441405707438,0.20851441405707438,0.20851441405707438,0.20851441405707438,0.20851441405707438,0.20851441405707438,0.20851441405707438,0.20851441405707438,0.20851441405707438,-4.795831523312719,0.20851441405707438,0.20851441405707438,0.20851441405707438,0.20851441405707438,0.20851441405707438,0.20851441405707438,0.20851441405707438,0.20851441405707438,0.20851441405707438,0.20851441405707438,0.20851441405707438,0.20851441405707438,0.20851441405707438,0.20851441405707438,0.20851441405707438,0.20851441405707438,0.20851441405707438,0.20851441405707438,0.20851441405707438,0.20851441405707438,0.20851441405707438,0.20851441405707438,0.20851441405707438,-4.795831523312719,0.20851441405707438,0.20851441405707438,0.20851441405707438,0.20851441405707438,0.20851441405707438,0.20851441405707438,0.20851441405707438,0.20851441405707438,0.20851441405707438,0.20851441405707438,0.20851441405707438,0.20851441405707438,0.20851441405707438,0.20851441405707438,0.20851441405707438,0.20851441405707438,0.20851441405707438,0.20851441405707438,0.20851441405707438,0.20851441405707438,0.20851441405707438,0.20851441405707438,0.20851441405707438,-4.795831523312719
1336,-1.0534174411193242,-1.4396124424504944,-1.6178729506364466,-1.775989804798956,-1.7149090474375484,-1.5541930121107237,-0.5922793828837319,0.6553275759875747,0.9648467329714459,0.8792903529794031,0.7621106021548585,0.6137406773585312,0.42854901940107165,0.23642621167210479,0.12812699649230386,0.022860159337537364,-0.024141700050496238,0.17577865117141628,0.6821857813521655,1.423818806903442,1.4214362241694865,1.091990011592532,0.469702721169396,-0.1837747432255228,-0.20851441405707546,-0.20851441405707546,-0.20851441405707546,-0.20851441405707546,-0.20851441405707546,-0.20851441405707546,-0.20851441405707546,-0.20851441405707546,-0.20851441405707546,-0.20851441405707546,-0.20851441405707546,-0.20851441405707546,-0.20851441405707546,-0.20851441405707546,-0.20851441405707546,-0.20851441405707546,-0.20851441405707546,-0.20851441405707546,-0.20851441405707546,-0.20851441405707546,-0.20851441405707546,-0.20851441405707546,-0.20851441405707546,4.795831523312719,-0.20851441405707546,-0.20851441405707546,-0.20851441405707546,-0.20851441405707546,-0.20851441405707546,-0.20851441405707546,-0.20851441405707546,-0.20851441405707546,-0.20851441405707546,-0.20851441405707546,-0.20851441405707546,-0.20851441405707546,-0.20851441405707546,-0.20851441405707546,-0.20851441405707546,-0.20851441405707546,-0.20851441405707546,-0.20851441405707546,-0.20851441405707546,-0.20851441405707546,-0.20851441405707546,-0.20851441405707546,-0.20851441405707546,4.795831523312719,-0.20851441405707546,-0.20851441405707546,-0.20851441405707546,-0.20851441405707546,-0.20851441405707546,-0.20851441405707546,-0.20851441405707546,-0.20851441405707546,-0.20851441405707546,-0.20851441405707546,-0.20851441405707546,-0.20851441405707546,-0.20851441405707546,-0.20851441405707546,-0.20851441405707546,-0.20851441405707546,-0.20851441405707546,-0.20851441405707546,-0.20851441405707546,-0.20851441405707546,-0.20851441405707546,-0.20851441405707546,-0.20851441405707546,4.795831523312719
1337,-1.1739547268771104,-1.5222515359054098,-1.7306795756002917,-1.8021855194729939,-1.687658142336221,-1.4751047597256062,-0.6054431841089783,0.524114995198817,0.9052181026522298,0.9079683312627183,0.9120936741784511,0.8238899137420684,0.684021144408651,0.5459203791819762,0.45143038192161977,0.3152940657024368,0.2416272279214936,0.3376887843878435,0.6720380054629509,1.1851520862198137,1.1105030239351248,0.7637777741128189,0.16442438192706516,-0.547884828189468,-0.2085144140570872,-0.2085144140570872,-0.2085144140570872,-0.2085144140570872,-0.2085144140570872,-0.2085144140570872,-0.2085144140570872,-0.2085144140570872,-0.2085144140570872,-0.2085144140570872,-0.2085144140570872,-0.2085144140570872,-0.2085144140570872,-0.2085144140570872,-0.2085144140570872,-0.2085144140570872,-0.2085144140570872,-0.2085144140570872,-0.2085144140570872,-0.2085144140570872,-0.2085144140570872,-0.2085144140570872,-0.2085144140570872,4.795831523312707,-0.2085144140570872,-0.2085144140570872,-0.2085144140570872,-0.2085144140570872,-0.2085144140570872,-0.2085144140570872,-0.2085144140570872,-0.2085144140570872,-0.2085144140570872,-0.2085144140570872,-0.2085144140570872,-0.2085144140570872,-0.2085144140570872,-0.2085144140570872,-0.2085144140570872,-0.2085144140570872,-0.2085144140570872,-0.2085144140570872,-0.2085144140570872,-0.2085144140570872,-0.2085144140570872,-0.2085144140570872,-0.2085144140570872,4.795831523312707,-0.2085144140570872,-0.2085144140570872,-0.2085144140570872,-0.2085144140570872,-0.2085144140570872,-0.2085144140570872,-0.2085144140570872,-0.2085144140570872,-0.2085144140570872,-0.2085144140570872,-0.2085144140570872,-0.2085144140570872,-0.2085144140570872,-0.2085144140570872,-0.2085144140570872,-0.2085144140570872,-0.2085144140570872,-0.2085144140570872,-0.2085144140570872,-0.2085144140570872,-0.2085144140570872,-0.2085144140570872,-0.2085144140570872,4.795831523312707
1338,-0.7850112254837925,-1.2047398000173715,-1.4086645319841573,-1.542057044763402,-1.4163364575799953,-1.2129066885548763,-0.15022125279592122,1.2275080953340514,1.6920308160884898,1.6247158560217838,1.4512313449675156,1.199790170600702,0.8409420378921586,0.48803346048361884,0.1987276210792829,-0.1153263654084008,-0.3175187270793524,-0.20788443550012162,0.10097244010005907,0.5917281967628462,0.507831978150297,0.13017525365840948,-0.4561083507461001,-1.2369123912257236,0.20851441405707308,0.20851441405707308,0.20851441405707308,0.20851441405707308,0.20851441405707308,0.20851441405707308,0.20851441405707308,0.20851441405707308,0.20851441405707308,0.20851441405707308,0.20851441405707308,0.20851441405707308,0.20851441405707308,0.20851441405707308,0.20851441405707308,0.20851441405707308,0.20851441405707308,0.20851441405707308,0.20851441405707308,0.20851441405707308,0.20851441405707308,0.20851441405707308,0.20851441405707308,-4.795831523312722,0.20851441405707308,0.20851441405707308,0.20851441405707308,0.20851441405707308,0.20851441405707308,0.20851441405707308,0.20851441405707308,0.20851441405707308,0.20851441405707308,0.20851441405707308,0.20851441405707308,0.20851441405707308,0.20851441405707308,0.20851441405707308,0.20851441405707308,0.20851441405707308,0.20851441405707308,0.20851441405707308,0.20851441405707308,0.20851441405707308,0.20851441405707308,0.20851441405707308,0.20851441405707308,-4.795831523312722,0.20851441405707308,0.20851441405707308,0.20851441405707308,0.20851441405707308,0.20851441405707308,0.20851441405707308,0.20851441405707308,0.20851441405707308,0.20851441405707308,0.20851441405707308,0.20851441405707308,0.20851441405707308,0.20851441405707308,0.20851441405707308,0.20851441405707308,0.20851441405707308,0.20851441405707308,0.20851441405707308,0.20851441405707308,0.20851441405707308,0.20851441405707308,0.20851441405707308,0.20851441405707308,-4.795831523312722
1339,-0.7394236879540356,-1.1672673042087474,-1.516330400148727,-1.6751369826013491,-1.7053413718129264,-1.4540533089908358,-1.2167775916792707,-0.5152261597856277,0.10910167907223045,0.8396119583542929,1.1506860286879588,0.9974843844395468,0.7066503687321954,0.43325393854905353,0.22836230863959187,0.07765174803749544,0.11595215909959847,0.17542678115538446,0.6633677903774611,1.5059768337437276,1.45304130625952,1.0828039993258576,0.6113664192606221,-0.16118089655301687,0.2085144140570753,0.2085144140570753,0.2085144140570753,0.2085144140570753,0.2085144140570753,0.2085144140570753,0.2085144140570753,0.2085144140570753,0.2085144140570753,0.2085144140570753,0.2085144140570753,0.2085144140570753,0.2085144140570753,0.2085144140570753,0.2085144140570753,0.2085144140570753,0.2085144140570753,0.2085144140570753,0.2085144140570753,0.2085144140570753,0.2085144140570753,0.2085144140570753,0.2085144140570753,-4.795831523312719,0.2085144140570753,0.2085144140570753,0.2085144140570753,0.2085144140570753,0.2085144140570753,0.2085144140570753,0.2085144140570753,0.2085144140570753,0.2085144140570753,0.2085144140570753,0.2085144140570753,0.2085144140570753,0.2085144140570753,0.2085144140570753,0.2085144140570753,0.2085144140570753,0.2085144140570753,0.2085144140570753,0.2085144140570753,0.2085144140570753,0.2085144140570753,0.2085144140570753,0.2085144140570753,-4.795831523312719,0.2085144140570753,0.2085144140570753,0.2085144140570753,0.2085144140570753,0.2085144140570753,0.2085144140570753,0.2085144140570753,0.2085144140570753,0.2085144140570753,0.2085144140570753,0.2085144140570753,0.2085144140570753,0.2085144140570753,0.2085144140570753,0.2085144140570753,0.2085144140570753,0.2085144140570753,0.2085144140570753,0.2085144140570753,0.2085144140570753,0.2085144140570753,0.2085144140570753,0.2085144140570753,-4.795831523312719
1340,-0.9761998931114515,-1.232123951866109,-1.3757214632524608,-1.4483758920904093,-1.423639159359716,-1.3077343424769075,-1.0893043251568229,-0.7529469907935588,-0.4743086994685791,-0.09563443867293395,0.1767807752355191,0.2985975156640278,0.3491600196733066,0.3393586727422772,0.24274539585070132,0.17242462104395045,0.23590001069252203,0.4448398349524035,0.9316400658601988,1.5863078100787997,1.7299053214651516,1.5570593462211246,1.2608408611944573,0.8504289055745263,-0.20851441405707438,-0.20851441405707438,-0.20851441405707438,-0.20851441405707438,-0.20851441405707438,-0.20851441405707438,-0.20851441405707438,-0.20851441405707438,-0.20851441405707438,-0.20851441405707438,-0.20851441405707438,-0.20851441405707438,-0.20851441405707438,-0.20851441405707438,-0.20851441405707438,-0.20851441405707438,-0.20851441405707438,-0.20851441405707438,-0.20851441405707438,-0.20851441405707438,-0.20851441405707438,-0.20851441405707438,-0.20851441405707438,4.79583152331272,-0.20851441405707438,-0.20851441405707438,-0.20851441405707438,-0.20851441405707438,-0.20851441405707438,-0.20851441405707438,-0.20851441405707438,-0.20851441405707438,-0.20851441405707438,-0.20851441405707438,-0.20851441405707438,-0.20851441405707438,-0.20851441405707438,-0.20851441405707438,-0.20851441405707438,-0.20851441405707438,-0.20851441405707438,-0.20851441405707438,-0.20851441405707438,-0.20851441405707438,-0.20851441405707438,-0.20851441405707438,-0.20851441405707438,4.79583152331272,-0.20851441405707438,-0.20851441405707438,-0.20851441405707438,-0.20851441405707438,-0.20851441405707438,-0.20851441405707438,-0.20851441405707438,-0.20851441405707438,-0.20851441405707438,-0.20851441405707438,-0.20851441405707438,-0.20851441405707438,-0.20851441405707438,-0.20851441405707438,-0.20851441405707438,-0.20851441405707438,-0.20851441405707438,-0.20851441405707438,-0.20851441405707438,-0.20851441405707438,-0.20851441405707438,-0.20851441405707438,-0.20851441405707438,4.79583152331272
1341,-1.6389523039154823,-1.7611490513956072,-1.7810523095079003,-1.6878618606720472,-1.480806260775169,-1.0338315417727424,-0.1943460581371873,0.7574616883336341,1.0536962276793915,1.0262328172608786,0.9390596325054864,0.7708848158977387,0.5621320389525254,0.32776731745971005,0.09432832890235021,-0.13803063789697823,-0.15561956367063257,-0.02231402096504175,0.46385005897166737,1.1438009000637261,1.2173966684324375,0.958037157682324,0.5255655880020335,0.05375036856488449,-0.20851441405707188,-0.20851441405707188,-0.20851441405707188,-0.20851441405707188,-0.20851441405707188,-0.20851441405707188,-0.20851441405707188,-0.20851441405707188,-0.20851441405707188,-0.20851441405707188,-0.20851441405707188,-0.20851441405707188,-0.20851441405707188,-0.20851441405707188,-0.20851441405707188,-0.20851441405707188,-0.20851441405707188,-0.20851441405707188,-0.20851441405707188,-0.20851441405707188,-0.20851441405707188,-0.20851441405707188,-0.20851441405707188,4.795831523312723,-0.20851441405707188,-0.20851441405707188,-0.20851441405707188,-0.20851441405707188,-0.20851441405707188,-0.20851441405707188,-0.20851441405707188,-0.20851441405707188,-0.20851441405707188,-0.20851441405707188,-0.20851441405707188,-0.20851441405707188,-0.20851441405707188,-0.20851441405707188,-0.20851441405707188,-0.20851441405707188,-0.20851441405707188,-0.20851441405707188,-0.20851441405707188,-0.20851441405707188,-0.20851441405707188,-0.20851441405707188,-0.20851441405707188,4.795831523312723,-0.20851441405707188,-0.20851441405707188,-0.20851441405707188,-0.20851441405707188,-0.20851441405707188,-0.20851441405707188,-0.20851441405707188,-0.20851441405707188,-0.20851441405707188,-0.20851441405707188,-0.20851441405707188,-0.20851441405707188,-0.20851441405707188,-0.20851441405707188,-0.20851441405707188,-0.20851441405707188,-0.20851441405707188,-0.20851441405707188,-0.20851441405707188,-0.20851441405707188,-0.20851441405707188,-0.20851441405707188,-0.20851441405707188,4.795831523312723
1342,-0.634074336006043,-0.9299331956244845,-1.1318798157936356,-1.1342335060053972,-0.9635909656526764,-0.4768478298603636,0.6082033577617649,1.9095586758447907,2.100678321039838,1.6209962558828104,1.1413141907257827,0.6305634147735008,0.11157472308005317,-0.32385796609585527,-0.6795005570930431,-0.9435845988527022,-1.1017525810830862,-1.0104294008667336,-0.4142396702275033,0.6517466266793558,0.9461932721707403,0.6992911689569414,0.07368031067069034,-0.749875894424717,-0.20851441405707463,-0.20851441405707463,-0.20851441405707463,-0.20851441405707463,-0.20851441405707463,-0.20851441405707463,-0.20851441405707463,-0.20851441405707463,-0.20851441405707463,-0.20851441405707463,-0.20851441405707463,-0.20851441405707463,-0.20851441405707463,-0.20851441405707463,-0.20851441405707463,-0.20851441405707463,-0.20851441405707463,-0.20851441405707463,-0.20851441405707463,-0.20851441405707463,-0.20851441405707463,-0.20851441405707463,-0.20851441405707463,4.795831523312719,-0.20851441405707463,-0.20851441405707463,-0.20851441405707463,-0.20851441405707463,-0.20851441405707463,-0.20851441405707463,-0.20851441405707463,-0.20851441405707463,-0.20851441405707463,-0.20851441405707463,-0.20851441405707463,-0.20851441405707463,-0.20851441405707463,-0.20851441405707463,-0.20851441405707463,-0.20851441405707463,-0.20851441405707463,-0.20851441405707463,-0.20851441405707463,-0.20851441405707463,-0.20851441405707463,-0.20851441405707463,-0.20851441405707463,4.795831523312719,-0.20851441405707463,-0.20851441405707463,-0.20851441405707463,-0.20851441405707463,-0.20851441405707463,-0.20851441405707463,-0.20851441405707463,-0.20851441405707463,-0.20851441405707463,-0.20851441405707463,-0.20851441405707463,-0.20851441405707463,-0.20851441405707463,-0.20851441405707463,-0.20851441405707463,-0.20851441405707463,-0.20851441405707463,-0.20851441405707463,-0.20851441405707463,-0.20851441405707463,-0.20851441405707463,-0.20851441405707463,-0.20851441405707463,4.795831523312719
1343,-0.31964096468461795,-0.5513686164460697,-0.6542209966396553,-0.7411704987711805,-0.5168779588309517,-0.01500791089839568,1.0428432765545064,2.1880570279067793,2.250222823967561,1.6921763756079862,1.1178139874185054,0.5783553186119884,0.04096195864470007,-0.4770174982338392,-0.7874334167699016,-1.078435432217215,-1.2312682863201332,-1.1614608475542056,-0.6616561084608783,0.19709930689038416,0.38235750976919186,0.2068062584347587,-0.36755612975472207,-1.1335791782246192,-0.2085144140570766,-0.2085144140570766,-0.2085144140570766,-0.2085144140570766,-0.2085144140570766,-0.2085144140570766,-0.2085144140570766,-0.2085144140570766,-0.2085144140570766,-0.2085144140570766,-0.2085144140570766,-0.2085144140570766,-0.2085144140570766,-0.2085144140570766,-0.2085144140570766,-0.2085144140570766,-0.2085144140570766,-0.2085144140570766,-0.2085144140570766,-0.2085144140570766,-0.2085144140570766,-0.2085144140570766,-0.2085144140570766,4.795831523312717,-0.2085144140570766,-0.2085144140570766,-0.2085144140570766,-0.2085144140570766,-0.2085144140570766,-0.2085144140570766,-0.2085144140570766,-0.2085144140570766,-0.2085144140570766,-0.2085144140570766,-0.2085144140570766,-0.2085144140570766,-0.2085144140570766,-0.2085144140570766,-0.2085144140570766,-0.2085144140570766,-0.2085144140570766,-0.2085144140570766,-0.2085144140570766,-0.2085144140570766,-0.2085144140570766,-0.2085144140570766,-0.2085144140570766,4.795831523312717,-0.2085144140570766,-0.2085144140570766,-0.2085144140570766,-0.2085144140570766,-0.2085144140570766,-0.2085144140570766,-0.2085144140570766,-0.2085144140570766,-0.2085144140570766,-0.2085144140570766,-0.2085144140570766,-0.2085144140570766,-0.2085144140570766,-0.2085144140570766,-0.2085144140570766,-0.2085144140570766,-0.2085144140570766,-0.2085144140570766,-0.2085144140570766,-0.2085144140570766,-0.2085144140570766,-0.2085144140570766,-0.2085144140570766,4.795831523312717
1344,-0.8764959346174149,-1.2425040882761504,-1.5068847233697653,-1.495206255466194,-1.362270503797882,-1.0069469058807117,0.17754791319002317,1.5312562778422916,1.7581167288201773,1.5322501900042977,1.250227614035075,0.8847164164573426,0.3964570668718603,0.05256345881775976,-0.18224828945617447,-0.3387894549721306,-0.3832670242219023,-0.2689671255912041,0.14350642164131525,0.9291939857071142,0.9455935363802144,0.5455438911727709,-0.2684701695102011,-1.214923025780482,-0.20851441405707238,-0.20851441405707238,-0.20851441405707238,-0.20851441405707238,-0.20851441405707238,-0.20851441405707238,-0.20851441405707238,-0.20851441405707238,-0.20851441405707238,-0.20851441405707238,-0.20851441405707238,-0.20851441405707238,-0.20851441405707238,-0.20851441405707238,-0.20851441405707238,-0.20851441405707238,-0.20851441405707238,-0.20851441405707238,-0.20851441405707238,-0.20851441405707238,-0.20851441405707238,-0.20851441405707238,-0.20851441405707238,4.795831523312722,-0.20851441405707238,-0.20851441405707238,-0.20851441405707238,-0.20851441405707238,-0.20851441405707238,-0.20851441405707238,-0.20851441405707238,-0.20851441405707238,-0.20851441405707238,-0.20851441405707238,-0.20851441405707238,-0.20851441405707238,-0.20851441405707238,-0.20851441405707238,-0.20851441405707238,-0.20851441405707238,-0.20851441405707238,-0.20851441405707238,-0.20851441405707238,-0.20851441405707238,-0.20851441405707238,-0.20851441405707238,-0.20851441405707238,4.795831523312722,-0.20851441405707238,-0.20851441405707238,-0.20851441405707238,-0.20851441405707238,-0.20851441405707238,-0.20851441405707238,-0.20851441405707238,-0.20851441405707238,-0.20851441405707238,-0.20851441405707238,-0.20851441405707238,-0.20851441405707238,-0.20851441405707238,-0.20851441405707238,-0.20851441405707238,-0.20851441405707238,-0.20851441405707238,-0.20851441405707238,-0.20851441405707238,-0.20851441405707238,-0.20851441405707238,-0.20851441405707238,-0.20851441405707238,4.795831523312722
1345,-0.5012979782379092,-1.0358184317121202,-1.3853728631629971,-1.5105123046166369,-1.500584749762277,-1.169317919358905,-0.10811455571655669,1.2182590231146107,1.6906016330273053,1.7028804508734872,1.5461295847520178,1.2715543175959103,0.9222611375885692,0.4522697906676966,0.09278780436246,-0.23011897984776708,-0.33148453993965066,-0.33017828272197175,-0.11595209902263016,0.5032138221571743,0.4305859208542267,0.10062534766853347,-0.4495701924178243,-1.262845936144715,-0.20851441405706916,-0.20851441405706916,-0.20851441405706916,-0.20851441405706916,-0.20851441405706916,-0.20851441405706916,-0.20851441405706916,-0.20851441405706916,-0.20851441405706916,-0.20851441405706916,-0.20851441405706916,-0.20851441405706916,-0.20851441405706916,-0.20851441405706916,-0.20851441405706916,-0.20851441405706916,-0.20851441405706916,-0.20851441405706916,-0.20851441405706916,-0.20851441405706916,-0.20851441405706916,-0.20851441405706916,-0.20851441405706916,4.795831523312725,-0.20851441405706916,-0.20851441405706916,-0.20851441405706916,-0.20851441405706916,-0.20851441405706916,-0.20851441405706916,-0.20851441405706916,-0.20851441405706916,-0.20851441405706916,-0.20851441405706916,-0.20851441405706916,-0.20851441405706916,-0.20851441405706916,-0.20851441405706916,-0.20851441405706916,-0.20851441405706916,-0.20851441405706916,-0.20851441405706916,-0.20851441405706916,-0.20851441405706916,-0.20851441405706916,-0.20851441405706916,-0.20851441405706916,4.795831523312725,-0.20851441405706916,-0.20851441405706916,-0.20851441405706916,-0.20851441405706916,-0.20851441405706916,-0.20851441405706916,-0.20851441405706916,-0.20851441405706916,-0.20851441405706916,-0.20851441405706916,-0.20851441405706916,-0.20851441405706916,-0.20851441405706916,-0.20851441405706916,-0.20851441405706916,-0.20851441405706916,-0.20851441405706916,-0.20851441405706916,-0.20851441405706916,-0.20851441405706916,-0.20851441405706916,-0.20851441405706916,-0.20851441405706916,4.795831523312725
1346,-0.35171443619762494,-1.0328177580375975,-1.4355726789679362,-1.6539553472057198,-1.6903524585786838,-1.5498357417207655,-1.1775111925940525,-0.5748704960908793,0.021505123864488856,0.7240887081540796,1.134600390524558,1.2264881798923686,1.1701024909621212,1.0677729073479685,0.7864411366536653,0.5110761055287004,0.3941280099696688,0.46423719990939444,0.6981333910274578,1.1158051608811421,0.9663383346692166,0.440370241632041,-0.23118629689699027,-1.0232709747266562,0.2085144140570783,0.2085144140570783,0.2085144140570783,0.2085144140570783,0.2085144140570783,0.2085144140570783,0.2085144140570783,0.2085144140570783,0.2085144140570783,0.2085144140570783,0.2085144140570783,0.2085144140570783,0.2085144140570783,0.2085144140570783,0.2085144140570783,0.2085144140570783,0.2085144140570783,0.2085144140570783,0.2085144140570783,0.2085144140570783,0.2085144140570783,0.2085144140570783,0.2085144140570783,-4.795831523312716,0.2085144140570783,0.2085144140570783,0.2085144140570783,0.2085144140570783,0.2085144140570783,0.2085144140570783,0.2085144140570783,0.2085144140570783,0.2085144140570783,0.2085144140570783,0.2085144140570783,0.2085144140570783,0.2085144140570783,0.2085144140570783,0.2085144140570783,0.2085144140570783,0.2085144140570783,0.2085144140570783,0.2085144140570783,0.2085144140570783,0.2085144140570783,0.2085144140570783,0.2085144140570783,-4.795831523312716,0.2085144140570783,0.2085144140570783,0.2085144140570783,0.2085144140570783,0.2085144140570783,0.2085144140570783,0.2085144140570783,0.2085144140570783,0.2085144140570783,0.2085144140570783,0.2085144140570783,0.2085144140570783,0.2085144140570783,0.2085144140570783,0.2085144140570783,0.2085144140570783,0.2085144140570783,0.2085144140570783,0.2085144140570783,0.2085144140570783,0.2085144140570783,0.2085144140570783,0.2085144140570783,-4.795831523312716
1347,-0.9035342199930834,-1.3246327992659899,-1.5893701495481782,-1.7014914499771512,-1.562685748193475,-1.3950889817902503,-0.9395815691915423,-0.46745492417016815,-0.13436805462856402,0.2778357241927746,0.40821477291707076,0.4590087649694447,0.44262360624287245,0.31224455751857627,0.19965510969741565,0.2108906471099223,0.3562504123842274,0.603900382851562,1.0013575188189856,1.7061534177576856,1.7763755265858523,1.2703081956308642,0.4966946300405608,0.4966946300405608,0.0,0.0,0.0,0.0,0.0,0.0,0.0,0.0,0.0,0.0,0.0,0.0,0.0,0.0,0.0,0.0,0.0,0.0,0.0,0.0,0.0,0.0,0.0,0.0,0.0,0.0,0.0,0.0,0.0,0.0,0.0,0.0,0.0,0.0,0.0,0.0,0.0,0.0,0.0,0.0,0.0,0.0,0.0,0.0,0.0,0.0,0.0,0.0,0.0,0.0,0.0,0.0,0.0,0.0,0.0,0.0,0.0,0.0,0.0,0.0,0.0,0.0,0.0,0.0,0.0,0.0,0.0,0.0,0.0,0.0,0.0,0.0
1348,-1.1268430873300808,-1.4992082040852337,-1.7417699878870059,-1.7811043312062123,-1.647929483111185,-1.2854916053842127,-0.42575524426441785,0.7505289273766087,1.3603985552210645,1.3367979492295408,1.2298459966806512,1.0929250206504617,0.855607815957917,0.6443262004147517,0.4678835746685977,0.19760044414662298,0.055996808197480284,-0.07980032945216052,-0.07773995908782114,0.08128317175982719,0.7282394661623918,0.8007270417077863,0.36205546050025694,-0.29857420086565084,0.0,0.0,0.0,0.0,0.0,0.0,0.0,0.0,0.0,0.0,0.0,0.0,0.0,0.0,0.0,0.0,0.0,0.0,0.0,0.0,0.0,0.0,0.0,0.0,0.0,0.0,0.0,0.0,0.0,0.0,0.0,0.0,0.0,0.0,0.0,0.0,0.0,0.0,0.0,0.0,0.0,0.0,0.0,0.0,0.0,0.0,0.0,0.0,0.0,0.0,0.0,0.0,0.0,0.0,0.0,0.0,0.0,0.0,0.0,0.0,0.0,0.0,0.0,0.0,0.0,0.0,0.0,0.0,0.0,0.0,0.0,0.0
1349,-0.9664518029585435,-1.4405854936631273,-1.638940717680245,-1.698737343143223,-1.600786900687076,-1.2489239217500743,-0.2834761666071406,1.0847063234636867,1.6382713524698385,1.4588814760809041,1.2083157656520818,0.9530644987504141,0.6763935451157392,0.4242659825293017,0.3037802446561369,0.08512094259002294,-0.13019153342405868,-0.05388389943772094,0.04585151691284328,0.3410415747020971,0.8671626300815836,0.7268190576330268,0.08288972522200136,-0.8345868565084686,0.0,0.0,0.0,0.0,0.0,0.0,0.0,0.0,0.0,0.0,0.0,0.0,0.0,0.0,0.0,0.0,0.0,0.0,0.0,0.0,0.0,0.0,0.0,0.0,0.0,0.0,0.0,0.0,0.0,0.0,0.0,0.0,0.0,0.0,0.0,0.0,0.0,0.0,0.0,0.0,0.0,0.0,0.0,0.0,0.0,0.0,0.0,0.0,0.0,0.0,0.0,0.0,0.0,0.0,0.0,0.0,0.0,0.0,0.0,0.0,0.0,0.0,0.0,0.0,0.0,0.0,0.0,0.0,0.0,0.0,0.0,0.0
1350,-0.9526031966285456,-1.4272962717214943,-1.6969154021529456,-1.8462272084752114,-1.84500166697325,-1.5349396669770814,-0.7444653982121451,0.4610589258836311,1.023173961449808,0.9796672381301875,1.0039738112524168,0.9680245938615566,0.845674700582436,0.7343546808209657,0.6295708824032881,0.4947613171875625,0.3648539179796815,0.3632198626437333,0.36710074406661025,0.4708632578993202,0.8777430365504192,0.8087041986066082,0.20655480730970072,-0.5518511254872523,-1.0,-1.0,-1.0,-1.0,-1.0,-1.0,-1.0,-1.0,-1.0,-1.0,-1.0,-1.0,-1.0,-1.0,-1.0,-1.0,-1.0,-1.0,-1.0,-1.0,-1.0,-1.0,-1.0,-1.0,-1.0,-1.0,-1.0,-1.0,-1.0,-1.0,-1.0,-1.0,-1.0,-1.0,-1.0,-1.0,-1.0,-1.0,-1.0,-1.0,-1.0,-1.0,-1.0,-1.0,-1.0,-1.0,-1.0,-1.0,-1.0,-1.0,-1.0,-1.0,-1.0,-1.0,-1.0,-1.0,-1.0,-1.0,-1.0,-1.0,-1.0,-1.0,-1.0,-1.0,-1.0,-1.0,-1.0,-1.0,-1.0,-1.0,-1.0,-1.0
1351,-0.9774228911876353,-1.3889233888407093,-1.6626330010194148,-1.839364788910453,-1.8957167678884217,-1.6420392545490607,-0.9508382366531782,0.13351612294946286,0.636752400334114,0.6655836453926096,0.7664930030973444,0.8374478204815642,0.8421282174066446,0.7854018066746694,0.7359768151458198,0.6096060981686473,0.48398424469948775,0.48342259706847807,0.5148748644050188,0.641058365505188,0.9913392713782097,0.9892798967311743,0.4701302698012496,-0.23005711019078734,0.0,0.0,0.0,0.0,0.0,0.0,0.0,0.0,0.0,0.0,0.0,0.0,0.0,0.0,0.0,0.0,0.0,0.0,0.0,0.0,0.0,0.0,0.0,0.0,0.0,0.0,0.0,0.0,0.0,0.0,0.0,0.0,0.0,0.0,0.0,0.0,0.0,0.0,0.0,0.0,0.0,0.0,0.0,0.0,0.0,0.0,0.0,0.0,0.0,0.0,0.0,0.0,0.0,0.0,0.0,0.0,0.0,0.0,0.0,0.0,0.0,0.0,0.0,0.0,0.0,0.0,0.0,0.0,0.0,0.0,0.0,0.0
1352,-1.0417219874946806,-1.4374585639996516,-1.6676850121731261,-1.8677848976615419,-1.7967457189844276,-1.437272597563324,-0.6523082698248456,0.47762379730118965,1.1366888476459345,1.184110288909453,1.2203737439933202,1.1666294438946658,0.9871718328386051,0.8073422889098896,0.6070564369851463,0.3891037736092883,0.19197935110211295,0.11722084369844833,0.09378907272118032,0.16241068772603665,0.5574033984856974,0.6466672879229088,0.3160189641325714,-0.1606130121748724,0.0,0.0,0.0,0.0,0.0,0.0,0.0,0.0,0.0,0.0,0.0,0.0,0.0,0.0,0.0,0.0,0.0,0.0,0.0,0.0,0.0,0.0,0.0,0.0,0.0,0.0,0.0,0.0,0.0,0.0,0.0,0.0,0.0,0.0,0.0,0.0,0.0,0.0,0.0,0.0,0.0,0.0,0.0,0.0,0.0,0.0,0.0,0.0,0.0,0.0,0.0,0.0,0.0,0.0,0.0,0.0,0.0,0.0,0.0,0.0,0.0,0.0,0.0,0.0,0.0,0.0,0.0,0.0,0.0,0.0,0.0,0.0
1353,-0.016126030147805177,-0.6366846496233194,-1.0102189683994018,-1.0527886901218768,-1.0315038292606393,-0.6873486142085184,-0.02332091269244882,0.8487588090728995,1.6590824556633899,1.9696615521738405,1.877926799729634,1.4480325676871764,0.9015212810669528,0.283061169000293,-0.3368978769298343,-0.8207537280571193,-1.1472215235203247,-1.2563439087807533,-1.1004547869801409,-0.7404108729752653,0.22790040282469173,0.605032162873096,0.33582364099434636,-0.2967264493889073,0.0,0.0,0.0,0.0,0.0,0.0,0.0,0.0,0.0,0.0,0.0,0.0,0.0,0.0,0.0,0.0,0.0,0.0,0.0,0.0,0.0,0.0,0.0,0.0,0.0,0.0,0.0,0.0,0.0,0.0,0.0,0.0,0.0,0.0,0.0,0.0,0.0,0.0,0.0,0.0,0.0,0.0,0.0,0.0,0.0,0.0,0.0,0.0,0.0,0.0,0.0,0.0,0.0,0.0,0.0,0.0,0.0,0.0,0.0,0.0,0.0,0.0,0.0,0.0,0.0,0.0,0.0,0.0,0.0,0.0,0.0,0.0
1354,-0.4686561213823243,-1.0951428045787057,-1.3296114339925373,-1.4372308480688138,-1.2995859548301905,-1.0425138748109968,-0.5034047096263886,0.3106568771010581,1.117971165140337,1.5616060538873706,1.471192251465922,1.0032670874414842,0.480688804042887,0.06066946070444062,-0.47101767592318305,-0.7068357650746482,-0.8869886400487288,-0.7547415857606397,-0.5216224160844417,-0.0007309573578864829,1.2522424090348765,1.7377105496485505,1.2255905792166135,0.2964875498559057,0.0,0.0,0.0,0.0,0.0,0.0,0.0,0.0,0.0,0.0,0.0,0.0,0.0,0.0,0.0,0.0,0.0,0.0,0.0,0.0,0.0,0.0,0.0,0.0,0.0,0.0,0.0,0.0,0.0,0.0,0.0,0.0,0.0,0.0,0.0,0.0,0.0,0.0,0.0,0.0,0.0,0.0,0.0,0.0,0.0,0.0,0.0,0.0,0.0,0.0,0.0,0.0,0.0,0.0,0.0,0.0,0.0,0.0,0.0,0.0,0.0,0.0,0.0,0.0,0.0,0.0,0.0,0.0,0.0,0.0,0.0,0.0
1355,-1.3020645244741442,-1.4512846574710057,-1.5465587865045407,-1.5498504070853538,-1.3307747706512365,-0.8306313101776879,0.14771147356398864,1.4232144486290714,1.9037910534277867,1.709951174779903,1.3230028887243166,0.9409920335399499,0.588422895772856,0.2923599113097206,0.07986751603722939,-0.18748522224881378,-0.370353032293987,-0.41533851356509954,-0.31055525840921533,-0.117995454431648,0.5033893641018504,0.6279223427426134,0.22159006882223858,-0.34932323413879207,0.0,0.0,0.0,0.0,0.0,0.0,0.0,0.0,0.0,0.0,0.0,0.0,0.0,0.0,0.0,0.0,0.0,0.0,0.0,0.0,0.0,0.0,0.0,0.0,0.0,0.0,0.0,0.0,0.0,0.0,0.0,0.0,0.0,0.0,0.0,0.0,0.0,0.0,0.0,0.0,0.0,0.0,0.0,0.0,0.0,0.0,0.0,0.0,0.0,0.0,0.0,0.0,0.0,0.0,0.0,0.0,0.0,0.0,0.0,0.0,0.0,0.0,0.0,0.0,0.0,0.0,0.0,0.0,0.0,0.0,0.0,0.0
1356,-0.884185027438421,-1.1132564693829226,-1.2626873368178995,-1.2874178310076994,-1.085382268304589,-0.6718800222327665,0.35590254985857495,1.7634449140848085,2.211318355471268,1.8764087816127926,1.3956312081263451,0.9203027265800233,0.46090235993560635,0.11467544127840892,-0.11984509260621815,-0.4004733275226754,-0.6077484017066755,-0.703526671577341,-0.6385567292143075,-0.38098234481376536,0.28904638336242117,0.46928557830503004,0.029376194369523115,-0.7303529703594966,0.0,0.0,0.0,0.0,0.0,0.0,0.0,0.0,0.0,0.0,0.0,0.0,0.0,0.0,0.0,0.0,0.0,0.0,0.0,0.0,0.0,0.0,0.0,0.0,0.0,0.0,0.0,0.0,0.0,0.0,0.0,0.0,0.0,0.0,0.0,0.0,0.0,0.0,0.0,0.0,0.0,0.0,0.0,0.0,0.0,0.0,0.0,0.0,0.0,0.0,0.0,0.0,0.0,0.0,0.0,0.0,0.0,0.0,0.0,0.0,0.0,0.0,0.0,0.0,0.0,0.0,0.0,0.0,0.0,0.0,0.0,0.0
1357,-1.227622964386736,-1.5012346790995086,-1.6699414538663528,-1.6899817737780507,-1.6404944531797763,-1.2439824092126117,-0.27529878246044115,1.0978721176115085,1.604401428032688,1.4583933829617464,1.2052309742813185,0.9054441478471444,0.6373537457631049,0.4723278460820828,0.33961184993216537,0.13573226878968825,0.03450820392958176,0.140640102237451,0.19258133955960663,0.28685264036871594,0.6246751760230511,0.6412391139092504,0.09422017754402841,-0.6225279988896549,0.0,0.0,0.0,0.0,0.0,0.0,0.0,0.0,0.0,0.0,0.0,0.0,0.0,0.0,0.0,0.0,0.0,0.0,0.0,0.0,0.0,0.0,0.0,0.0,0.0,0.0,0.0,0.0,0.0,0.0,0.0,0.0,0.0,0.0,0.0,0.0,0.0,0.0,0.0,0.0,0.0,0.0,0.0,0.0,0.0,0.0,0.0,0.0,0.0,0.0,0.0,0.0,0.0,0.0,0.0,0.0,0.0,0.0,0.0,0.0,0.0,0.0,0.0,0.0,0.0,0.0,0.0,0.0,0.0,0.0,0.0,0.0
1358,-1.0641416600373568,-1.396677810240676,-1.6350646629176806,-1.7435545819215137,-1.6558481723053882,-1.2638711852532254,-0.32175470470844614,1.065752382014904,1.6248287845442348,1.5136370093199998,1.263819226479756,0.9938414395334362,0.7415296355666676,0.5233027869957393,0.37948090203280366,0.135482501821118,-0.04284000872541201,-0.106853217639551,-0.07941898524777714,0.052140629176411095,0.5282908292487891,0.7521292253543984,0.20011921601688823,-0.46432957910811934,0.0,0.0,0.0,0.0,0.0,0.0,0.0,0.0,0.0,0.0,0.0,0.0,0.0,0.0,0.0,0.0,0.0,0.0,0.0,0.0,0.0,0.0,0.0,0.0,0.0,0.0,0.0,0.0,0.0,0.0,0.0,0.0,0.0,0.0,0.0,0.0,0.0,0.0,0.0,0.0,0.0,0.0,0.0,0.0,0.0,0.0,0.0,0.0,0.0,0.0,0.0,0.0,0.0,0.0,0.0,0.0,0.0,0.0,0.0,0.0,0.0,0.0,0.0,0.0,0.0,0.0,0.0,0.0,0.0,0.0,0.0,0.0
1359,-0.7461745105773768,-1.0570252057440253,-1.2462683762081166,-1.3548953224311873,-1.3154981280987108,-0.8987532400730943,0.1226133297601791,1.5882800507071018,2.145306278089975,1.9287355739848595,1.4632565842994167,1.0651855109284998,0.6577775302302332,0.38290808769093304,0.1442476272259898,-0.1121757301056191,-0.39524343273722645,-0.4965830366560239,-0.5296038064722612,-0.5118409096055957,-0.0390745776158798,0.1936649172268416,-0.19689108439279362,-0.791948129426092,0.0,0.0,0.0,0.0,0.0,0.0,0.0,0.0,0.0,0.0,0.0,0.0,0.0,0.0,0.0,0.0,0.0,0.0,0.0,0.0,0.0,0.0,0.0,0.0,0.0,0.0,0.0,0.0,0.0,0.0,0.0,0.0,0.0,0.0,0.0,0.0,0.0,0.0,0.0,0.0,0.0,0.0,0.0,0.0,0.0,0.0,0.0,0.0,0.0,0.0,0.0,0.0,0.0,0.0,0.0,0.0,0.0,0.0,0.0,0.0,0.0,0.0,0.0,0.0,0.0,0.0,0.0,0.0,0.0,0.0,0.0,0.0
1360,-0.1374215004132173,-0.8129482755594591,-1.1962844022665438,-1.3789504430751054,-1.349693869803919,-1.035373249275018,-0.28632995667810235,0.8696797718064714,1.6258496655848298,2.0665736860161648,1.9356692748412407,1.3880462366882629,0.763155838357536,0.14089102993576186,-0.23831916977153994,-0.5545152116639785,-0.672666757566847,-0.4723717559410318,-0.5923987232074379,-0.3984801542176506,0.44395912228343726,0.7020171019062104,0.09400549584732197,-0.9040937538273863,0.0,0.0,0.0,0.0,0.0,0.0,0.0,0.0,0.0,0.0,0.0,0.0,0.0,0.0,0.0,0.0,0.0,0.0,0.0,0.0,0.0,0.0,0.0,0.0,0.0,0.0,0.0,0.0,0.0,0.0,0.0,0.0,0.0,0.0,0.0,0.0,0.0,0.0,0.0,0.0,0.0,0.0,0.0,0.0,0.0,0.0,0.0,0.0,0.0,0.0,0.0,0.0,0.0,0.0,0.0,0.0,0.0,0.0,0.0,0.0,0.0,0.0,0.0,0.0,0.0,0.0,0.0,0.0,0.0,0.0,0.0,0.0
1361,-0.7022705559068865,-1.1287088626647466,-1.4089478295062847,-1.5067911014812314,-1.5924746604650721,-1.551753761146019,-1.3275060308681788,-0.7837123545449923,-0.26734872845755686,0.3892757730621722,0.7017521185312939,0.593445837703535,0.5069139266505475,0.40737395053730685,0.25155995383731944,0.20207274980374815,0.2241299036015685,0.48344285273748216,0.8018576626906324,1.0283676651528646,1.6422917791921978,1.7644544771493567,1.1146167921828032,0.15795844220810742,0.0,0.0,0.0,0.0,0.0,0.0,0.0,0.0,0.0,0.0,0.0,0.0,0.0,0.0,0.0,0.0,0.0,0.0,0.0,0.0,0.0,0.0,0.0,0.0,0.0,0.0,0.0,0.0,0.0,0.0,0.0,0.0,0.0,0.0,0.0,0.0,0.0,0.0,0.0,0.0,0.0,0.0,0.0,0.0,0.0,0.0,0.0,0.0,0.0,0.0,0.0,0.0,0.0,0.0,0.0,0.0,0.0,0.0,0.0,0.0,0.0,0.0,0.0,0.0,0.0,0.0,0.0,0.0,0.0,0.0,0.0,0.0
1362,-1.406988709117596,-1.6288355744265444,-1.732533500730584,-1.7614355261323225,-1.7585770840596229,-1.4573290500645801,-0.6758627478560372,0.387001296176025,0.7997285710063448,0.8241841309616619,0.8734128555470405,0.887228658898421,0.8198964678526127,0.737795659431191,0.6568064673713745,0.5205540619060361,0.3993878784910558,0.3738207021741333,0.4039931462748493,0.48641155937101543,0.844510830145302,0.9601189317522558,0.5537437504168237,-0.1070327753888555,0.0,0.0,0.0,0.0,0.0,0.0,0.0,0.0,0.0,0.0,0.0,0.0,0.0,0.0,0.0,0.0,0.0,0.0,0.0,0.0,0.0,0.0,0.0,0.0,0.0,0.0,0.0,0.0,0.0,0.0,0.0,0.0,0.0,0.0,0.0,0.0,0.0,0.0,0.0,0.0,0.0,0.0,0.0,0.0,0.0,0.0,0.0,0.0,0.0,0.0,0.0,0.0,0.0,0.0,0.0,0.0,0.0,0.0,0.0,0.0,0.0,0.0,0.0,0.0,0.0,0.0,0.0,0.0,0.0,0.0,0.0,0.0
1363,-0.998526431085446,-1.3477334902283162,-1.6014048267574592,-1.6568068211498945,-1.6504813965932779,-1.1527359194139966,-0.0754506819957357,1.2574689547451008,1.7331845050203036,1.5272810297980242,1.275790874150473,0.9824220455763568,0.7036671289089065,0.42600280268225205,0.22184427216524616,-0.04644097627056285,-0.25910611222577734,-0.2926962978022932,-0.2331500597348332,-0.040988024066582994,0.5708332132199571,0.8506787203282034,0.2922964146406659,-0.4859489239113394,1.0,1.0,1.0,1.0,1.0,1.0,1.0,1.0,1.0,1.0,1.0,1.0,1.0,1.0,1.0,1.0,1.0,1.0,1.0,1.0,1.0,1.0,1.0,1.0,1.0,1.0,1.0,1.0,1.0,1.0,1.0,1.0,1.0,1.0,1.0,1.0,1.0,1.0,1.0,1.0,1.0,1.0,1.0,1.0,1.0,1.0,1.0,1.0,1.0,1.0,1.0,1.0,1.0,1.0,1.0,1.0,1.0,1.0,1.0,1.0,1.0,1.0,1.0,1.0,1.0,1.0,1.0,1.0,1.0,1.0,1.0,1.0
1364,-0.9248638976984639,-1.2752754196187257,-1.440202134616133,-1.445514899945181,-1.3545049199606174,-0.9636701835802067,0.12613967826540623,1.6402777970441245,2.0927868092008763,1.7726349506764976,1.317123071159849,0.8791664162087505,0.5255210371316769,0.2183046072345456,0.06931618822428269,-0.15751579234638113,-0.3189776603900614,-0.2968026398862083,-0.2750895989761855,-0.15381995559573897,0.36128729152501493,0.5578596086997959,-0.07990322058289534,-0.874277132174049,0.0,0.0,0.0,0.0,0.0,0.0,0.0,0.0,0.0,0.0,0.0,0.0,0.0,0.0,0.0,0.0,0.0,0.0,0.0,0.0,0.0,0.0,0.0,0.0,0.0,0.0,0.0,0.0,0.0,0.0,0.0,0.0,0.0,0.0,0.0,0.0,0.0,0.0,0.0,0.0,0.0,0.0,0.0,0.0,0.0,0.0,0.0,0.0,0.0,0.0,0.0,0.0,0.0,0.0,0.0,0.0,0.0,0.0,0.0,0.0,0.0,0.0,0.0,0.0,0.0,0.0,0.0,0.0,0.0,0.0,0.0,0.0
1365,-1.0592894889164517,-1.4185149175909506,-1.6354772652633822,-1.7222176077552382,-1.790896336514857,-1.4876396121217355,-0.5513344755579733,0.8610391217258727,1.3725618612536818,1.3023222522949809,1.116354525718611,0.9500092930735605,0.7366146715704597,0.5457413215112598,0.48419804509030284,0.34617163891431596,0.18874572169259268,0.18450904686651232,0.2083682156239123,0.2605462108503758,0.6946938890808223,0.8137667499822391,0.26344498836295716,-0.6637178498918948,0.0,0.0,0.0,0.0,0.0,0.0,0.0,0.0,0.0,0.0,0.0,0.0,0.0,0.0,0.0,0.0,0.0,0.0,0.0,0.0,0.0,0.0,0.0,0.0,0.0,0.0,0.0,0.0,0.0,0.0,0.0,0.0,0.0,0.0,0.0,0.0,0.0,0.0,0.0,0.0,0.0,0.0,0.0,0.0,0.0,0.0,0.0,0.0,0.0,0.0,0.0,0.0,0.0,0.0,0.0,0.0,0.0,0.0,0.0,0.0,0.0,0.0,0.0,0.0,0.0,0.0,0.0,0.0,0.0,0.0,0.0,0.0
1366,-1.0863758356425333,-1.4669618454795228,-1.6693014103732502,-1.7852895276569043,-1.7441393316353138,-1.4533161846226224,-0.7309490130104538,0.5536620285961922,1.0881881499750903,1.1623864308844867,1.1280590652913463,1.1203833810593398,0.9920288836241198,0.8005632047257351,0.7024850173167629,0.5208271571592754,0.2978058875293083,0.26710315060128226,0.2901302032973018,0.26219924123083366,0.5517431075381906,0.5758362274886554,0.14770361810340316,-0.5247716060007231,0.0,0.0,0.0,0.0,0.0,0.0,0.0,0.0,0.0,0.0,0.0,0.0,0.0,0.0,0.0,0.0,0.0,0.0,0.0,0.0,0.0,0.0,0.0,0.0,0.0,0.0,0.0,0.0,0.0,0.0,0.0,0.0,0.0,0.0,0.0,0.0,0.0,0.0,0.0,0.0,0.0,0.0,0.0,0.0,0.0,0.0,0.0,0.0,0.0,0.0,0.0,0.0,0.0,0.0,0.0,0.0,0.0,0.0,0.0,0.0,0.0,0.0,0.0,0.0,0.0,0.0,0.0,0.0,0.0,0.0,0.0,0.0
1367,-0.6564951547490968,-1.1807904275641559,-1.5257162599659684,-1.6958770014294278,-1.7024832419803622,-1.5981847169186418,-1.2742787408152565,-0.814244171541104,-0.40065347523109546,0.15106770532572128,0.5458406255209471,0.7378219797132503,0.7608437270877183,0.69698340176202,0.6036952776185234,0.545640436413343,0.5624563214520849,0.6563450129183938,0.7340183866687728,0.8391176681609096,1.166426859093564,1.3796282586918984,1.0048742492570795,0.46396328051088254,1.0,1.0,1.0,1.0,1.0,1.0,1.0,1.0,1.0,1.0,1.0,1.0,1.0,1.0,1.0,1.0,1.0,1.0,1.0,1.0,1.0,1.0,1.0,1.0,1.0,1.0,1.0,1.0,1.0,1.0,1.0,1.0,1.0,1.0,1.0,1.0,1.0,1.0,1.0,1.0,1.0,1.0,1.0,1.0,1.0,1.0,1.0,1.0,1.0,1.0,1.0,1.0,1.0,1.0,1.0,1.0,1.0,1.0,1.0,1.0,1.0,1.0,1.0,1.0,1.0,1.0,1.0,1.0,1.0,1.0,1.0,1.0
1368,-0.6628183964112498,-1.141213185495301,-1.4325991024828595,-1.5964130757146708,-1.6720864332606935,-1.4726103030244346,-1.1180182866306199,-0.42797004540635203,0.1759671337827865,0.6595807751113909,0.8761631432603523,0.8552877342821391,0.7166982135656685,0.5398371097224739,0.19887209641165923,-0.08120630737936707,-0.2699547968907109,-0.16847711435773036,0.15654140598361593,0.4885183959843666,1.3873207269907657,1.9361700213762862,1.4131250519777236,0.6392852386047948,0.0,0.0,0.0,0.0,0.0,0.0,0.0,0.0,0.0,0.0,0.0,0.0,0.0,0.0,0.0,0.0,0.0,0.0,0.0,0.0,0.0,0.0,0.0,0.0,0.0,0.0,0.0,0.0,0.0,0.0,0.0,0.0,0.0,0.0,0.0,0.0,0.0,0.0,0.0,0.0,0.0,0.0,0.0,0.0,0.0,0.0,0.0,0.0,0.0,0.0,0.0,0.0,0.0,0.0,0.0,0.0,0.0,0.0,0.0,0.0,0.0,0.0,0.0,0.0,0.0,0.0,0.0,0.0,0.0,0.0,0.0,0.0
1369,-1.2439476297960976,-1.4084504671219424,-1.482942317986476,-1.413688175385855,-1.2497673056448892,-0.7968025354139368,0.2579167175820756,1.5485268316491108,1.9799588012395342,1.734368480420525,1.3659829991920116,1.0032232046173302,0.619318587792039,0.29593859979418125,0.0383209488876695,-0.23520381600553952,-0.4809881260195082,-0.49611928322636656,-0.3861274096842038,-0.17312727361842825,0.33861622268532027,0.5405589746383916,0.10039749127478076,-0.45596351986970396,0.0,0.0,0.0,0.0,0.0,0.0,0.0,0.0,0.0,0.0,0.0,0.0,0.0,0.0,0.0,0.0,0.0,0.0,0.0,0.0,0.0,0.0,0.0,0.0,0.0,0.0,0.0,0.0,0.0,0.0,0.0,0.0,0.0,0.0,0.0,0.0,0.0,0.0,0.0,0.0,0.0,0.0,0.0,0.0,0.0,0.0,0.0,0.0,0.0,0.0,0.0,0.0,0.0,0.0,0.0,0.0,0.0,0.0,0.0,0.0,0.0,0.0,0.0,0.0,0.0,0.0,0.0,0.0,0.0,0.0,0.0,0.0
1370,-0.7372452901844306,-1.058339791987821,-1.1726512933534274,-1.2068053394931513,-1.0374291514941125,-0.7686112509249934,0.23788757817217535,1.771334547710798,2.2652903442621786,1.9109711581187847,1.436531959361532,0.9764978684999452,0.532495268683535,0.21906800172783772,0.015770108039005155,-0.32646737470802384,-0.5727482516339238,-0.6559261327088977,-0.6203780438695932,-0.49863164810622373,-0.016757554951208054,0.3942527009751288,-0.17986055080213428,-0.9082478613329801,0.0,0.0,0.0,0.0,0.0,0.0,0.0,0.0,0.0,0.0,0.0,0.0,0.0,0.0,0.0,0.0,0.0,0.0,0.0,0.0,0.0,0.0,0.0,0.0,0.0,0.0,0.0,0.0,0.0,0.0,0.0,0.0,0.0,0.0,0.0,0.0,0.0,0.0,0.0,0.0,0.0,0.0,0.0,0.0,0.0,0.0,0.0,0.0,0.0,0.0,0.0,0.0,0.0,0.0,0.0,0.0,0.0,0.0,0.0,0.0,0.0,0.0,0.0,0.0,0.0,0.0,0.0,0.0,0.0,0.0,0.0,0.0
1371,-1.0821363750040962,-1.3378401684579535,-1.5366654595630505,-1.5860599484448688,-1.400456414464703,-1.0659210124923881,-0.037617562134534134,1.5362704699634038,1.9745841920106502,1.6627502975547266,1.2458907474460477,0.8597156525518318,0.4910032557471477,0.20910541515899267,0.16270453166395124,-0.05233612195285373,-0.2174833524567109,-0.23095457669720681,-0.18679889724224802,-0.038864897712357835,0.4331268849361283,0.7205130020667075,0.2150926259325464,-0.7376222884091916,-1.0,-1.0,-1.0,-1.0,-1.0,-1.0,-1.0,-1.0,-1.0,-1.0,-1.0,-1.0,-1.0,-1.0,-1.0,-1.0,-1.0,-1.0,-1.0,-1.0,-1.0,-1.0,-1.0,-1.0,-1.0,-1.0,-1.0,-1.0,-1.0,-1.0,-1.0,-1.0,-1.0,-1.0,-1.0,-1.0,-1.0,-1.0,-1.0,-1.0,-1.0,-1.0,-1.0,-1.0,-1.0,-1.0,-1.0,-1.0,-1.0,-1.0,-1.0,-1.0,-1.0,-1.0,-1.0,-1.0,-1.0,-1.0,-1.0,-1.0,-1.0,-1.0,-1.0,-1.0,-1.0,-1.0,-1.0,-1.0,-1.0,-1.0,-1.0,-1.0
1372,-1.2002663963526456,-1.516438706595617,-1.673492845274173,-1.7316610447847494,-1.7087690436870386,-1.5969359891441242,-0.8338067394360149,0.28471144534638987,0.8063488474089776,0.8752124900553695,0.8997932453324196,0.9437008539952416,0.8523204889576589,0.8311172420392875,0.7588760910342168,0.5686097868286544,0.4034871559599215,0.4755406676117322,0.4856731926877681,0.5993826407632818,0.8600137024413157,0.8528834070174386,0.2706384938518956,-0.5069389860572279,0.0,0.0,0.0,0.0,0.0,0.0,0.0,0.0,0.0,0.0,0.0,0.0,0.0,0.0,0.0,0.0,0.0,0.0,0.0,0.0,0.0,0.0,0.0,0.0,0.0,0.0,0.0,0.0,0.0,0.0,0.0,0.0,0.0,0.0,0.0,0.0,0.0,0.0,0.0,0.0,0.0,0.0,0.0,0.0,0.0,0.0,0.0,0.0,0.0,0.0,0.0,0.0,0.0,0.0,0.0,0.0,0.0,0.0,0.0,0.0,0.0,0.0,0.0,0.0,0.0,0.0,0.0,0.0,0.0,0.0,0.0,0.0
1373,-0.8617085140894178,-1.2821161142307862,-1.576401434329744,-1.729534358111807,-1.7323661191490287,-1.5883819617949124,-0.705743829270133,0.5245474275166275,1.0802260741283531,1.202209626500978,1.2725679968873316,1.2830237299478422,1.113989378802919,0.9233900782206925,0.7615440435548704,0.5772617483633691,0.3557309041437983,0.2145785078269037,0.10936769390551465,0.07190131710535126,0.29147171137607625,0.4310993132883131,-0.03396298013231971,-0.7026942404608174,1.0,1.0,1.0,1.0,1.0,1.0,1.0,1.0,1.0,1.0,1.0,1.0,1.0,1.0,1.0,1.0,1.0,1.0,1.0,1.0,1.0,1.0,1.0,1.0,1.0,1.0,1.0,1.0,1.0,1.0,1.0,1.0,1.0,1.0,1.0,1.0,1.0,1.0,1.0,1.0,1.0,1.0,1.0,1.0,1.0,1.0,1.0,1.0,1.0,1.0,1.0,1.0,1.0,1.0,1.0,1.0,1.0,1.0,1.0,1.0,1.0,1.0,1.0,1.0,1.0,1.0,1.0,1.0,1.0,1.0,1.0,1.0
1374,-0.4160576720059503,-1.1306463383674272,-1.4627977369910028,-1.7413549856374675,-1.7714603414888075,-1.637805794632309,-1.3916696984411334,-0.706855559844718,-0.12691392459857484,0.5724566497940929,0.9826834767793854,1.0825935588354807,0.9969090844893592,0.8106528719145853,0.6700509352462392,0.48842631587936375,0.5519453084448284,0.6657501701246191,0.7527579568158546,0.623404175080976,0.903615564158833,1.148759176091173,0.5426821220290314,-0.4071253136764318,0.0,0.0,0.0,0.0,0.0,0.0,0.0,0.0,0.0,0.0,0.0,0.0,0.0,0.0,0.0,0.0,0.0,0.0,0.0,0.0,0.0,0.0,0.0,0.0,0.0,0.0,0.0,0.0,0.0,0.0,0.0,0.0,0.0,0.0,0.0,0.0,0.0,0.0,0.0,0.0,0.0,0.0,0.0,0.0,0.0,0.0,0.0,0.0,0.0,0.0,0.0,0.0,0.0,0.0,0.0,0.0,0.0,0.0,0.0,0.0,0.0,0.0,0.0,0.0,0.0,0.0,0.0,0.0,0.0,0.0,0.0,0.0
1375,-0.4887062029943128,-0.8990516973674216,-1.256622512355215,-1.4692865805562105,-1.540621846335514,-1.4748771186266887,-1.3467419860513257,-1.2253154991605364,-0.8547746358492333,-0.2583760344906059,0.14794427247175854,0.37737995488418885,0.5216158371025296,0.6604848027732111,0.7237696937310257,0.6870957639886879,0.7689412413404906,0.9013251828494172,1.0683704603953095,1.0858129391752018,1.3635508705165649,1.5004072424818742,0.917873175538033,0.08980267653878399,-1.0,-1.0,-1.0,-1.0,-1.0,-1.0,-1.0,-1.0,-1.0,-1.0,-1.0,-1.0,-1.0,-1.0,-1.0,-1.0,-1.0,-1.0,-1.0,-1.0,-1.0,-1.0,-1.0,-1.0,-1.0,-1.0,-1.0,-1.0,-1.0,-1.0,-1.0,-1.0,-1.0,-1.0,-1.0,-1.0,-1.0,-1.0,-1.0,-1.0,-1.0,-1.0,-1.0,-1.0,-1.0,-1.0,-1.0,-1.0,-1.0,-1.0,-1.0,-1.0,-1.0,-1.0,-1.0,-1.0,-1.0,-1.0,-1.0,-1.0,-1.0,-1.0,-1.0,-1.0,-1.0,-1.0,-1.0,-1.0,-1.0,-1.0,-1.0,-1.0
1376,-1.248636541274237,-1.5419116564498125,-1.701409564350239,-1.7949796993835754,-1.735851651969145,-1.5479722813097918,-0.8619391111838614,0.02808582252185451,0.4143397922566221,0.5442736764498332,0.6227661593924898,0.7043628648244039,0.778125103973906,0.7825597075299883,0.8382878922180891,0.7883246921528952,0.7244664009453103,0.6935719961712703,0.6968240387790641,0.7300835654496812,0.8416877549444188,0.9670392154630116,0.44952098046820826,-0.17161915762038465,0.0,0.0,0.0,0.0,0.0,0.0,0.0,0.0,0.0,0.0,0.0,0.0,0.0,0.0,0.0,0.0,0.0,0.0,0.0,0.0,0.0,0.0,0.0,0.0,0.0,0.0,0.0,0.0,0.0,0.0,0.0,0.0,0.0,0.0,0.0,0.0,0.0,0.0,0.0,0.0,0.0,0.0,0.0,0.0,0.0,0.0,0.0,0.0,0.0,0.0,0.0,0.0,0.0,0.0,0.0,0.0,0.0,0.0,0.0,0.0,0.0,0.0,0.0,0.0,0.0,0.0,0.0,0.0,0.0,0.0,0.0,0.0
1377,-0.8838090235335255,-1.347025242250742,-1.684408367723735,-1.880288027194818,-1.8762137302778192,-1.6044894666595333,-0.9142095466834376,-0.09840994091827199,0.3063557874127735,0.3740517977259797,0.46462655226540833,0.5081901885317771,0.566954086373102,0.6471863948924576,0.7471633730864982,0.7940177876319812,0.83758142389835,0.8874132092677934,0.9151497690488988,0.9026134708427495,0.9466472182918488,1.0560264201405014,0.5182192270966965,-0.18334336126493347,0.0,0.0,0.0,0.0,0.0,0.0,0.0,0.0,0.0,0.0,0.0,0.0,0.0,0.0,0.0,0.0,0.0,0.0,0.0,0.0,0.0,0.0,0.0,0.0,0.0,0.0,0.0,0.0,0.0,0.0,0.0,0.0,0.0,0.0,0.0,0.0,0.0,0.0,0.0,0.0,0.0,0.0,0.0,0.0,0.0,0.0,0.0,0.0,0.0,0.0,0.0,0.0,0.0,0.0,0.0,0.0,0.0,0.0,0.0,0.0,0.0,0.0,0.0,0.0,0.0,0.0,0.0,0.0,0.0,0.0,0.0,0.0
1378,-1.0448167032569842,-1.3963360900765616,-1.6284772078051446,-1.759282112224748,-1.747855476896139,-1.6038197315697251,-1.0351942735065764,-0.20826671683092401,0.17482626760717826,0.2927010320496713,0.387421824905246,0.4840971738038723,0.5678423827253883,0.6436190170098481,0.7757770756131025,0.8532075650109135,0.8885399242506914,0.9422150402021838,1.00085172149373,0.9721347827073574,0.9859670254735683,1.0130301091465896,0.5227372432703528,-0.08091987310287355,0.0,0.0,0.0,0.0,0.0,0.0,0.0,0.0,0.0,0.0,0.0,0.0,0.0,0.0,0.0,0.0,0.0,0.0,0.0,0.0,0.0,0.0,0.0,0.0,0.0,0.0,0.0,0.0,0.0,0.0,0.0,0.0,0.0,0.0,0.0,0.0,0.0,0.0,0.0,0.0,0.0,0.0,0.0,0.0,0.0,0.0,0.0,0.0,0.0,0.0,0.0,0.0,0.0,0.0,0.0,0.0,0.0,0.0,0.0,0.0,0.0,0.0,0.0,0.0,0.0,0.0,0.0,0.0,0.0,0.0,0.0,0.0
1379,-0.8640509800695123,-1.2842028324850356,-1.6169382221858162,-1.7489267152966137,-1.867439943403953,-1.731305214907476,-1.0461398174239374,-0.0988977916039067,0.2929214523428067,0.4703457748883422,0.6171916114644914,0.7519442614990755,0.8348689692126655,0.8813413574938234,0.9419800500093861,0.8749492446075674,0.8072273999748022,0.7953069732409735,0.735013800340884,0.6664281566694356,0.8060180813206457,0.8797865192241935,0.3153802273485707,-0.41280236226139266,0.0,0.0,0.0,0.0,0.0,0.0,0.0,0.0,0.0,0.0,0.0,0.0,0.0,0.0,0.0,0.0,0.0,0.0,0.0,0.0,0.0,0.0,0.0,0.0,0.0,0.0,0.0,0.0,0.0,0.0,0.0,0.0,0.0,0.0,0.0,0.0,0.0,0.0,0.0,0.0,0.0,0.0,0.0,0.0,0.0,0.0,0.0,0.0,0.0,0.0,0.0,0.0,0.0,0.0,0.0,0.0,0.0,0.0,0.0,0.0,0.0,0.0,0.0,0.0,0.0,0.0,0.0,0.0,0.0,0.0,0.0,0.0
1380,-0.6562769187213271,-1.2542684473213477,-1.6184554536527718,-1.9196610905640166,-1.8922586701847104,-1.6257480332698453,-0.8503037339877048,0.3673360748024332,0.9147215206051866,1.0546064568963223,1.1310680492450316,1.115156966444144,0.9682004377970584,0.8477623804847852,0.7967143231652714,0.6415812658566186,0.4840173486756079,0.4201520302109346,0.3059016162101177,0.18236973724211641,0.3571706607907551,0.6376034951563967,0.1710993869248211,-0.5784894028058772,1.0,1.0,1.0,1.0,1.0,1.0,1.0,1.0,1.0,1.0,1.0,1.0,1.0,1.0,1.0,1.0,1.0,1.0,1.0,1.0,1.0,1.0,1.0,1.0,1.0,1.0,1.0,1.0,1.0,1.0,1.0,1.0,1.0,1.0,1.0,1.0,1.0,1.0,1.0,1.0,1.0,1.0,1.0,1.0,1.0,1.0,1.0,1.0,1.0,1.0,1.0,1.0,1.0,1.0,1.0,1.0,1.0,1.0,1.0,1.0,1.0,1.0,1.0,1.0,1.0,1.0,1.0,1.0,1.0,1.0,1.0,1.0
1381,-0.45583281557456273,-1.0764670508684508,-1.5562169768985659,-1.8207551403362983,-1.8798792509386013,-1.690682097011232,-1.0933596538976804,-0.5359037539331101,0.08946041020896234,0.8134773760417344,1.1719384123219823,1.1928852400782268,1.0786912436006362,0.8165180445869957,0.5959006490252597,0.4300152872782271,0.29555016716556104,0.3546742777678639,0.4067034950978905,0.4915043623046221,0.855708883614808,1.1726141164431516,0.6181988850238426,-0.27474411110122354,0.0,0.0,0.0,0.0,0.0,0.0,0.0,0.0,0.0,0.0,0.0,0.0,0.0,0.0,0.0,0.0,0.0,0.0,0.0,0.0,0.0,0.0,0.0,0.0,0.0,0.0,0.0,0.0,0.0,0.0,0.0,0.0,0.0,0.0,0.0,0.0,0.0,0.0,0.0,0.0,0.0,0.0,0.0,0.0,0.0,0.0,0.0,0.0,0.0,0.0,0.0,0.0,0.0,0.0,0.0,0.0,0.0,0.0,0.0,0.0,0.0,0.0,0.0,0.0,0.0,0.0,0.0,0.0,0.0,0.0,0.0,0.0
1382,-0.740092146266277,-1.1093085885786402,-1.3691366708184327,-1.535800284591923,-1.6016791171749545,-1.6198695410971349,-1.3912601593724359,-1.0215520839810945,-0.4281509576548328,0.20187683305527857,0.6153402524756482,0.7062923720865499,0.7731544708275372,0.7382485222201101,0.5816633865656656,0.4680961453217829,0.3768982091713922,0.49021963387578604,0.6409051725824962,0.8338711560813014,1.195958918748486,1.5858239503779188,1.1856346240899511,0.422865902055821,0.0,0.0,0.0,0.0,0.0,0.0,0.0,0.0,0.0,0.0,0.0,0.0,0.0,0.0,0.0,0.0,0.0,0.0,0.0,0.0,0.0,0.0,0.0,0.0,0.0,0.0,0.0,0.0,0.0,0.0,0.0,0.0,0.0,0.0,0.0,0.0,0.0,0.0,0.0,0.0,0.0,0.0,0.0,0.0,0.0,0.0,0.0,0.0,0.0,0.0,0.0,0.0,0.0,0.0,0.0,0.0,0.0,0.0,0.0,0.0,0.0,0.0,0.0,0.0,0.0,0.0,0.0,0.0,0.0,0.0,0.0,0.0
1383,-1.2852542834184648,-1.5003570264503125,-1.6007246231512415,-1.671946619174191,-1.6516267989832054,-1.2561086827404855,-0.12291951835228795,1.1204892767688315,1.5792246113835067,1.4031195030616315,1.1826802415957876,0.9591622194949457,0.7592480289290874,0.5739066387022186,0.42181586333332627,0.2465317578474504,0.1135292984155446,0.04374405735559402,0.10429301651055115,0.15088492745351814,0.3721451917553615,0.6771477453291455,0.13774888207752745,-0.7567337077438391,1.0,1.0,1.0,1.0,1.0,1.0,1.0,1.0,1.0,1.0,1.0,1.0,1.0,1.0,1.0,1.0,1.0,1.0,1.0,1.0,1.0,1.0,1.0,1.0,1.0,1.0,1.0,1.0,1.0,1.0,1.0,1.0,1.0,1.0,1.0,1.0,1.0,1.0,1.0,1.0,1.0,1.0,1.0,1.0,1.0,1.0,1.0,1.0,1.0,1.0,1.0,1.0,1.0,1.0,1.0,1.0,1.0,1.0,1.0,1.0,1.0,1.0,1.0,1.0,1.0,1.0,1.0,1.0,1.0,1.0,1.0,1.0
1384,-1.1673915701061253,-1.469529597028921,-1.7105885079969738,-1.8602323420860944,-1.807093511205468,-1.5817115733324658,-0.7196816501578582,0.35653237296471535,0.7474387150750712,0.7038689456940211,0.6226337214742128,0.5668481289022141,0.5485243941157911,0.5894474018054691,0.642789829739278,0.687173987333058,0.6790301052057589,0.7223962775336266,0.7541574178300929,0.7392948329477721,0.837021418475361,1.0978292436021142,0.44509709109909285,-0.4238551318837191,0.0,0.0,0.0,0.0,0.0,0.0,0.0,0.0,0.0,0.0,0.0,0.0,0.0,0.0,0.0,0.0,0.0,0.0,0.0,0.0,0.0,0.0,0.0,0.0,0.0,0.0,0.0,0.0,0.0,0.0,0.0,0.0,0.0,0.0,0.0,0.0,0.0,0.0,0.0,0.0,0.0,0.0,0.0,0.0,0.0,0.0,0.0,0.0,0.0,0.0,0.0,0.0,0.0,0.0,0.0,0.0,0.0,0.0,0.0,0.0,0.0,0.0,0.0,0.0,0.0,0.0,0.0,0.0,0.0,0.0,0.0,0.0
1385,-0.9656026408642858,-1.3630515434385506,-1.6307309850518203,-1.79944724610443,-1.8042357870993007,-1.5756627636108078,-1.0683966542208427,-0.2529081227943694,0.1711969913180086,0.32427068512070734,0.4771847608902437,0.6112639087466222,0.6968191745216447,0.7884399255568365,0.8664931437732283,0.8701643585359625,0.8511698125896422,0.888360814316471,0.8783048782272426,0.8594699503140847,0.8918724110460428,0.9640197620354274,0.49059267567588155,-0.16958750948361997,0.0,0.0,0.0,0.0,0.0,0.0,0.0,0.0,0.0,0.0,0.0,0.0,0.0,0.0,0.0,0.0,0.0,0.0,0.0,0.0,0.0,0.0,0.0,0.0,0.0,0.0,0.0,0.0,0.0,0.0,0.0,0.0,0.0,0.0,0.0,0.0,0.0,0.0,0.0,0.0,0.0,0.0,0.0,0.0,0.0,0.0,0.0,0.0,0.0,0.0,0.0,0.0,0.0,0.0,0.0,0.0,0.0,0.0,0.0,0.0,0.0,0.0,0.0,0.0,0.0,0.0,0.0,0.0,0.0,0.0,0.0,0.0
1386,-0.7630966774837706,-1.258104213523238,-1.598589644974088,-1.8115847544008303,-1.8361242449558464,-1.7128516478708822,-1.0401245200775082,0.00778841252966823,0.5056716701185517,0.7479991393493368,0.9473825001088435,1.050908475887818,1.053592482667273,0.9983786289184865,0.9121069824360076,0.7861503785715885,0.6091976458975263,0.5649115340365205,0.551108070599324,0.5110396836774616,0.5465069161202584,0.6049799209583829,0.16173537280840272,-0.5389821113992866,0.0,0.0,0.0,0.0,0.0,0.0,0.0,0.0,0.0,0.0,0.0,0.0,0.0,0.0,0.0,0.0,0.0,0.0,0.0,0.0,0.0,0.0,0.0,0.0,0.0,0.0,0.0,0.0,0.0,0.0,0.0,0.0,0.0,0.0,0.0,0.0,0.0,0.0,0.0,0.0,0.0,0.0,0.0,0.0,0.0,0.0,0.0,0.0,0.0,0.0,0.0,0.0,0.0,0.0,0.0,0.0,0.0,0.0,0.0,0.0,0.0,0.0,0.0,0.0,0.0,0.0,0.0,0.0,0.0,0.0,0.0,0.0
1387,-0.7896470133437242,-1.2594769237267491,-1.636322354869593,-1.7716664302080785,-1.7998200642002444,-1.6342560331087002,-0.9794903251257601,0.011569249442500604,0.6536787366399716,1.0341402308643781,1.2611773343424864,1.2991459966988936,1.1379728993492468,0.9416723320644206,0.7634520801874073,0.5441636833126475,0.41889292655851496,0.3483796964680445,0.265210245592105,0.1461384541206512,0.2974965231060567,0.7203176134287679,0.3824740055227775,-0.3552028631159905,0.0,0.0,0.0,0.0,0.0,0.0,0.0,0.0,0.0,0.0,0.0,0.0,0.0,0.0,0.0,0.0,0.0,0.0,0.0,0.0,0.0,0.0,0.0,0.0,0.0,0.0,0.0,0.0,0.0,0.0,0.0,0.0,0.0,0.0,0.0,0.0,0.0,0.0,0.0,0.0,0.0,0.0,0.0,0.0,0.0,0.0,0.0,0.0,0.0,0.0,0.0,0.0,0.0,0.0,0.0,0.0,0.0,0.0,0.0,0.0,0.0,0.0,0.0,0.0,0.0,0.0,0.0,0.0,0.0,0.0,0.0,0.0
1388,-0.38977195448483803,-0.9232285162182715,-1.468818599747995,-1.775503823081804,-1.8152515668972364,-1.5236286464829594,-1.094771410579611,-0.5483445324432469,0.32736102340622475,1.1553692866771776,1.5223037216891158,1.3875797900199662,1.0122774089416213,0.6043400382042898,0.2235984921827804,-0.026184697899462584,-0.0010808597002421822,0.1692068427511362,0.40183574339724526,0.4880255878812353,0.6440877820197222,1.3444848677779713,0.7566366566128936,-0.4705226340256637,0.0,0.0,0.0,0.0,0.0,0.0,0.0,0.0,0.0,0.0,0.0,0.0,0.0,0.0,0.0,0.0,0.0,0.0,0.0,0.0,0.0,0.0,0.0,0.0,0.0,0.0,0.0,0.0,0.0,0.0,0.0,0.0,0.0,0.0,0.0,0.0,0.0,0.0,0.0,0.0,0.0,0.0,0.0,0.0,0.0,0.0,0.0,0.0,0.0,0.0,0.0,0.0,0.0,0.0,0.0,0.0,0.0,0.0,0.0,0.0,0.0,0.0,0.0,0.0,0.0,0.0,0.0,0.0,0.0,0.0,0.0,0.0
1389,-0.3536356657508131,-1.060300748935873,-1.4085077365792364,-1.548385757256485,-1.619482150744921,-1.6350241530423932,-1.164134551518984,-0.8189036919751365,-0.13307150548668822,0.4803415639135391,0.5626811080001465,0.4274326199221448,0.32095337013946384,0.21546616305662153,0.03425302988609616,0.04516549958432123,0.22009569565586853,0.47405862681456107,0.8087076975601298,1.097392123213175,1.375494760067941,2.0044498317656405,1.4303877894590125,0.2445660822518884,0.0,0.0,0.0,0.0,0.0,0.0,0.0,0.0,0.0,0.0,0.0,0.0,0.0,0.0,0.0,0.0,0.0,0.0,0.0,0.0,0.0,0.0,0.0,0.0,0.0,0.0,0.0,0.0,0.0,0.0,0.0,0.0,0.0,0.0,0.0,0.0,0.0,0.0,0.0,0.0,0.0,0.0,0.0,0.0,0.0,0.0,0.0,0.0,0.0,0.0,0.0,0.0,0.0,0.0,0.0,0.0,0.0,0.0,0.0,0.0,0.0,0.0,0.0,0.0,0.0,0.0,0.0,0.0,0.0,0.0,0.0,0.0
1390,-1.2627837552149708,-1.5210420456312357,-1.6740230711644373,-1.7456962090870587,-1.6848327903265377,-1.4363267465456457,-0.9174602267648331,-0.312703438424289,0.09042858815360233,0.27889369180587215,0.4362221043933966,0.5886156451895275,0.6686310663785523,0.7357218233520224,0.8434665241307826,0.8996300649947383,0.9204270246870399,0.9445138989069373,0.9402840088000284,0.8540412493980546,0.8568611761359938,0.9386390515362305,0.548431689173894,0.010060676122335164,0.0,0.0,0.0,0.0,0.0,0.0,0.0,0.0,0.0,0.0,0.0,0.0,0.0,0.0,0.0,0.0,0.0,0.0,0.0,0.0,0.0,0.0,0.0,0.0,0.0,0.0,0.0,0.0,0.0,0.0,0.0,0.0,0.0,0.0,0.0,0.0,0.0,0.0,0.0,0.0,0.0,0.0,0.0,0.0,0.0,0.0,0.0,0.0,0.0,0.0,0.0,0.0,0.0,0.0,0.0,0.0,0.0,0.0,0.0,0.0,0.0,0.0,0.0,0.0,0.0,0.0,0.0,0.0,0.0,0.0,0.0,0.0
1391,-0.852719955230558,-1.3621415174877807,-1.6941943520726954,-1.836732362830502,-1.8117256942765008,-1.6143516317609918,-1.0488436843183666,-0.16771585591202745,0.2732946059438922,0.4397675708890996,0.5630147230481051,0.7041237813171114,0.7768217391848147,0.8464831730138177,0.9182880355760209,0.8816711280505193,0.8098662654883161,0.7557446899750137,0.7066244481725115,0.6923349232845109,0.7652115002133141,1.0065258517594249,0.5117510525124028,-0.2630984345394317,0.0,0.0,0.0,0.0,0.0,0.0,0.0,0.0,0.0,0.0,0.0,0.0,0.0,0.0,0.0,0.0,0.0,0.0,0.0,0.0,0.0,0.0,0.0,0.0,0.0,0.0,0.0,0.0,0.0,0.0,0.0,0.0,0.0,0.0,0.0,0.0,0.0,0.0,0.0,0.0,0.0,0.0,0.0,0.0,0.0,0.0,0.0,0.0,0.0,0.0,0.0,0.0,0.0,0.0,0.0,0.0,0.0,0.0,0.0,0.0,0.0,0.0,0.0,0.0,0.0,0.0,0.0,0.0,0.0,0.0,0.0,0.0
1392,-0.9570664981957208,-1.3530248437809733,-1.6254860489810459,-1.7744501137959383,-1.8103828975803269,-1.6427547169162617,-1.0420143899578433,-0.2159092248953955,0.22906422866759105,0.3349438391390661,0.47919826724435416,0.6119402500594984,0.7267158409824482,0.8343397613463693,0.9168456192590673,0.9184154981622688,0.859632254786837,0.8306767105722326,0.8318977274969448,0.8024188903146067,0.8348630543141031,0.9627209694303983,0.48251245604000165,-0.235096633712302,-1.0,-1.0,-1.0,-1.0,-1.0,-1.0,-1.0,-1.0,-1.0,-1.0,-1.0,-1.0,-1.0,-1.0,-1.0,-1.0,-1.0,-1.0,-1.0,-1.0,-1.0,-1.0,-1.0,-1.0,-1.0,-1.0,-1.0,-1.0,-1.0,-1.0,-1.0,-1.0,-1.0,-1.0,-1.0,-1.0,-1.0,-1.0,-1.0,-1.0,-1.0,-1.0,-1.0,-1.0,-1.0,-1.0,-1.0,-1.0,-1.0,-1.0,-1.0,-1.0,-1.0,-1.0,-1.0,-1.0,-1.0,-1.0,-1.0,-1.0,-1.0,-1.0,-1.0,-1.0,-1.0,-1.0,-1.0,-1.0,-1.0,-1.0,-1.0,-1.0
1393,-0.9421997018265585,-1.3471495478214965,-1.6843603040876753,-1.8228078683004267,-1.8170546853371623,-1.5685542986335776,-1.0670994480935583,-0.1605091650113987,0.35505026311597876,0.5445341278093022,0.6646086238490477,0.7703929557542332,0.7783731772839226,0.8490816517679151,0.8689394123185376,0.8089949575722658,0.7789299369255289,0.800086803306566,0.7802290427559434,0.7434829064099316,0.7542469261476523,0.8752493549234083,0.38827025506515106,-0.35073537589353043,0.0,0.0,0.0,0.0,0.0,0.0,0.0,0.0,0.0,0.0,0.0,0.0,0.0,0.0,0.0,0.0,0.0,0.0,0.0,0.0,0.0,0.0,0.0,0.0,0.0,0.0,0.0,0.0,0.0,0.0,0.0,0.0,0.0,0.0,0.0,0.0,0.0,0.0,0.0,0.0,0.0,0.0,0.0,0.0,0.0,0.0,0.0,0.0,0.0,0.0,0.0,0.0,0.0,0.0,0.0,0.0,0.0,0.0,0.0,0.0,0.0,0.0,0.0,0.0,0.0,0.0,0.0,0.0,0.0,0.0,0.0,0.0
1394,-0.8671957062500865,-1.3046168562812515,-1.6891415691171376,-1.8491263036546959,-1.8391947276915006,-1.4987143952141329,-0.985726906332569,-0.018477769047465495,0.5493492914569591,0.7235836784634498,0.8710459911343708,0.9293400239618211,0.9284764086606737,0.9224311015526419,0.9895771912168533,0.8859433550791637,0.811672439180486,0.7989341134885617,0.6536308390705093,0.4992596039904091,0.3442406574344483,0.5549627909144172,0.15791565621189377,-0.5681689082277944,0.0,0.0,0.0,0.0,0.0,0.0,0.0,0.0,0.0,0.0,0.0,0.0,0.0,0.0,0.0,0.0,0.0,0.0,0.0,0.0,0.0,0.0,0.0,0.0,0.0,0.0,0.0,0.0,0.0,0.0,0.0,0.0,0.0,0.0,0.0,0.0,0.0,0.0,0.0,0.0,0.0,0.0,0.0,0.0,0.0,0.0,0.0,0.0,0.0,0.0,0.0,0.0,0.0,0.0,0.0,0.0,0.0,0.0,0.0,0.0,0.0,0.0,0.0,0.0,0.0,0.0,0.0,0.0,0.0,0.0,0.0,0.0
1395,-0.6013012985303301,-1.0390318242436691,-1.4257989112284235,-1.6558912682604496,-1.7333456033578531,-1.5537120965521487,-1.1969680254520556,-1.0862108492052798,-0.5465534460347713,0.14195756530338574,0.5516834291411165,0.7573032438133765,0.8017070320125395,0.7739546643880627,0.6823718512272892,0.6957434465372643,0.765376659849588,0.9737717112842958,1.0840242990288083,1.002028667411036,0.9538404654448989,1.109253724141969,0.698518683299712,-0.15272212001833188,0.0,0.0,0.0,0.0,0.0,0.0,0.0,0.0,0.0,0.0,0.0,0.0,0.0,0.0,0.0,0.0,0.0,0.0,0.0,0.0,0.0,0.0,0.0,0.0,0.0,0.0,0.0,0.0,0.0,0.0,0.0,0.0,0.0,0.0,0.0,0.0,0.0,0.0,0.0,0.0,0.0,0.0,0.0,0.0,0.0,0.0,0.0,0.0,0.0,0.0,0.0,0.0,0.0,0.0,0.0,0.0,0.0,0.0,0.0,0.0,0.0,0.0,0.0,0.0,0.0,0.0,0.0,0.0,0.0,0.0,0.0,0.0
1396,-0.36716721076154984,-0.9360283375320232,-1.2545991035741524,-1.5486315989566402,-1.662147772790808,-1.5584469072204967,-1.3269336579534436,-1.1071561033496975,-0.6765627973396392,-0.11965074149907837,0.22153790880324228,0.33505408263741027,0.4031211116845899,0.46948113059892493,0.491245509792694,0.5343475156470209,0.6617331468105515,0.8452367360913494,1.0970207306859325,1.2077630130542278,1.309543492225089,1.5794644694811464,1.081017510690514,0.32075787277483647,1.0,1.0,1.0,1.0,1.0,1.0,1.0,1.0,1.0,1.0,1.0,1.0,1.0,1.0,1.0,1.0,1.0,1.0,1.0,1.0,1.0,1.0,1.0,1.0,1.0,1.0,1.0,1.0,1.0,1.0,1.0,1.0,1.0,1.0,1.0,1.0,1.0,1.0,1.0,1.0,1.0,1.0,1.0,1.0,1.0,1.0,1.0,1.0,1.0,1.0,1.0,1.0,1.0,1.0,1.0,1.0,1.0,1.0,1.0,1.0,1.0,1.0,1.0,1.0,1.0,1.0,1.0,1.0,1.0,1.0,1.0,1.0
1397,-1.3328647178453403,-1.5408721585634466,-1.6450752470765428,-1.7067464627271507,-1.6999679454896917,-1.5031251213979884,-0.9212359357980717,-0.18344085373659685,0.2471943589960961,0.43127762122905283,0.5700378564429206,0.6940448482576127,0.7440197988710363,0.7946593099979363,0.8483557994868277,0.8728116263827584,0.8523431625676859,0.8916851449654876,0.8809192646471702,0.825362005720545,0.7753870551071214,0.823899972590897,0.44031564421233155,-0.15898502684066615,0.0,0.0,0.0,0.0,0.0,0.0,0.0,0.0,0.0,0.0,0.0,0.0,0.0,0.0,0.0,0.0,0.0,0.0,0.0,0.0,0.0,0.0,0.0,0.0,0.0,0.0,0.0,0.0,0.0,0.0,0.0,0.0,0.0,0.0,0.0,0.0,0.0,0.0,0.0,0.0,0.0,0.0,0.0,0.0,0.0,0.0,0.0,0.0,0.0,0.0,0.0,0.0,0.0,0.0,0.0,0.0,0.0,0.0,0.0,0.0,0.0,0.0,0.0,0.0,0.0,0.0,0.0,0.0,0.0,0.0,0.0,0.0
1398,-0.9528487084785768,-1.3534154493842647,-1.596508529947648,-1.7443465642200566,-1.7579740925189098,-1.5834316088527887,-1.0457636741525766,-0.35062207911005966,0.04251146454170837,0.18663290018715695,0.3774182963711032,0.5489324404152569,0.6962198674836714,0.8264384712282696,0.9061388640064116,0.9247218571412116,0.9222441247232382,0.9967137490634366,0.9953372310534514,0.931742098992136,0.8598878588709095,0.9156368382753094,0.4567057337462497,-0.20237108943465554,0.0,0.0,0.0,0.0,0.0,0.0,0.0,0.0,0.0,0.0,0.0,0.0,0.0,0.0,0.0,0.0,0.0,0.0,0.0,0.0,0.0,0.0,0.0,0.0,0.0,0.0,0.0,0.0,0.0,0.0,0.0,0.0,0.0,0.0,0.0,0.0,0.0,0.0,0.0,0.0,0.0,0.0,0.0,0.0,0.0,0.0,0.0,0.0,0.0,0.0,0.0,0.0,0.0,0.0,0.0,0.0,0.0,0.0,0.0,0.0,0.0,0.0,0.0,0.0,0.0,0.0,0.0,0.0,0.0,0.0,0.0,0.0
1399,-0.9059506998079174,-1.3162251636614506,-1.6052571546782362,-1.7584220944227136,-1.802924843855657,-1.6013258163891069,-1.0707524008882174,-0.33181805606347536,0.07641211187971046,0.28398677354573715,0.48731558985950424,0.6488149667769356,0.7711582143346393,0.8549743466588758,0.9575036492393678,0.9111138574276421,0.9067107585438173,0.9251094217369423,0.9153597027799018,0.8738447704466964,0.7711582143346393,0.8694416715628716,0.42284164191778384,-0.28306946127827215,1.0,1.0,1.0,1.0,1.0,1.0,1.0,1.0,1.0,1.0,1.0,1.0,1.0,1.0,1.0,1.0,1.0,1.0,1.0,1.0,1.0,1.0,1.0,1.0,1.0,1.0,1.0,1.0,1.0,1.0,1.0,1.0,1.0,1.0,1.0,1.0,1.0,1.0,1.0,1.0,1.0,1.0,1.0,1.0,1.0,1.0,1.0,1.0,1.0,1.0,1.0,1.0,1.0,1.0,1.0,1.0,1.0,1.0,1.0,1.0,1.0,1.0,1.0,1.0,1.0,1.0,1.0,1.0,1.0,1.0,1.0,1.0
1400,-0.8689141842091345,-1.3057630112169727,-1.624495337027773,-1.8005932904253203,-1.869177065313923,-1.5742999655513321,-1.0410362665986468,-0.26027459739578684,0.22179976232844878,0.4209246353141983,0.6200495082999479,0.7819005905853699,0.8166894619056756,0.8738426076461777,0.9477275438788269,0.9091284628424877,0.8586017687820439,0.875002236690188,0.8529692848539944,0.7409822514610104,0.6989042832926406,0.7790843486213451,0.34853065070956224,-0.40158367947302837,0.0,0.0,0.0,0.0,0.0,0.0,0.0,0.0,0.0,0.0,0.0,0.0,0.0,0.0,0.0,0.0,0.0,0.0,0.0,0.0,0.0,0.0,0.0,0.0,0.0,0.0,0.0,0.0,0.0,0.0,0.0,0.0,0.0,0.0,0.0,0.0,0.0,0.0,0.0,0.0,0.0,0.0,0.0,0.0,0.0,0.0,0.0,0.0,0.0,0.0,0.0,0.0,0.0,0.0,0.0,0.0,0.0,0.0,0.0,0.0,0.0,0.0,0.0,0.0,0.0,0.0,0.0,0.0,0.0,0.0,0.0,0.0
1401,-0.8766470890782936,-1.303040944422124,-1.6415789229780773,-1.8715660848805646,-1.863951908892282,-1.6076079839534314,-0.8828946180943205,-0.12030560757554676,0.39570124209191837,0.6124124048353486,0.7715291594622817,0.8925750341478014,0.9671549117766215,1.022016025948607,1.0036639094640283,0.9478266188832886,0.8267807441977689,0.793005040454874,0.6506785200585129,0.4929284124038357,0.4074153589969687,0.5677035253144067,0.216475253444649,-0.4002730016062486,0.0,0.0,0.0,0.0,0.0,0.0,0.0,0.0,0.0,0.0,0.0,0.0,0.0,0.0,0.0,0.0,0.0,0.0,0.0,0.0,0.0,0.0,0.0,0.0,0.0,0.0,0.0,0.0,0.0,0.0,0.0,0.0,0.0,0.0,0.0,0.0,0.0,0.0,0.0,0.0,0.0,0.0,0.0,0.0,0.0,0.0,0.0,0.0,0.0,0.0,0.0,0.0,0.0,0.0,0.0,0.0,0.0,0.0,0.0,0.0,0.0,0.0,0.0,0.0,0.0,0.0,0.0,0.0,0.0,0.0,0.0,0.0
1402,0.23190638530587815,-0.62164795934249,-1.2492822127687921,-1.6898263906518207,-1.8815054680480423,-1.7692514227220784,-1.4303712858889794,-1.2962312317258777,-0.5545779322609391,0.26614739913172253,0.7804686068044572,0.9361416696621621,0.9308466675241448,0.7783506059492503,0.6043215356797526,0.5598435177204083,0.5923195308335804,0.7543465962569058,0.8422436317479909,0.7924706116506294,0.7225765834288027,1.1779467672982795,0.7243415841414751,-0.20157778972646098,1.0,1.0,1.0,1.0,1.0,1.0,1.0,1.0,1.0,1.0,1.0,1.0,1.0,1.0,1.0,1.0,1.0,1.0,1.0,1.0,1.0,1.0,1.0,1.0,1.0,1.0,1.0,1.0,1.0,1.0,1.0,1.0,1.0,1.0,1.0,1.0,1.0,1.0,1.0,1.0,1.0,1.0,1.0,1.0,1.0,1.0,1.0,1.0,1.0,1.0,1.0,1.0,1.0,1.0,1.0,1.0,1.0,1.0,1.0,1.0,1.0,1.0,1.0,1.0,1.0,1.0,1.0,1.0,1.0,1.0,1.0,1.0
1403,-0.4811812929151188,-0.8570959745596634,-1.132970385416122,-1.3282780133096561,-1.3926168897516122,-1.376770816325255,-1.2393109022652895,-1.201509425898799,-0.9462540021513354,-0.4765992957797866,-0.16750540569216976,0.008901484018119294,0.18015362695115963,0.3365142791943704,0.47072861195014226,0.6186889361119107,0.8552345382234346,1.1372182785936693,1.3936192016249662,1.4214930175315703,1.3468446475351168,1.5087418796501872,1.0604698265768553,0.2614840761033059,-1.0,-1.0,-1.0,-1.0,-1.0,-1.0,-1.0,-1.0,-1.0,-1.0,-1.0,-1.0,-1.0,-1.0,-1.0,-1.0,-1.0,-1.0,-1.0,-1.0,-1.0,-1.0,-1.0,-1.0,-1.0,-1.0,-1.0,-1.0,-1.0,-1.0,-1.0,-1.0,-1.0,-1.0,-1.0,-1.0,-1.0,-1.0,-1.0,-1.0,-1.0,-1.0,-1.0,-1.0,-1.0,-1.0,-1.0,-1.0,-1.0,-1.0,-1.0,-1.0,-1.0,-1.0,-1.0,-1.0,-1.0,-1.0,-1.0,-1.0,-1.0,-1.0,-1.0,-1.0,-1.0,-1.0,-1.0,-1.0,-1.0,-1.0,-1.0,-1.0
1404,-1.1441802521315676,-1.4650817314374547,-1.6336267660067008,-1.7247880449222193,-1.6926404906447063,-1.4617521633158552,-0.9765537191131078,-0.36196136894337116,-0.008453084584578155,0.18110267295889937,0.32760367030927934,0.47249728994578366,0.5933950565680016,0.7022374903361522,0.8656159536822264,0.9300258749311003,0.9668807496563919,1.032668423231445,1.0287647916406042,0.9736546985934392,0.8810008546578932,0.9396701412143542,0.56974364163526,0.004176311738730463,0.0,0.0,0.0,0.0,0.0,0.0,0.0,0.0,0.0,0.0,0.0,0.0,0.0,0.0,0.0,0.0,0.0,0.0,0.0,0.0,0.0,0.0,0.0,0.0,0.0,0.0,0.0,0.0,0.0,0.0,0.0,0.0,0.0,0.0,0.0,0.0,0.0,0.0,0.0,0.0,0.0,0.0,0.0,0.0,0.0,0.0,0.0,0.0,0.0,0.0,0.0,0.0,0.0,0.0,0.0,0.0,0.0,0.0,0.0,0.0,0.0,0.0,0.0,0.0,0.0,0.0,0.0,0.0,0.0,0.0,0.0,0.0
1405,-0.8965504033121612,-1.2949701212752867,-1.5493196857237121,-1.6979141227638985,-1.7233632175947582,-1.5428160281558259,-1.1739455369685317,-0.4595328915222317,-0.06252701216082054,0.09483322420999521,0.2777839392718421,0.4675210796219182,0.62841591249702,0.795107483639151,0.9916310492774564,1.0623229793631777,1.0495984319477478,1.0597780698800918,1.0228768823753451,0.9008626110473902,0.8139115370419528,0.903690288250819,0.5066844088894078,-0.17407887783608886,-1.0,-1.0,-1.0,-1.0,-1.0,-1.0,-1.0,-1.0,-1.0,-1.0,-1.0,-1.0,-1.0,-1.0,-1.0,-1.0,-1.0,-1.0,-1.0,-1.0,-1.0,-1.0,-1.0,-1.0,-1.0,-1.0,-1.0,-1.0,-1.0,-1.0,-1.0,-1.0,-1.0,-1.0,-1.0,-1.0,-1.0,-1.0,-1.0,-1.0,-1.0,-1.0,-1.0,-1.0,-1.0,-1.0,-1.0,-1.0,-1.0,-1.0,-1.0,-1.0,-1.0,-1.0,-1.0,-1.0,-1.0,-1.0,-1.0,-1.0,-1.0,-1.0,-1.0,-1.0,-1.0,-1.0,-1.0,-1.0,-1.0,-1.0,-1.0,-1.0
1406,-0.8271902733016829,-1.2472144080092673,-1.55647921466035,-1.7898409094962844,-1.8117774471308041,-1.6147523483765898,-1.0806043859753072,-0.4618056127021663,-0.029534699315187415,0.16897077927939347,0.2972255054493159,0.4985571637391417,0.6398661485013857,0.7813097132491176,0.9360766965601468,0.9795460318727228,0.9760469522500387,1.0098265286074894,1.0096919486220015,0.9223495380403859,0.8522333656012153,0.8965101808267184,0.5143030220412204,-0.06331427567263813,-1.0,-1.0,-1.0,-1.0,-1.0,-1.0,-1.0,-1.0,-1.0,-1.0,-1.0,-1.0,-1.0,-1.0,-1.0,-1.0,-1.0,-1.0,-1.0,-1.0,-1.0,-1.0,-1.0,-1.0,-1.0,-1.0,-1.0,-1.0,-1.0,-1.0,-1.0,-1.0,-1.0,-1.0,-1.0,-1.0,-1.0,-1.0,-1.0,-1.0,-1.0,-1.0,-1.0,-1.0,-1.0,-1.0,-1.0,-1.0,-1.0,-1.0,-1.0,-1.0,-1.0,-1.0,-1.0,-1.0,-1.0,-1.0,-1.0,-1.0,-1.0,-1.0,-1.0,-1.0,-1.0,-1.0,-1.0,-1.0,-1.0,-1.0,-1.0,-1.0
1407,-0.8329044474578072,-1.2627887477544861,-1.5644193145351193,-1.8060014485734628,-1.8117286112338546,-1.6314097626233381,-1.0592141477351062,-0.15223984278942826,0.4064188421742413,0.629604635545872,0.8094028330054438,0.9498050933768661,1.0251259598802003,1.0067296192134874,1.0037792626914674,0.9244667373642238,0.7884032365840072,0.6957273317158497,0.6013159230112096,0.5369287306777143,0.5197472426965389,0.6485216273635296,0.19451382373974593,-0.6197845763377743,0.0,0.0,0.0,0.0,0.0,0.0,0.0,0.0,0.0,0.0,0.0,0.0,0.0,0.0,0.0,0.0,0.0,0.0,0.0,0.0,0.0,0.0,0.0,0.0,0.0,0.0,0.0,0.0,0.0,0.0,0.0,0.0,0.0,0.0,0.0,0.0,0.0,0.0,0.0,0.0,0.0,0.0,0.0,0.0,0.0,0.0,0.0,0.0,0.0,0.0,0.0,0.0,0.0,0.0,0.0,0.0,0.0,0.0,0.0,0.0,0.0,0.0,0.0,0.0,0.0,0.0,0.0,0.0,0.0,0.0,0.0,0.0
1408,-0.6538626127840617,-1.2924085068477866,-1.6604471163372554,-1.8907172623814685,-1.9193643555740534,-1.6059957712612734,-0.8379912575791494,0.18149537191574291,0.8130435027568517,0.9965161072498192,1.1141660014300534,1.1012638754883548,0.9659008931508735,0.9479691248929196,0.8963606211261254,0.7209791803593077,0.579711835302744,0.4775882282726893,0.33916372452531335,0.2005205406772306,0.20664358349701975,0.5125770443857701,0.2676553315942044,-0.46076808385999685,0.0,0.0,0.0,0.0,0.0,0.0,0.0,0.0,0.0,0.0,0.0,0.0,0.0,0.0,0.0,0.0,0.0,0.0,0.0,0.0,0.0,0.0,0.0,0.0,0.0,0.0,0.0,0.0,0.0,0.0,0.0,0.0,0.0,0.0,0.0,0.0,0.0,0.0,0.0,0.0,0.0,0.0,0.0,0.0,0.0,0.0,0.0,0.0,0.0,0.0,0.0,0.0,0.0,0.0,0.0,0.0,0.0,0.0,0.0,0.0,0.0,0.0,0.0,0.0,0.0,0.0,0.0,0.0,0.0,0.0,0.0,0.0
1409,-0.2784275891244484,-0.8730689654350097,-1.4788226008288585,-1.7121800415778983,-1.7956575000572297,-1.6861610934804445,-1.3671579485772856,-1.024575131960809,-0.4559527037477017,0.24330652637137218,0.711918622834891,0.9466312171306732,1.0046317889312475,1.0208936314921562,0.8929671366796745,0.7948540198955254,0.7322459260360269,0.7422740622819206,0.7048718243918306,0.6346748706705747,0.7200495441153454,0.9745473801935665,0.6609648494773771,-0.11282782571252824,-1.0,-1.0,-1.0,-1.0,-1.0,-1.0,-1.0,-1.0,-1.0,-1.0,-1.0,-1.0,-1.0,-1.0,-1.0,-1.0,-1.0,-1.0,-1.0,-1.0,-1.0,-1.0,-1.0,-1.0,-1.0,-1.0,-1.0,-1.0,-1.0,-1.0,-1.0,-1.0,-1.0,-1.0,-1.0,-1.0,-1.0,-1.0,-1.0,-1.0,-1.0,-1.0,-1.0,-1.0,-1.0,-1.0,-1.0,-1.0,-1.0,-1.0,-1.0,-1.0,-1.0,-1.0,-1.0,-1.0,-1.0,-1.0,-1.0,-1.0,-1.0,-1.0,-1.0,-1.0,-1.0,-1.0,-1.0,-1.0,-1.0,-1.0,-1.0,-1.0
1410,-0.5397861129062228,-1.036391786733938,-1.3365111505420046,-1.5888564115398076,-1.5540670648779746,-1.4862033393474974,-1.2681574342134736,-1.0768160275733918,-0.6561589274440445,-0.07453985015396268,0.3015280873524719,0.38556150921873056,0.41765590649126666,0.4242707822649955,0.40957105832337587,0.4463203681774249,0.5955225661848637,0.8530127305622336,1.0411691970149644,1.1803265836622965,1.2935144580127673,1.5784441070811603,1.2822446696575256,0.4083460813282409,0.0,0.0,0.0,0.0,0.0,0.0,0.0,0.0,0.0,0.0,0.0,0.0,0.0,0.0,0.0,0.0,0.0,0.0,0.0,0.0,0.0,0.0,0.0,0.0,0.0,0.0,0.0,0.0,0.0,0.0,0.0,0.0,0.0,0.0,0.0,0.0,0.0,0.0,0.0,0.0,0.0,0.0,0.0,0.0,0.0,0.0,0.0,0.0,0.0,0.0,0.0,0.0,0.0,0.0,0.0,0.0,0.0,0.0,0.0,0.0,0.0,0.0,0.0,0.0,0.0,0.0,0.0,0.0,0.0,0.0,0.0,0.0
1411,-1.3333130687234391,-1.5356563663006544,-1.6610458370587946,-1.7245704666486585,-1.684735544530549,-1.5222271690714433,-0.9002591805455065,-0.16225689236492505,0.30414365410127353,0.45639151931783595,0.5742364972505766,0.6744273619718822,0.7295021595972987,0.8129442502462175,0.8781286682576693,0.8785813378271934,0.8503649346601991,0.8917087553433886,0.852477392651311,0.8040417487122461,0.6804629562322019,0.8167164966589172,0.5095047488086486,-0.18956795639287133,-1.0,-1.0,-1.0,-1.0,-1.0,-1.0,-1.0,-1.0,-1.0,-1.0,-1.0,-1.0,-1.0,-1.0,-1.0,-1.0,-1.0,-1.0,-1.0,-1.0,-1.0,-1.0,-1.0,-1.0,-1.0,-1.0,-1.0,-1.0,-1.0,-1.0,-1.0,-1.0,-1.0,-1.0,-1.0,-1.0,-1.0,-1.0,-1.0,-1.0,-1.0,-1.0,-1.0,-1.0,-1.0,-1.0,-1.0,-1.0,-1.0,-1.0,-1.0,-1.0,-1.0,-1.0,-1.0,-1.0,-1.0,-1.0,-1.0,-1.0,-1.0,-1.0,-1.0,-1.0,-1.0,-1.0,-1.0,-1.0,-1.0,-1.0,-1.0,-1.0
1412,-1.012684253943214,-1.403454383299695,-1.6230854592272903,-1.7515578305225719,-1.7994200864953238,-1.527046064018808,-0.9531713172402526,-0.29223134824810587,0.11475526915177489,0.2213432536700415,0.31265939993384456,0.4244429582912586,0.5762166910469588,0.7213778752801078,0.8975550609166519,0.9646251959311003,0.9962709638604528,1.0247678991600189,1.0065046699072582,0.9233754884808997,0.8147407627532719,0.9364431438945129,0.5809399399916383,-0.15336782927452952,0.0,0.0,0.0,0.0,0.0,0.0,0.0,0.0,0.0,0.0,0.0,0.0,0.0,0.0,0.0,0.0,0.0,0.0,0.0,0.0,0.0,0.0,0.0,0.0,0.0,0.0,0.0,0.0,0.0,0.0,0.0,0.0,0.0,0.0,0.0,0.0,0.0,0.0,0.0,0.0,0.0,0.0,0.0,0.0,0.0,0.0,0.0,0.0,0.0,0.0,0.0,0.0,0.0,0.0,0.0,0.0,0.0,0.0,0.0,0.0,0.0,0.0,0.0,0.0,0.0,0.0,0.0,0.0,0.0,0.0,0.0,0.0
1413,-0.9100906320650806,-1.2960734817305557,-1.5149652539826692,-1.6505575715890939,-1.6526492861075233,-1.5246855743918413,-1.1564207771177681,-0.6016242616119896,-0.21884050473940642,-0.034400501026130244,0.15557639405945908,0.33558688467488473,0.5279015783398952,0.7188628096694513,0.8868151812962838,0.9851257636624664,1.0498458717032824,1.1328992422879798,1.144834319246077,1.0766690343513772,0.9256964629329718,0.9110544613039658,0.6588182987874774,0.05062154204650073,0.0,0.0,0.0,0.0,0.0,0.0,0.0,0.0,0.0,0.0,0.0,0.0,0.0,0.0,0.0,0.0,0.0,0.0,0.0,0.0,0.0,0.0,0.0,0.0,0.0,0.0,0.0,0.0,0.0,0.0,0.0,0.0,0.0,0.0,0.0,0.0,0.0,0.0,0.0,0.0,0.0,0.0,0.0,0.0,0.0,0.0,0.0,0.0,0.0,0.0,0.0,0.0,0.0,0.0,0.0,0.0,0.0,0.0,0.0,0.0,0.0,0.0,0.0,0.0,0.0,0.0,0.0,0.0,0.0,0.0,0.0,0.0
1414,-0.8269150838408673,-1.196245297281443,-1.4498480532419895,-1.572958124388848,-1.5915144236054732,-1.5015263489097956,-1.1836749010379226,-0.7634645123259548,-0.4007187921557947,-0.1720572985831855,0.059996206674183185,0.3194851005582829,0.5428590465046494,0.7197424793599008,0.9294486135176776,1.0989494327060996,1.2032039094876774,1.246302410894033,1.199811897802918,1.0763027664578524,0.8898418888456332,0.8169136376233045,0.5469494135362711,0.009116031402791085,0.0,0.0,0.0,0.0,0.0,0.0,0.0,0.0,0.0,0.0,0.0,0.0,0.0,0.0,0.0,0.0,0.0,0.0,0.0,0.0,0.0,0.0,0.0,0.0,0.0,0.0,0.0,0.0,0.0,0.0,0.0,0.0,0.0,0.0,0.0,0.0,0.0,0.0,0.0,0.0,0.0,0.0,0.0,0.0,0.0,0.0,0.0,0.0,0.0,0.0,0.0,0.0,0.0,0.0,0.0,0.0,0.0,0.0,0.0,0.0,0.0,0.0,0.0,0.0,0.0,0.0,0.0,0.0,0.0,0.0,0.0,0.0
1415,-0.6210312863498746,-1.0672212721027612,-1.373853010417392,-1.5825491364946502,-1.661946936415663,-1.639095293560276,-1.2794150986170685,-0.7736476154197802,-0.3468115720852314,-0.036915313362688204,0.2536270029415171,0.4810941213642717,0.6888575273249835,0.9023338439995421,1.0483045422390544,1.1507871650445909,1.2061674219645335,1.2375301358834065,1.170607467521202,0.9662251719829709,0.6941040779805571,0.5885901147962449,0.2722814052724452,-0.278023463489934,0.0,0.0,0.0,0.0,0.0,0.0,0.0,0.0,0.0,0.0,0.0,0.0,0.0,0.0,0.0,0.0,0.0,0.0,0.0,0.0,0.0,0.0,0.0,0.0,0.0,0.0,0.0,0.0,0.0,0.0,0.0,0.0,0.0,0.0,0.0,0.0,0.0,0.0,0.0,0.0,0.0,0.0,0.0,0.0,0.0,0.0,0.0,0.0,0.0,0.0,0.0,0.0,0.0,0.0,0.0,0.0,0.0,0.0,0.0,0.0,0.0,0.0,0.0,0.0,0.0,0.0,0.0,0.0,0.0,0.0,0.0,0.0
1416,-0.3438608506899313,-0.8262567338723036,-1.1602430379601796,-1.395160120401206,-1.526604904677745,-1.521813321408551,-1.4285717010350454,-1.2673413991391922,-0.8946339221462076,-0.3682072737874577,0.10421693610497022,0.5055444104626002,0.7863052895872669,0.9578957715246207,1.059814042682883,1.1355728592363563,1.2219508603323677,1.2571754724734696,1.1477460707851195,0.9756375798456906,0.7332093668745762,0.6628896448428908,0.34250107705948435,-0.15776611669447652,0.0,0.0,0.0,0.0,0.0,0.0,0.0,0.0,0.0,0.0,0.0,0.0,0.0,0.0,0.0,0.0,0.0,0.0,0.0,0.0,0.0,0.0,0.0,0.0,0.0,0.0,0.0,0.0,0.0,0.0,0.0,0.0,0.0,0.0,0.0,0.0,0.0,0.0,0.0,0.0,0.0,0.0,0.0,0.0,0.0,0.0,0.0,0.0,0.0,0.0,0.0,0.0,0.0,0.0,0.0,0.0,0.0,0.0,0.0,0.0,0.0,0.0,0.0,0.0,0.0,0.0,0.0,0.0,0.0,0.0,0.0,0.0
1417,-0.13099503536229823,-0.7215014513148573,-1.0771083928612009,-1.397566142981797,-1.5217027995293153,-1.5390202060366347,-1.4690647421258787,-1.3632742489078968,-0.9041057872583751,-0.40755916106830226,-0.06566897715151862,0.24381536686542943,0.41630359405714673,0.5951358216525355,0.6791509621335907,0.8264346471809915,0.9990943338430783,1.2137615907456927,1.3596736000301375,1.3123507862081554,1.1050562865314295,1.068535419342726,0.7215014513148573,0.056753084692304605,0.0,0.0,0.0,0.0,0.0,0.0,0.0,0.0,0.0,0.0,0.0,0.0,0.0,0.0,0.0,0.0,0.0,0.0,0.0,0.0,0.0,0.0,0.0,0.0,0.0,0.0,0.0,0.0,0.0,0.0,0.0,0.0,0.0,0.0,0.0,0.0,0.0,0.0,0.0,0.0,0.0,0.0,0.0,0.0,0.0,0.0,0.0,0.0,0.0,0.0,0.0,0.0,0.0,0.0,0.0,0.0,0.0,0.0,0.0,0.0,0.0,0.0,0.0,0.0,0.0,0.0,0.0,0.0,0.0,0.0,0.0,0.0
1418,-1.0456633944945044,-1.373236808531601,-1.5942301769870626,-1.6873987023563093,-1.66698470698878,-1.4616578931177013,-1.0920696281497597,-0.5299726394252345,-0.10341508505953693,0.14499475391859468,0.3481852194372575,0.5423555474679423,0.7113644393479516,0.8674365550938871,1.0054683958638666,1.0454655844618743,1.0667103819664543,1.0791724140222134,1.017099625782575,0.8774061807384944,0.7469702452215491,0.7462581291040771,0.45049256831406087,-0.09475100563029488,0.0,0.0,0.0,0.0,0.0,0.0,0.0,0.0,0.0,0.0,0.0,0.0,0.0,0.0,0.0,0.0,0.0,0.0,0.0,0.0,0.0,0.0,0.0,0.0,0.0,0.0,0.0,0.0,0.0,0.0,0.0,0.0,0.0,0.0,0.0,0.0,0.0,0.0,0.0,0.0,0.0,0.0,0.0,0.0,0.0,0.0,0.0,0.0,0.0,0.0,0.0,0.0,0.0,0.0,0.0,0.0,0.0,0.0,0.0,0.0,0.0,0.0,0.0,0.0,0.0,0.0,0.0,0.0,0.0,0.0,0.0,0.0
1419,-0.838793875041054,-1.2711927074195415,-1.5526040647785704,-1.722746667225871,-1.7706344857954754,-1.5769705136389867,-1.1152756040179175,-0.5327343757711994,-0.05540550185240637,0.19910416919252102,0.3515001094640271,0.5705164561573652,0.764180428313854,0.889533835746054,1.0009434371829868,1.0131970848757974,1.032915598404458,1.056014428538032,0.9951687296495934,0.8764351089020151,0.742630909957532,0.7612226512845549,0.3819229589082464,-0.19892811103601513,0.0,0.0,0.0,0.0,0.0,0.0,0.0,0.0,0.0,0.0,0.0,0.0,0.0,0.0,0.0,0.0,0.0,0.0,0.0,0.0,0.0,0.0,0.0,0.0,0.0,0.0,0.0,0.0,0.0,0.0,0.0,0.0,0.0,0.0,0.0,0.0,0.0,0.0,0.0,0.0,0.0,0.0,0.0,0.0,0.0,0.0,0.0,0.0,0.0,0.0,0.0,0.0,0.0,0.0,0.0,0.0,0.0,0.0,0.0,0.0,0.0,0.0,0.0,0.0,0.0,0.0,0.0,0.0,0.0,0.0,0.0,0.0
1420,-0.9193572756459147,-1.259401127197169,-1.4697512552693315,-1.5795859740411886,-1.6449320845024247,-1.5248905029760111,-1.1991584481132112,-0.6839337673288637,-0.2994013074669885,-0.05998380937641538,0.1484802679693617,0.36060550260753405,0.5313485654256026,0.6984304709512761,0.858744782694037,0.9816709123902164,1.1022672147185077,1.1648397211703536,1.1556313558591778,1.0961652858978492,0.9372932482399711,0.9214282333062584,0.6499478728671331,0.0335421178202265,0.0,0.0,0.0,0.0,0.0,0.0,0.0,0.0,0.0,0.0,0.0,0.0,0.0,0.0,0.0,0.0,0.0,0.0,0.0,0.0,0.0,0.0,0.0,0.0,0.0,0.0,0.0,0.0,0.0,0.0,0.0,0.0,0.0,0.0,0.0,0.0,0.0,0.0,0.0,0.0,0.0,0.0,0.0,0.0,0.0,0.0,0.0,0.0,0.0,0.0,0.0,0.0,0.0,0.0,0.0,0.0,0.0,0.0,0.0,0.0,0.0,0.0,0.0,0.0,0.0,0.0,0.0,0.0,0.0,0.0,0.0,0.0
1421,-0.7685351059205517,-1.187483940428429,-1.4232800244020105,-1.5350555315852263,-1.6113517345220842,-1.561638845091347,-1.2343710445652085,-0.7841292543946147,-0.3833910362255761,-0.10740600584904045,0.16355540622712592,0.4140037102434512,0.6364034787493814,0.8349410603285577,1.0355718161995546,1.1406491656489448,1.1919319357985476,1.2206084235964887,1.1619995434255141,1.0217568658735392,0.799357097367609,0.6897794231908048,0.41745744782495503,-0.1313728514903854,0.0,0.0,0.0,0.0,0.0,0.0,0.0,0.0,0.0,0.0,0.0,0.0,0.0,0.0,0.0,0.0,0.0,0.0,0.0,0.0,0.0,0.0,0.0,0.0,0.0,0.0,0.0,0.0,0.0,0.0,0.0,0.0,0.0,0.0,0.0,0.0,0.0,0.0,0.0,0.0,0.0,0.0,0.0,0.0,0.0,0.0,0.0,0.0,0.0,0.0,0.0,0.0,0.0,0.0,0.0,0.0,0.0,0.0,0.0,0.0,0.0,0.0,0.0,0.0,0.0,0.0,0.0,0.0,0.0,0.0,0.0,0.0
1422,-0.6848577677348634,-1.0767963581836273,-1.3647591292727093,-1.5361839466928542,-1.6160018154578144,-1.558312629437619,-1.2675475360795494,-0.8646895519619714,-0.46105851342536214,-0.12574615917062573,0.21420452159829723,0.51337658176333,0.7469356481130989,0.9384598804280521,1.0899785465581462,1.1695065199159698,1.2286451829718483,1.2240068564576618,1.1560746993853046,0.9856161999889487,0.7101189314067431,0.534732210089064,0.26271368639249826,-0.21841605765197797,0.0,0.0,0.0,0.0,0.0,0.0,0.0,0.0,0.0,0.0,0.0,0.0,0.0,0.0,0.0,0.0,0.0,0.0,0.0,0.0,0.0,0.0,0.0,0.0,0.0,0.0,0.0,0.0,0.0,0.0,0.0,0.0,0.0,0.0,0.0,0.0,0.0,0.0,0.0,0.0,0.0,0.0,0.0,0.0,0.0,0.0,0.0,0.0,0.0,0.0,0.0,0.0,0.0,0.0,0.0,0.0,0.0,0.0,0.0,0.0,0.0,0.0,0.0,0.0,0.0,0.0,0.0,0.0,0.0,0.0,0.0,0.0
1423,-0.3383884951916246,-0.730198899573953,-1.0274271149414076,-1.2320743234669087,-1.3784765982226712,-1.4251357404649754,-1.434404373686923,-1.460103765802323,-1.1093702586536258,-0.5965409954983685,-0.1273164386372735,0.25943834762399265,0.547713905902066,0.7638415805774795,0.9484769673737756,1.0765526264406873,1.174821203668836,1.2802519065684892,1.3322826430644221,1.2151608232598121,0.9551124661576699,0.767422643413232,0.5231730929394095,0.015188797150170174,0.0,0.0,0.0,0.0,0.0,0.0,0.0,0.0,0.0,0.0,0.0,0.0,0.0,0.0,0.0,0.0,0.0,0.0,0.0,0.0,0.0,0.0,0.0,0.0,0.0,0.0,0.0,0.0,0.0,0.0,0.0,0.0,0.0,0.0,0.0,0.0,0.0,0.0,0.0,0.0,0.0,0.0,0.0,0.0,0.0,0.0,0.0,0.0,0.0,0.0,0.0,0.0,0.0,0.0,0.0,0.0,0.0,0.0,0.0,0.0,0.0,0.0,0.0,0.0,0.0,0.0,0.0,0.0,0.0,0.0,0.0,0.0
1424,-0.11302701427554276,-0.5522674283390572,-0.8935397002338625,-1.1917955036129655,-1.3888507134320063,-1.4733917498212477,-1.4942783588115307,-1.512429816624515,-1.1393303310302305,-0.6988466664315801,-0.19346532389883567,0.20263429659546295,0.49716034836915834,0.7893242241260955,0.9541792450851162,1.0867097521306035,1.1958671491155357,1.3046515709399271,1.3403328612983276,1.2126510313398704,0.9066870746429246,0.7344968755266021,0.5005171248140252,-0.07398894747227541,-1.0,-1.0,-1.0,-1.0,-1.0,-1.0,-1.0,-1.0,-1.0,-1.0,-1.0,-1.0,-1.0,-1.0,-1.0,-1.0,-1.0,-1.0,-1.0,-1.0,-1.0,-1.0,-1.0,-1.0,-1.0,-1.0,-1.0,-1.0,-1.0,-1.0,-1.0,-1.0,-1.0,-1.0,-1.0,-1.0,-1.0,-1.0,-1.0,-1.0,-1.0,-1.0,-1.0,-1.0,-1.0,-1.0,-1.0,-1.0,-1.0,-1.0,-1.0,-1.0,-1.0,-1.0,-1.0,-1.0,-1.0,-1.0,-1.0,-1.0,-1.0,-1.0,-1.0,-1.0,-1.0,-1.0,-1.0,-1.0,-1.0,-1.0,-1.0,-1.0
1425,-0.5660300159874925,-0.8704748288894015,-1.1072543269237571,-1.2646817575952927,-1.351203009261932,-1.359452481611532,-1.352283297307713,-1.3190889919009887,-1.0568736207886993,-0.6759247726446654,-0.2139543210670589,0.19616230431306117,0.5260429902929039,0.7777501049598694,0.9292850553816906,1.0486077804384066,1.1482889046627414,1.2533714691159807,1.2978596950013244,1.2189986676593136,1.035644323889035,0.8861717415546138,0.6307327227294959,0.18830566398010867,0.0,0.0,0.0,0.0,0.0,0.0,0.0,0.0,0.0,0.0,0.0,0.0,0.0,0.0,0.0,0.0,0.0,0.0,0.0,0.0,0.0,0.0,0.0,0.0,0.0,0.0,0.0,0.0,0.0,0.0,0.0,0.0,0.0,0.0,0.0,0.0,0.0,0.0,0.0,0.0,0.0,0.0,0.0,0.0,0.0,0.0,0.0,0.0,0.0,0.0,0.0,0.0,0.0,0.0,0.0,0.0,0.0,0.0,0.0,0.0,0.0,0.0,0.0,0.0,0.0,0.0,0.0,0.0,0.0,0.0,0.0,0.0
1426,-0.9280177105013506,-1.2327595283884363,-1.4339778626084843,-1.5391542422332307,-1.6021382776743525,-1.4994847392482147,-1.2106629192695895,-0.7916102967283133,-0.37638543324699464,-0.03414897547714183,0.25093207996561556,0.516091389391775,0.734186661285273,0.9300113350117445,1.0799898945428137,1.155327152404708,1.186819170125269,1.1790766574812637,1.0855575440845704,0.9413206231434376,0.7399282998752096,0.6045648203912515,0.34888791409089626,-0.10435355641772932,0.0,0.0,0.0,0.0,0.0,0.0,0.0,0.0,0.0,0.0,0.0,0.0,0.0,0.0,0.0,0.0,0.0,0.0,0.0,0.0,0.0,0.0,0.0,0.0,0.0,0.0,0.0,0.0,0.0,0.0,0.0,0.0,0.0,0.0,0.0,0.0,0.0,0.0,0.0,0.0,0.0,0.0,0.0,0.0,0.0,0.0,0.0,0.0,0.0,0.0,0.0,0.0,0.0,0.0,0.0,0.0,0.0,0.0,0.0,0.0,0.0,0.0,0.0,0.0,0.0,0.0,0.0,0.0,0.0,0.0,0.0,0.0
1427,-0.6468414017990343,-1.0587978583751068,-1.351353276454394,-1.5432641410114871,-1.6417356871280886,-1.5219915421988415,-1.2112514831990668,-0.8620835037635451,-0.41044106983269846,-0.11033731023924648,0.16380472929791218,0.4521285013768346,0.727757335454662,0.9346505142292636,1.1224441015968125,1.2292645709033232,1.2877070332326883,1.2880501396651503,1.1771123931690952,0.9280171232016644,0.6627958509085184,0.5226940576531912,0.2122971050858785,-0.35062618177348526,0.0,0.0,0.0,0.0,0.0,0.0,0.0,0.0,0.0,0.0,0.0,0.0,0.0,0.0,0.0,0.0,0.0,0.0,0.0,0.0,0.0,0.0,0.0,0.0,0.0,0.0,0.0,0.0,0.0,0.0,0.0,0.0,0.0,0.0,0.0,0.0,0.0,0.0,0.0,0.0,0.0,0.0,0.0,0.0,0.0,0.0,0.0,0.0,0.0,0.0,0.0,0.0,0.0,0.0,0.0,0.0,0.0,0.0,0.0,0.0,0.0,0.0,0.0,0.0,0.0,0.0,0.0,0.0,0.0,0.0,0.0,0.0
1428,-0.7270169167042884,-1.1317755558499252,-1.3999970845698677,-1.5788849626881845,-1.641859671939454,-1.5206526571108285,-1.2391965134869416,-0.8395111433878168,-0.41865038944238087,-0.1153571312269854,0.15584218584634457,0.38038948538327005,0.6016281311942094,0.7922065858110107,0.9889611940496527,1.1159032086699872,1.1929948404854642,1.2482493577094325,1.1945388788909244,1.0428922497832267,0.8391894687200138,0.720960242244776,0.43542342569217274,-0.09627722807379871,0.0,0.0,0.0,0.0,0.0,0.0,0.0,0.0,0.0,0.0,0.0,0.0,0.0,0.0,0.0,0.0,0.0,0.0,0.0,0.0,0.0,0.0,0.0,0.0,0.0,0.0,0.0,0.0,0.0,0.0,0.0,0.0,0.0,0.0,0.0,0.0,0.0,0.0,0.0,0.0,0.0,0.0,0.0,0.0,0.0,0.0,0.0,0.0,0.0,0.0,0.0,0.0,0.0,0.0,0.0,0.0,0.0,0.0,0.0,0.0,0.0,0.0,0.0,0.0,0.0,0.0,0.0,0.0,0.0,0.0,0.0,0.0
1429,-0.6850560711392691,-1.0674385751907325,-1.319880819099828,-1.4870124611204,-1.5434882632317475,-1.4604734256566938,-1.2613847443926274,-0.9386921124913685,-0.5499732989347296,-0.2363718937148095,0.0628121116165228,0.37448507481312865,0.642905838343971,0.8837774301131804,1.096365205540447,1.2397127292734764,1.3314514712397136,1.331635132384791,1.2466918527864232,1.0121565705223894,0.7161866352299142,0.5158123259503049,0.2784302959375689,-0.1826510087796255,0.0,0.0,0.0,0.0,0.0,0.0,0.0,0.0,0.0,0.0,0.0,0.0,0.0,0.0,0.0,0.0,0.0,0.0,0.0,0.0,0.0,0.0,0.0,0.0,0.0,0.0,0.0,0.0,0.0,0.0,0.0,0.0,0.0,0.0,0.0,0.0,0.0,0.0,0.0,0.0,0.0,0.0,0.0,0.0,0.0,0.0,0.0,0.0,0.0,0.0,0.0,0.0,0.0,0.0,0.0,0.0,0.0,0.0,0.0,0.0,0.0,0.0,0.0,0.0,0.0,0.0,0.0,0.0,0.0,0.0,0.0,0.0
1430,-0.15833097927307765,-0.6938689524564745,-1.067810143127395,-1.2835950682787856,-1.4183128117838641,-1.4508902070608305,-1.4047657761241357,-1.3453093418397715,-1.0297494238929195,-0.5919436365404215,-0.16865253025191848,0.21259975902901412,0.555576296763412,0.8153353297309058,1.0505806791236527,1.1633651267986946,1.2955024825590629,1.3567866914959303,1.3354984926020712,1.156914157436919,0.8613522445115712,0.619870958069108,0.32441656129978963,-0.13456990879053787,0.0,0.0,0.0,0.0,0.0,0.0,0.0,0.0,0.0,0.0,0.0,0.0,0.0,0.0,0.0,0.0,0.0,0.0,0.0,0.0,0.0,0.0,0.0,0.0,0.0,0.0,0.0,0.0,0.0,0.0,0.0,0.0,0.0,0.0,0.0,0.0,0.0,0.0,0.0,0.0,0.0,0.0,0.0,0.0,0.0,0.0,0.0,0.0,0.0,0.0,0.0,0.0,0.0,0.0,0.0,0.0,0.0,0.0,0.0,0.0,0.0,0.0,0.0,0.0,0.0,0.0,0.0,0.0,0.0,0.0,0.0,0.0
1431,-0.2773366492303347,-0.6924685151834135,-1.0254319911346508,-1.239267801259925,-1.3731351782776506,-1.4171343161635097,-1.4493636846649012,-1.3878748894694135,-1.0752610147903858,-0.6388995648073803,-0.2558870695109785,0.1155756520903853,0.41476978971422584,0.6883344295195536,0.878410705186464,1.0270177933959526,1.1866246660769058,1.3198320560263435,1.3846207865632707,1.2636231573771588,1.0310877136503944,0.8492612763370825,0.6061660395177121,0.06673660903708191,0.0,0.0,0.0,0.0,0.0,0.0,0.0,0.0,0.0,0.0,0.0,0.0,0.0,0.0,0.0,0.0,0.0,0.0,0.0,0.0,0.0,0.0,0.0,0.0,0.0,0.0,0.0,0.0,0.0,0.0,0.0,0.0,0.0,0.0,0.0,0.0,0.0,0.0,0.0,0.0,0.0,0.0,0.0,0.0,0.0,0.0,0.0,0.0,0.0,0.0,0.0,0.0,0.0,0.0,0.0,0.0,0.0,0.0,0.0,0.0,0.0,0.0,0.0,0.0,0.0,0.0,0.0,0.0,0.0,0.0,0.0,0.0
1432,-0.891947240091126,-1.2282669856542343,-1.432332238997515,-1.543296103547575,-1.5813666326858882,-1.456148873339967,-1.1812652186375017,-0.8253689213610902,-0.4470994221266178,-0.15904444691658434,0.12359765685198276,0.4081342656250631,0.6739062534010601,0.8708445593464103,1.060295059797732,1.1620570428972992,1.1909256905851195,1.1824455253268222,1.1397740554632627,1.0039109822824577,0.8140996237350382,0.6918589436819235,0.4527002404931359,-0.0284138161291968,0.0,0.0,0.0,0.0,0.0,0.0,0.0,0.0,0.0,0.0,0.0,0.0,0.0,0.0,0.0,0.0,0.0,0.0,0.0,0.0,0.0,0.0,0.0,0.0,0.0,0.0,0.0,0.0,0.0,0.0,0.0,0.0,0.0,0.0,0.0,0.0,0.0,0.0,0.0,0.0,0.0,0.0,0.0,0.0,0.0,0.0,0.0,0.0,0.0,0.0,0.0,0.0,0.0,0.0,0.0,0.0,0.0,0.0,0.0,0.0,0.0,0.0,0.0,0.0,0.0,0.0,0.0,0.0,0.0,0.0,0.0,0.0
1433,-0.7721055337243603,-1.1094522712247046,-1.3524816516428517,-1.4836443254687992,-1.539951953991416,-1.466677181866711,-1.2366226759678076,-0.9090070943568964,-0.5699969114053672,-0.3018495046743244,-0.033951614760959405,0.2534085869312716,0.5494187049696653,0.8040922035461086,1.0266612049146788,1.1845221782321476,1.2902341366549626,1.3052883179881878,1.1905937541289733,1.049117718505678,0.8476744743671589,0.7233319268910705,0.49602210598662266,0.05537540596768202,0.0,0.0,0.0,0.0,0.0,0.0,0.0,0.0,0.0,0.0,0.0,0.0,0.0,0.0,0.0,0.0,0.0,0.0,0.0,0.0,0.0,0.0,0.0,0.0,0.0,0.0,0.0,0.0,0.0,0.0,0.0,0.0,0.0,0.0,0.0,0.0,0.0,0.0,0.0,0.0,0.0,0.0,0.0,0.0,0.0,0.0,0.0,0.0,0.0,0.0,0.0,0.0,0.0,0.0,0.0,0.0,0.0,0.0,0.0,0.0,0.0,0.0,0.0,0.0,0.0,0.0,0.0,0.0,0.0,0.0,0.0,0.0
1434,-0.6902659767631031,-1.0276498128504867,-1.2830533802445767,-1.4631188094832315,-1.6360871677362294,-1.5702117908950035,-1.2797778090204273,-0.8646901444490562,-0.47826372808899204,-0.20784712591755078,0.10851846148154112,0.411053859267558,0.6374322260921024,0.8904701031576401,1.095739233204333,1.2259431893642698,1.2866322451005927,1.2805360431000925,1.2130228806467918,1.0303187968109055,0.742159517175322,0.5401659583527784,0.270113308539576,-0.2311400768448351,0.0,0.0,0.0,0.0,0.0,0.0,0.0,0.0,0.0,0.0,0.0,0.0,0.0,0.0,0.0,0.0,0.0,0.0,0.0,0.0,0.0,0.0,0.0,0.0,0.0,0.0,0.0,0.0,0.0,0.0,0.0,0.0,0.0,0.0,0.0,0.0,0.0,0.0,0.0,0.0,0.0,0.0,0.0,0.0,0.0,0.0,0.0,0.0,0.0,0.0,0.0,0.0,0.0,0.0,0.0,0.0,0.0,0.0,0.0,0.0,0.0,0.0,0.0,0.0,0.0,0.0,0.0,0.0,0.0,0.0,0.0,0.0
1435,-0.6915069482861552,-1.0483574180501645,-1.3335667681881336,-1.501783369378155,-1.5716176511826054,-1.4811854182120299,-1.2627387255818086,-0.9492523635359574,-0.5698164210020741,-0.2812644208941638,-0.003101738260395592,0.26837564443348993,0.5135635368232422,0.7229760403455139,0.9685253002995841,1.1121689071159828,1.244610119438524,1.3004414081256526,1.2697251651586239,1.1482153216567017,0.9172111061664303,0.7283965538102837,0.49965088559699977,0.00033125360062525694,0.0,0.0,0.0,0.0,0.0,0.0,0.0,0.0,0.0,0.0,0.0,0.0,0.0,0.0,0.0,0.0,0.0,0.0,0.0,0.0,0.0,0.0,0.0,0.0,0.0,0.0,0.0,0.0,0.0,0.0,0.0,0.0,0.0,0.0,0.0,0.0,0.0,0.0,0.0,0.0,0.0,0.0,0.0,0.0,0.0,0.0,0.0,0.0,0.0,0.0,0.0,0.0,0.0,0.0,0.0,0.0,0.0,0.0,0.0,0.0,0.0,0.0,0.0,0.0,0.0,0.0,0.0,0.0,0.0,0.0,0.0,0.0
1436,-0.5566038528588945,-0.9511854684492881,-1.2564138593675793,-1.4513410704520515,-1.5638668118959647,-1.4914758695008277,-1.3075787763997375,-1.0245033115152973,-0.6010023949936839,-0.23293013859024175,0.11623334412740277,0.4755000441575568,0.7143623470413821,0.9260664602686453,1.1322091694706737,1.229533739912279,1.3149012916996297,1.329082871963978,1.237597775748869,1.0133805034648282,0.7009222873137319,0.41191465813570804,0.16832516183043336,-0.3331281011115515,0.0,0.0,0.0,0.0,0.0,0.0,0.0,0.0,0.0,0.0,0.0,0.0,0.0,0.0,0.0,0.0,0.0,0.0,0.0,0.0,0.0,0.0,0.0,0.0,0.0,0.0,0.0,0.0,0.0,0.0,0.0,0.0,0.0,0.0,0.0,0.0,0.0,0.0,0.0,0.0,0.0,0.0,0.0,0.0,0.0,0.0,0.0,0.0,0.0,0.0,0.0,0.0,0.0,0.0,0.0,0.0,0.0,0.0,0.0,0.0,0.0,0.0,0.0,0.0,0.0,0.0,0.0,0.0,0.0,0.0,0.0,0.0
1437,-0.18760056645997214,-0.6574121090765052,-1.0498753372794007,-1.2984495093539128,-1.452616355205752,-1.4898071200813503,-1.46469540704569,-1.3467657167136644,-0.973692545411722,-0.6128043825448046,-0.19501752811607437,0.22414676204878914,0.545301201758016,0.8008685091082816,0.9780279360940378,1.1165132058729752,1.2481112969712465,1.3319229636852017,1.3154996914466897,1.1524324916075275,0.9086263663119384,0.6888723881011378,0.45799296740618395,-0.03957920312318893,0.0,0.0,0.0,0.0,0.0,0.0,0.0,0.0,0.0,0.0,0.0,0.0,0.0,0.0,0.0,0.0,0.0,0.0,0.0,0.0,0.0,0.0,0.0,0.0,0.0,0.0,0.0,0.0,0.0,0.0,0.0,0.0,0.0,0.0,0.0,0.0,0.0,0.0,0.0,0.0,0.0,0.0,0.0,0.0,0.0,0.0,0.0,0.0,0.0,0.0,0.0,0.0,0.0,0.0,0.0,0.0,0.0,0.0,0.0,0.0,0.0,0.0,0.0,0.0,0.0,0.0,0.0,0.0,0.0,0.0,0.0,0.0
1438,-0.29990382435584306,-0.6727167760614728,-1.0059954010753995,-1.218651819650931,-1.3743447997674498,-1.4178113041139728,-1.4376847425315762,-1.4511816766440662,-1.1200285530651772,-0.661982993814532,-0.24134625982055175,0.12466508729295701,0.43243769508643015,0.6876041423627177,0.8799620222336384,1.0055791570443722,1.1665858907484854,1.2901837991959333,1.336732280623261,1.2477800455669292,1.0486205611038877,0.8681654892691787,0.6549776953348876,0.15835428503830612,0.0,0.0,0.0,0.0,0.0,0.0,0.0,0.0,0.0,0.0,0.0,0.0,0.0,0.0,0.0,0.0,0.0,0.0,0.0,0.0,0.0,0.0,0.0,0.0,0.0,0.0,0.0,0.0,0.0,0.0,0.0,0.0,0.0,0.0,0.0,0.0,0.0,0.0,0.0,0.0,0.0,0.0,0.0,0.0,0.0,0.0,0.0,0.0,0.0,0.0,0.0,0.0,0.0,0.0,0.0,0.0,0.0,0.0,0.0,0.0,0.0,0.0,0.0,0.0,0.0,0.0,0.0,0.0,0.0,0.0,0.0,0.0
1439,-0.8068604454771344,-1.1532758111185546,-1.398825352300374,-1.572720997197671,-1.6155863265850146,-1.496727647814677,-1.1887323181426535,-0.8351198107769386,-0.3829699659800714,-0.01856174602791447,0.2597982941911307,0.5457788374123703,0.7489922508042208,0.9175958797277718,1.0365603988175842,1.1153055965069263,1.1830434009708763,1.20548154869956,1.175528738288157,1.0309508618854133,0.7825436320777711,0.5447204342176211,0.2654078311233016,-0.34232728330170126,0.0,0.0,0.0,0.0,0.0,0.0,0.0,0.0,0.0,0.0,0.0,0.0,0.0,0.0,0.0,0.0,0.0,0.0,0.0,0.0,0.0,0.0,0.0,0.0,0.0,0.0,0.0,0.0,0.0,0.0,0.0,0.0,0.0,0.0,0.0,0.0,0.0,0.0,0.0,0.0,0.0,0.0,0.0,0.0,0.0,0.0,0.0,0.0,0.0,0.0,0.0,0.0,0.0,0.0,0.0,0.0,0.0,0.0,0.0,0.0,0.0,0.0,0.0,0.0,0.0,0.0,0.0,0.0,0.0,0.0,0.0,0.0
1440,-0.6280407439167307,-1.0711804382732488,-1.3485449881258176,-1.527088036683609,-1.6184356429224789,-1.5239739137436474,-1.2690310490588013,-0.8870319684235268,-0.47171177233066464,-0.16507446684245794,0.09339773717434462,0.34190474778327046,0.5665368158524916,0.7818265151018283,0.987670041433282,1.1395354368054034,1.242716710216127,1.297836686253445,1.2751035887917261,1.1008165082518822,0.8399568099811092,0.6509295475254476,0.3898622410586772,-0.19798036590805088,0.0,0.0,0.0,0.0,0.0,0.0,0.0,0.0,0.0,0.0,0.0,0.0,0.0,0.0,0.0,0.0,0.0,0.0,0.0,0.0,0.0,0.0,0.0,0.0,0.0,0.0,0.0,0.0,0.0,0.0,0.0,0.0,0.0,0.0,0.0,0.0,0.0,0.0,0.0,0.0,0.0,0.0,0.0,0.0,0.0,0.0,0.0,0.0,0.0,0.0,0.0,0.0,0.0,0.0,0.0,0.0,0.0,0.0,0.0,0.0,0.0,0.0,0.0,0.0,0.0,0.0,0.0,0.0,0.0,0.0,0.0,0.0
1441,-0.6492246208427409,-1.0971196649181494,-1.3982731266139952,-1.5856295599863586,-1.665350351099163,-1.5372186694841037,-1.2291493662879356,-0.8281563018419846,-0.374225614275386,-0.04892957861477914,0.22330309135244691,0.49817635534706867,0.7446317979040031,0.9268327857943083,1.116452585475868,1.1917723865430128,1.2194357525443014,1.1888803073701508,1.1256317932853865,0.9433050628223483,0.7064060557931316,0.5582813051135047,0.28768328859180936,-0.3175157139727444,0.0,0.0,0.0,0.0,0.0,0.0,0.0,0.0,0.0,0.0,0.0,0.0,0.0,0.0,0.0,0.0,0.0,0.0,0.0,0.0,0.0,0.0,0.0,0.0,0.0,0.0,0.0,0.0,0.0,0.0,0.0,0.0,0.0,0.0,0.0,0.0,0.0,0.0,0.0,0.0,0.0,0.0,0.0,0.0,0.0,0.0,0.0,0.0,0.0,0.0,0.0,0.0,0.0,0.0,0.0,0.0,0.0,0.0,0.0,0.0,0.0,0.0,0.0,0.0,0.0,0.0,0.0,0.0,0.0,0.0,0.0,0.0
1442,-0.7369365577495467,-1.1635829875795651,-1.4523271313286088,-1.5926256343701564,-1.6472593810712204,-1.5256513703221417,-1.245533607631161,-0.8151730415122544,-0.3679191458213084,-0.04562796462424317,0.20849084404452092,0.4666832215462591,0.6776701249247096,0.8437279602924168,1.0109839041404105,1.0973675255690665,1.1297164545368015,1.1641021679210237,1.1518814614221016,1.0359045605303696,0.8383364721311276,0.6672465811462172,0.4500295136702769,-0.1495039698650817,0.0,0.0,0.0,0.0,0.0,0.0,0.0,0.0,0.0,0.0,0.0,0.0,0.0,0.0,0.0,0.0,0.0,0.0,0.0,0.0,0.0,0.0,0.0,0.0,0.0,0.0,0.0,0.0,0.0,0.0,0.0,0.0,0.0,0.0,0.0,0.0,0.0,0.0,0.0,0.0,0.0,0.0,0.0,0.0,0.0,0.0,0.0,0.0,0.0,0.0,0.0,0.0,0.0,0.0,0.0,0.0,0.0,0.0,0.0,0.0,0.0,0.0,0.0,0.0,0.0,0.0,0.0,0.0,0.0,0.0,0.0,0.0
1443,-0.7974295111237981,-1.166586908018379,-1.3951874025844542,-1.5764141876216848,-1.6043467993721827,-1.4995436400843145,-1.2083740951971238,-0.8897188603474434,-0.46782469246792246,-0.134867960401987,0.15049160124109995,0.44110249389328055,0.6802056504775429,0.8968509872144049,1.060089170284315,1.156177354706028,1.2123777695480296,1.2244446578242447,1.1348368393286474,0.9587496548535084,0.7380820220245746,0.6265750359165868,0.44914708607742393,0.011163733829616218,0.0,0.0,0.0,0.0,0.0,0.0,0.0,0.0,0.0,0.0,0.0,0.0,0.0,0.0,0.0,0.0,0.0,0.0,0.0,0.0,0.0,0.0,0.0,0.0,0.0,0.0,0.0,0.0,0.0,0.0,0.0,0.0,0.0,0.0,0.0,0.0,0.0,0.0,0.0,0.0,0.0,0.0,0.0,0.0,0.0,0.0,0.0,0.0,0.0,0.0,0.0,0.0,0.0,0.0,0.0,0.0,0.0,0.0,0.0,0.0,0.0,0.0,0.0,0.0,0.0,0.0,0.0,0.0,0.0,0.0,0.0,0.0
1444,-0.33167430450268953,-0.7707469347688931,-1.1329634681124532,-1.357893193555916,-1.4841480258211839,-1.480838433130735,-1.433155782886862,-1.3604673212040428,-0.9993539854239657,-0.5003409542085232,-0.04214623284194888,0.3329409387422452,0.6107015697258347,0.8410247054796584,1.0019689722411116,1.0809088867836674,1.1554360110722917,1.2394016034040476,1.21770538465555,1.0958633426442137,0.8932427234845167,0.7516657028375415,0.5706187249192884,0.10225007046726046,0.0,0.0,0.0,0.0,0.0,0.0,0.0,0.0,0.0,0.0,0.0,0.0,0.0,0.0,0.0,0.0,0.0,0.0,0.0,0.0,0.0,0.0,0.0,0.0,0.0,0.0,0.0,0.0,0.0,0.0,0.0,0.0,0.0,0.0,0.0,0.0,0.0,0.0,0.0,0.0,0.0,0.0,0.0,0.0,0.0,0.0,0.0,0.0,0.0,0.0,0.0,0.0,0.0,0.0,0.0,0.0,0.0,0.0,0.0,0.0,0.0,0.0,0.0,0.0,0.0,0.0,0.0,0.0,0.0,0.0,0.0,0.0
1445,-0.33427155914623863,-0.7601272134479145,-1.0006578952475227,-1.1902568581468191,-1.3698831767859148,-1.423782944573191,-1.432093481456692,-1.4558378725524086,-1.1352885927602354,-0.6436609751234249,-0.18242617808913147,0.2100686067230626,0.5464079065938872,0.8218428433041988,1.01690301615551,1.1319445910142565,1.2326208092600945,1.3010046556157582,1.264319571372876,1.1129490781376834,0.8870211968619406,0.7571393775683712,0.5784628345731044,0.06760226014876348,1.0,1.0,1.0,1.0,1.0,1.0,1.0,1.0,1.0,1.0,1.0,1.0,1.0,1.0,1.0,1.0,1.0,1.0,1.0,1.0,1.0,1.0,1.0,1.0,1.0,1.0,1.0,1.0,1.0,1.0,1.0,1.0,1.0,1.0,1.0,1.0,1.0,1.0,1.0,1.0,1.0,1.0,1.0,1.0,1.0,1.0,1.0,1.0,1.0,1.0,1.0,1.0,1.0,1.0,1.0,1.0,1.0,1.0,1.0,1.0,1.0,1.0,1.0,1.0,1.0,1.0,1.0,1.0,1.0,1.0,1.0,1.0
1446,-0.8983544362902337,-1.2225813635628255,-1.4393168410729726,-1.5794257144499275,-1.6323925157821468,-1.5301587999754735,-1.2323179079253659,-0.7911550828586651,-0.3646944397794,-0.03618343298729038,0.24870785506063872,0.501273815824934,0.7331009370970185,0.9020299817870927,1.0643381763106394,1.1326887177356724,1.1412568767747078,1.091308404194876,1.0288971548309926,0.9432155644406381,0.7903518179487554,0.676434248907034,0.49270565678589856,-0.019728673014597277,0.0,0.0,0.0,0.0,0.0,0.0,0.0,0.0,0.0,0.0,0.0,0.0,0.0,0.0,0.0,0.0,0.0,0.0,0.0,0.0,0.0,0.0,0.0,0.0,0.0,0.0,0.0,0.0,0.0,0.0,0.0,0.0,0.0,0.0,0.0,0.0,0.0,0.0,0.0,0.0,0.0,0.0,0.0,0.0,0.0,0.0,0.0,0.0,0.0,0.0,0.0,0.0,0.0,0.0,0.0,0.0,0.0,0.0,0.0,0.0,0.0,0.0,0.0,0.0,0.0,0.0,0.0,0.0,0.0,0.0,0.0,0.0
1447,-0.8108918820851013,-1.1351156508382825,-1.3239530456585396,-1.4552212028938842,-1.5418753459054515,-1.473324197126994,-1.2568604319604746,-0.924915006899332,-0.5692898358271076,-0.2796419280973538,-0.00904077259390486,0.2735718482774841,0.515946060166274,0.7548026286258813,0.9656896420144284,1.1075107295373203,1.2184451918283665,1.2788457033928649,1.245985765993429,1.1453468454463314,0.945956520338527,0.7572049216994694,0.522552366118641,0.04827107644740899,0.0,0.0,0.0,0.0,0.0,0.0,0.0,0.0,0.0,0.0,0.0,0.0,0.0,0.0,0.0,0.0,0.0,0.0,0.0,0.0,0.0,0.0,0.0,0.0,0.0,0.0,0.0,0.0,0.0,0.0,0.0,0.0,0.0,0.0,0.0,0.0,0.0,0.0,0.0,0.0,0.0,0.0,0.0,0.0,0.0,0.0,0.0,0.0,0.0,0.0,0.0,0.0,0.0,0.0,0.0,0.0,0.0,0.0,0.0,0.0,0.0,0.0,0.0,0.0,0.0,0.0,0.0,0.0,0.0,0.0,0.0,0.0
1448,-0.5664221583271851,-0.9847074202263011,-1.2763098814836835,-1.4771462042592964,-1.6348268476954175,-1.5345014942201691,-1.2799293900734474,-0.9796029850356086,-0.5851693566639106,-0.25226737431819746,0.08211953462844444,0.4142790536736932,0.7090369839580491,0.953771449373618,1.1265797825567008,1.238598933014263,1.2591094816895914,1.224399322392882,1.1539581167613246,1.0006394452154315,0.7559049797998627,0.5797555617646902,0.30625064345612696,-0.233520175981472,0.0,0.0,0.0,0.0,0.0,0.0,0.0,0.0,0.0,0.0,0.0,0.0,0.0,0.0,0.0,0.0,0.0,0.0,0.0,0.0,0.0,0.0,0.0,0.0,0.0,0.0,0.0,0.0,0.0,0.0,0.0,0.0,0.0,0.0,0.0,0.0,0.0,0.0,0.0,0.0,0.0,0.0,0.0,0.0,0.0,0.0,0.0,0.0,0.0,0.0,0.0,0.0,0.0,0.0,0.0,0.0,0.0,0.0,0.0,0.0,0.0,0.0,0.0,0.0,0.0,0.0,0.0,0.0,0.0,0.0,0.0,0.0
1449,-0.6260885002651502,-1.0421858067847385,-1.3331047775078366,-1.5224639663583106,-1.6052315944567284,-1.5048013955978543,-1.2540339665453284,-0.948225037913706,-0.5708416219562809,-0.2415168287656788,0.04909407386276024,0.34781743631722284,0.5958122525178166,0.8369268812710232,1.0697236714684335,1.1693323554082165,1.2340266552866324,1.250148885573793,1.2055817012131067,1.0884131358777536,0.8562324818696615,0.6341153856204341,0.4123063574658658,-0.10103777760111886,0.0,0.0,0.0,0.0,0.0,0.0,0.0,0.0,0.0,0.0,0.0,0.0,0.0,0.0,0.0,0.0,0.0,0.0,0.0,0.0,0.0,0.0,0.0,0.0,0.0,0.0,0.0,0.0,0.0,0.0,0.0,0.0,0.0,0.0,0.0,0.0,0.0,0.0,0.0,0.0,0.0,0.0,0.0,0.0,0.0,0.0,0.0,0.0,0.0,0.0,0.0,0.0,0.0,0.0,0.0,0.0,0.0,0.0,0.0,0.0,0.0,0.0,0.0,0.0,0.0,0.0,0.0,0.0,0.0,0.0,0.0,0.0
1450,-0.6007531496498856,-1.0083335262987863,-1.3288350508237485,-1.5237461915729078,-1.5493135695306737,-1.5171136500106424,-1.3391047925975792,-0.9487476287152068,-0.479441824946512,-0.059024271080323085,0.29849111442115356,0.6407088637386951,0.9241965272871431,1.1086239733088503,1.2813909833581876,1.327604821340425,1.2668421825119276,1.1590098938867066,0.9728708242360276,0.7395551283118144,0.4927603963094485,0.3284445279281594,0.14059383464850858,-0.32667941606078227,0.0,0.0,0.0,0.0,0.0,0.0,0.0,0.0,0.0,0.0,0.0,0.0,0.0,0.0,0.0,0.0,0.0,0.0,0.0,0.0,0.0,0.0,0.0,0.0,0.0,0.0,0.0,0.0,0.0,0.0,0.0,0.0,0.0,0.0,0.0,0.0,0.0,0.0,0.0,0.0,0.0,0.0,0.0,0.0,0.0,0.0,0.0,0.0,0.0,0.0,0.0,0.0,0.0,0.0,0.0,0.0,0.0,0.0,0.0,0.0,0.0,0.0,0.0,0.0,0.0,0.0,0.0,0.0,0.0,0.0,0.0,0.0
1451,-0.4178705814378439,-0.850421253079931,-1.1044414564264304,-1.2710698935023121,-1.391302449619896,-1.3996779530708001,-1.393396325482622,-1.3226453621210374,-1.0228905017728904,-0.5843888145209506,-0.15800956647426653,0.21238605324269003,0.4903205230213763,0.7193244200079385,0.9030344759639536,1.0317527395252166,1.1847158814969916,1.3268790321768114,1.3706300173085078,1.2847811069367407,0.9947241979527985,0.767152952872312,0.555120470773108,0.07529228623052284,0.0,0.0,0.0,0.0,0.0,0.0,0.0,0.0,0.0,0.0,0.0,0.0,0.0,0.0,0.0,0.0,0.0,0.0,0.0,0.0,0.0,0.0,0.0,0.0,0.0,0.0,0.0,0.0,0.0,0.0,0.0,0.0,0.0,0.0,0.0,0.0,0.0,0.0,0.0,0.0,0.0,0.0,0.0,0.0,0.0,0.0,0.0,0.0,0.0,0.0,0.0,0.0,0.0,0.0,0.0,0.0,0.0,0.0,0.0,0.0,0.0,0.0,0.0,0.0,0.0,0.0,0.0,0.0,0.0,0.0,0.0,0.0
1452,-0.3648373284657447,-0.7890323995448538,-1.0798070461395415,-1.2285534989282318,-1.3791894620558045,-1.4227531726467053,-1.4484715078148276,-1.4108912466303878,-1.0901993530033949,-0.6440649674339284,-0.19425653398330162,0.18406542497960593,0.5299507897916982,0.8463387987579033,1.0346599958665206,1.1551687663685788,1.187815306112603,1.2082850014504964,1.2156330972128169,1.09354973476169,0.8984053058737752,0.7945872100318452,0.6587524112255183,0.24484467421365796,0.0,0.0,0.0,0.0,0.0,0.0,0.0,0.0,0.0,0.0,0.0,0.0,0.0,0.0,0.0,0.0,0.0,0.0,0.0,0.0,0.0,0.0,0.0,0.0,0.0,0.0,0.0,0.0,0.0,0.0,0.0,0.0,0.0,0.0,0.0,0.0,0.0,0.0,0.0,0.0,0.0,0.0,0.0,0.0,0.0,0.0,0.0,0.0,0.0,0.0,0.0,0.0,0.0,0.0,0.0,0.0,0.0,0.0,0.0,0.0,0.0,0.0,0.0,0.0,0.0,0.0,0.0,0.0,0.0,0.0,0.0,0.0
1453,-0.7314432370866242,-1.1012977189428241,-1.3551377508598568,-1.5560078906829096,-1.5960988286207058,-1.5149821899434546,-1.2776563008557216,-0.8655297678578554,-0.4246333130756119,-0.12509376641083217,0.1210604380258974,0.38435196049303216,0.5884418388551308,0.7843265770693383,0.955595894839873,1.0870858622731638,1.1718376896235316,1.2445414630858567,1.2657294199234488,1.157920110132172,0.9204903585109216,0.6595876743146918,0.40917510600374035,-0.20226362881441448,0.0,0.0,0.0,0.0,0.0,0.0,0.0,0.0,0.0,0.0,0.0,0.0,0.0,0.0,0.0,0.0,0.0,0.0,0.0,0.0,0.0,0.0,0.0,0.0,0.0,0.0,0.0,0.0,0.0,0.0,0.0,0.0,0.0,0.0,0.0,0.0,0.0,0.0,0.0,0.0,0.0,0.0,0.0,0.0,0.0,0.0,0.0,0.0,0.0,0.0,0.0,0.0,0.0,0.0,0.0,0.0,0.0,0.0,0.0,0.0,0.0,0.0,0.0,0.0,0.0,0.0,0.0,0.0,0.0,0.0,0.0,0.0
1454,-0.7965266631870616,-1.1281684924653133,-1.3382650338773667,-1.4712028806792892,-1.5280177200470557,-1.453522221032289,-1.2494918473652314,-0.9276150686033146,-0.5805858869962927,-0.2920730308318532,0.009385915032272629,0.30122776569091714,0.5556369227036113,0.7912557552379035,0.987222564463442,1.1423537078933983,1.2340120229671778,1.2773629290472706,1.25073097309363,1.1349559423507203,0.9045155456963027,0.7003372167183917,0.4743354793895808,0.0021361048004482535,0.0,0.0,0.0,0.0,0.0,0.0,0.0,0.0,0.0,0.0,0.0,0.0,0.0,0.0,0.0,0.0,0.0,0.0,0.0,0.0,0.0,0.0,0.0,0.0,0.0,0.0,0.0,0.0,0.0,0.0,0.0,0.0,0.0,0.0,0.0,0.0,0.0,0.0,0.0,0.0,0.0,0.0,0.0,0.0,0.0,0.0,0.0,0.0,0.0,0.0,0.0,0.0,0.0,0.0,0.0,0.0,0.0,0.0,0.0,0.0,0.0,0.0,0.0,0.0,0.0,0.0,0.0,0.0,0.0,0.0,0.0,0.0
1455,-0.7501020503791748,-1.0570119979981978,-1.2451460619341526,-1.3966670095635356,-1.4846985460383533,-1.4687595026917764,-1.302499941758655,-1.0284684392018175,-0.6789432250620305,-0.3693656551255887,-0.05138507488927799,0.2594596156479377,0.5627015825805101,0.8355993456524445,1.0861557718159973,1.2157355258846114,1.2664203499155668,1.2569502906887304,1.2249388228797058,1.1030951735316061,0.8952207044467528,0.6756086971652572,0.45199525640763344,-0.0008336319741933482,0.0,0.0,0.0,0.0,0.0,0.0,0.0,0.0,0.0,0.0,0.0,0.0,0.0,0.0,0.0,0.0,0.0,0.0,0.0,0.0,0.0,0.0,0.0,0.0,0.0,0.0,0.0,0.0,0.0,0.0,0.0,0.0,0.0,0.0,0.0,0.0,0.0,0.0,0.0,0.0,0.0,0.0,0.0,0.0,0.0,0.0,0.0,0.0,0.0,0.0,0.0,0.0,0.0,0.0,0.0,0.0,0.0,0.0,0.0,0.0,0.0,0.0,0.0,0.0,0.0,0.0,0.0,0.0,0.0,0.0,0.0,0.0
1456,-0.6829181846329905,-0.9838748663741576,-1.2324435543011867,-1.4107273028833316,-1.4957549368225085,-1.4616067419017744,-1.2958028557203796,-1.0542283763915732,-0.7092493228851227,-0.3974584748839637,-0.05227370935991833,0.29133393069590036,0.5820735822298598,0.8261851764423354,1.0534283852120385,1.2142266122986272,1.3176997571488027,1.3387509536160023,1.2475519591489819,1.1012221439665597,0.8461392421490292,0.6064161709785758,0.3939842274756969,-0.042673815205495146,0.0,0.0,0.0,0.0,0.0,0.0,0.0,0.0,0.0,0.0,0.0,0.0,0.0,0.0,0.0,0.0,0.0,0.0,0.0,0.0,0.0,0.0,0.0,0.0,0.0,0.0,0.0,0.0,0.0,0.0,0.0,0.0,0.0,0.0,0.0,0.0,0.0,0.0,0.0,0.0,0.0,0.0,0.0,0.0,0.0,0.0,0.0,0.0,0.0,0.0,0.0,0.0,0.0,0.0,0.0,0.0,0.0,0.0,0.0,0.0,0.0,0.0,0.0,0.0,0.0,0.0,0.0,0.0,0.0,0.0,0.0,0.0
1457,-0.48857017836756644,-0.9116419703935619,-1.1820038599607359,-1.3769021012311384,-1.4837099026590495,-1.478956287018308,-1.4041611159210154,-1.1229550406734,-0.7153324994798144,-0.32234218143038634,0.055421711519791486,0.40043022169548476,0.70666705430138,0.9586829585050672,1.1899760695248969,1.3137929019173362,1.369499335207276,1.3435029996719707,1.183662673752037,0.9378116148324365,0.6708663865070454,0.4158051972835081,0.18287803088717355,-0.2424220184704195,0.0,0.0,0.0,0.0,0.0,0.0,0.0,0.0,0.0,0.0,0.0,0.0,0.0,0.0,0.0,0.0,0.0,0.0,0.0,0.0,0.0,0.0,0.0,0.0,0.0,0.0,0.0,0.0,0.0,0.0,0.0,0.0,0.0,0.0,0.0,0.0,0.0,0.0,0.0,0.0,0.0,0.0,0.0,0.0,0.0,0.0,0.0,0.0,0.0,0.0,0.0,0.0,0.0,0.0,0.0,0.0,0.0,0.0,0.0,0.0,0.0,0.0,0.0,0.0,0.0,0.0,0.0,0.0,0.0,0.0,0.0,0.0
1458,-0.4386904314633365,-0.7661593578035538,-1.0448839533545071,-1.2446468349340718,-1.3608675394807042,-1.4096118702699683,-1.4154912706176215,-1.3569023625020544,-1.0681280942638336,-0.6511008603023877,-0.20515518044492684,0.2120087837571621,0.5334615795090831,0.7822422523591981,0.973186033417283,1.1302890799162015,1.25252591505113,1.3198655585678554,1.3248562123513286,1.2013888050506119,0.9592395488716872,0.6807884138020202,0.4612680124495279,0.13051756033387626,0.0,0.0,0.0,0.0,0.0,0.0,0.0,0.0,0.0,0.0,0.0,0.0,0.0,0.0,0.0,0.0,0.0,0.0,0.0,0.0,0.0,0.0,0.0,0.0,0.0,0.0,0.0,0.0,0.0,0.0,0.0,0.0,0.0,0.0,0.0,0.0,0.0,0.0,0.0,0.0,0.0,0.0,0.0,0.0,0.0,0.0,0.0,0.0,0.0,0.0,0.0,0.0,0.0,0.0,0.0,0.0,0.0,0.0,0.0,0.0,0.0,0.0,0.0,0.0,0.0,0.0,0.0,0.0,0.0,0.0,0.0,0.0
1459,-0.19334746094286814,-0.5945648228388787,-0.9205490517125678,-1.164978691366002,-1.324341821689218,-1.4524878843683173,-1.5218678172073667,-1.469813356910802,-1.135322477104091,-0.7045269436152799,-0.2343198622257714,0.19733414062325297,0.5654614108164997,0.8790368553016525,1.0635297250783824,1.181296112765813,1.2660504514195898,1.3152173329590737,1.284234393322288,1.1455525703132992,0.8713886737288439,0.6148624203633145,0.365516092555932,-0.0333599892667698,0.0,0.0,0.0,0.0,0.0,0.0,0.0,0.0,0.0,0.0,0.0,0.0,0.0,0.0,0.0,0.0,0.0,0.0,0.0,0.0,0.0,0.0,0.0,0.0,0.0,0.0,0.0,0.0,0.0,0.0,0.0,0.0,0.0,0.0,0.0,0.0,0.0,0.0,0.0,0.0,0.0,0.0,0.0,0.0,0.0,0.0,0.0,0.0,0.0,0.0,0.0,0.0,0.0,0.0,0.0,0.0,0.0,0.0,0.0,0.0,0.0,0.0,0.0,0.0,0.0,0.0,0.0,0.0,0.0,0.0,0.0,0.0
1460,-0.7589495715959276,-1.0540434718868281,-1.2571046238898147,-1.3906152273826016,-1.4507881738464825,-1.3872489086993074,-1.2589681217323525,-1.0808537956859199,-0.7612939721075073,-0.43614365500148145,-0.10997141972374136,0.22690089994018336,0.5355803006315205,0.8200342293698667,1.0479820944957772,1.1944169572190677,1.275749621120797,1.292761553038158,1.2454527529711505,1.1374299909375902,0.9207232257005366,0.691573103902021,0.4707786659781103,0.08659754624717832,0.0,0.0,0.0,0.0,0.0,0.0,0.0,0.0,0.0,0.0,0.0,0.0,0.0,0.0,0.0,0.0,0.0,0.0,0.0,0.0,0.0,0.0,0.0,0.0,0.0,0.0,0.0,0.0,0.0,0.0,0.0,0.0,0.0,0.0,0.0,0.0,0.0,0.0,0.0,0.0,0.0,0.0,0.0,0.0,0.0,0.0,0.0,0.0,0.0,0.0,0.0,0.0,0.0,0.0,0.0,0.0,0.0,0.0,0.0,0.0,0.0,0.0,0.0,0.0,0.0,0.0,0.0,0.0,0.0,0.0,0.0,0.0
1461,-0.5333675106055601,-0.9131038358505049,-1.2003952472475816,-1.3953800318780887,-1.5026216634248675,-1.4804265868765012,-1.352649323756935,-1.0764208788637168,-0.7726041612515012,-0.39134667811227586,0.00021319258366777214,0.3708917140035784,0.6958663550544234,0.9509368765090122,1.1712973405577447,1.2760498046411555,1.322998268741905,1.298521455352118,1.186992924285094,1.0178678238573564,0.7518726229802073,0.49756268047275887,0.241247575286486,-0.16400271645798262,0.0,0.0,0.0,0.0,0.0,0.0,0.0,0.0,0.0,0.0,0.0,0.0,0.0,0.0,0.0,0.0,0.0,0.0,0.0,0.0,0.0,0.0,0.0,0.0,0.0,0.0,0.0,0.0,0.0,0.0,0.0,0.0,0.0,0.0,0.0,0.0,0.0,0.0,0.0,0.0,0.0,0.0,0.0,0.0,0.0,0.0,0.0,0.0,0.0,0.0,0.0,0.0,0.0,0.0,0.0,0.0,0.0,0.0,0.0,0.0,0.0,0.0,0.0,0.0,0.0,0.0,0.0,0.0,0.0,0.0,0.0,0.0
1462,-0.4422455050823594,-0.8765933227046442,-1.1738062950945523,-1.3668747622751811,-1.4759678184879248,-1.4596226045673901,-1.318438944877633,-1.0557908514664707,-0.6976207280793388,-0.35624568688578406,0.045936549213980424,0.43709701262420997,0.7858948803229617,1.0751601798891235,1.2958205678163432,1.395766302477228,1.4018395241632984,1.3143401450565821,1.1385916063880797,0.9102084797736346,0.5776808479499107,0.2834669973802843,-0.004298741275736617,-0.43429783225861307,0.0,0.0,0.0,0.0,0.0,0.0,0.0,0.0,0.0,0.0,0.0,0.0,0.0,0.0,0.0,0.0,0.0,0.0,0.0,0.0,0.0,0.0,0.0,0.0,0.0,0.0,0.0,0.0,0.0,0.0,0.0,0.0,0.0,0.0,0.0,0.0,0.0,0.0,0.0,0.0,0.0,0.0,0.0,0.0,0.0,0.0,0.0,0.0,0.0,0.0,0.0,0.0,0.0,0.0,0.0,0.0,0.0,0.0,0.0,0.0,0.0,0.0,0.0,0.0,0.0,0.0,0.0,0.0,0.0,0.0,0.0,0.0
1463,-0.3987915018002346,-0.7499863736349861,-1.009364153585668,-1.1742092282232544,-1.3083018156510686,-1.371274689221438,-1.3793481345509724,-1.3498433616194008,-1.1428695813531522,-0.7491790291020327,-0.23702901537937934,0.26235027573110126,0.6739491976222792,0.9673088429145471,1.1521907409608876,1.2611088579520624,1.3055128072645021,1.3449258994641389,1.2806319166580276,1.0856215144709984,0.7856563230000204,0.5048472154473017,0.2449556707938314,0.001137621841888955,0.0,0.0,0.0,0.0,0.0,0.0,0.0,0.0,0.0,0.0,0.0,0.0,0.0,0.0,0.0,0.0,0.0,0.0,0.0,0.0,0.0,0.0,0.0,0.0,0.0,0.0,0.0,0.0,0.0,0.0,0.0,0.0,0.0,0.0,0.0,0.0,0.0,0.0,0.0,0.0,0.0,0.0,0.0,0.0,0.0,0.0,0.0,0.0,0.0,0.0,0.0,0.0,0.0,0.0,0.0,0.0,0.0,0.0,0.0,0.0,0.0,0.0,0.0,0.0,0.0,0.0,0.0,0.0,0.0,0.0,0.0,0.0
1464,-0.5848227100258742,-0.884060111855,-1.1333577596255116,-1.3252948866700647,-1.4317929164095191,-1.4206283395316228,-1.3470892103957786,-1.218529441915571,-0.8982331076520899,-0.46361685445925105,0.0019526867244022037,0.43115378586269254,0.786682048357619,1.0366482336657292,1.2124736060541565,1.3020576360923668,1.3194396120699299,1.2890211541091943,1.1573192592022734,0.9601675393644513,0.6866019789791111,0.4400453351127537,0.22745039815640428,-0.14358793521080934,0.0,0.0,0.0,0.0,0.0,0.0,0.0,0.0,0.0,0.0,0.0,0.0,0.0,0.0,0.0,0.0,0.0,0.0,0.0,0.0,0.0,0.0,0.0,0.0,0.0,0.0,0.0,0.0,0.0,0.0,0.0,0.0,0.0,0.0,0.0,0.0,0.0,0.0,0.0,0.0,0.0,0.0,0.0,0.0,0.0,0.0,0.0,0.0,0.0,0.0,0.0,0.0,0.0,0.0,0.0,0.0,0.0,0.0,0.0,0.0,0.0,0.0,0.0,0.0,0.0,0.0,0.0,0.0,0.0,0.0,0.0,0.0
1465,-0.2884270624647346,-0.6271667273049748,-0.9604996647257578,-1.177014521841297,-1.350521319938426,-1.4162212500960736,-1.4235940602135153,-1.3619901356766688,-1.1039417815662078,-0.7121178838803869,-0.2357524301812341,0.22611316362028328,0.600406157249076,0.8935982395860094,1.1169124660320782,1.2696934756879545,1.360297120020072,1.3743873793556272,1.28419333558559,1.1132260609733573,0.811760047282406,0.5214351688800333,0.2558501644272983,-0.17062594081049867,0.0,0.0,0.0,0.0,0.0,0.0,0.0,0.0,0.0,0.0,0.0,0.0,0.0,0.0,0.0,0.0,0.0,0.0,0.0,0.0,0.0,0.0,0.0,0.0,0.0,0.0,0.0,0.0,0.0,0.0,0.0,0.0,0.0,0.0,0.0,0.0,0.0,0.0,0.0,0.0,0.0,0.0,0.0,0.0,0.0,0.0,0.0,0.0,0.0,0.0,0.0,0.0,0.0,0.0,0.0,0.0,0.0,0.0,0.0,0.0,0.0,0.0,0.0,0.0,0.0,0.0,0.0,0.0,0.0,0.0,0.0,0.0
1466,-0.3532495846509086,-0.6733406034997031,-0.923720599436919,-1.1209626621313005,-1.2583781006851478,-1.3358925963107091,-1.4070899949773321,-1.4097654713364118,-1.1784110850637635,-0.839443094125906,-0.41456258454648687,0.0005078450496397825,0.3783445619819062,0.6995503626469839,0.9467346507108545,1.113060097700314,1.2433409326299487,1.3436712960954404,1.371392203927017,1.281243514383579,1.0530848359842757,0.7949013673330771,0.5587162598565345,0.130268448465009,0.0,0.0,0.0,0.0,0.0,0.0,0.0,0.0,0.0,0.0,0.0,0.0,0.0,0.0,0.0,0.0,0.0,0.0,0.0,0.0,0.0,0.0,0.0,0.0,0.0,0.0,0.0,0.0,0.0,0.0,0.0,0.0,0.0,0.0,0.0,0.0,0.0,0.0,0.0,0.0,0.0,0.0,0.0,0.0,0.0,0.0,0.0,0.0,0.0,0.0,0.0,0.0,0.0,0.0,0.0,0.0,0.0,0.0,0.0,0.0,0.0,0.0,0.0,0.0,0.0,0.0,0.0,0.0,0.0,0.0,0.0,0.0
1467,-0.7089991547787196,-1.0037104152634937,-1.2176157843353832,-1.3928529165328796,-1.4771913059310264,-1.426096245787048,-1.2998094428139064,-1.0829392986472428,-0.7515783715653682,-0.412017002731991,-0.07031090297898998,0.28060492366416023,0.5773978347473926,0.8449214768098768,1.0405966330649643,1.1851767291760735,1.2583499017279438,1.3012445201204195,1.2746877049097838,1.1548350946955135,0.9134267055955071,0.6463446257811807,0.3852551764775678,-0.01972048540433486,0.0,0.0,0.0,0.0,0.0,0.0,0.0,0.0,0.0,0.0,0.0,0.0,0.0,0.0,0.0,0.0,0.0,0.0,0.0,0.0,0.0,0.0,0.0,0.0,0.0,0.0,0.0,0.0,0.0,0.0,0.0,0.0,0.0,0.0,0.0,0.0,0.0,0.0,0.0,0.0,0.0,0.0,0.0,0.0,0.0,0.0,0.0,0.0,0.0,0.0,0.0,0.0,0.0,0.0,0.0,0.0,0.0,0.0,0.0,0.0,0.0,0.0,0.0,0.0,0.0,0.0,0.0,0.0,0.0,0.0,0.0,0.0
1468,-0.6360065814559099,-0.9648863414538486,-1.2080511418831765,-1.3797973523841198,-1.4595660343147605,-1.4214845541226544,-1.3031915840906974,-1.0917191783062947,-0.8118645796852366,-0.504492632420381,-0.1549274172350359,0.19938216840613637,0.4944820107585857,0.7709206626514482,1.0071270530788965,1.1599590400292754,1.2561116146007059,1.3091220471604812,1.2908404063373606,1.1800751707619825,0.9743592677973169,0.7365081622785152,0.4867012432110292,0.070398550280382,0.0,0.0,0.0,0.0,0.0,0.0,0.0,0.0,0.0,0.0,0.0,0.0,0.0,0.0,0.0,0.0,0.0,0.0,0.0,0.0,0.0,0.0,0.0,0.0,0.0,0.0,0.0,0.0,0.0,0.0,0.0,0.0,0.0,0.0,0.0,0.0,0.0,0.0,0.0,0.0,0.0,0.0,0.0,0.0,0.0,0.0,0.0,0.0,0.0,0.0,0.0,0.0,0.0,0.0,0.0,0.0,0.0,0.0,0.0,0.0,0.0,0.0,0.0,0.0,0.0,0.0,0.0,0.0,0.0,0.0,0.0,0.0
1469,-0.575058037217957,-0.9463354533475775,-1.221386050171944,-1.4021180082438518,-1.506999789342142,-1.4825341886830867,-1.3127742687897526,-1.1009662274294625,-0.7761666376215014,-0.3736086902871277,0.04516879174600707,0.4441829751966179,0.755761599745925,0.9800409640048423,1.1601595783276373,1.2371682934940234,1.2651095087313846,1.26408726914953,1.1747435296954307,1.0208623979735725,0.7709588948628313,0.5012920931695661,0.254455308804389,-0.1760438537673461,0.0,0.0,0.0,0.0,0.0,0.0,0.0,0.0,0.0,0.0,0.0,0.0,0.0,0.0,0.0,0.0,0.0,0.0,0.0,0.0,0.0,0.0,0.0,0.0,0.0,0.0,0.0,0.0,0.0,0.0,0.0,0.0,0.0,0.0,0.0,0.0,0.0,0.0,0.0,0.0,0.0,0.0,0.0,0.0,0.0,0.0,0.0,0.0,0.0,0.0,0.0,0.0,0.0,0.0,0.0,0.0,0.0,0.0,0.0,0.0,0.0,0.0,0.0,0.0,0.0,0.0,0.0,0.0,0.0,0.0,0.0,0.0
1470,-0.44497017372275655,-0.8758359567842476,-1.181985300038311,-1.403246760954904,-1.512345623818202,-1.496204970134317,-1.3242621732518176,-1.0935106057710884,-0.6905173404137138,-0.36837679397283835,0.0059219759465180665,0.3780537136583158,0.6756843785792175,0.9281809933840698,1.1389061942570156,1.2642951613012718,1.3346116201741236,1.340440189559971,1.2605588988744465,1.065526000194167,0.7569107237383991,0.44724929380311995,0.15051533186465635,-0.35559877647309585,0.0,0.0,0.0,0.0,0.0,0.0,0.0,0.0,0.0,0.0,0.0,0.0,0.0,0.0,0.0,0.0,0.0,0.0,0.0,0.0,0.0,0.0,0.0,0.0,0.0,0.0,0.0,0.0,0.0,0.0,0.0,0.0,0.0,0.0,0.0,0.0,0.0,0.0,0.0,0.0,0.0,0.0,0.0,0.0,0.0,0.0,0.0,0.0,0.0,0.0,0.0,0.0,0.0,0.0,0.0,0.0,0.0,0.0,0.0,0.0,0.0,0.0,0.0,0.0,0.0,0.0,0.0,0.0,0.0,0.0,0.0,0.0
1471,-0.4890517290757811,-0.8878273444477076,-1.1896393849494062,-1.399579545151688,-1.4987569002700944,-1.4800135608355147,-1.31198763999875,-1.0822710429127382,-0.7358144340727689,-0.4412340757151208,-0.11160219676130964,0.22238345001391968,0.5146762354484498,0.7878567180737036,1.035283557145145,1.170397944958986,1.304921991373313,1.3724422889427639,1.3483120842376157,1.2004315636592775,0.9077698148500508,0.5862551301395617,0.3284235239016803,-0.15137644855358728,0.0,0.0,0.0,0.0,0.0,0.0,0.0,0.0,0.0,0.0,0.0,0.0,0.0,0.0,0.0,0.0,0.0,0.0,0.0,0.0,0.0,0.0,0.0,0.0,0.0,0.0,0.0,0.0,0.0,0.0,0.0,0.0,0.0,0.0,0.0,0.0,0.0,0.0,0.0,0.0,0.0,0.0,0.0,0.0,0.0,0.0,0.0,0.0,0.0,0.0,0.0,0.0,0.0,0.0,0.0,0.0,0.0,0.0,0.0,0.0,0.0,0.0,0.0,0.0,0.0,0.0,0.0,0.0,0.0,0.0,0.0,0.0
1472,-0.31498988070968786,-0.6966217922724153,-1.024235951647036,-1.2289265970236134,-1.3859912011492048,-1.428005008406621,-1.4357997778421343,-1.3486542555530965,-1.0199488284575038,-0.6418245631407573,-0.22683103839403332,0.18278409544218657,0.5039285961853314,0.7756542587073223,0.9880617258250577,1.1489457669740506,1.2820804289326164,1.364315246477281,1.3576117447627396,1.2235417104719122,0.9436315400426323,0.662863944975446,0.3837332514897175,-0.06532341569019932,0.0,0.0,0.0,0.0,0.0,0.0,0.0,0.0,0.0,0.0,0.0,0.0,0.0,0.0,0.0,0.0,0.0,0.0,0.0,0.0,0.0,0.0,0.0,0.0,0.0,0.0,0.0,0.0,0.0,0.0,0.0,0.0,0.0,0.0,0.0,0.0,0.0,0.0,0.0,0.0,0.0,0.0,0.0,0.0,0.0,0.0,0.0,0.0,0.0,0.0,0.0,0.0,0.0,0.0,0.0,0.0,0.0,0.0,0.0,0.0,0.0,0.0,0.0,0.0,0.0,0.0,0.0,0.0,0.0,0.0,0.0,0.0
1473,-0.33579240613762384,-0.7287825700905999,-1.0003327130355684,-1.2040535928071585,-1.3411106606626448,-1.4058320538166245,-1.4467005445717185,-1.3930897867370895,-1.0903055500971632,-0.6855054800704717,-0.27526663750983255,0.07203783715798132,0.36604234099310606,0.6660294946155735,0.8852897244841575,1.0416932832104013,1.1909487408920278,1.3094362853816064,1.3676311514948485,1.2863603504875705,1.0542801567889664,0.850947760769801,0.6133510977867641,0.2027237714737001,0.0,0.0,0.0,0.0,0.0,0.0,0.0,0.0,0.0,0.0,0.0,0.0,0.0,0.0,0.0,0.0,0.0,0.0,0.0,0.0,0.0,0.0,0.0,0.0,0.0,0.0,0.0,0.0,0.0,0.0,0.0,0.0,0.0,0.0,0.0,0.0,0.0,0.0,0.0,0.0,0.0,0.0,0.0,0.0,0.0,0.0,0.0,0.0,0.0,0.0,0.0,0.0,0.0,0.0,0.0,0.0,0.0,0.0,0.0,0.0,0.0,0.0,0.0,0.0,0.0,0.0,0.0,0.0,0.0,0.0,0.0,0.0
1474,-0.7622615826593943,-1.104374332389227,-1.3403294441657516,-1.5017451984649708,-1.5442969030308062,-1.4769972452886602,-1.243332242612033,-0.9117096700494723,-0.5617662246877325,-0.2591024510658097,0.07894720187388242,0.4033300747012837,0.6744494423342973,0.9285038034487205,1.1241973197593071,1.2392937706509244,1.2709120511269272,1.252147931405187,1.1630552999704693,0.982210555565669,0.7645024421012301,0.5630467157973532,0.3539080428357561,-0.09258935715714142,0.0,0.0,0.0,0.0,0.0,0.0,0.0,0.0,0.0,0.0,0.0,0.0,0.0,0.0,0.0,0.0,0.0,0.0,0.0,0.0,0.0,0.0,0.0,0.0,0.0,0.0,0.0,0.0,0.0,0.0,0.0,0.0,0.0,0.0,0.0,0.0,0.0,0.0,0.0,0.0,0.0,0.0,0.0,0.0,0.0,0.0,0.0,0.0,0.0,0.0,0.0,0.0,0.0,0.0,0.0,0.0,0.0,0.0,0.0,0.0,0.0,0.0,0.0,0.0,0.0,0.0,0.0,0.0,0.0,0.0,0.0,0.0
1475,-0.6765551739145599,-1.0298582391229079,-1.3044727974177566,-1.4866151064908706,-1.555382348336354,-1.4866151064908706,-1.263500244732287,-0.9535175124926796,-0.5792358944305884,-0.28909569232701265,-0.0525000276515831,0.257104030348787,0.5441391036906174,0.8111044423528738,1.0654220614246064,1.2078035753778098,1.277706839941005,1.2916420519449354,1.2423386659962463,1.108742394393347,0.8741915706097985,0.6454723301105036,0.3795672793181114,-0.027886202101162286,0.0,0.0,0.0,0.0,0.0,0.0,0.0,0.0,0.0,0.0,0.0,0.0,0.0,0.0,0.0,0.0,0.0,0.0,0.0,0.0,0.0,0.0,0.0,0.0,0.0,0.0,0.0,0.0,0.0,0.0,0.0,0.0,0.0,0.0,0.0,0.0,0.0,0.0,0.0,0.0,0.0,0.0,0.0,0.0,0.0,0.0,0.0,0.0,0.0,0.0,0.0,0.0,0.0,0.0,0.0,0.0,0.0,0.0,0.0,0.0,0.0,0.0,0.0,0.0,0.0,0.0,0.0,0.0,0.0,0.0,0.0,0.0
1476,-0.6709335491387513,-1.020020235400959,-1.2629769108306161,-1.410716523023854,-1.481682591602204,-1.4188214607122087,-1.2430017494412064,-1.0131278474455077,-0.708267317230779,-0.4186593862878358,-0.09299405539276334,0.27434469526999133,0.5822046906134813,0.856368567063654,1.0960705037365703,1.2601476281205075,1.346493932784633,1.356066693833871,1.279420787032973,1.071819509078501,0.8108022244692817,0.5704621037264161,0.30976391115217145,-0.07276362037537397,0.0,0.0,0.0,0.0,0.0,0.0,0.0,0.0,0.0,0.0,0.0,0.0,0.0,0.0,0.0,0.0,0.0,0.0,0.0,0.0,0.0,0.0,0.0,0.0,0.0,0.0,0.0,0.0,0.0,0.0,0.0,0.0,0.0,0.0,0.0,0.0,0.0,0.0,0.0,0.0,0.0,0.0,0.0,0.0,0.0,0.0,0.0,0.0,0.0,0.0,0.0,0.0,0.0,0.0,0.0,0.0,0.0,0.0,0.0,0.0,0.0,0.0,0.0,0.0,0.0,0.0,0.0,0.0,0.0,0.0,0.0,0.0
1477,-0.6216702687166809,-0.9896330073723986,-1.2326365878000671,-1.4101353921012734,-1.5101521096553443,-1.4655767577577892,-1.2828301627207213,-1.0652011939688077,-0.759532818283496,-0.4918337520400073,-0.17134808486520345,0.17296872612186664,0.48215620853593283,0.7606595498238427,0.9438383158626874,1.0748478681156124,1.1809767184090987,1.2687074317697993,1.2913038012912745,1.2057339429394582,1.0088491822728336,0.808630531021073,0.5790859903630262,0.22279186875528345,0.0,0.0,0.0,0.0,0.0,0.0,0.0,0.0,0.0,0.0,0.0,0.0,0.0,0.0,0.0,0.0,0.0,0.0,0.0,0.0,0.0,0.0,0.0,0.0,0.0,0.0,0.0,0.0,0.0,0.0,0.0,0.0,0.0,0.0,0.0,0.0,0.0,0.0,0.0,0.0,0.0,0.0,0.0,0.0,0.0,0.0,0.0,0.0,0.0,0.0,0.0,0.0,0.0,0.0,0.0,0.0,0.0,0.0,0.0,0.0,0.0,0.0,0.0,0.0,0.0,0.0,0.0,0.0,0.0,0.0,0.0,0.0
1478,-0.540051037818917,-0.9186741322991671,-1.1924880656776178,-1.377410729296605,-1.4862812453910992,-1.47527628347541,-1.3268403090649867,-1.1262617770064183,-0.7903484156751515,-0.4070744146710091,-0.028516825916447584,0.3652380911978748,0.7170693438714775,0.9909487829756168,1.1847802252882569,1.250023928074127,1.2923406268689785,1.2795670103596968,1.2010911509847244,1.0280250237153783,0.7667881896691435,0.5076475388449446,0.25191318575655425,-0.16620986131393645,0.0,0.0,0.0,0.0,0.0,0.0,0.0,0.0,0.0,0.0,0.0,0.0,0.0,0.0,0.0,0.0,0.0,0.0,0.0,0.0,0.0,0.0,0.0,0.0,0.0,0.0,0.0,0.0,0.0,0.0,0.0,0.0,0.0,0.0,0.0,0.0,0.0,0.0,0.0,0.0,0.0,0.0,0.0,0.0,0.0,0.0,0.0,0.0,0.0,0.0,0.0,0.0,0.0,0.0,0.0,0.0,0.0,0.0,0.0,0.0,0.0,0.0,0.0,0.0,0.0,0.0,0.0,0.0,0.0,0.0,0.0,0.0
1479,0.1413630760627695,-0.3612713541552408,-0.8107803334078766,-1.1510209582652926,-1.361694003057415,-1.4794660871252332,-1.4974793639585873,-1.464287386849412,-1.1444374256155387,-0.6269900469355825,-0.07671644296032575,0.4533493732983255,0.8604311421414366,1.1157259082263347,1.2573632981495106,1.352367331803597,1.3529159595244098,1.3127746979516053,1.1371223893380347,0.8195583769408816,0.5140641744016107,0.23865305855357594,-0.046267604455214335,-0.535277779606373,0.0,0.0,0.0,0.0,0.0,0.0,0.0,0.0,0.0,0.0,0.0,0.0,0.0,0.0,0.0,0.0,0.0,0.0,0.0,0.0,0.0,0.0,0.0,0.0,0.0,0.0,0.0,0.0,0.0,0.0,0.0,0.0,0.0,0.0,0.0,0.0,0.0,0.0,0.0,0.0,0.0,0.0,0.0,0.0,0.0,0.0,0.0,0.0,0.0,0.0,0.0,0.0,0.0,0.0,0.0,0.0,0.0,0.0,0.0,0.0,0.0,0.0,0.0,0.0,0.0,0.0,0.0,0.0,0.0,0.0,0.0,0.0
1480,-0.22776354178958982,-0.6051034840336851,-0.9217453122438777,-1.155433051274403,-1.322444831707081,-1.418918046285208,-1.452118075324964,-1.4409900877520818,-1.161134995320012,-0.7358803297249119,-0.2801846402734149,0.16557863051798888,0.5792454743429805,0.8905532258653451,1.0731993690037251,1.1833756426592033,1.2891375080213063,1.3612395101464272,1.3137846209926487,1.1412548301932526,0.837212458987067,0.6110660007910568,0.38078103482000764,-0.10471191061176886,0.0,0.0,0.0,0.0,0.0,0.0,0.0,0.0,0.0,0.0,0.0,0.0,0.0,0.0,0.0,0.0,0.0,0.0,0.0,0.0,0.0,0.0,0.0,0.0,0.0,0.0,0.0,0.0,0.0,0.0,0.0,0.0,0.0,0.0,0.0,0.0,0.0,0.0,0.0,0.0,0.0,0.0,0.0,0.0,0.0,0.0,0.0,0.0,0.0,0.0,0.0,0.0,0.0,0.0,0.0,0.0,0.0,0.0,0.0,0.0,0.0,0.0,0.0,0.0,0.0,0.0,0.0,0.0,0.0,0.0,0.0,0.0
1481,-0.5504691458084338,-0.950340064461874,-1.3061727796244995,-1.5235421272896887,-1.6039597162729158,-1.5057051432670931,-1.2324062694293587,-0.8744573019250694,-0.5811044178020441,-0.23575219042670642,0.10899539342244158,0.4357044454069309,0.6988251532204723,0.9239540928050958,1.1367886140238623,1.2218418033745437,1.260538989050683,1.2778721034681204,1.2507639187106165,1.0745103308263255,0.7581809927080924,0.46140179526999214,0.1621032498061016,-0.4075717257856065,0.0,0.0,0.0,0.0,0.0,0.0,0.0,0.0,0.0,0.0,0.0,0.0,0.0,0.0,0.0,0.0,0.0,0.0,0.0,0.0,0.0,0.0,0.0,0.0,0.0,0.0,0.0,0.0,0.0,0.0,0.0,0.0,0.0,0.0,0.0,0.0,0.0,0.0,0.0,0.0,0.0,0.0,0.0,0.0,0.0,0.0,0.0,0.0,0.0,0.0,0.0,0.0,0.0,0.0,0.0,0.0,0.0,0.0,0.0,0.0,0.0,0.0,0.0,0.0,0.0,0.0,0.0,0.0,0.0,0.0,0.0,0.0
1482,-0.6688825232066669,-1.0435787452549954,-1.3189747766506472,-1.467662363712592,-1.551901149786556,-1.4596062635890945,-1.2133698119882765,-0.9210734835944179,-0.5857820991066752,-0.3289501245173441,-0.03271331236742688,0.24916262564929897,0.502754646928093,0.7350680559241706,0.9827931347217218,1.1705352941214922,1.3185223507379153,1.3715875319861712,1.3214120388256918,1.1657191473085315,0.8862074995454409,0.6341916717690702,0.37420731017489217,-0.11966665391778686,0.0,0.0,0.0,0.0,0.0,0.0,0.0,0.0,0.0,0.0,0.0,0.0,0.0,0.0,0.0,0.0,0.0,0.0,0.0,0.0,0.0,0.0,0.0,0.0,0.0,0.0,0.0,0.0,0.0,0.0,0.0,0.0,0.0,0.0,0.0,0.0,0.0,0.0,0.0,0.0,0.0,0.0,0.0,0.0,0.0,0.0,0.0,0.0,0.0,0.0,0.0,0.0,0.0,0.0,0.0,0.0,0.0,0.0,0.0,0.0,0.0,0.0,0.0,0.0,0.0,0.0,0.0,0.0,0.0,0.0,0.0,0.0
1483,-0.6979326810561555,-0.9926496441590954,-1.232589566827698,-1.384931185436464,-1.4490000904588423,-1.386579742056923,-1.2491500674241256,-1.0006676240858725,-0.7442421352126815,-0.4613648060203096,-0.14896332644335644,0.14980009381889164,0.44991233313424245,0.7041647246441014,0.9599907383825803,1.1533214693273006,1.3113581017158336,1.394909948616362,1.385018608893609,1.2550074390528765,0.9688329966195869,0.6956971383662901,0.39700865249588096,-0.07695137588604006,0.0,0.0,0.0,0.0,0.0,0.0,0.0,0.0,0.0,0.0,0.0,0.0,0.0,0.0,0.0,0.0,0.0,0.0,0.0,0.0,0.0,0.0,0.0,0.0,0.0,0.0,0.0,0.0,0.0,0.0,0.0,0.0,0.0,0.0,0.0,0.0,0.0,0.0,0.0,0.0,0.0,0.0,0.0,0.0,0.0,0.0,0.0,0.0,0.0,0.0,0.0,0.0,0.0,0.0,0.0,0.0,0.0,0.0,0.0,0.0,0.0,0.0,0.0,0.0,0.0,0.0,0.0,0.0,0.0,0.0,0.0,0.0
1484,-0.6935109047431419,-0.9991413754594042,-1.2359023584482642,-1.3865233963556765,-1.4575870815337977,-1.4080406874853069,-1.2684614173944153,-1.0234898891060913,-0.708870286898174,-0.457457727383546,-0.13965299984394017,0.19436047660581482,0.5072105647405716,0.7790787069409337,1.0253950659248598,1.2167149275149611,1.3351308092908543,1.385314228405683,1.331167097766975,1.1639834081347815,0.8650063103336022,0.64013646191638,0.3904934164749123,-0.05535334939857924,0.0,0.0,0.0,0.0,0.0,0.0,0.0,0.0,0.0,0.0,0.0,0.0,0.0,0.0,0.0,0.0,0.0,0.0,0.0,0.0,0.0,0.0,0.0,0.0,0.0,0.0,0.0,0.0,0.0,0.0,0.0,0.0,0.0,0.0,0.0,0.0,0.0,0.0,0.0,0.0,0.0,0.0,0.0,0.0,0.0,0.0,0.0,0.0,0.0,0.0,0.0,0.0,0.0,0.0,0.0,0.0,0.0,0.0,0.0,0.0,0.0,0.0,0.0,0.0,0.0,0.0,0.0,0.0,0.0,0.0,0.0,0.0
1485,-0.6188588157288142,-0.9804585683348732,-1.2237242404103004,-1.381222269301604,-1.449583713214318,-1.416666344430886,-1.236006840702626,-1.045380884165736,-0.7769885212065802,-0.45925519821596894,-0.13302933445180692,0.22800892785517446,0.5438472210863985,0.8069756124917004,1.0527679909129775,1.2238119732695314,1.3500771042746362,1.4071385559184106,1.34909449625125,1.1475194788823446,0.8358923628942035,0.5866608563910755,0.2995287547002005,-0.11014860476438937,0.0,0.0,0.0,0.0,0.0,0.0,0.0,0.0,0.0,0.0,0.0,0.0,0.0,0.0,0.0,0.0,0.0,0.0,0.0,0.0,0.0,0.0,0.0,0.0,0.0,0.0,0.0,0.0,0.0,0.0,0.0,0.0,0.0,0.0,0.0,0.0,0.0,0.0,0.0,0.0,0.0,0.0,0.0,0.0,0.0,0.0,0.0,0.0,0.0,0.0,0.0,0.0,0.0,0.0,0.0,0.0,0.0,0.0,0.0,0.0,0.0,0.0,0.0,0.0,0.0,0.0,0.0,0.0,0.0,0.0,0.0,0.0
1486,-0.4196191011577673,-0.7681616513058177,-1.0356360007438976,-1.2425446524218922,-1.3609230616802406,-1.4023627496213515,-1.3725870297895393,-1.3157885763877368,-1.095187440407522,-0.6551443205573333,-0.21930312710676766,0.19306523611142043,0.5263939148125595,0.7753218304867854,0.9911414640122567,1.1370497358888256,1.2612963527052685,1.3565641667656896,1.3482327609733336,1.2335491490663777,0.9492670940298054,0.6845457308535476,0.4189550035946092,0.011875271879395057,0.0,0.0,0.0,0.0,0.0,0.0,0.0,0.0,0.0,0.0,0.0,0.0,0.0,0.0,0.0,0.0,0.0,0.0,0.0,0.0,0.0,0.0,0.0,0.0,0.0,0.0,0.0,0.0,0.0,0.0,0.0,0.0,0.0,0.0,0.0,0.0,0.0,0.0,0.0,0.0,0.0,0.0,0.0,0.0,0.0,0.0,0.0,0.0,0.0,0.0,0.0,0.0,0.0,0.0,0.0,0.0,0.0,0.0,0.0,0.0,0.0,0.0,0.0,0.0,0.0,0.0,0.0,0.0,0.0,0.0,0.0,0.0
1487,-0.44104042760683754,-0.726871819468178,-0.9755803826860623,-1.1878855519241232,-1.326808385471631,-1.3940755265213047,-1.4206226656093577,-1.4037878944803484,-1.155079331262464,-0.7204688509618454,-0.2579443057122713,0.18558716441739506,0.5477505740901835,0.8376827435342313,1.0345920109705486,1.1666802152135443,1.2494152015313247,1.2956748504029185,1.2709262979739475,1.1470396488963668,0.9209213341165547,0.7389763076838012,0.5076061198594691,0.10731267301413845,0.0,0.0,0.0,0.0,0.0,0.0,0.0,0.0,0.0,0.0,0.0,0.0,0.0,0.0,0.0,0.0,0.0,0.0,0.0,0.0,0.0,0.0,0.0,0.0,0.0,0.0,0.0,0.0,0.0,0.0,0.0,0.0,0.0,0.0,0.0,0.0,0.0,0.0,0.0,0.0,0.0,0.0,0.0,0.0,0.0,0.0,0.0,0.0,0.0,0.0,0.0,0.0,0.0,0.0,0.0,0.0,0.0,0.0,0.0,0.0,0.0,0.0,0.0,0.0,0.0,0.0,0.0,0.0,0.0,0.0,0.0,0.0
1488,-0.6578387616216546,-1.0326831394275617,-1.2952188073807773,-1.4656099186808906,-1.5267450604533501,-1.439822296461496,-1.2423581985946035,-0.9329870672335774,-0.5715586798034924,-0.21278135633988737,0.15145876560010038,0.5225273856355666,0.8567221159554494,1.1276929874383737,1.3021008623240626,1.333190612476417,1.258077133426155,1.1946926040457733,1.091060103537925,0.9114304359909879,0.6076024383780559,0.3665162879718135,0.06855276519382175,-0.4140212119772207,0.0,0.0,0.0,0.0,0.0,0.0,0.0,0.0,0.0,0.0,0.0,0.0,0.0,0.0,0.0,0.0,0.0,0.0,0.0,0.0,0.0,0.0,0.0,0.0,0.0,0.0,0.0,0.0,0.0,0.0,0.0,0.0,0.0,0.0,0.0,0.0,0.0,0.0,0.0,0.0,0.0,0.0,0.0,0.0,0.0,0.0,0.0,0.0,0.0,0.0,0.0,0.0,0.0,0.0,0.0,0.0,0.0,0.0,0.0,0.0,0.0,0.0,0.0,0.0,0.0,0.0,0.0,0.0,0.0,0.0,0.0,0.0
1489,-0.6119740710795604,-1.0103792863638923,-1.2825863198283671,-1.4667833988373102,-1.5354041870813742,-1.4666990981146517,-1.2112679084592293,-0.9307994041742161,-0.6023637886964851,-0.32256969019274034,0.015391906945407463,0.3599289604509226,0.6634958627443799,0.8992006832977002,1.1069176639283802,1.2268775922715043,1.307890586746376,1.3283756623524048,1.2831061742847607,1.100173606115696,0.7990514247793367,0.5131033735215174,0.18610087032898176,-0.348787214939551,0.0,0.0,0.0,0.0,0.0,0.0,0.0,0.0,0.0,0.0,0.0,0.0,0.0,0.0,0.0,0.0,0.0,0.0,0.0,0.0,0.0,0.0,0.0,0.0,0.0,0.0,0.0,0.0,0.0,0.0,0.0,0.0,0.0,0.0,0.0,0.0,0.0,0.0,0.0,0.0,0.0,0.0,0.0,0.0,0.0,0.0,0.0,0.0,0.0,0.0,0.0,0.0,0.0,0.0,0.0,0.0,0.0,0.0,0.0,0.0,0.0,0.0,0.0,0.0,0.0,0.0,0.0,0.0,0.0,0.0,0.0,0.0
1490,-0.6403232272376481,-0.984371798041601,-1.2321723228391195,-1.3934259935689473,-1.4921948217326932,-1.436814001609943,-1.2221655815479744,-0.9851356714226045,-0.7199188335382074,-0.45080624141069275,-0.13334046426565982,0.19222237071800966,0.4998341812480981,0.7916338127914152,1.0585311721140198,1.2270416399633803,1.3300881590607456,1.378441344078264,1.3446017532998111,1.1681470022880147,0.8723752291634796,0.6290815573138815,0.33246952347024267,-0.13379878829426187,0.0,0.0,0.0,0.0,0.0,0.0,0.0,0.0,0.0,0.0,0.0,0.0,0.0,0.0,0.0,0.0,0.0,0.0,0.0,0.0,0.0,0.0,0.0,0.0,0.0,0.0,0.0,0.0,0.0,0.0,0.0,0.0,0.0,0.0,0.0,0.0,0.0,0.0,0.0,0.0,0.0,0.0,0.0,0.0,0.0,0.0,0.0,0.0,0.0,0.0,0.0,0.0,0.0,0.0,0.0,0.0,0.0,0.0,0.0,0.0,0.0,0.0,0.0,0.0,0.0,0.0,0.0,0.0,0.0,0.0,0.0,0.0
1491,-0.6087381055360415,-0.9702783402623505,-1.219967962259591,-1.393271799954053,-1.4680781789423003,-1.4078454035381356,-1.2517714420021953,-1.0413515794162516,-0.7796010441080462,-0.47484760955419747,-0.16140744577042754,0.17285215170488918,0.4709290092473108,0.7316026772956087,1.0054859170654398,1.176133482185463,1.3184953339452465,1.381097217321208,1.3610674862869268,1.2027679990805107,0.9265156513388829,0.6830718594491065,0.39612263025906336,-0.04898250383607487,0.0,0.0,0.0,0.0,0.0,0.0,0.0,0.0,0.0,0.0,0.0,0.0,0.0,0.0,0.0,0.0,0.0,0.0,0.0,0.0,0.0,0.0,0.0,0.0,0.0,0.0,0.0,0.0,0.0,0.0,0.0,0.0,0.0,0.0,0.0,0.0,0.0,0.0,0.0,0.0,0.0,0.0,0.0,0.0,0.0,0.0,0.0,0.0,0.0,0.0,0.0,0.0,0.0,0.0,0.0,0.0,0.0,0.0,0.0,0.0,0.0,0.0,0.0,0.0,0.0,0.0,0.0,0.0,0.0,0.0,0.0,0.0
1492,-0.5603326449548173,-0.9243890051528221,-1.181093530213779,-1.371933078449885,-1.4668755701271785,-1.4295006836122965,-1.2501159139544253,-1.0523006992764454,-0.7989004372669023,-0.45276052561434194,-0.0963406844684938,0.265879974034281,0.5905788898865555,0.8858331505473416,1.1211701078758218,1.2966631899398056,1.3911651132102436,1.4011513304322947,1.3121565122475465,1.0851169265815055,0.7421344218447407,0.49747209990449215,0.21888601063639415,-0.2236649540496435,0.0,0.0,0.0,0.0,0.0,0.0,0.0,0.0,0.0,0.0,0.0,0.0,0.0,0.0,0.0,0.0,0.0,0.0,0.0,0.0,0.0,0.0,0.0,0.0,0.0,0.0,0.0,0.0,0.0,0.0,0.0,0.0,0.0,0.0,0.0,0.0,0.0,0.0,0.0,0.0,0.0,0.0,0.0,0.0,0.0,0.0,0.0,0.0,0.0,0.0,0.0,0.0,0.0,0.0,0.0,0.0,0.0,0.0,0.0,0.0,0.0,0.0,0.0,0.0,0.0,0.0,0.0,0.0,0.0,0.0,0.0,0.0
1493,-0.36567686186048476,-0.72622961318855,-1.0056448967068532,-1.2198657757396376,-1.3281738162569119,-1.3880538663010167,-1.3536976875882116,-1.3092367504304638,-1.0591626914337717,-0.7136548026792879,-0.3310212828974592,0.10677673298750094,0.4840958983279154,0.7956218586823698,1.022866648599747,1.1722673734597882,1.303778933369153,1.4068474695075681,1.3974912116881768,1.227806119875695,0.9145586080824727,0.6654575998989973,0.37226990487054995,-0.069420314267277,0.0,0.0,0.0,0.0,0.0,0.0,0.0,0.0,0.0,0.0,0.0,0.0,0.0,0.0,0.0,0.0,0.0,0.0,0.0,0.0,0.0,0.0,0.0,0.0,0.0,0.0,0.0,0.0,0.0,0.0,0.0,0.0,0.0,0.0,0.0,0.0,0.0,0.0,0.0,0.0,0.0,0.0,0.0,0.0,0.0,0.0,0.0,0.0,0.0,0.0,0.0,0.0,0.0,0.0,0.0,0.0,0.0,0.0,0.0,0.0,0.0,0.0,0.0,0.0,0.0,0.0,0.0,0.0,0.0,0.0,0.0,0.0
1494,-0.4391810929332298,-0.7434038270844242,-0.9972317323331187,-1.1829510949778899,-1.3015917820944016,-1.3524672156322113,-1.3582344712559307,-1.3483477473295546,-1.1381175482839765,-0.7578219661437224,-0.34470795319230374,0.05055503044760279,0.4200713371959052,0.7358972403995825,0.9769547939100414,1.1367215062480756,1.2557054823898086,1.339879951374093,1.3588295055663138,1.242935130651573,1.0119016166775787,0.8044177298337716,0.522371466711879,0.10781563985453037,0.0,0.0,0.0,0.0,0.0,0.0,0.0,0.0,0.0,0.0,0.0,0.0,0.0,0.0,0.0,0.0,0.0,0.0,0.0,0.0,0.0,0.0,0.0,0.0,0.0,0.0,0.0,0.0,0.0,0.0,0.0,0.0,0.0,0.0,0.0,0.0,0.0,0.0,0.0,0.0,0.0,0.0,0.0,0.0,0.0,0.0,0.0,0.0,0.0,0.0,0.0,0.0,0.0,0.0,0.0,0.0,0.0,0.0,0.0,0.0,0.0,0.0,0.0,0.0,0.0,0.0,0.0,0.0,0.0,0.0,0.0,0.0
1495,-0.7881021502751866,-1.0635780088756093,-1.2581689694133682,-1.3970457113577832,-1.4484382819679957,-1.4008417535051285,-1.2470144455650154,-1.0153974739285352,-0.7247958473871522,-0.4195356580921745,-0.07649024926900651,0.2938866630150472,0.6296319907856281,0.9009614033481815,1.1068236890311347,1.2169673119525672,1.305561095606763,1.3038674768025629,1.2305746630345895,1.0878434782944086,0.8492184288474449,0.6477945924444646,0.3334239019958583,-0.06714614552169516,0.0,0.0,0.0,0.0,0.0,0.0,0.0,0.0,0.0,0.0,0.0,0.0,0.0,0.0,0.0,0.0,0.0,0.0,0.0,0.0,0.0,0.0,0.0,0.0,0.0,0.0,0.0,0.0,0.0,0.0,0.0,0.0,0.0,0.0,0.0,0.0,0.0,0.0,0.0,0.0,0.0,0.0,0.0,0.0,0.0,0.0,0.0,0.0,0.0,0.0,0.0,0.0,0.0,0.0,0.0,0.0,0.0,0.0,0.0,0.0,0.0,0.0,0.0,0.0,0.0,0.0,0.0,0.0,0.0,0.0,0.0,0.0
1496,-0.5775282760697396,-0.9593205159006246,-1.2278306562777381,-1.421637740358711,-1.5124738510662246,-1.47992716738415,-1.2400356626585158,-1.012840170317484,-0.7264433826581961,-0.4004855398336282,-0.10504021296100503,0.25886537958770556,0.6064976302953791,0.8863710524752856,1.1236672397521337,1.2457173035599125,1.2967819279576498,1.3207009347153813,1.2699168851769722,1.1123741016641726,0.8367794460890214,0.5980102408007001,0.280399500041147,-0.17251846662944367,0.0,0.0,0.0,0.0,0.0,0.0,0.0,0.0,0.0,0.0,0.0,0.0,0.0,0.0,0.0,0.0,0.0,0.0,0.0,0.0,0.0,0.0,0.0,0.0,0.0,0.0,0.0,0.0,0.0,0.0,0.0,0.0,0.0,0.0,0.0,0.0,0.0,0.0,0.0,0.0,0.0,0.0,0.0,0.0,0.0,0.0,0.0,0.0,0.0,0.0,0.0,0.0,0.0,0.0,0.0,0.0,0.0,0.0,0.0,0.0,0.0,0.0,0.0,0.0,0.0,0.0,0.0,0.0,0.0,0.0,0.0,0.0
1497,-0.6094997303391879,-0.9722472874527555,-1.238664386958702,-1.407463007256363,-1.4934892920586647,-1.4456969116129414,-1.2505277438069313,-1.0053968960172357,-0.7244726058511689,-0.43365088654315087,-0.1312369728291489,0.2304259345154377,0.5697179403747921,0.8518624615309626,1.0915700604757532,1.2197621050471896,1.297789097803257,1.3396159045195848,1.2939928236118234,1.165529616598142,0.8704370888247613,0.6164256710515343,0.30282630659491633,-0.13760929022191198,0.0,0.0,0.0,0.0,0.0,0.0,0.0,0.0,0.0,0.0,0.0,0.0,0.0,0.0,0.0,0.0,0.0,0.0,0.0,0.0,0.0,0.0,0.0,0.0,0.0,0.0,0.0,0.0,0.0,0.0,0.0,0.0,0.0,0.0,0.0,0.0,0.0,0.0,0.0,0.0,0.0,0.0,0.0,0.0,0.0,0.0,0.0,0.0,0.0,0.0,0.0,0.0,0.0,0.0,0.0,0.0,0.0,0.0,0.0,0.0,0.0,0.0,0.0,0.0,0.0,0.0,0.0,0.0,0.0,0.0,0.0,0.0
1498,-0.5139504055878297,-0.9339500722095488,-1.2274078531144943,-1.4189880264622357,-1.5193732095448158,-1.4690235206904074,-1.2765007634639565,-1.0006378816282584,-0.694298121047614,-0.38866529837600206,-0.04383669608137942,0.3043694984452862,0.6314461043575433,0.8880645653362522,1.105251600722273,1.250330969387004,1.3509517984392616,1.3727097763061433,1.2845781836467887,1.0831008795725958,0.7692989966188333,0.5430788657285113,0.19895720134292094,-0.29550659169686255,0.0,0.0,0.0,0.0,0.0,0.0,0.0,0.0,0.0,0.0,0.0,0.0,0.0,0.0,0.0,0.0,0.0,0.0,0.0,0.0,0.0,0.0,0.0,0.0,0.0,0.0,0.0,0.0,0.0,0.0,0.0,0.0,0.0,0.0,0.0,0.0,0.0,0.0,0.0,0.0,0.0,0.0,0.0,0.0,0.0,0.0,0.0,0.0,0.0,0.0,0.0,0.0,0.0,0.0,0.0,0.0,0.0,0.0,0.0,0.0,0.0,0.0,0.0,0.0,0.0,0.0,0.0,0.0,0.0,0.0,0.0,0.0
1499,-0.5568389295337757,-0.9376493188422943,-1.2021452377762445,-1.4013935188767896,-1.4782726037476517,-1.4295957945703492,-1.2578327821542057,-1.0287888764508604,-0.7395960494236798,-0.38818294749065135,-0.018446333101355322,0.3445185484236679,0.6322773614325318,0.8805211214922273,1.1224711533604221,1.2645182086192273,1.3639431805558446,1.4143726735333118,1.3225957763610494,1.093551870657704,0.7290733076689021,0.47134912159922476,0.12519407106669053,-0.3256440028029553,0.0,0.0,0.0,0.0,0.0,0.0,0.0,0.0,0.0,0.0,0.0,0.0,0.0,0.0,0.0,0.0,0.0,0.0,0.0,0.0,0.0,0.0,0.0,0.0,0.0,0.0,0.0,0.0,0.0,0.0,0.0,0.0,0.0,0.0,0.0,0.0,0.0,0.0,0.0,0.0,0.0,0.0,0.0,0.0,0.0,0.0,0.0,0.0,0.0,0.0,0.0,0.0,0.0,0.0,0.0,0.0,0.0,0.0,0.0,0.0,0.0,0.0,0.0,0.0,0.0,0.0,0.0,0.0,0.0,0.0,0.0,0.0
1500,-0.31225542523214483,-0.7017835492068518,-1.0081597629140708,-1.220325719524414,-1.3541402885218872,-1.3927159169964949,-1.3561976553738662,-1.2972198056171325,-1.079653261020344,-0.7230430066773024,-0.31722739512442766,0.07692980426723228,0.4245390786328654,0.7210570761743512,0.9653693898468677,1.1519897080451373,1.29797703091682,1.415075494241963,1.4216762128920626,1.2454284525725208,0.9423097363809354,0.7309152923400843,0.41382362627880764,-0.04436911638070133,0.0,0.0,0.0,0.0,0.0,0.0,0.0,0.0,0.0,0.0,0.0,0.0,0.0,0.0,0.0,0.0,0.0,0.0,0.0,0.0,0.0,0.0,0.0,0.0,0.0,0.0,0.0,0.0,0.0,0.0,0.0,0.0,0.0,0.0,0.0,0.0,0.0,0.0,0.0,0.0,0.0,0.0,0.0,0.0,0.0,0.0,0.0,0.0,0.0,0.0,0.0,0.0,0.0,0.0,0.0,0.0,0.0,0.0,0.0,0.0,0.0,0.0,0.0,0.0,0.0,0.0,0.0,0.0,0.0,0.0,0.0,0.0
1501,-0.4220511466066388,-0.731354205028253,-0.9971384087663328,-1.187095484665839,-1.2973328696960442,-1.3488704042228776,-1.3290183327661669,-1.3065193184485615,-1.1410075383820244,-0.8248535690263297,-0.4378549525113928,-0.05264691499059063,0.3154338451950101,0.6105679741847759,0.8677885392552549,1.050505447917608,1.1900927581994993,1.3136427087947928,1.3411242037917297,1.2746392272269025,1.1118522412818748,1.003794691548877,0.7179248625722428,0.2783766451424835,0.0,0.0,0.0,0.0,0.0,0.0,0.0,0.0,0.0,0.0,0.0,0.0,0.0,0.0,0.0,0.0,0.0,0.0,0.0,0.0,0.0,0.0,0.0,0.0,0.0,0.0,0.0,0.0,0.0,0.0,0.0,0.0,0.0,0.0,0.0,0.0,0.0,0.0,0.0,0.0,0.0,0.0,0.0,0.0,0.0,0.0,0.0,0.0,0.0,0.0,0.0,0.0,0.0,0.0,0.0,0.0,0.0,0.0,0.0,0.0,0.0,0.0,0.0,0.0,0.0,0.0,0.0,0.0,0.0,0.0,0.0,0.0
1502,-0.8567060496379498,-1.1185628057647465,-1.3076304786530861,-1.4214126918020102,-1.4746249277434818,-1.3919160326196391,-1.19739574790026,-0.9344878858783229,-0.6851130122563157,-0.40992035008492794,-0.10135507574283953,0.22803523414671367,0.5301624848810685,0.7683036642487651,0.9847000904107491,1.151497457145806,1.2401845170482586,1.291360235317896,1.2723089409684802,1.1700231985476517,0.9697218314050016,0.8059463941184727,0.4638114252503448,0.023069584594379012,0.0,0.0,0.0,0.0,0.0,0.0,0.0,0.0,0.0,0.0,0.0,0.0,0.0,0.0,0.0,0.0,0.0,0.0,0.0,0.0,0.0,0.0,0.0,0.0,0.0,0.0,0.0,0.0,0.0,0.0,0.0,0.0,0.0,0.0,0.0,0.0,0.0,0.0,0.0,0.0,0.0,0.0,0.0,0.0,0.0,0.0,0.0,0.0,0.0,0.0,0.0,0.0,0.0,0.0,0.0,0.0,0.0,0.0,0.0,0.0,0.0,0.0,0.0,0.0,0.0,0.0,0.0,0.0,0.0,0.0,0.0,0.0
1503,-0.4743643032100289,-0.8745008921715405,-1.1543721587399345,-1.3624527998158347,-1.4872851597681847,-1.4577196008321016,-1.2054108065510043,-0.9288246020866195,-0.721945812999991,-0.4815754151456589,-0.19609550596066375,0.1470732987093711,0.5085903770822866,0.8282830062285484,1.147575018045053,1.3501271399703034,1.4679086349189263,1.4442722124632503,1.3062996040948636,1.0996611854060894,0.7885417671166322,0.5505750732408433,0.12335675278774368,-0.41771701278235795,0.0,0.0,0.0,0.0,0.0,0.0,0.0,0.0,0.0,0.0,0.0,0.0,0.0,0.0,0.0,0.0,0.0,0.0,0.0,0.0,0.0,0.0,0.0,0.0,0.0,0.0,0.0,0.0,0.0,0.0,0.0,0.0,0.0,0.0,0.0,0.0,0.0,0.0,0.0,0.0,0.0,0.0,0.0,0.0,0.0,0.0,0.0,0.0,0.0,0.0,0.0,0.0,0.0,0.0,0.0,0.0,0.0,0.0,0.0,0.0,0.0,0.0,0.0,0.0,0.0,0.0,0.0,0.0,0.0,0.0,0.0,0.0
1504,-0.5146147907094993,-0.916874498910547,-1.2330546255139367,-1.4382636860924927,-1.5446560509685148,-1.481220227779525,-1.1974240056650027,-0.916874498910547,-0.6789485373959373,-0.4022284897841239,-0.047753771754310004,0.34176882234186173,0.6802597109067333,0.9701331181824054,1.1997341685173577,1.3218606155229324,1.3501653135337677,1.3298525302554036,1.2297038487641245,1.027741503545635,0.7152243378612946,0.5061858181400962,0.11957694295680459,-0.42029354704398053,0.0,0.0,0.0,0.0,0.0,0.0,0.0,0.0,0.0,0.0,0.0,0.0,0.0,0.0,0.0,0.0,0.0,0.0,0.0,0.0,0.0,0.0,0.0,0.0,0.0,0.0,0.0,0.0,0.0,0.0,0.0,0.0,0.0,0.0,0.0,0.0,0.0,0.0,0.0,0.0,0.0,0.0,0.0,0.0,0.0,0.0,0.0,0.0,0.0,0.0,0.0,0.0,0.0,0.0,0.0,0.0,0.0,0.0,0.0,0.0,0.0,0.0,0.0,0.0,0.0,0.0,0.0,0.0,0.0,0.0,0.0,0.0
1505,-0.6447091914169755,-0.9832309274865633,-1.2396915794738923,-1.4130634074049073,-1.4915669300385133,-1.4404961590200747,-1.2302838058652326,-0.9392752793654304,-0.7132515419943535,-0.4254052923377983,-0.08158674255577175,0.2698212716500475,0.6055760154817942,0.9056760879059313,1.150120087888922,1.2909995212555743,1.336615364719412,1.3460231383280716,1.2626180865874328,1.0626831331731432,0.7802127541501079,0.616802098275321,0.24412777229866586,-0.26871447475491106,0.0,0.0,0.0,0.0,0.0,0.0,0.0,0.0,0.0,0.0,0.0,0.0,0.0,0.0,0.0,0.0,0.0,0.0,0.0,0.0,0.0,0.0,0.0,0.0,0.0,0.0,0.0,0.0,0.0,0.0,0.0,0.0,0.0,0.0,0.0,0.0,0.0,0.0,0.0,0.0,0.0,0.0,0.0,0.0,0.0,0.0,0.0,0.0,0.0,0.0,0.0,0.0,0.0,0.0,0.0,0.0,0.0,0.0,0.0,0.0,0.0,0.0,0.0,0.0,0.0,0.0,0.0,0.0,0.0,0.0,0.0,0.0
1506,-0.671521947400877,-1.0020090872956577,-1.2566226291944687,-1.430103241126131,-1.4956128614141908,-1.4250759385066223,-1.1775006202751237,-0.9191746087495988,-0.6885374331899835,-0.442818349771842,-0.14651686768972044,0.17755079347553387,0.47423899114377144,0.7682201797091966,1.0525334786217204,1.2482115651964445,1.3677066813063055,1.418134393735839,1.336382718830905,1.1309593994860565,0.8408453667817918,0.6604038743000404,0.32620426477854547,-0.14589812275193473,0.0,0.0,0.0,0.0,0.0,0.0,0.0,0.0,0.0,0.0,0.0,0.0,0.0,0.0,0.0,0.0,0.0,0.0,0.0,0.0,0.0,0.0,0.0,0.0,0.0,0.0,0.0,0.0,0.0,0.0,0.0,0.0,0.0,0.0,0.0,0.0,0.0,0.0,0.0,0.0,0.0,0.0,0.0,0.0,0.0,0.0,0.0,0.0,0.0,0.0,0.0,0.0,0.0,0.0,0.0,0.0,0.0,0.0,0.0,0.0,0.0,0.0,0.0,0.0,0.0,0.0,0.0,0.0,0.0,0.0,0.0,0.0
1507,-0.3792089828209662,-0.7372643001695464,-1.0351605257368872,-1.23657670852789,-1.3668006059981226,-1.4024772829179204,-1.3509353568938334,-1.2883602373302152,-1.0929035897357473,-0.7126208167892797,-0.2926346539523824,0.12187517924445557,0.4778366058483071,0.7336134137428394,0.9539551474958117,1.1177618311411135,1.2686830332803936,1.3743439816297722,1.3753103927427237,1.2218120943022395,0.9649078067759302,0.7915175462605247,0.4717965363923594,0.02152949201631099,0.0,0.0,0.0,0.0,0.0,0.0,0.0,0.0,0.0,0.0,0.0,0.0,0.0,0.0,0.0,0.0,0.0,0.0,0.0,0.0,0.0,0.0,0.0,0.0,0.0,0.0,0.0,0.0,0.0,0.0,0.0,0.0,0.0,0.0,0.0,0.0,0.0,0.0,0.0,0.0,0.0,0.0,0.0,0.0,0.0,0.0,0.0,0.0,0.0,0.0,0.0,0.0,0.0,0.0,0.0,0.0,0.0,0.0,0.0,0.0,0.0,0.0,0.0,0.0,0.0,0.0,0.0,0.0,0.0,0.0,0.0,0.0
1508,-0.35734457851928886,-0.6790325613310297,-0.9490968758135654,-1.1861391082408907,-1.308073359550699,-1.3760800763414038,-1.403214500355763,-1.4043237692620103,-1.1762410164620678,-0.725792512148227,-0.23114390833929827,0.1788589450852149,0.5404806085218615,0.8210403134250456,0.9878572912491711,1.1546742690732967,1.2842880743494332,1.3305360549022085,1.3394102061521875,1.2068952360443272,0.9491182079079163,0.7534602385213589,0.3663253902410225,-0.11646256910879967,0.0,0.0,0.0,0.0,0.0,0.0,0.0,0.0,0.0,0.0,0.0,0.0,0.0,0.0,0.0,0.0,0.0,0.0,0.0,0.0,0.0,0.0,0.0,0.0,0.0,0.0,0.0,0.0,0.0,0.0,0.0,0.0,0.0,0.0,0.0,0.0,0.0,0.0,0.0,0.0,0.0,0.0,0.0,0.0,0.0,0.0,0.0,0.0,0.0,0.0,0.0,0.0,0.0,0.0,0.0,0.0,0.0,0.0,0.0,0.0,0.0,0.0,0.0,0.0,0.0,0.0,0.0,0.0,0.0,0.0,0.0,0.0
1509,-0.9139770151483484,-1.1422777218018303,-1.2920007895940062,-1.4032441898431167,-1.4454998995282584,-1.3875406495062272,-1.1968804899197936,-0.9539551121128725,-0.7000012937640138,-0.4021135247779794,-0.08282818365351151,0.24454867634683458,0.55334501152109,0.8116742437806087,1.026608959994677,1.1654833987754902,1.2469979593028557,1.2818813962344195,1.252212493689533,1.144625261228782,0.938980807427759,0.7888981165744331,0.43245172579778385,0.03261081897568413,0.0,0.0,0.0,0.0,0.0,0.0,0.0,0.0,0.0,0.0,0.0,0.0,0.0,0.0,0.0,0.0,0.0,0.0,0.0,0.0,0.0,0.0,0.0,0.0,0.0,0.0,0.0,0.0,0.0,0.0,0.0,0.0,0.0,0.0,0.0,0.0,0.0,0.0,0.0,0.0,0.0,0.0,0.0,0.0,0.0,0.0,0.0,0.0,0.0,0.0,0.0,0.0,0.0,0.0,0.0,0.0,0.0,0.0,0.0,0.0,0.0,0.0,0.0,0.0,0.0,0.0,0.0,0.0,0.0,0.0,0.0,0.0
1510,-0.5380640414807785,-0.9766738662518388,-1.2753752033010934,-1.4811326388825754,-1.5845039921934636,-1.5266193185761672,-1.234240137368802,-0.8768330675020056,-0.5792812133330946,-0.34224142222226506,0.038483728931498866,0.4642850301787319,0.8346648354094046,1.0478118037930948,1.2303332640076337,1.2557039932952148,1.2378049027298663,1.2070972886406905,1.1314777362980948,0.9872176348149886,0.7408177688213623,0.5303802957984818,0.11081904447311328,-0.4019324260801012,0.0,0.0,0.0,0.0,0.0,0.0,0.0,0.0,0.0,0.0,0.0,0.0,0.0,0.0,0.0,0.0,0.0,0.0,0.0,0.0,0.0,0.0,0.0,0.0,0.0,0.0,0.0,0.0,0.0,0.0,0.0,0.0,0.0,0.0,0.0,0.0,0.0,0.0,0.0,0.0,0.0,0.0,0.0,0.0,0.0,0.0,0.0,0.0,0.0,0.0,0.0,0.0,0.0,0.0,0.0,0.0,0.0,0.0,0.0,0.0,0.0,0.0,0.0,0.0,0.0,0.0,0.0,0.0,0.0,0.0,0.0,0.0
1511,-0.655451011086867,-1.0197844947563,-1.268166326559852,-1.432274407493977,-1.5224172231560962,-1.4644790194333652,-1.1917932398344337,-0.8982647557794032,-0.6595142097895,-0.4096274895775655,-0.05056111533747164,0.31753458935291795,0.6530494600018237,0.9184365308200994,1.1696776505995783,1.289993478849769,1.3380746634975937,1.3179091588252667,1.2194894569170431,1.0234024973047873,0.7764503094891989,0.6177598268252512,0.21422400011745088,-0.28366832979594,0.0,0.0,0.0,0.0,0.0,0.0,0.0,0.0,0.0,0.0,0.0,0.0,0.0,0.0,0.0,0.0,0.0,0.0,0.0,0.0,0.0,0.0,0.0,0.0,0.0,0.0,0.0,0.0,0.0,0.0,0.0,0.0,0.0,0.0,0.0,0.0,0.0,0.0,0.0,0.0,0.0,0.0,0.0,0.0,0.0,0.0,0.0,0.0,0.0,0.0,0.0,0.0,0.0,0.0,0.0,0.0,0.0,0.0,0.0,0.0,0.0,0.0,0.0,0.0,0.0,0.0,0.0,0.0,0.0,0.0,0.0,0.0
1512,-0.4521053621739971,-0.9298951264083606,-1.2638588930948407,-1.4850375263815232,-1.6055080184289177,-1.5390346566198334,-1.2599663088447592,-0.8477516177463842,-0.5679846010033466,-0.3455084396333035,-0.0029610256261308615,0.31892574889983993,0.6436071992976642,0.9000187105402127,1.1273855546859992,1.2573379827271818,1.3438731249020708,1.335189667728812,1.2260974988739635,1.0125044143823116,0.735831503068826,0.6228467499638961,0.19146856717281213,-0.41547514628220444,0.0,0.0,0.0,0.0,0.0,0.0,0.0,0.0,0.0,0.0,0.0,0.0,0.0,0.0,0.0,0.0,0.0,0.0,0.0,0.0,0.0,0.0,0.0,0.0,0.0,0.0,0.0,0.0,0.0,0.0,0.0,0.0,0.0,0.0,0.0,0.0,0.0,0.0,0.0,0.0,0.0,0.0,0.0,0.0,0.0,0.0,0.0,0.0,0.0,0.0,0.0,0.0,0.0,0.0,0.0,0.0,0.0,0.0,0.0,0.0,0.0,0.0,0.0,0.0,0.0,0.0,0.0,0.0,0.0,0.0,0.0,0.0
1513,-0.5078161073844266,-0.9797959576488922,-1.2761284892809823,-1.4900757173121166,-1.5843791196081547,-1.5036137517521615,-1.2145709309724029,-0.8132897050059488,-0.5078161073844266,-0.18475463596045322,0.1602916777165843,0.4502601760648929,0.7222936715225439,0.9441091588863537,1.2199610743142737,1.3353236412948257,1.3643667750080841,1.366449549537322,1.214985557383317,0.8956267962335439,0.5535889346542942,0.4124231054504089,0.0031579104552104257,-0.5805975062116757,0.0,0.0,0.0,0.0,0.0,0.0,0.0,0.0,0.0,0.0,0.0,0.0,0.0,0.0,0.0,0.0,0.0,0.0,0.0,0.0,0.0,0.0,0.0,0.0,0.0,0.0,0.0,0.0,0.0,0.0,0.0,0.0,0.0,0.0,0.0,0.0,0.0,0.0,0.0,0.0,0.0,0.0,0.0,0.0,0.0,0.0,0.0,0.0,0.0,0.0,0.0,0.0,0.0,0.0,0.0,0.0,0.0,0.0,0.0,0.0,0.0,0.0,0.0,0.0,0.0,0.0,0.0,0.0,0.0,0.0,0.0,0.0
1514,-0.3016149389397879,-0.6719031484104951,-1.020820966027175,-1.2711975323169513,-1.42356051127622,-1.4442713231347526,-1.3669685476627773,-1.2452100804944615,-1.0772810136415187,-0.6523795805438529,-0.15901374391384043,0.26390894919734137,0.6155970027950989,0.8827269009704398,1.0634518197359792,1.2023593667871566,1.3172582020023278,1.3693650216464066,1.3502372017770612,1.0990691394926912,0.7824707416552502,0.6736400423986297,0.27591330511534434,-0.26177630721190986,0.0,0.0,0.0,0.0,0.0,0.0,0.0,0.0,0.0,0.0,0.0,0.0,0.0,0.0,0.0,0.0,0.0,0.0,0.0,0.0,0.0,0.0,0.0,0.0,0.0,0.0,0.0,0.0,0.0,0.0,0.0,0.0,0.0,0.0,0.0,0.0,0.0,0.0,0.0,0.0,0.0,0.0,0.0,0.0,0.0,0.0,0.0,0.0,0.0,0.0,0.0,0.0,0.0,0.0,0.0,0.0,0.0,0.0,0.0,0.0,0.0,0.0,0.0,0.0,0.0,0.0,0.0,0.0,0.0,0.0,0.0,0.0
1515,-0.2793985517148612,-0.7973776025537627,-1.0724848764659538,-1.2402956586069773,-1.3366530286574403,-1.4050807262295082,-1.3481740185547781,-1.2992970917175868,-1.1515025748527465,-0.7391907848904397,-0.31978020317320743,0.02515125193497137,0.35914358532244545,0.6199369020894592,0.8117206531077718,0.9627736317617583,1.1249984794071028,1.2609228854686254,1.3143383840835559,1.1986629905688697,1.1426872719767531,1.1368685902104207,0.74620229641887,0.28582819506665846,0.0,0.0,0.0,0.0,0.0,0.0,0.0,0.0,0.0,0.0,0.0,0.0,0.0,0.0,0.0,0.0,0.0,0.0,0.0,0.0,0.0,0.0,0.0,0.0,0.0,0.0,0.0,0.0,0.0,0.0,0.0,0.0,0.0,0.0,0.0,0.0,0.0,0.0,0.0,0.0,0.0,0.0,0.0,0.0,0.0,0.0,0.0,0.0,0.0,0.0,0.0,0.0,0.0,0.0,0.0,0.0,0.0,0.0,0.0,0.0,0.0,0.0,0.0,0.0,0.0,0.0,0.0,0.0,0.0,0.0,0.0,0.0
1516,-1.0852252797067492,-1.3687086074931842,-1.5333845989659407,-1.5876186441028017,-1.557540837441111,-1.4463469459386733,-1.1439709958428639,-0.521548384237502,-0.28891534833848803,-0.05976005883473202,0.19204757881110981,0.4457350793733073,0.6699087321487208,0.8766936529478443,1.0377039117337075,1.0968256004530932,1.1062249150348715,1.1161881884915565,1.0799068342058922,1.0060282215931144,0.8803593856347379,0.7716093159235624,0.3704465695732628,-0.05665828502274516,0.0,0.0,0.0,0.0,0.0,0.0,0.0,0.0,0.0,0.0,0.0,0.0,0.0,0.0,0.0,0.0,0.0,0.0,0.0,0.0,0.0,0.0,0.0,0.0,0.0,0.0,0.0,0.0,0.0,0.0,0.0,0.0,0.0,0.0,0.0,0.0,0.0,0.0,0.0,0.0,0.0,0.0,0.0,0.0,0.0,0.0,0.0,0.0,0.0,0.0,0.0,0.0,0.0,0.0,0.0,0.0,0.0,0.0,0.0,0.0,0.0,0.0,0.0,0.0,0.0,0.0,0.0,0.0,0.0,0.0,0.0,0.0
1517,-0.7334687751175955,-1.1241528195893922,-1.3598933874866828,-1.4867960492750834,-1.5437764229109516,-1.4666641822491615,-1.1542607457219092,-0.7286155571738464,-0.49332436130838436,-0.25156220818459024,0.01024193755876005,0.3079059714420337,0.5829216549211452,0.8342104951197059,1.076332145868963,1.1929891253316711,1.298052306373201,1.338855286863239,1.2956256974013265,1.113630024510738,0.8397827083143807,0.6570680401728665,0.18693502047377092,-0.39203590533421484,0.0,0.0,0.0,0.0,0.0,0.0,0.0,0.0,0.0,0.0,0.0,0.0,0.0,0.0,0.0,0.0,0.0,0.0,0.0,0.0,0.0,0.0,0.0,0.0,0.0,0.0,0.0,0.0,0.0,0.0,0.0,0.0,0.0,0.0,0.0,0.0,0.0,0.0,0.0,0.0,0.0,0.0,0.0,0.0,0.0,0.0,0.0,0.0,0.0,0.0,0.0,0.0,0.0,0.0,0.0,0.0,0.0,0.0,0.0,0.0,0.0,0.0,0.0,0.0,0.0,0.0,0.0,0.0,0.0,0.0,0.0,0.0
1518,-0.6382281870622871,-1.0477761118824969,-1.3212561798515372,-1.4962142851322928,-1.595024323734871,-1.5076412963992576,-1.1670395403998943,-0.7640213363036645,-0.4936140780870853,-0.26584205518590415,0.022521935021619855,0.33854121300129403,0.6159583184656753,0.868216794081781,1.1009821328307114,1.2509736588727203,1.3401811669988575,1.3544889374087545,1.2457882924154422,1.037701456990965,0.7703670085268469,0.609812698960753,0.14399394554859882,-0.40287016508471757,0.0,0.0,0.0,0.0,0.0,0.0,0.0,0.0,0.0,0.0,0.0,0.0,0.0,0.0,0.0,0.0,0.0,0.0,0.0,0.0,0.0,0.0,0.0,0.0,0.0,0.0,0.0,0.0,0.0,0.0,0.0,0.0,0.0,0.0,0.0,0.0,0.0,0.0,0.0,0.0,0.0,0.0,0.0,0.0,0.0,0.0,0.0,0.0,0.0,0.0,0.0,0.0,0.0,0.0,0.0,0.0,0.0,0.0,0.0,0.0,0.0,0.0,0.0,0.0,0.0,0.0,0.0,0.0,0.0,0.0,0.0,0.0
1519,-0.8569774726429878,-1.080944901529679,-1.2727098585287437,-1.4023591470052303,-1.4471526327825686,-1.3744299889225968,-1.2118151368075922,-0.896581934514263,-0.6766588919072974,-0.4302565655443927,-0.14722583513868995,0.13298145578871373,0.42776379915814744,0.7345266830165795,1.0035165252058764,1.1741438407052431,1.3092873897881494,1.3842229997257067,1.3247018431561604,1.1456805183969856,0.952007832020692,0.8243425820965236,0.42356679452824353,-0.03962989826297121,0.0,0.0,0.0,0.0,0.0,0.0,0.0,0.0,0.0,0.0,0.0,0.0,0.0,0.0,0.0,0.0,0.0,0.0,0.0,0.0,0.0,0.0,0.0,0.0,0.0,0.0,0.0,0.0,0.0,0.0,0.0,0.0,0.0,0.0,0.0,0.0,0.0,0.0,0.0,0.0,0.0,0.0,0.0,0.0,0.0,0.0,0.0,0.0,0.0,0.0,0.0,0.0,0.0,0.0,0.0,0.0,0.0,0.0,0.0,0.0,0.0,0.0,0.0,0.0,0.0,0.0,0.0,0.0,0.0,0.0,0.0,0.0
1520,-0.4616826593836054,-0.8692290977126323,-1.2057755041915525,-1.422737422370807,-1.528872565430144,-1.473198531644598,-1.1900324721660516,-0.8479603657046708,-0.608687130615104,-0.3205166636052727,7.819386767632904e-05,0.3636275493174888,0.6966291671284154,1.0171197661111293,1.275993597364896,1.4170553346529935,1.4538585817059857,1.4090274309048905,1.2063489258878457,0.8757452533523264,0.5483735940140956,0.3651914266710154,-0.0780114153184176,-0.6223449928359028,0.0,0.0,0.0,0.0,0.0,0.0,0.0,0.0,0.0,0.0,0.0,0.0,0.0,0.0,0.0,0.0,0.0,0.0,0.0,0.0,0.0,0.0,0.0,0.0,0.0,0.0,0.0,0.0,0.0,0.0,0.0,0.0,0.0,0.0,0.0,0.0,0.0,0.0,0.0,0.0,0.0,0.0,0.0,0.0,0.0,0.0,0.0,0.0,0.0,0.0,0.0,0.0,0.0,0.0,0.0,0.0,0.0,0.0,0.0,0.0,0.0,0.0,0.0,0.0,0.0,0.0,0.0,0.0,0.0,0.0,0.0,0.0
1521,-0.2966791919392678,-0.6892849293507436,-1.039935619298317,-1.2098474097606322,-1.3641337133375644,-1.3988296763429031,-1.33411309286486,-1.222397013400861,-1.1159714531185274,-0.7841451686312976,-0.29692526259888014,0.15141547921478893,0.5175686207179391,0.826510333861222,1.0663061916534395,1.234864593487887,1.3758630814457533,1.4184333055586869,1.3176673704474369,1.0906671869550604,0.8231883799564556,0.7489980760833373,0.3453191589893066,-0.16453924772744546,0.0,0.0,0.0,0.0,0.0,0.0,0.0,0.0,0.0,0.0,0.0,0.0,0.0,0.0,0.0,0.0,0.0,0.0,0.0,0.0,0.0,0.0,0.0,0.0,0.0,0.0,0.0,0.0,0.0,0.0,0.0,0.0,0.0,0.0,0.0,0.0,0.0,0.0,0.0,0.0,0.0,0.0,0.0,0.0,0.0,0.0,0.0,0.0,0.0,0.0,0.0,0.0,0.0,0.0,0.0,0.0,0.0,0.0,0.0,0.0,0.0,0.0,0.0,0.0,0.0,0.0,0.0,0.0,0.0,0.0,0.0,0.0
1522,-0.2280505898422801,-0.8121143264555797,-1.0238237334231022,-1.1897285171440282,-1.280022798376553,-1.3364567241468814,-1.3093903558648017,-1.256901325876477,-1.157621448696055,-0.8281130704603717,-0.4053517391556607,-0.007026845611693777,0.33420663953161106,0.6675503331109088,0.9587055579104466,1.145759366240447,1.271886450826171,1.3839872392981043,1.3922057721772785,1.2419709911459775,1.0256592057661176,0.8950393232064454,0.509425760515601,0.008204835324375385,0.0,0.0,0.0,0.0,0.0,0.0,0.0,0.0,0.0,0.0,0.0,0.0,0.0,0.0,0.0,0.0,0.0,0.0,0.0,0.0,0.0,0.0,0.0,0.0,0.0,0.0,0.0,0.0,0.0,0.0,0.0,0.0,0.0,0.0,0.0,0.0,0.0,0.0,0.0,0.0,0.0,0.0,0.0,0.0,0.0,0.0,0.0,0.0,0.0,0.0,0.0,0.0,0.0,0.0,0.0,0.0,0.0,0.0,0.0,0.0,0.0,0.0,0.0,0.0,0.0,0.0,0.0,0.0,0.0,0.0,0.0,0.0
1523,-0.6882406825913947,-0.8816107039177533,-1.0538503721072396,-1.200671239106245,-1.2625028628610042,-1.2844909056085982,-1.211743232262835,-1.161685347709802,-1.124414835534802,-0.8178297855931722,-0.39724998920834215,0.0580272505193224,0.4201282098094875,0.6997350229047786,0.9361454683328106,1.1157144841048283,1.2630031818005911,1.3677192860914378,1.3790251945964063,1.2495140633774218,1.0842138838565023,0.9318570202792019,0.5274173829324994,0.05178950789589147,0.0,0.0,0.0,0.0,0.0,0.0,0.0,0.0,0.0,0.0,0.0,0.0,0.0,0.0,0.0,0.0,0.0,0.0,0.0,0.0,0.0,0.0,0.0,0.0,0.0,0.0,0.0,0.0,0.0,0.0,0.0,0.0,0.0,0.0,0.0,0.0,0.0,0.0,0.0,0.0,0.0,0.0,0.0,0.0,0.0,0.0,0.0,0.0,0.0,0.0,0.0,0.0,0.0,0.0,0.0,0.0,0.0,0.0,0.0,0.0,0.0,0.0,0.0,0.0,0.0,0.0,0.0,0.0,0.0,0.0,0.0,0.0
1524,-0.9344531396133732,-1.1651012144657569,-1.3463981410584924,-1.4525716530782078,-1.4989068978330997,-1.4084297926904112,-1.1025212167420642,-0.8031242506335314,-0.5917368322547049,-0.3556052964845825,-0.07670276555609827,0.2444909577004456,0.5386100926756547,0.8068884180760202,1.0343149596392325,1.1734577804268518,1.2615358714180294,1.3173986295174924,1.2641405153539553,1.120610925832145,0.9467166714783568,0.7744674553998901,0.3678002850880944,-0.11488136219585392,0.0,0.0,0.0,0.0,0.0,0.0,0.0,0.0,0.0,0.0,0.0,0.0,0.0,0.0,0.0,0.0,0.0,0.0,0.0,0.0,0.0,0.0,0.0,0.0,0.0,0.0,0.0,0.0,0.0,0.0,0.0,0.0,0.0,0.0,0.0,0.0,0.0,0.0,0.0,0.0,0.0,0.0,0.0,0.0,0.0,0.0,0.0,0.0,0.0,0.0,0.0,0.0,0.0,0.0,0.0,0.0,0.0,0.0,0.0,0.0,0.0,0.0,0.0,0.0,0.0,0.0,0.0,0.0,0.0,0.0,0.0,0.0
1525,-0.5200692862071207,-0.9256568509968692,-1.2338040276032367,-1.4430386288582022,-1.5564890524938102,-1.491344770308887,-1.1908345646366276,-0.8364055039356042,-0.632415569466713,-0.4202365938757057,-0.1046364697312326,0.2709552815100908,0.6044976867648182,0.8761162192646679,1.131816728010292,1.2679940410522221,1.358441540187504,1.3753716926197441,1.2836360297124438,1.0850747854256295,0.8267059374379676,0.6026574528047921,0.1171117224519103,-0.44544779912806304,0.0,0.0,0.0,0.0,0.0,0.0,0.0,0.0,0.0,0.0,0.0,0.0,0.0,0.0,0.0,0.0,0.0,0.0,0.0,0.0,0.0,0.0,0.0,0.0,0.0,0.0,0.0,0.0,0.0,0.0,0.0,0.0,0.0,0.0,0.0,0.0,0.0,0.0,0.0,0.0,0.0,0.0,0.0,0.0,0.0,0.0,0.0,0.0,0.0,0.0,0.0,0.0,0.0,0.0,0.0,0.0,0.0,0.0,0.0,0.0,0.0,0.0,0.0,0.0,0.0,0.0,0.0,0.0,0.0,0.0,0.0,0.0
1526,-0.6874430406279148,-1.0417094479580755,-1.2827075726236852,-1.4507291579784807,-1.5167674925209127,-1.4340105922715358,-1.1892507903218636,-0.8504490562706268,-0.6560121370988585,-0.4313146139975201,-0.1402443850396107,0.1841793825036536,0.4579458959548751,0.7360592364899022,0.9804010742969008,1.1650576325301065,1.3012303502131721,1.3730365899245,1.3365901166833603,1.1662279321295925,0.9788964033832758,0.7951593662639522,0.34894084754559485,-0.14308654120979133,0.0,0.0,0.0,0.0,0.0,0.0,0.0,0.0,0.0,0.0,0.0,0.0,0.0,0.0,0.0,0.0,0.0,0.0,0.0,0.0,0.0,0.0,0.0,0.0,0.0,0.0,0.0,0.0,0.0,0.0,0.0,0.0,0.0,0.0,0.0,0.0,0.0,0.0,0.0,0.0,0.0,0.0,0.0,0.0,0.0,0.0,0.0,0.0,0.0,0.0,0.0,0.0,0.0,0.0,0.0,0.0,0.0,0.0,0.0,0.0,0.0,0.0,0.0,0.0,0.0,0.0,0.0,0.0,0.0,0.0,0.0,0.0
1527,-0.6559727912990164,-1.0207843840682171,-1.2874246688360953,-1.4547541572062068,-1.5034015464390051,-1.4480048797811158,-1.1960026382598634,-0.8229516678548374,-0.6023291837125794,-0.34384062362695395,-0.037668856797828935,0.2944481842887885,0.6135925882466596,0.9102978360899429,1.1593198771897264,1.3049114330738307,1.3784522611212502,1.3700375775782796,1.2748464699984257,1.0270515702486587,0.7561162907557227,0.5379480893134977,0.11563615900066508,-0.3695229390237285,0.0,0.0,0.0,0.0,0.0,0.0,0.0,0.0,0.0,0.0,0.0,0.0,0.0,0.0,0.0,0.0,0.0,0.0,0.0,0.0,0.0,0.0,0.0,0.0,0.0,0.0,0.0,0.0,0.0,0.0,0.0,0.0,0.0,0.0,0.0,0.0,0.0,0.0,0.0,0.0,0.0,0.0,0.0,0.0,0.0,0.0,0.0,0.0,0.0,0.0,0.0,0.0,0.0,0.0,0.0,0.0,0.0,0.0,0.0,0.0,0.0,0.0,0.0,0.0,0.0,0.0,0.0,0.0,0.0,0.0,0.0,0.0
1528,-0.2735255766332682,-0.7213024221097178,-1.0722106376908322,-1.2399665762181842,-1.3339483926398172,-1.391898500148947,-1.3149168075168927,-1.2006203777618007,-1.0343613054800722,-0.7159564712324918,-0.296727003440429,0.10924450617611327,0.46785089102043326,0.782192802601322,1.0483142372696321,1.2569132404989907,1.3842537903945138,1.4447699543247121,1.3917381216226303,1.144755191094789,0.9014075071634617,0.6729215666708225,0.2426794400716742,-0.2516071780366416,0.0,0.0,0.0,0.0,0.0,0.0,0.0,0.0,0.0,0.0,0.0,0.0,0.0,0.0,0.0,0.0,0.0,0.0,0.0,0.0,0.0,0.0,0.0,0.0,0.0,0.0,0.0,0.0,0.0,0.0,0.0,0.0,0.0,0.0,0.0,0.0,0.0,0.0,0.0,0.0,0.0,0.0,0.0,0.0,0.0,0.0,0.0,0.0,0.0,0.0,0.0,0.0,0.0,0.0,0.0,0.0,0.0,0.0,0.0,0.0,0.0,0.0,0.0,0.0,0.0,0.0,0.0,0.0,0.0,0.0,0.0,0.0
1529,-0.35119043670921596,-0.7025865125077335,-1.0014486556260107,-1.206210351479891,-1.3247681410985543,-1.3830051311887581,-1.3457159096620739,-1.2440479439113792,-1.1138646911108672,-0.8096285131255091,-0.4133756973140098,-0.01306493680695955,0.3351505877436937,0.6457478682247804,0.884289211814598,1.053077776313324,1.179970803685011,1.3085089437711104,1.3592880895559774,1.2482978184236115,1.1874286479903478,1.0668967231143893,0.59189784537301,0.04835260453110843,0.0,0.0,0.0,0.0,0.0,0.0,0.0,0.0,0.0,0.0,0.0,0.0,0.0,0.0,0.0,0.0,0.0,0.0,0.0,0.0,0.0,0.0,0.0,0.0,0.0,0.0,0.0,0.0,0.0,0.0,0.0,0.0,0.0,0.0,0.0,0.0,0.0,0.0,0.0,0.0,0.0,0.0,0.0,0.0,0.0,0.0,0.0,0.0,0.0,0.0,0.0,0.0,0.0,0.0,0.0,0.0,0.0,0.0,0.0,0.0,0.0,0.0,0.0,0.0,0.0,0.0,0.0,0.0,0.0,0.0,0.0,0.0
1530,-1.0192916274234733,-1.2021905918187625,-1.3626585511467049,-1.4576339772847016,-1.4589843387937727,-1.3502052172297163,-1.1298712309996244,-0.7501945866991493,-0.5300106406367319,-0.32828163519828546,-0.07748949493025771,0.21763951488560263,0.5225211356003093,0.8007706265527816,1.0529131283298805,1.220432975538527,1.2965783606333665,1.330712498779329,1.2735471948953214,1.0911733710868934,0.9337062151124422,0.7314520690871348,0.31944176865279184,-0.12407696699320872,0.0,0.0,0.0,0.0,0.0,0.0,0.0,0.0,0.0,0.0,0.0,0.0,0.0,0.0,0.0,0.0,0.0,0.0,0.0,0.0,0.0,0.0,0.0,0.0,0.0,0.0,0.0,0.0,0.0,0.0,0.0,0.0,0.0,0.0,0.0,0.0,0.0,0.0,0.0,0.0,0.0,0.0,0.0,0.0,0.0,0.0,0.0,0.0,0.0,0.0,0.0,0.0,0.0,0.0,0.0,0.0,0.0,0.0,0.0,0.0,0.0,0.0,0.0,0.0,0.0,0.0,0.0,0.0,0.0,0.0,0.0,0.0
1531,-0.8613197379452286,-1.1105049935342948,-1.2925883704637453,-1.412005774668056,-1.4760095602940693,-1.414399755648567,-1.1669747801922294,-0.8016110358430732,-0.6048821282093206,-0.45638489621233264,-0.17868310247306257,0.14689831087642646,0.47332465868962526,0.7657423943385068,1.01929314465674,1.2093329877861236,1.3106547122259842,1.3379742598859325,1.2856587343412376,1.132584773999155,0.9961982693153402,0.8060176037753379,0.3793256996019159,-0.08764141400833737,0.0,0.0,0.0,0.0,0.0,0.0,0.0,0.0,0.0,0.0,0.0,0.0,0.0,0.0,0.0,0.0,0.0,0.0,0.0,0.0,0.0,0.0,0.0,0.0,0.0,0.0,0.0,0.0,0.0,0.0,0.0,0.0,0.0,0.0,0.0,0.0,0.0,0.0,0.0,0.0,0.0,0.0,0.0,0.0,0.0,0.0,0.0,0.0,0.0,0.0,0.0,0.0,0.0,0.0,0.0,0.0,0.0,0.0,0.0,0.0,0.0,0.0,0.0,0.0,0.0,0.0,0.0,0.0,0.0,0.0,0.0,0.0
1532,-0.7242877383100315,-1.0621813306291017,-1.2825744649266189,-1.4372325813689886,-1.5125406600768274,-1.4463801728504493,-1.1731579249584498,-0.8290241151946625,-0.6231678510808617,-0.392563451873807,-0.06473930134053082,0.311730180636792,0.6567858407049126,0.9655347810946778,1.1972028537298094,1.2670507421735206,1.326758277269566,1.3222908488716436,1.2332259271606778,1.009287214769571,0.8083238484249237,0.5750957214286128,0.16834700253203652,-0.29378364618640623,0.0,0.0,0.0,0.0,0.0,0.0,0.0,0.0,0.0,0.0,0.0,0.0,0.0,0.0,0.0,0.0,0.0,0.0,0.0,0.0,0.0,0.0,0.0,0.0,0.0,0.0,0.0,0.0,0.0,0.0,0.0,0.0,0.0,0.0,0.0,0.0,0.0,0.0,0.0,0.0,0.0,0.0,0.0,0.0,0.0,0.0,0.0,0.0,0.0,0.0,0.0,0.0,0.0,0.0,0.0,0.0,0.0,0.0,0.0,0.0,0.0,0.0,0.0,0.0,0.0,0.0,0.0,0.0,0.0,0.0,0.0,0.0
1533,-0.6322490238040757,-1.0526403013119918,-1.302688016656964,-1.4711833665722087,-1.5478071660080719,-1.4806554543416672,-1.1819381498072823,-0.8399418751392743,-0.6316329530548426,-0.3904412547300956,-0.03974298072917049,0.3302845130289422,0.6811368047171756,0.951976907848764,1.1619030156499326,1.2734118212611183,1.3109151281206814,1.288736581148291,1.1864688367756013,0.978467950065786,0.8255283865686764,0.6283087379704398,0.21631142442082424,-0.2625295654205794,0.0,0.0,0.0,0.0,0.0,0.0,0.0,0.0,0.0,0.0,0.0,0.0,0.0,0.0,0.0,0.0,0.0,0.0,0.0,0.0,0.0,0.0,0.0,0.0,0.0,0.0,0.0,0.0,0.0,0.0,0.0,0.0,0.0,0.0,0.0,0.0,0.0,0.0,0.0,0.0,0.0,0.0,0.0,0.0,0.0,0.0,0.0,0.0,0.0,0.0,0.0,0.0,0.0,0.0,0.0,0.0,0.0,0.0,0.0,0.0,0.0,0.0,0.0,0.0,0.0,0.0,0.0,0.0,0.0,0.0,0.0,0.0
1534,-0.5127434063657842,-0.9791834560839334,-1.2776906498288816,-1.4634003852361077,-1.548855739672766,-1.4608737221693426,-1.1285272909230777,-0.713071692373579,-0.47303870103090595,-0.23860046362178397,0.10601833109162517,0.4734673313725893,0.830538965486483,1.1246244988645926,1.339029907672935,1.4179881285093408,1.3899241208749153,1.3378568141062228,1.141679474565256,0.7831640329846397,0.5006289593403128,0.22585435082962133,-0.2229892953878432,-0.6518001130045282,0.0,0.0,0.0,0.0,0.0,0.0,0.0,0.0,0.0,0.0,0.0,0.0,0.0,0.0,0.0,0.0,0.0,0.0,0.0,0.0,0.0,0.0,0.0,0.0,0.0,0.0,0.0,0.0,0.0,0.0,0.0,0.0,0.0,0.0,0.0,0.0,0.0,0.0,0.0,0.0,0.0,0.0,0.0,0.0,0.0,0.0,0.0,0.0,0.0,0.0,0.0,0.0,0.0,0.0,0.0,0.0,0.0,0.0,0.0,0.0,0.0,0.0,0.0,0.0,0.0,0.0,0.0,0.0,0.0,0.0,0.0,0.0
1535,-0.3012832995901795,-0.6899402898302177,-1.0384125399586182,-1.250072621462664,-1.3691953243381296,-1.39383787489005,-1.3074355710876737,-1.1752247085829726,-1.0025223522253233,-0.7345218335673017,-0.3482166220106419,0.034612047144502216,0.38850361336938305,0.6866682499229088,0.9796180728741608,1.210092383845233,1.4059035220482516,1.5045759755030363,1.4472130258780267,1.1770652310308338,0.9570205472643086,0.6726598290697424,0.2623255744437826,-0.11559503485039808,0.0,0.0,0.0,0.0,0.0,0.0,0.0,0.0,0.0,0.0,0.0,0.0,0.0,0.0,0.0,0.0,0.0,0.0,0.0,0.0,0.0,0.0,0.0,0.0,0.0,0.0,0.0,0.0,0.0,0.0,0.0,0.0,0.0,0.0,0.0,0.0,0.0,0.0,0.0,0.0,0.0,0.0,0.0,0.0,0.0,0.0,0.0,0.0,0.0,0.0,0.0,0.0,0.0,0.0,0.0,0.0,0.0,0.0,0.0,0.0,0.0,0.0,0.0,0.0,0.0,0.0,0.0,0.0,0.0,0.0,0.0,0.0
1536,-0.48846851528507357,-0.7938287515907312,-1.0261231074259605,-1.1739398257780846,-1.2591067640203448,-1.299469152917531,-1.2641616362541481,-1.2257905606611872,-1.1221656798682216,-0.8183372230273528,-0.46794267045690296,-0.11793106275265039,0.21906041950089697,0.5567412025135993,0.8275598118882682,1.0349627514206787,1.209815377326326,1.3562534941601403,1.4159163043136662,1.315354982450278,1.2180103974629466,1.0174238765488464,0.667105912951636,0.21906041950089697,0.0,0.0,0.0,0.0,0.0,0.0,0.0,0.0,0.0,0.0,0.0,0.0,0.0,0.0,0.0,0.0,0.0,0.0,0.0,0.0,0.0,0.0,0.0,0.0,0.0,0.0,0.0,0.0,0.0,0.0,0.0,0.0,0.0,0.0,0.0,0.0,0.0,0.0,0.0,0.0,0.0,0.0,0.0,0.0,0.0,0.0,0.0,0.0,0.0,0.0,0.0,0.0,0.0,0.0,0.0,0.0,0.0,0.0,0.0,0.0,0.0,0.0,0.0,0.0,0.0,0.0,0.0,0.0,0.0,0.0,0.0,0.0
1537,-0.8568393146457823,-1.1732635462635916,-1.355925125641714,-1.4663271568193146,-1.4916015010757526,-1.3962452936330552,-1.1343951682817586,-0.7803563773266914,-0.584694678317973,-0.3585453891095825,-0.07102497677198183,0.27186142729186324,0.6031995017346204,0.8863645440436965,1.0917928303891065,1.2243016639842181,1.292997727615947,1.3111451027347993,1.2444287527524,1.046655359184397,0.9181719433429215,0.6785606013190913,0.27027765637239975,-0.17053858287827098,0.0,0.0,0.0,0.0,0.0,0.0,0.0,0.0,0.0,0.0,0.0,0.0,0.0,0.0,0.0,0.0,0.0,0.0,0.0,0.0,0.0,0.0,0.0,0.0,0.0,0.0,0.0,0.0,0.0,0.0,0.0,0.0,0.0,0.0,0.0,0.0,0.0,0.0,0.0,0.0,0.0,0.0,0.0,0.0,0.0,0.0,0.0,0.0,0.0,0.0,0.0,0.0,0.0,0.0,0.0,0.0,0.0,0.0,0.0,0.0,0.0,0.0,0.0,0.0,0.0,0.0,0.0,0.0,0.0,0.0,0.0,0.0
1538,-0.6561964965175215,-1.032279436543047,-1.2788177166551318,-1.4335391645678977,-1.5135520427497287,-1.4336885817073595,-1.145612336824875,-0.821675978471542,-0.6173480402574354,-0.4219104218413101,-0.1471323023709321,0.18733796431446276,0.52599191090479,0.8235561441431031,1.107448709120655,1.280623173756962,1.3818532857423784,1.3952261197242157,1.2968349333885747,1.0499978189975663,0.9115628392861442,0.6581513707588136,0.19742362122813895,-0.31425537285903316,0.0,0.0,0.0,0.0,0.0,0.0,0.0,0.0,0.0,0.0,0.0,0.0,0.0,0.0,0.0,0.0,0.0,0.0,0.0,0.0,0.0,0.0,0.0,0.0,0.0,0.0,0.0,0.0,0.0,0.0,0.0,0.0,0.0,0.0,0.0,0.0,0.0,0.0,0.0,0.0,0.0,0.0,0.0,0.0,0.0,0.0,0.0,0.0,0.0,0.0,0.0,0.0,0.0,0.0,0.0,0.0,0.0,0.0,0.0,0.0,0.0,0.0,0.0,0.0,0.0,0.0,0.0,0.0,0.0,0.0,0.0,0.0
1539,-0.7026395878015937,-1.00808011778713,-1.2554807890002126,-1.4219027713159207,-1.5081158241344188,-1.4269831833570108,-1.1415563977757688,-0.849278753533057,-0.6454464643693223,-0.4233708774216732,-0.13563481363993585,0.20198165927250397,0.5380586133846135,0.8616654652140473,1.1415499831141,1.3116668105506006,1.396571272388818,1.393261306968108,1.2590922435193201,1.0404035979323978,0.8936104803209015,0.6075678872195276,0.17234592236614527,-0.29928566211504914,0.0,0.0,0.0,0.0,0.0,0.0,0.0,0.0,0.0,0.0,0.0,0.0,0.0,0.0,0.0,0.0,0.0,0.0,0.0,0.0,0.0,0.0,0.0,0.0,0.0,0.0,0.0,0.0,0.0,0.0,0.0,0.0,0.0,0.0,0.0,0.0,0.0,0.0,0.0,0.0,0.0,0.0,0.0,0.0,0.0,0.0,0.0,0.0,0.0,0.0,0.0,0.0,0.0,0.0,0.0,0.0,0.0,0.0,0.0,0.0,0.0,0.0,0.0,0.0,0.0,0.0,0.0,0.0,0.0,0.0,0.0,0.0
1540,-0.6645729861285616,-1.0142728164483876,-1.2673610722122144,-1.4316250843666212,-1.5024411251620764,-1.4397368874359746,-1.1532280030264117,-0.8269712835770171,-0.6388585703987113,-0.4486367884223736,-0.17543126104655038,0.13930669804436235,0.4724584501027073,0.798877405613489,1.1029077846528552,1.2950763993658376,1.394445986965417,1.4010165474515934,1.2868834782657907,1.0494510024258161,0.9426185560024316,0.6754968809286235,0.23210572515776548,-0.22750903675179934,0.0,0.0,0.0,0.0,0.0,0.0,0.0,0.0,0.0,0.0,0.0,0.0,0.0,0.0,0.0,0.0,0.0,0.0,0.0,0.0,0.0,0.0,0.0,0.0,0.0,0.0,0.0,0.0,0.0,0.0,0.0,0.0,0.0,0.0,0.0,0.0,0.0,0.0,0.0,0.0,0.0,0.0,0.0,0.0,0.0,0.0,0.0,0.0,0.0,0.0,0.0,0.0,0.0,0.0,0.0,0.0,0.0,0.0,0.0,0.0,0.0,0.0,0.0,0.0,0.0,0.0,0.0,0.0,0.0,0.0,0.0,0.0
1541,-0.6959567834255883,-1.048232498141503,-1.283704844404524,-1.4565576070247437,-1.5015755719492965,-1.432710252632278,-1.1737150057780492,-0.7714734056683966,-0.5848313564947103,-0.35982264532226094,-0.03528773061390846,0.28965275134601653,0.609726426287071,0.9223376637991906,1.1891198018836122,1.3607558627491143,1.4272688920070122,1.417210824168013,1.2461425574547125,0.9259877690633436,0.7411302157965763,0.46128881221151863,0.06902416649055075,-0.3157780418014823,0.0,0.0,0.0,0.0,0.0,0.0,0.0,0.0,0.0,0.0,0.0,0.0,0.0,0.0,0.0,0.0,0.0,0.0,0.0,0.0,0.0,0.0,0.0,0.0,0.0,0.0,0.0,0.0,0.0,0.0,0.0,0.0,0.0,0.0,0.0,0.0,0.0,0.0,0.0,0.0,0.0,0.0,0.0,0.0,0.0,0.0,0.0,0.0,0.0,0.0,0.0,0.0,0.0,0.0,0.0,0.0,0.0,0.0,0.0,0.0,0.0,0.0,0.0,0.0,0.0,0.0,0.0,0.0,0.0,0.0,0.0,0.0
1542,-0.33445053328769353,-0.7531469119851082,-1.0832572377966398,-1.3030932012226415,-1.4392306181288776,-1.443812655347113,-1.342193252151583,-1.219292831653582,-0.9909037320868745,-0.5866662263892247,-0.13009167335439797,0.3239373034480758,0.7086247836812549,0.9724483044023156,1.1272193393293755,1.2607093569539647,1.360903237459377,1.3612087066072596,1.220489252482788,0.9579894314025508,0.8392637559256088,0.5793095110777247,0.17334101354207473,-0.25930512290863417,0.0,0.0,0.0,0.0,0.0,0.0,0.0,0.0,0.0,0.0,0.0,0.0,0.0,0.0,0.0,0.0,0.0,0.0,0.0,0.0,0.0,0.0,0.0,0.0,0.0,0.0,0.0,0.0,0.0,0.0,0.0,0.0,0.0,0.0,0.0,0.0,0.0,0.0,0.0,0.0,0.0,0.0,0.0,0.0,0.0,0.0,0.0,0.0,0.0,0.0,0.0,0.0,0.0,0.0,0.0,0.0,0.0,0.0,0.0,0.0,0.0,0.0,0.0,0.0,0.0,0.0,0.0,0.0,0.0,0.0,0.0,0.0
1543,-0.35652932631397727,-0.7154542895598288,-0.9865034967090948,-1.2087658257551888,-1.349485786531478,-1.4028247871351487,-1.3685849091966142,-1.2420161118457886,-1.1312807840619155,-0.761668228858371,-0.31645085647262905,0.10283920949722845,0.5080770712264158,0.8318715238705917,1.0888685267791876,1.2096976914119928,1.273229488049389,1.296583855660644,1.2549220388626003,1.1293428333597095,1.0789726082998423,0.8216787278368661,0.37745094729905865,-0.13397011971350295,0.0,0.0,0.0,0.0,0.0,0.0,0.0,0.0,0.0,0.0,0.0,0.0,0.0,0.0,0.0,0.0,0.0,0.0,0.0,0.0,0.0,0.0,0.0,0.0,0.0,0.0,0.0,0.0,0.0,0.0,0.0,0.0,0.0,0.0,0.0,0.0,0.0,0.0,0.0,0.0,0.0,0.0,0.0,0.0,0.0,0.0,0.0,0.0,0.0,0.0,0.0,0.0,0.0,0.0,0.0,0.0,0.0,0.0,0.0,0.0,0.0,0.0,0.0,0.0,0.0,0.0,0.0,0.0,0.0,0.0,0.0,0.0
1544,-0.8132735028236565,-1.1322611605402202,-1.3628498827333468,-1.505138549644114,-1.5488436162004444,-1.423067949549648,-1.1336454839153076,-0.6250055238117727,-0.39659216692235466,-0.18350524739997562,0.08584452929559774,0.3888135879575789,0.6663704246625989,0.9080337338564246,1.130019875075794,1.2578720267892214,1.3243195487934158,1.3339109321779496,1.2273180322962214,0.9832815973165315,0.8647241882644051,0.5352552249936083,-0.01966068793427626,-0.5619199300042191,0.0,0.0,0.0,0.0,0.0,0.0,0.0,0.0,0.0,0.0,0.0,0.0,0.0,0.0,0.0,0.0,0.0,0.0,0.0,0.0,0.0,0.0,0.0,0.0,0.0,0.0,0.0,0.0,0.0,0.0,0.0,0.0,0.0,0.0,0.0,0.0,0.0,0.0,0.0,0.0,0.0,0.0,0.0,0.0,0.0,0.0,0.0,0.0,0.0,0.0,0.0,0.0,0.0,0.0,0.0,0.0,0.0,0.0,0.0,0.0,0.0,0.0,0.0,0.0,0.0,0.0,0.0,0.0,0.0,0.0,0.0,0.0
1545,-0.7947906386766959,-1.106906254865377,-1.3653340590870113,-1.5194288758845678,-1.5759630252319514,-1.4735930291046577,-1.1483253712275228,-0.6737722252299525,-0.483754667701246,-0.28951667888445354,-0.043357570267720094,0.24000022342307312,0.516585697139961,0.7722653135460976,1.0119465508834433,1.169574752015211,1.2914765115455074,1.3338771235560452,1.251137040396593,1.0814364427896026,1.0317727629809632,0.7362444232501083,0.26483206332739273,-0.22640650869284284,0.0,0.0,0.0,0.0,0.0,0.0,0.0,0.0,0.0,0.0,0.0,0.0,0.0,0.0,0.0,0.0,0.0,0.0,0.0,0.0,0.0,0.0,0.0,0.0,0.0,0.0,0.0,0.0,0.0,0.0,0.0,0.0,0.0,0.0,0.0,0.0,0.0,0.0,0.0,0.0,0.0,0.0,0.0,0.0,0.0,0.0,0.0,0.0,0.0,0.0,0.0,0.0,0.0,0.0,0.0,0.0,0.0,0.0,0.0,0.0,0.0,0.0,0.0,0.0,0.0,0.0,0.0,0.0,0.0,0.0,0.0,0.0
1546,-0.759008935599356,-1.1138728243320877,-1.3800454597370788,-1.533401238902436,-1.594901751243411,-1.4746692383710227,-1.1070504202299538,-0.6572661265979681,-0.4592186567925456,-0.2943933287018619,-0.030593703419352032,0.2437855919925539,0.4831629880978599,0.7307470442100806,1.0029510803430453,1.18715599110066,1.2872179179319567,1.338830888095926,1.2642788200813038,1.1076601519975349,1.032514831452292,0.7338121822849524,0.2525855045300889,-0.26028130819119255,0.0,0.0,0.0,0.0,0.0,0.0,0.0,0.0,0.0,0.0,0.0,0.0,0.0,0.0,0.0,0.0,0.0,0.0,0.0,0.0,0.0,0.0,0.0,0.0,0.0,0.0,0.0,0.0,0.0,0.0,0.0,0.0,0.0,0.0,0.0,0.0,0.0,0.0,0.0,0.0,0.0,0.0,0.0,0.0,0.0,0.0,0.0,0.0,0.0,0.0,0.0,0.0,0.0,0.0,0.0,0.0,0.0,0.0,0.0,0.0,0.0,0.0,0.0,0.0,0.0,0.0,0.0,0.0,0.0,0.0,0.0,0.0
1547,-0.6378286646108954,-1.0559557640432125,-1.3480784215472805,-1.548175363036335,-1.5991434519061887,-1.481869654830646,-1.2007192942360603,-0.6172998510383155,-0.38688161593918596,-0.21592615118821884,0.023458692138014582,0.308266485035761,0.5913045526255264,0.8564094037610841,1.0830522248698542,1.2477546601992882,1.344499643702251,1.3741130471891334,1.239849887156973,0.9714415487798508,0.9143384121756629,0.5819839993368263,0.03537484254508682,-0.4799691671389879,0.0,0.0,0.0,0.0,0.0,0.0,0.0,0.0,0.0,0.0,0.0,0.0,0.0,0.0,0.0,0.0,0.0,0.0,0.0,0.0,0.0,0.0,0.0,0.0,0.0,0.0,0.0,0.0,0.0,0.0,0.0,0.0,0.0,0.0,0.0,0.0,0.0,0.0,0.0,0.0,0.0,0.0,0.0,0.0,0.0,0.0,0.0,0.0,0.0,0.0,0.0,0.0,0.0,0.0,0.0,0.0,0.0,0.0,0.0,0.0,0.0,0.0,0.0,0.0,0.0,0.0,0.0,0.0,0.0,0.0,0.0,0.0
1548,-0.8702429583210868,-1.1797901394767023,-1.3815101605500144,-1.4898984333474037,-1.5306726239769652,-1.4280825159021282,-1.1386418737037505,-0.7145341798848028,-0.4803631401223673,-0.2906135236375504,-0.007438640090963069,0.2868649789714908,0.5710685691624019,0.8534953024222083,1.1195562481586816,1.250669585917042,1.3284772157422602,1.3416633645467744,1.2377639934700706,1.00144202163314,0.8594805047164559,0.576679696313259,0.25273062213711023,-0.1681039141771708,0.0,0.0,0.0,0.0,0.0,0.0,0.0,0.0,0.0,0.0,0.0,0.0,0.0,0.0,0.0,0.0,0.0,0.0,0.0,0.0,0.0,0.0,0.0,0.0,0.0,0.0,0.0,0.0,0.0,0.0,0.0,0.0,0.0,0.0,0.0,0.0,0.0,0.0,0.0,0.0,0.0,0.0,0.0,0.0,0.0,0.0,0.0,0.0,0.0,0.0,0.0,0.0,0.0,0.0,0.0,0.0,0.0,0.0,0.0,0.0,0.0,0.0,0.0,0.0,0.0,0.0,0.0,0.0,0.0,0.0,0.0,0.0
1549,-0.355962806507958,-0.7582198300541024,-1.067523035016865,-1.3047932943119125,-1.42994270774156,-1.459883358201706,-1.3689339346282083,-1.1832768468376802,-0.9389912050080378,-0.5616638443973286,-0.11869254721291046,0.29308535263018415,0.647111621250989,0.9639313075008175,1.179278496375256,1.270478469324989,1.3129465885969116,1.3386278996610534,1.2090938721472841,0.9967532757876719,0.9334895582882005,0.6047687766671842,0.15177550443334487,-0.35345731274560266,0.0,0.0,0.0,0.0,0.0,0.0,0.0,0.0,0.0,0.0,0.0,0.0,0.0,0.0,0.0,0.0,0.0,0.0,0.0,0.0,0.0,0.0,0.0,0.0,0.0,0.0,0.0,0.0,0.0,0.0,0.0,0.0,0.0,0.0,0.0,0.0,0.0,0.0,0.0,0.0,0.0,0.0,0.0,0.0,0.0,0.0,0.0,0.0,0.0,0.0,0.0,0.0,0.0,0.0,0.0,0.0,0.0,0.0,0.0,0.0,0.0,0.0,0.0,0.0,0.0,0.0,0.0,0.0,0.0,0.0,0.0,0.0
1550,-0.5727973723837191,-0.8424749769436394,-1.0699855075851643,-1.215557746862534,-1.3041086020911647,-1.3410047917697607,-1.3501090463657779,-1.2380787977053136,-1.0723813640578004,-0.6721774988686648,-0.29468635304011975,0.0981382742132965,0.46499181730333733,0.7612155115800657,0.9814426385447768,1.148673420334777,1.2341575792784334,1.3355502252003935,1.330087672442783,1.1975488923765536,1.1457025583087084,0.8478496816305874,0.407970433254598,0.020033353205359386,0.0,0.0,0.0,0.0,0.0,0.0,0.0,0.0,0.0,0.0,0.0,0.0,0.0,0.0,0.0,0.0,0.0,0.0,0.0,0.0,0.0,0.0,0.0,0.0,0.0,0.0,0.0,0.0,0.0,0.0,0.0,0.0,0.0,0.0,0.0,0.0,0.0,0.0,0.0,0.0,0.0,0.0,0.0,0.0,0.0,0.0,0.0,0.0,0.0,0.0,0.0,0.0,0.0,0.0,0.0,0.0,0.0,0.0,0.0,0.0,0.0,0.0,0.0,0.0,0.0,0.0,0.0,0.0,0.0,0.0,0.0,0.0
1551,-1.0055089114334195,-1.2010354845251499,-1.3411794039188165,-1.427330198560249,-1.4780810891055474,-1.393518327545063,-1.1325515579092644,-0.771935712443975,-0.5713141998842028,-0.3826029354315413,-0.0955659560501787,0.2342155804267026,0.5406397970046395,0.8122596218917979,1.0320036994679862,1.1730078034471665,1.2589600939534804,1.3040867006704213,1.2512846007288982,1.1069059264527032,1.014336831442439,0.7304759182229726,0.368404375766814,-0.025957172668621888,0.0,0.0,0.0,0.0,0.0,0.0,0.0,0.0,0.0,0.0,0.0,0.0,0.0,0.0,0.0,0.0,0.0,0.0,0.0,0.0,0.0,0.0,0.0,0.0,0.0,0.0,0.0,0.0,0.0,0.0,0.0,0.0,0.0,0.0,0.0,0.0,0.0,0.0,0.0,0.0,0.0,0.0,0.0,0.0,0.0,0.0,0.0,0.0,0.0,0.0,0.0,0.0,0.0,0.0,0.0,0.0,0.0,0.0,0.0,0.0,0.0,0.0,0.0,0.0,0.0,0.0,0.0,0.0,0.0,0.0,0.0,0.0
1552,-0.6560435831018524,-1.0108419329305145,-1.2560207970050226,-1.4326777159573691,-1.5101848648298712,-1.460023988241014,-1.2079694899923323,-0.8309815935106554,-0.6326820533509672,-0.4025827051357261,-0.05809780656832436,0.32998486323985987,0.685798931753343,0.9472292947849887,1.1549828319341657,1.28405723711297,1.3350775679735989,1.3382809884411115,1.2183480514256972,1.0173138840376446,0.8813638446846668,0.5510990077047605,0.09879166413327296,-0.3842216366024216,0.0,0.0,0.0,0.0,0.0,0.0,0.0,0.0,0.0,0.0,0.0,0.0,0.0,0.0,0.0,0.0,0.0,0.0,0.0,0.0,0.0,0.0,0.0,0.0,0.0,0.0,0.0,0.0,0.0,0.0,0.0,0.0,0.0,0.0,0.0,0.0,0.0,0.0,0.0,0.0,0.0,0.0,0.0,0.0,0.0,0.0,0.0,0.0,0.0,0.0,0.0,0.0,0.0,0.0,0.0,0.0,0.0,0.0,0.0,0.0,0.0,0.0,0.0,0.0,0.0,0.0,0.0,0.0,0.0,0.0,0.0,0.0
1553,-0.6265629727753068,-1.0137757567069052,-1.306991234394239,-1.4976046773054943,-1.5834649033077184,-1.4858199404032282,-1.189237395029533,-0.6931560892389054,-0.4748578675731202,-0.34410340575273984,-0.04611791550972716,0.31481303453665893,0.6505845065932866,0.9491311747840262,1.1821135527486668,1.2611461137202127,1.29481679058383,1.319321560967907,1.2311230935168207,1.0536973323771486,0.8855310073749714,0.4980376344695095,0.05021763218339999,-0.42884127585951,0.0,0.0,0.0,0.0,0.0,0.0,0.0,0.0,0.0,0.0,0.0,0.0,0.0,0.0,0.0,0.0,0.0,0.0,0.0,0.0,0.0,0.0,0.0,0.0,0.0,0.0,0.0,0.0,0.0,0.0,0.0,0.0,0.0,0.0,0.0,0.0,0.0,0.0,0.0,0.0,0.0,0.0,0.0,0.0,0.0,0.0,0.0,0.0,0.0,0.0,0.0,0.0,0.0,0.0,0.0,0.0,0.0,0.0,0.0,0.0,0.0,0.0,0.0,0.0,0.0,0.0,0.0,0.0,0.0,0.0,0.0,0.0
1554,-0.5967637877348675,-1.0336050847241114,-1.3399720434821634,-1.5570360419861355,-1.6466929109334285,-1.529195224786713,-1.163253636004473,-0.5646760662168889,-0.28898119420396345,-0.09197202164872788,0.16001096791892674,0.4741639179276647,0.78524965926189,1.0434850357429744,1.2509934995301955,1.3109220382475966,1.2952320861818203,1.2264558301340942,1.0329857445109887,0.8431727153844174,0.802237276536114,0.42579639652188833,-0.13125588659537066,-0.7073012695817272,0.0,0.0,0.0,0.0,0.0,0.0,0.0,0.0,0.0,0.0,0.0,0.0,0.0,0.0,0.0,0.0,0.0,0.0,0.0,0.0,0.0,0.0,0.0,0.0,0.0,0.0,0.0,0.0,0.0,0.0,0.0,0.0,0.0,0.0,0.0,0.0,0.0,0.0,0.0,0.0,0.0,0.0,0.0,0.0,0.0,0.0,0.0,0.0,0.0,0.0,0.0,0.0,0.0,0.0,0.0,0.0,0.0,0.0,0.0,0.0,0.0,0.0,0.0,0.0,0.0,0.0,0.0,0.0,0.0,0.0,0.0,0.0
1555,-0.5870466105609382,-1.0935697875210435,-1.4188407720787826,-1.6389646343390105,-1.7307077325476037,-1.6009865660870768,-1.1120375540435525,-0.43304926713937136,-0.09362959048777478,0.0891119379244714,0.33887358678130663,0.5716568051255126,0.7983337458292117,1.0010323767738465,1.1769229595406459,1.236794267137812,1.249155756019814,1.1714124163040907,1.0025217127837263,0.8109931019131896,0.7293774885717789,0.3567456188998637,-0.1198419042616585,-0.7042573545384752,0.0,0.0,0.0,0.0,0.0,0.0,0.0,0.0,0.0,0.0,0.0,0.0,0.0,0.0,0.0,0.0,0.0,0.0,0.0,0.0,0.0,0.0,0.0,0.0,0.0,0.0,0.0,0.0,0.0,0.0,0.0,0.0,0.0,0.0,0.0,0.0,0.0,0.0,0.0,0.0,0.0,0.0,0.0,0.0,0.0,0.0,0.0,0.0,0.0,0.0,0.0,0.0,0.0,0.0,0.0,0.0,0.0,0.0,0.0,0.0,0.0,0.0,0.0,0.0,0.0,0.0,0.0,0.0,0.0,0.0,0.0,0.0
1556,-0.4490297991539201,-0.867121659992929,-1.1754984247707247,-1.39306661134642,-1.507365105676509,-1.4780027105165237,-1.3281828796026478,-1.0417204877979143,-0.8535146963822041,-0.457193977320355,-0.07548284024054734,0.25022489924143493,0.5010227232664792,0.7604144190456656,0.9672402659286834,1.1507194278796153,1.3089898993517308,1.3194457766526035,1.2575699000227811,1.1557325197361983,1.1106146930269527,0.7668598228612722,0.2909025588777071,-0.21355771309042898,1.0,1.0,1.0,1.0,1.0,1.0,1.0,1.0,1.0,1.0,1.0,1.0,1.0,1.0,1.0,1.0,1.0,1.0,1.0,1.0,1.0,1.0,1.0,1.0,1.0,1.0,1.0,1.0,1.0,1.0,1.0,1.0,1.0,1.0,1.0,1.0,1.0,1.0,1.0,1.0,1.0,1.0,1.0,1.0,1.0,1.0,1.0,1.0,1.0,1.0,1.0,1.0,1.0,1.0,1.0,1.0,1.0,1.0,1.0,1.0,1.0,1.0,1.0,1.0,1.0,1.0,1.0,1.0,1.0,1.0,1.0,1.0
1557,-0.4409668308109098,-0.856853591336612,-1.1676096820854105,-1.3527473338404696,-1.4529429935140477,-1.4735803084915906,-1.384451035110318,-1.1522064687326068,-0.9142791634480357,-0.49854194868304047,-0.09566566933883279,0.23094227204489012,0.53078152226209,0.7865047730707742,0.957435577558684,1.0277220850908955,1.0857458402451465,1.1138604432580312,1.161415995162804,1.240974339858839,1.3432636401823128,0.9960183838210469,0.45481227582301886,-0.13963212298664165,0.0,0.0,0.0,0.0,0.0,0.0,0.0,0.0,0.0,0.0,0.0,0.0,0.0,0.0,0.0,0.0,0.0,0.0,0.0,0.0,0.0,0.0,0.0,0.0,0.0,0.0,0.0,0.0,0.0,0.0,0.0,0.0,0.0,0.0,0.0,0.0,0.0,0.0,0.0,0.0,0.0,0.0,0.0,0.0,0.0,0.0,0.0,0.0,0.0,0.0,0.0,0.0,0.0,0.0,0.0,0.0,0.0,0.0,0.0,0.0,0.0,0.0,0.0,0.0,0.0,0.0,0.0,0.0,0.0,0.0,0.0,0.0
1558,-1.097772351197137,-1.4231561898354421,-1.6170329387141387,-1.722265150802302,-1.7275732068975433,-1.5010519130331115,-0.9402557865708449,-0.18014215373225909,0.19473930799417327,0.2981137004490019,0.43625586032766245,0.6326539358515987,0.7816776107255045,0.8932794901279574,0.9965211811804049,0.9143790131065425,0.9216775902374995,0.9052226163422508,0.8975259350041506,0.91663493694702,1.0239903714732799,0.6944927893611624,0.15837912374176888,-0.4562937720871992,1.0,1.0,1.0,1.0,1.0,1.0,1.0,1.0,1.0,1.0,1.0,1.0,1.0,1.0,1.0,1.0,1.0,1.0,1.0,1.0,1.0,1.0,1.0,1.0,1.0,1.0,1.0,1.0,1.0,1.0,1.0,1.0,1.0,1.0,1.0,1.0,1.0,1.0,1.0,1.0,1.0,1.0,1.0,1.0,1.0,1.0,1.0,1.0,1.0,1.0,1.0,1.0,1.0,1.0,1.0,1.0,1.0,1.0,1.0,1.0,1.0,1.0,1.0,1.0,1.0,1.0,1.0,1.0,1.0,1.0,1.0,1.0
1559,-1.0329423299218603,-1.3682682856490813,-1.5955277678798068,-1.7201449625424323,-1.7193104723996022,-1.5296030465962305,-0.9629842396146051,-0.16841054194989583,0.16761082222968365,0.2186538026327903,0.29806944789211975,0.42811082848314075,0.5605165978121803,0.6943131840459368,0.8550916182311992,0.9549522719898655,1.048276086296363,1.0824901821523962,1.0377058778205153,1.0205988298924986,1.1322814273412578,0.7858289363763024,0.23131023646571322,-0.4186185031084486,-1.0,-1.0,-1.0,-1.0,-1.0,-1.0,-1.0,-1.0,-1.0,-1.0,-1.0,-1.0,-1.0,-1.0,-1.0,-1.0,-1.0,-1.0,-1.0,-1.0,-1.0,-1.0,-1.0,-1.0,-1.0,-1.0,-1.0,-1.0,-1.0,-1.0,-1.0,-1.0,-1.0,-1.0,-1.0,-1.0,-1.0,-1.0,-1.0,-1.0,-1.0,-1.0,-1.0,-1.0,-1.0,-1.0,-1.0,-1.0,-1.0,-1.0,-1.0,-1.0,-1.0,-1.0,-1.0,-1.0,-1.0,-1.0,-1.0,-1.0,-1.0,-1.0,-1.0,-1.0,-1.0,-1.0,-1.0,-1.0,-1.0,-1.0,-1.0,-1.0
1560,-1.0040045091243175,-1.3435590292916755,-1.5737301504018708,-1.678576345686483,-1.6969704150346605,-1.526150824354585,-1.0144278150882848,-0.29607809347745656,-0.005819679163214476,0.07437846319483975,0.21257923756414726,0.3717492509903772,0.577027064916039,0.7420831805336857,0.9239392128226679,1.0144380340157015,1.0422743922959437,1.0909573625041202,1.0712143947370765,1.077223124057481,1.1010127870811242,0.7937092018375708,0.3266224675228482,-0.2798913124510603,0.0,0.0,0.0,0.0,0.0,0.0,0.0,0.0,0.0,0.0,0.0,0.0,0.0,0.0,0.0,0.0,0.0,0.0,0.0,0.0,0.0,0.0,0.0,0.0,0.0,0.0,0.0,0.0,0.0,0.0,0.0,0.0,0.0,0.0,0.0,0.0,0.0,0.0,0.0,0.0,0.0,0.0,0.0,0.0,0.0,0.0,0.0,0.0,0.0,0.0,0.0,0.0,0.0,0.0,0.0,0.0,0.0,0.0,0.0,0.0,0.0,0.0,0.0,0.0,0.0,0.0,0.0,0.0,0.0,0.0,0.0,0.0
1561,-1.0359574026606766,-1.3270098673877735,-1.524911894986503,-1.630118432646747,-1.668220259799376,-1.5320773132271466,-1.0576811309775487,-0.42951279854778845,-0.13345591473198803,0.024183286562172328,0.2688311379212913,0.5160949356222326,0.7109260696892576,0.8872181057685856,1.0309814177713408,1.085347606962256,1.075111295189908,1.0647612466200893,0.9746817030234264,1.0119873725937616,0.9927658538212413,0.6964814964104997,0.24972335594624157,-0.25014986893675606,0.0,0.0,0.0,0.0,0.0,0.0,0.0,0.0,0.0,0.0,0.0,0.0,0.0,0.0,0.0,0.0,0.0,0.0,0.0,0.0,0.0,0.0,0.0,0.0,0.0,0.0,0.0,0.0,0.0,0.0,0.0,0.0,0.0,0.0,0.0,0.0,0.0,0.0,0.0,0.0,0.0,0.0,0.0,0.0,0.0,0.0,0.0,0.0,0.0,0.0,0.0,0.0,0.0,0.0,0.0,0.0,0.0,0.0,0.0,0.0,0.0,0.0,0.0,0.0,0.0,0.0,0.0,0.0,0.0,0.0,0.0,0.0
1562,-0.7136242210479952,-1.2434424683586844,-1.5443876705471054,-1.7511117113027028,-1.7867962183378951,-1.5556379584793827,-0.9451340524043913,-0.004152938318750842,0.5272473807324151,0.7137560603597015,0.9633718238571066,1.080972489899194,1.129840928105024,1.1148991394449679,1.0642728437497195,0.9239958160941356,0.7636792130591825,0.6299062581144464,0.5100203773361153,0.5123055920723592,0.5295325954686589,0.18551988478948866,-0.26167906051853845,-0.8433541037670691,-1.0,-1.0,-1.0,-1.0,-1.0,-1.0,-1.0,-1.0,-1.0,-1.0,-1.0,-1.0,-1.0,-1.0,-1.0,-1.0,-1.0,-1.0,-1.0,-1.0,-1.0,-1.0,-1.0,-1.0,-1.0,-1.0,-1.0,-1.0,-1.0,-1.0,-1.0,-1.0,-1.0,-1.0,-1.0,-1.0,-1.0,-1.0,-1.0,-1.0,-1.0,-1.0,-1.0,-1.0,-1.0,-1.0,-1.0,-1.0,-1.0,-1.0,-1.0,-1.0,-1.0,-1.0,-1.0,-1.0,-1.0,-1.0,-1.0,-1.0,-1.0,-1.0,-1.0,-1.0,-1.0,-1.0,-1.0,-1.0,-1.0,-1.0,-1.0,-1.0
1563,-0.24565430529246526,-0.9669387289414036,-1.4665846083348786,-1.7791215169454455,-1.892744472389325,-1.7504944346647797,-1.3010197304023685,-0.5156932773214254,0.17932506052360317,0.8471919388859385,1.1526458580662378,1.1284456441794894,0.885853256192817,0.6618537154605976,0.41306371172244083,0.25871356705452153,0.26520630736560036,0.42339307130824805,0.5314086601198321,0.9643563890449518,1.3111277465684799,0.9068070999240259,0.3602364155550268,-0.37137736767971885,0.0,0.0,0.0,0.0,0.0,0.0,0.0,0.0,0.0,0.0,0.0,0.0,0.0,0.0,0.0,0.0,0.0,0.0,0.0,0.0,0.0,0.0,0.0,0.0,0.0,0.0,0.0,0.0,0.0,0.0,0.0,0.0,0.0,0.0,0.0,0.0,0.0,0.0,0.0,0.0,0.0,0.0,0.0,0.0,0.0,0.0,0.0,0.0,0.0,0.0,0.0,0.0,0.0,0.0,0.0,0.0,0.0,0.0,0.0,0.0,0.0,0.0,0.0,0.0,0.0,0.0,0.0,0.0,0.0,0.0,0.0,0.0
1564,-0.6849259618517758,-1.0921468943581454,-1.395847979285264,-1.539661266501987,-1.5711673070695853,-1.5214434879424916,-1.2625367055910737,-0.8585306751834386,-0.4058724596816215,0.06821843647842553,0.29026100809768807,0.3549877036855426,0.4167138239812449,0.4405040995118802,0.45786457084504645,0.4820834999888463,0.615609100489619,0.8402235937878693,1.0618375117939671,1.424264141724636,1.743182429919098,1.3803271463752647,0.7277020203321618,0.028353650454117776,0.0,0.0,0.0,0.0,0.0,0.0,0.0,0.0,0.0,0.0,0.0,0.0,0.0,0.0,0.0,0.0,0.0,0.0,0.0,0.0,0.0,0.0,0.0,0.0,0.0,0.0,0.0,0.0,0.0,0.0,0.0,0.0,0.0,0.0,0.0,0.0,0.0,0.0,0.0,0.0,0.0,0.0,0.0,0.0,0.0,0.0,0.0,0.0,0.0,0.0,0.0,0.0,0.0,0.0,0.0,0.0,0.0,0.0,0.0,0.0,0.0,0.0,0.0,0.0,0.0,0.0,0.0,0.0,0.0,0.0,0.0,0.0
1565,-1.3489310942582113,-1.6194920415323082,-1.7772181542929923,-1.8075500990546622,-1.7074546813411513,-1.3918507960959745,-0.6898179345871214,0.1940549357679435,0.6643517392976375,0.7318403163923533,0.692712107649799,0.6855841006308064,0.6981718577068995,0.696200281297391,0.7154610662210514,0.6341714542597757,0.5768440786602194,0.5953465649648381,0.6648067184690625,0.9221732697718328,1.0751979310944582,0.7938691434299685,0.306434791109931,-0.30490555556152865,1.0,1.0,1.0,1.0,1.0,1.0,1.0,1.0,1.0,1.0,1.0,1.0,1.0,1.0,1.0,1.0,1.0,1.0,1.0,1.0,1.0,1.0,1.0,1.0,1.0,1.0,1.0,1.0,1.0,1.0,1.0,1.0,1.0,1.0,1.0,1.0,1.0,1.0,1.0,1.0,1.0,1.0,1.0,1.0,1.0,1.0,1.0,1.0,1.0,1.0,1.0,1.0,1.0,1.0,1.0,1.0,1.0,1.0,1.0,1.0,1.0,1.0,1.0,1.0,1.0,1.0,1.0,1.0,1.0,1.0,1.0,1.0
1566,-1.130585950299968,-1.4930274547335094,-1.6790944669366283,-1.7675019975966737,-1.7462078249293869,-1.4947897310921814,-0.8417194838409824,-0.028282087950631196,0.36646781639189707,0.4263852125867451,0.5122961850720051,0.6369772374480492,0.7143705408663946,0.7717913788864573,0.8599051968200574,0.847716118672576,0.830974493265192,0.821722542382164,0.850359533210584,1.0329019926963587,1.0518464635520828,0.7284687517357706,0.16321860969172627,-0.43419307589808215,0.0,0.0,0.0,0.0,0.0,0.0,0.0,0.0,0.0,0.0,0.0,0.0,0.0,0.0,0.0,0.0,0.0,0.0,0.0,0.0,0.0,0.0,0.0,0.0,0.0,0.0,0.0,0.0,0.0,0.0,0.0,0.0,0.0,0.0,0.0,0.0,0.0,0.0,0.0,0.0,0.0,0.0,0.0,0.0,0.0,0.0,0.0,0.0,0.0,0.0,0.0,0.0,0.0,0.0,0.0,0.0,0.0,0.0,0.0,0.0,0.0,0.0,0.0,0.0,0.0,0.0,0.0,0.0,0.0,0.0,0.0,0.0
1567,-0.978618032547347,-1.4223022793132942,-1.7025885696951049,-1.8386072766743806,-1.8579131576649877,-1.585524727688425,-0.8306647809556961,0.20588552023088783,0.7157362863919149,0.7443440918598142,0.7855884739761108,0.8257798080383741,0.8054208789937342,0.7448706158868308,0.6953773573472749,0.5797175794126392,0.5184652842697137,0.5528648540347951,0.6049907327094337,0.8968605516856085,1.0327037506558787,0.7652295449314708,0.20535899620387127,-0.4629755020891378,0.0,0.0,0.0,0.0,0.0,0.0,0.0,0.0,0.0,0.0,0.0,0.0,0.0,0.0,0.0,0.0,0.0,0.0,0.0,0.0,0.0,0.0,0.0,0.0,0.0,0.0,0.0,0.0,0.0,0.0,0.0,0.0,0.0,0.0,0.0,0.0,0.0,0.0,0.0,0.0,0.0,0.0,0.0,0.0,0.0,0.0,0.0,0.0,0.0,0.0,0.0,0.0,0.0,0.0,0.0,0.0,0.0,0.0,0.0,0.0,0.0,0.0,0.0,0.0,0.0,0.0,0.0,0.0,0.0,0.0,0.0,0.0
1568,-1.104239522045097,-1.5022467441865135,-1.7026954022255776,-1.8280016179101417,-1.787127432233793,-1.4083186912433887,-0.5227113349224982,0.6531440267567075,1.1663421358041979,1.161800559617937,1.049912637210962,0.8754748246023017,0.7092944232413887,0.5666476439365553,0.4867571901146008,0.3249119296587551,0.17875575057362908,0.2150883600637169,0.3302792469697908,0.7689542195063624,1.022663180093396,0.7237448929249464,0.15769935189187365,-0.5361296282000875,-1.0,-1.0,-1.0,-1.0,-1.0,-1.0,-1.0,-1.0,-1.0,-1.0,-1.0,-1.0,-1.0,-1.0,-1.0,-1.0,-1.0,-1.0,-1.0,-1.0,-1.0,-1.0,-1.0,-1.0,-1.0,-1.0,-1.0,-1.0,-1.0,-1.0,-1.0,-1.0,-1.0,-1.0,-1.0,-1.0,-1.0,-1.0,-1.0,-1.0,-1.0,-1.0,-1.0,-1.0,-1.0,-1.0,-1.0,-1.0,-1.0,-1.0,-1.0,-1.0,-1.0,-1.0,-1.0,-1.0,-1.0,-1.0,-1.0,-1.0,-1.0,-1.0,-1.0,-1.0,-1.0,-1.0,-1.0,-1.0,-1.0,-1.0,-1.0,-1.0
1569,-0.9983701373595688,-1.4384210800817183,-1.7092385010505238,-1.8265854191097637,-1.7819235323857245,-1.3607006399491994,-0.5524080625710024,0.6650662122936112,1.2360377837460321,1.2574930038389527,1.1302941990023514,0.9575577841726121,0.7902946397747403,0.6676933821009076,0.6059548916294418,0.4520465270853269,0.36819602406911633,0.376515395125555,0.39140269070023465,0.5650148287990727,0.6954975958947947,0.38023721901922486,-0.12067649090529155,-0.7509783138391564,1.0,1.0,1.0,1.0,1.0,1.0,1.0,1.0,1.0,1.0,1.0,1.0,1.0,1.0,1.0,1.0,1.0,1.0,1.0,1.0,1.0,1.0,1.0,1.0,1.0,1.0,1.0,1.0,1.0,1.0,1.0,1.0,1.0,1.0,1.0,1.0,1.0,1.0,1.0,1.0,1.0,1.0,1.0,1.0,1.0,1.0,1.0,1.0,1.0,1.0,1.0,1.0,1.0,1.0,1.0,1.0,1.0,1.0,1.0,1.0,1.0,1.0,1.0,1.0,1.0,1.0,1.0,1.0,1.0,1.0,1.0,1.0
1570,-0.631545711601288,-1.1572428932517107,-1.5263924031330354,-1.7132396242767973,-1.8033807836664233,-1.6513780443035249,-1.1963798111939852,-0.5527668832271613,-0.05610676972745843,0.41984865169955726,0.6816872575456131,0.687494671175757,0.5784162934269662,0.6082108503120526,0.6541651668636266,0.6834547312591351,0.7251166116492984,0.8225801621378013,1.020032225562696,1.2836383051222737,1.2720234778619859,0.8925216219443177,0.33904985336711957,-0.3798069555467869,-1.0,-1.0,-1.0,-1.0,-1.0,-1.0,-1.0,-1.0,-1.0,-1.0,-1.0,-1.0,-1.0,-1.0,-1.0,-1.0,-1.0,-1.0,-1.0,-1.0,-1.0,-1.0,-1.0,-1.0,-1.0,-1.0,-1.0,-1.0,-1.0,-1.0,-1.0,-1.0,-1.0,-1.0,-1.0,-1.0,-1.0,-1.0,-1.0,-1.0,-1.0,-1.0,-1.0,-1.0,-1.0,-1.0,-1.0,-1.0,-1.0,-1.0,-1.0,-1.0,-1.0,-1.0,-1.0,-1.0,-1.0,-1.0,-1.0,-1.0,-1.0,-1.0,-1.0,-1.0,-1.0,-1.0,-1.0,-1.0,-1.0,-1.0,-1.0,-1.0
1571,-0.6838795779720716,-1.0323857162532821,-1.2596793269937299,-1.3985988638697966,-1.4589636684219693,-1.4591246412341086,-1.2604841910544256,-1.0061471478746042,-0.7125327385328362,-0.3257150709625133,-0.050934480641022975,0.1312867427004691,0.3392636159842216,0.5266359693141658,0.6737651196093281,0.7724414534506131,0.9416238790088359,1.0798995246363463,1.2141508499603784,1.4680049747037822,1.5581497495016934,1.2014339978013873,0.6534825452797981,0.08830700185932214,1.0,1.0,1.0,1.0,1.0,1.0,1.0,1.0,1.0,1.0,1.0,1.0,1.0,1.0,1.0,1.0,1.0,1.0,1.0,1.0,1.0,1.0,1.0,1.0,1.0,1.0,1.0,1.0,1.0,1.0,1.0,1.0,1.0,1.0,1.0,1.0,1.0,1.0,1.0,1.0,1.0,1.0,1.0,1.0,1.0,1.0,1.0,1.0,1.0,1.0,1.0,1.0,1.0,1.0,1.0,1.0,1.0,1.0,1.0,1.0,1.0,1.0,1.0,1.0,1.0,1.0,1.0,1.0,1.0,1.0,1.0,1.0
1572,-1.1851709434830784,-1.5055827577410952,-1.7003113956546232,-1.7680430957984592,-1.730673881925998,-1.4768259798783028,-0.868262493025605,-0.016945089493599033,0.4945460253857132,0.6317611075736566,0.7860550882892482,0.870719713469043,0.8840033012127695,0.8294092153209707,0.8029880133252072,0.7215348049625769,0.6463584567425867,0.667816560020914,0.7279576385969062,0.937575572662743,0.9340722088621999,0.626652035364531,0.11048976875116112,-0.42012387353944963,1.0,1.0,1.0,1.0,1.0,1.0,1.0,1.0,1.0,1.0,1.0,1.0,1.0,1.0,1.0,1.0,1.0,1.0,1.0,1.0,1.0,1.0,1.0,1.0,1.0,1.0,1.0,1.0,1.0,1.0,1.0,1.0,1.0,1.0,1.0,1.0,1.0,1.0,1.0,1.0,1.0,1.0,1.0,1.0,1.0,1.0,1.0,1.0,1.0,1.0,1.0,1.0,1.0,1.0,1.0,1.0,1.0,1.0,1.0,1.0,1.0,1.0,1.0,1.0,1.0,1.0,1.0,1.0,1.0,1.0,1.0,1.0
1573,-1.058112318925467,-1.4737377243686764,-1.6969224182951979,-1.8448259012398025,-1.8243853075294807,-1.5393802814058886,-0.8653392400313757,0.13907497448232137,0.6406173469843627,0.6878135145756747,0.7182251296081047,0.7813749313147899,0.7807101965599826,0.7014405770492226,0.7072570061537857,0.615025058924285,0.5635081154267261,0.6043893028473697,0.7064260877102767,0.9719876222557579,1.025000218951633,0.7589401333400464,0.2755117829065016,-0.3745988072949516,-1.0,-1.0,-1.0,-1.0,-1.0,-1.0,-1.0,-1.0,-1.0,-1.0,-1.0,-1.0,-1.0,-1.0,-1.0,-1.0,-1.0,-1.0,-1.0,-1.0,-1.0,-1.0,-1.0,-1.0,-1.0,-1.0,-1.0,-1.0,-1.0,-1.0,-1.0,-1.0,-1.0,-1.0,-1.0,-1.0,-1.0,-1.0,-1.0,-1.0,-1.0,-1.0,-1.0,-1.0,-1.0,-1.0,-1.0,-1.0,-1.0,-1.0,-1.0,-1.0,-1.0,-1.0,-1.0,-1.0,-1.0,-1.0,-1.0,-1.0,-1.0,-1.0,-1.0,-1.0,-1.0,-1.0,-1.0,-1.0,-1.0,-1.0,-1.0,-1.0
1574,-1.1040180578191967,-1.5036952045693617,-1.7403162098559868,-1.829428287167456,-1.7634474299240703,-1.4434023522607504,-0.5928560143474487,0.5915762132371245,1.127765478421881,1.023674988115505,0.8513284385918332,0.7242963283818661,0.6228602403783849,0.5400049684951677,0.4986721326358053,0.4378104798337166,0.3894624378881321,0.4510824913481908,0.5875946097827822,0.9391133147518551,1.0359989988075167,0.7068531132485573,0.0807933700943615,-0.6317240480684088,0.0,0.0,0.0,0.0,0.0,0.0,0.0,0.0,0.0,0.0,0.0,0.0,0.0,0.0,0.0,0.0,0.0,0.0,0.0,0.0,0.0,0.0,0.0,0.0,0.0,0.0,0.0,0.0,0.0,0.0,0.0,0.0,0.0,0.0,0.0,0.0,0.0,0.0,0.0,0.0,0.0,0.0,0.0,0.0,0.0,0.0,0.0,0.0,0.0,0.0,0.0,0.0,0.0,0.0,0.0,0.0,0.0,0.0,0.0,0.0,0.0,0.0,0.0,0.0,0.0,0.0,0.0,0.0,0.0,0.0,0.0,0.0
1575,-1.109325856903916,-1.5231065259268952,-1.7575706770245767,-1.8343958389596897,-1.8203488003214412,-1.5166899774131273,-0.7179163975640732,0.3531269435448624,0.819280522058596,0.7962156314550519,0.7610113247443794,0.7412414185127701,0.674994890613869,0.6172459539899577,0.6090952031751715,0.5319232007798548,0.47313374277533254,0.48440605773195183,0.6066673199537458,0.9855905227262562,1.0960592093011254,0.7943080089239317,0.2714460151668979,-0.3363918913400353,0.0,0.0,0.0,0.0,0.0,0.0,0.0,0.0,0.0,0.0,0.0,0.0,0.0,0.0,0.0,0.0,0.0,0.0,0.0,0.0,0.0,0.0,0.0,0.0,0.0,0.0,0.0,0.0,0.0,0.0,0.0,0.0,0.0,0.0,0.0,0.0,0.0,0.0,0.0,0.0,0.0,0.0,0.0,0.0,0.0,0.0,0.0,0.0,0.0,0.0,0.0,0.0,0.0,0.0,0.0,0.0,0.0,0.0,0.0,0.0,0.0,0.0,0.0,0.0,0.0,0.0,0.0,0.0,0.0,0.0,0.0,0.0
1576,-0.9523775295728889,-1.3846817020191193,-1.638238971598796,-1.8385312600787291,-1.8275590729608047,-1.543878162384644,-0.7038076177740873,0.420143331723865,1.0611185537218986,1.0918406776520875,1.1582722832933403,1.0812674791566328,0.9346391603989127,0.7752432057221531,0.6453724091081724,0.4474740523630591,0.29286596115593927,0.2651362518942752,0.3626889700881869,0.7211802473774699,0.717389855464005,0.4372998424900744,0.008586567646073804,-0.5314445328670531,0.0,0.0,0.0,0.0,0.0,0.0,0.0,0.0,0.0,0.0,0.0,0.0,0.0,0.0,0.0,0.0,0.0,0.0,0.0,0.0,0.0,0.0,0.0,0.0,0.0,0.0,0.0,0.0,0.0,0.0,0.0,0.0,0.0,0.0,0.0,0.0,0.0,0.0,0.0,0.0,0.0,0.0,0.0,0.0,0.0,0.0,0.0,0.0,0.0,0.0,0.0,0.0,0.0,0.0,0.0,0.0,0.0,0.0,0.0,0.0,0.0,0.0,0.0,0.0,0.0,0.0,0.0,0.0,0.0,0.0,0.0,0.0
1577,-0.33724381432483913,-1.078862014690312,-1.4429968615001487,-1.687616008376663,-1.7720530743035816,-1.5885887141461958,-1.2784687550984322,-0.6880301543888762,-0.00694587996365737,0.6598585965474502,1.0699371409939926,1.1444404344589207,1.0705580017728669,0.8768494387640536,0.5937369235973263,0.393819752799769,0.38667985384271336,0.5068164145549101,0.7039397118475327,1.1630662578251527,1.183554663528008,0.7396392066328108,0.09270227504568412,-0.704793395418485,1.0,1.0,1.0,1.0,1.0,1.0,1.0,1.0,1.0,1.0,1.0,1.0,1.0,1.0,1.0,1.0,1.0,1.0,1.0,1.0,1.0,1.0,1.0,1.0,1.0,1.0,1.0,1.0,1.0,1.0,1.0,1.0,1.0,1.0,1.0,1.0,1.0,1.0,1.0,1.0,1.0,1.0,1.0,1.0,1.0,1.0,1.0,1.0,1.0,1.0,1.0,1.0,1.0,1.0,1.0,1.0,1.0,1.0,1.0,1.0,1.0,1.0,1.0,1.0,1.0,1.0,1.0,1.0,1.0,1.0,1.0,1.0
1578,-0.676431267752678,-1.0575960312721142,-1.3801200619424063,-1.5380174450648967,-1.6211719268919615,-1.5348931437245734,-1.2352005459258744,-0.8749445682993705,-0.3368437451467743,0.19116318136785454,0.4531238322103422,0.47018732414595377,0.4514415161040143,0.4139499000201353,0.3711710047449401,0.3233451611507612,0.3610771081069727,0.5865074663549116,0.9280176359394758,1.559126506684772,1.7826342179540504,1.4343947839441744,0.8189074199004948,0.11017167739178266,1.0,1.0,1.0,1.0,1.0,1.0,1.0,1.0,1.0,1.0,1.0,1.0,1.0,1.0,1.0,1.0,1.0,1.0,1.0,1.0,1.0,1.0,1.0,1.0,1.0,1.0,1.0,1.0,1.0,1.0,1.0,1.0,1.0,1.0,1.0,1.0,1.0,1.0,1.0,1.0,1.0,1.0,1.0,1.0,1.0,1.0,1.0,1.0,1.0,1.0,1.0,1.0,1.0,1.0,1.0,1.0,1.0,1.0,1.0,1.0,1.0,1.0,1.0,1.0,1.0,1.0,1.0,1.0,1.0,1.0,1.0,1.0
1579,-1.3542857843891123,-1.5934658996157283,-1.7024224929101914,-1.760833714716448,-1.7322835913398238,-1.454502543996854,-0.7660949772727451,0.189460172475489,0.6866110453551724,0.7189484299960425,0.7311841971574528,0.7329321638947971,0.6755405893519916,0.6343177071296211,0.6159640563875056,0.5326443085740926,0.533372628047986,0.5958624389080459,0.7559470592698309,1.095926589683303,1.0761162999934006,0.7659978680095607,0.2851613513450911,-0.2620979013384631,0.0,0.0,0.0,0.0,0.0,0.0,0.0,0.0,0.0,0.0,0.0,0.0,0.0,0.0,0.0,0.0,0.0,0.0,0.0,0.0,0.0,0.0,0.0,0.0,0.0,0.0,0.0,0.0,0.0,0.0,0.0,0.0,0.0,0.0,0.0,0.0,0.0,0.0,0.0,0.0,0.0,0.0,0.0,0.0,0.0,0.0,0.0,0.0,0.0,0.0,0.0,0.0,0.0,0.0,0.0,0.0,0.0,0.0,0.0,0.0,0.0,0.0,0.0,0.0,0.0,0.0,0.0,0.0,0.0,0.0,0.0,0.0
1580,-1.1359695419373583,-1.5148961814750872,-1.7283411567692843,-1.8257511802433155,-1.761305631718195,-1.506490240363115,-0.8387948002729282,0.19876204874403713,0.7111948118248544,0.7281715164235435,0.7423462406515752,0.7616304584966879,0.6952070414746327,0.6411453025584192,0.5862594517684828,0.4837399346773704,0.4184702742785272,0.483904757052115,0.720589687185294,1.1288547094275534,1.127536130429597,0.8336578362600578,0.3162804019369039,-0.26620187041034876,0.0,0.0,0.0,0.0,0.0,0.0,0.0,0.0,0.0,0.0,0.0,0.0,0.0,0.0,0.0,0.0,0.0,0.0,0.0,0.0,0.0,0.0,0.0,0.0,0.0,0.0,0.0,0.0,0.0,0.0,0.0,0.0,0.0,0.0,0.0,0.0,0.0,0.0,0.0,0.0,0.0,0.0,0.0,0.0,0.0,0.0,0.0,0.0,0.0,0.0,0.0,0.0,0.0,0.0,0.0,0.0,0.0,0.0,0.0,0.0,0.0,0.0,0.0,0.0,0.0,0.0,0.0,0.0,0.0,0.0,0.0,0.0
1581,-1.1871696423939877,-1.55432794727091,-1.7060105115911193,-1.7849410516803523,-1.7398378859150763,-1.487136587312365,-0.8665046693504496,0.059345932009361516,0.5962589600918946,0.6331755923449802,0.6687020585299579,0.7077811713334334,0.6918714929984217,0.7161221677420804,0.7128784469164955,0.6384273308244987,0.6328666665520674,0.6994401749247865,0.8216203260218187,1.0553226883603897,1.0214953140364325,0.7544289660632738,0.2570584394735855,-0.34086743270923553,0.0,0.0,0.0,0.0,0.0,0.0,0.0,0.0,0.0,0.0,0.0,0.0,0.0,0.0,0.0,0.0,0.0,0.0,0.0,0.0,0.0,0.0,0.0,0.0,0.0,0.0,0.0,0.0,0.0,0.0,0.0,0.0,0.0,0.0,0.0,0.0,0.0,0.0,0.0,0.0,0.0,0.0,0.0,0.0,0.0,0.0,0.0,0.0,0.0,0.0,0.0,0.0,0.0,0.0,0.0,0.0,0.0,0.0,0.0,0.0,0.0,0.0,0.0,0.0,0.0,0.0,0.0,0.0,0.0,0.0,0.0,0.0
1582,-1.1583727983831005,-1.5759186034695298,-1.7798587999353552,-1.8339851080021146,-1.7527956459019756,-1.4915073373177978,-0.8247549888406641,0.19365727186782578,0.7581173417068876,0.8402733450225044,0.9291951368464663,0.9499757729792399,0.8625037929784949,0.7482908393495294,0.604920559053649,0.43513148553470754,0.2875728599717564,0.3167301866386714,0.4204722770999602,0.7734209109519534,0.8790960838441979,0.8415620666431416,0.5308190658670142,0.04545428549455613,0.0,0.0,0.0,0.0,0.0,0.0,0.0,0.0,0.0,0.0,0.0,0.0,0.0,0.0,0.0,0.0,0.0,0.0,0.0,0.0,0.0,0.0,0.0,0.0,0.0,0.0,0.0,0.0,0.0,0.0,0.0,0.0,0.0,0.0,0.0,0.0,0.0,0.0,0.0,0.0,0.0,0.0,0.0,0.0,0.0,0.0,0.0,0.0,0.0,0.0,0.0,0.0,0.0,0.0,0.0,0.0,0.0,0.0,0.0,0.0,0.0,0.0,0.0,0.0,0.0,0.0,0.0,0.0,0.0,0.0,0.0,0.0
1583,-0.7068683659180098,-1.0898822469704816,-1.2551741087770731,-1.2867585409694156,-1.2433825874252655,-0.9109037978805415,0.018731322980735352,1.3406450916709043,2.015709689061902,1.9342218540056584,1.6444873293612379,1.2578938793269674,0.7927604745744055,0.3175200515202941,0.008413741797903513,-0.3270129280847724,-0.5657912354588807,-0.6009552366330217,-0.3897606667068925,0.14254229717471742,0.22676744968763038,0.021889766199969588,-0.3804958999304721,-0.9645973326075236,0.0,0.0,0.0,0.0,0.0,0.0,0.0,0.0,0.0,0.0,0.0,0.0,0.0,0.0,0.0,0.0,0.0,0.0,0.0,0.0,0.0,0.0,0.0,0.0,0.0,0.0,0.0,0.0,0.0,0.0,0.0,0.0,0.0,0.0,0.0,0.0,0.0,0.0,0.0,0.0,0.0,0.0,0.0,0.0,0.0,0.0,0.0,0.0,0.0,0.0,0.0,0.0,0.0,0.0,0.0,0.0,0.0,0.0,0.0,0.0,0.0,0.0,0.0,0.0,0.0,0.0,0.0,0.0,0.0,0.0,0.0,0.0
1584,-0.3389090724548299,-0.926204090634406,-1.3466119595656978,-1.6021474134448614,-1.5625243075871198,-1.2237131736001603,-0.6646244341667732,0.3424068748787092,1.2567604109009995,1.9310247885479912,1.8111481038766886,1.3618623781338224,0.795722069013888,0.281629059961326,-0.13407776251226763,-0.41614054997415667,-0.6018318850532336,-0.6286950076686516,-0.16530614255269105,0.6902843127483723,0.9391039859736816,0.6268201855694473,0.08317774163992547,-0.5091541120300415,0.0,0.0,0.0,0.0,0.0,0.0,0.0,0.0,0.0,0.0,0.0,0.0,0.0,0.0,0.0,0.0,0.0,0.0,0.0,0.0,0.0,0.0,0.0,0.0,0.0,0.0,0.0,0.0,0.0,0.0,0.0,0.0,0.0,0.0,0.0,0.0,0.0,0.0,0.0,0.0,0.0,0.0,0.0,0.0,0.0,0.0,0.0,0.0,0.0,0.0,0.0,0.0,0.0,0.0,0.0,0.0,0.0,0.0,0.0,0.0,0.0,0.0,0.0,0.0,0.0,0.0,0.0,0.0,0.0,0.0,0.0,0.0
1585,-0.5858763262230138,-0.9375208062075401,-1.1976088642095957,-1.3637668152148201,-1.3881818610768124,-1.1738720140659922,-0.8730922129606162,-0.28001005722972283,0.4788909516472008,1.2438957219896225,1.3771611806529964,0.8817392083700718,0.35003376515335316,-0.1369107606497131,-0.5078838186083166,-0.6479312344555772,-0.8303658827021299,-0.5733297054328234,0.2499998966910241,1.5551875567300228,1.804763581097054,1.5480665016869417,0.9553234438152427,0.051288551203143296,0.0,0.0,0.0,0.0,0.0,0.0,0.0,0.0,0.0,0.0,0.0,0.0,0.0,0.0,0.0,0.0,0.0,0.0,0.0,0.0,0.0,0.0,0.0,0.0,0.0,0.0,0.0,0.0,0.0,0.0,0.0,0.0,0.0,0.0,0.0,0.0,0.0,0.0,0.0,0.0,0.0,0.0,0.0,0.0,0.0,0.0,0.0,0.0,0.0,0.0,0.0,0.0,0.0,0.0,0.0,0.0,0.0,0.0,0.0,0.0,0.0,0.0,0.0,0.0,0.0,0.0,0.0,0.0,0.0,0.0,0.0,0.0
1586,-1.458825617120177,-1.6487666508236687,-1.745064807705961,-1.7369219488519436,-1.5687542116494113,-1.249943585647558,-0.2903253715686867,0.7999326215159411,1.1288333117499465,1.048112797892731,0.8328580942734896,0.6533611621436288,0.553345613175807,0.4297865809996306,0.370662344972635,0.2538300222845599,0.20833622390450646,0.4733331740015495,1.0245693146843764,1.1396314506650564,0.8841935087879469,0.5841468618844813,-0.040552027155241366,-0.6457788624136181,-0.208514414057083,-0.208514414057083,-0.208514414057083,-0.208514414057083,-0.208514414057083,-0.208514414057083,-0.208514414057083,-0.208514414057083,-0.208514414057083,-0.208514414057083,-0.208514414057083,-0.208514414057083,-0.208514414057083,-0.208514414057083,-0.208514414057083,-0.208514414057083,-0.208514414057083,-0.208514414057083,-0.208514414057083,-0.208514414057083,-0.208514414057083,-0.208514414057083,-0.208514414057083,4.795831523312711,-0.208514414057083,-0.208514414057083,-0.208514414057083,-0.208514414057083,-0.208514414057083,-0.208514414057083,-0.208514414057083,-0.208514414057083,-0.208514414057083,-0.208514414057083,-0.208514414057083,-0.208514414057083,-0.208514414057083,-0.208514414057083,-0.208514414057083,-0.208514414057083,-0.208514414057083,-0.208514414057083,-0.208514414057083,-0.208514414057083,-0.208514414057083,-0.208514414057083,-0.208514414057083,4.795831523312711,-0.208514414057083,-0.208514414057083,-0.208514414057083,-0.208514414057083,-0.208514414057083,-0.208514414057083,-0.208514414057083,-0.208514414057083,-0.208514414057083,-0.208514414057083,-0.208514414057083,-0.208514414057083,-0.208514414057083,-0.208514414057083,-0.208514414057083,-0.208514414057083,-0.208514414057083,-0.208514414057083,-0.208514414057083,-0.208514414057083,-0.208514414057083,-0.208514414057083,-0.208514414057083,4.795831523312711
1587,-1.2492761583403382,-1.6029529962830875,-1.730146203371105,-1.7959170497713193,-1.6817692998205342,-1.3739327487627828,-0.5161939419897422,0.5261743206560758,0.8521295621822059,0.7457728491328238,0.6289072956117822,0.5486414968368653,0.3872039647636123,0.34263198621140106,0.3265063516945442,0.24660292672899478,0.3015025588481818,0.6082519884778307,1.2012767275078606,1.3518430453000863,1.1762729346614982,0.8220525360046975,0.2427980017306353,-0.35838014801016504,0.20851441405707785,0.20851441405707785,0.20851441405707785,0.20851441405707785,0.20851441405707785,0.20851441405707785,0.20851441405707785,0.20851441405707785,0.20851441405707785,0.20851441405707785,0.20851441405707785,0.20851441405707785,0.20851441405707785,0.20851441405707785,0.20851441405707785,0.20851441405707785,0.20851441405707785,0.20851441405707785,0.20851441405707785,0.20851441405707785,0.20851441405707785,0.20851441405707785,0.20851441405707785,-4.795831523312716,0.20851441405707785,0.20851441405707785,0.20851441405707785,0.20851441405707785,0.20851441405707785,0.20851441405707785,0.20851441405707785,0.20851441405707785,0.20851441405707785,0.20851441405707785,0.20851441405707785,0.20851441405707785,0.20851441405707785,0.20851441405707785,0.20851441405707785,0.20851441405707785,0.20851441405707785,0.20851441405707785,0.20851441405707785,0.20851441405707785,0.20851441405707785,0.20851441405707785,0.20851441405707785,-4.795831523312716,0.20851441405707785,0.20851441405707785,0.20851441405707785,0.20851441405707785,0.20851441405707785,0.20851441405707785,0.20851441405707785,0.20851441405707785,0.20851441405707785,0.20851441405707785,0.20851441405707785,0.20851441405707785,0.20851441405707785,0.20851441405707785,0.20851441405707785,0.20851441405707785,0.20851441405707785,0.20851441405707785,0.20851441405707785,0.20851441405707785,0.20851441405707785,0.20851441405707785,0.20851441405707785,-4.795831523312716
1588,-1.235125242747894,-1.495848088592745,-1.7008072662753118,-1.7670958651834574,-1.7351517771302285,-1.4075863886537656,-0.5548823503311586,0.49576424517677437,0.7958170953877394,0.729713144387416,0.6824432799849501,0.5987977777415242,0.5614989003614534,0.48413142698398,0.5055505842913474,0.5101667819869007,0.5219842480875171,0.7817838543932573,1.204073619582474,1.2186608043004223,0.9786185241316504,0.5548515756798567,0.004785458277724492,-0.7321443418404057,0.20851441405707571,0.20851441405707571,0.20851441405707571,0.20851441405707571,0.20851441405707571,0.20851441405707571,0.20851441405707571,0.20851441405707571,0.20851441405707571,0.20851441405707571,0.20851441405707571,0.20851441405707571,0.20851441405707571,0.20851441405707571,0.20851441405707571,0.20851441405707571,0.20851441405707571,0.20851441405707571,0.20851441405707571,0.20851441405707571,0.20851441405707571,0.20851441405707571,0.20851441405707571,-4.795831523312719,0.20851441405707571,0.20851441405707571,0.20851441405707571,0.20851441405707571,0.20851441405707571,0.20851441405707571,0.20851441405707571,0.20851441405707571,0.20851441405707571,0.20851441405707571,0.20851441405707571,0.20851441405707571,0.20851441405707571,0.20851441405707571,0.20851441405707571,0.20851441405707571,0.20851441405707571,0.20851441405707571,0.20851441405707571,0.20851441405707571,0.20851441405707571,0.20851441405707571,0.20851441405707571,-4.795831523312719,0.20851441405707571,0.20851441405707571,0.20851441405707571,0.20851441405707571,0.20851441405707571,0.20851441405707571,0.20851441405707571,0.20851441405707571,0.20851441405707571,0.20851441405707571,0.20851441405707571,0.20851441405707571,0.20851441405707571,0.20851441405707571,0.20851441405707571,0.20851441405707571,0.20851441405707571,0.20851441405707571,0.20851441405707571,0.20851441405707571,0.20851441405707571,0.20851441405707571,0.20851441405707571,-4.795831523312719
1589,-1.331568429188191,-1.5932154999167136,-1.7165551806726784,-1.7505203669718705,-1.7282127234279097,-1.4182084383073168,-0.733003980805394,0.10461205420010716,0.4334698961223701,0.5310478465920832,0.5776780176130079,0.5906308428965982,0.595955893290963,0.516655818499205,0.49449209523617293,0.41188185398305305,0.379787631335935,0.6585612154949824,1.1804161541427396,1.2828873941640313,1.1414137580110402,0.8930073531279654,0.4746310964680012,0.00415569811181853,-0.20851441405707694,-0.20851441405707694,-0.20851441405707694,-0.20851441405707694,-0.20851441405707694,-0.20851441405707694,-0.20851441405707694,-0.20851441405707694,-0.20851441405707694,-0.20851441405707694,-0.20851441405707694,-0.20851441405707694,-0.20851441405707694,-0.20851441405707694,-0.20851441405707694,-0.20851441405707694,-0.20851441405707694,-0.20851441405707694,-0.20851441405707694,-0.20851441405707694,-0.20851441405707694,-0.20851441405707694,-0.20851441405707694,4.795831523312717,-0.20851441405707694,-0.20851441405707694,-0.20851441405707694,-0.20851441405707694,-0.20851441405707694,-0.20851441405707694,-0.20851441405707694,-0.20851441405707694,-0.20851441405707694,-0.20851441405707694,-0.20851441405707694,-0.20851441405707694,-0.20851441405707694,-0.20851441405707694,-0.20851441405707694,-0.20851441405707694,-0.20851441405707694,-0.20851441405707694,-0.20851441405707694,-0.20851441405707694,-0.20851441405707694,-0.20851441405707694,-0.20851441405707694,4.795831523312717,-0.20851441405707694,-0.20851441405707694,-0.20851441405707694,-0.20851441405707694,-0.20851441405707694,-0.20851441405707694,-0.20851441405707694,-0.20851441405707694,-0.20851441405707694,-0.20851441405707694,-0.20851441405707694,-0.20851441405707694,-0.20851441405707694,-0.20851441405707694,-0.20851441405707694,-0.20851441405707694,-0.20851441405707694,-0.20851441405707694,-0.20851441405707694,-0.20851441405707694,-0.20851441405707694,-0.20851441405707694,-0.20851441405707694,4.795831523312717
1590,-1.173135869560776,-1.5319551045187372,-1.67543858171388,-1.739110756493851,-1.5748453889191343,-1.2578110186605291,-0.20832555449205004,1.030628846434884,1.3788360522628502,1.241764009333746,1.041904127385504,0.7675389575870877,0.493837039609296,0.17879242481256485,0.035972199438046734,-0.1561497446029072,-0.16057142340707184,0.2729741833412718,1.0346083573586324,1.0582643389609132,0.8957676429078624,0.6085796045773686,0.06294444014345109,-0.625068781784568,-0.208514414057075,-0.208514414057075,-0.208514414057075,-0.208514414057075,-0.208514414057075,-0.208514414057075,-0.208514414057075,-0.208514414057075,-0.208514414057075,-0.208514414057075,-0.208514414057075,-0.208514414057075,-0.208514414057075,-0.208514414057075,-0.208514414057075,-0.208514414057075,-0.208514414057075,-0.208514414057075,-0.208514414057075,-0.208514414057075,-0.208514414057075,-0.208514414057075,-0.208514414057075,4.79583152331272,-0.208514414057075,-0.208514414057075,-0.208514414057075,-0.208514414057075,-0.208514414057075,-0.208514414057075,-0.208514414057075,-0.208514414057075,-0.208514414057075,-0.208514414057075,-0.208514414057075,-0.208514414057075,-0.208514414057075,-0.208514414057075,-0.208514414057075,-0.208514414057075,-0.208514414057075,-0.208514414057075,-0.208514414057075,-0.208514414057075,-0.208514414057075,-0.208514414057075,-0.208514414057075,4.79583152331272,-0.208514414057075,-0.208514414057075,-0.208514414057075,-0.208514414057075,-0.208514414057075,-0.208514414057075,-0.208514414057075,-0.208514414057075,-0.208514414057075,-0.208514414057075,-0.208514414057075,-0.208514414057075,-0.208514414057075,-0.208514414057075,-0.208514414057075,-0.208514414057075,-0.208514414057075,-0.208514414057075,-0.208514414057075,-0.208514414057075,-0.208514414057075,-0.208514414057075,-0.208514414057075,4.79583152331272
1591,0.530922706980314,-0.03917144191543349,-0.36593272238006924,-0.7150960764462994,-0.7560377971664547,-0.560985259773262,0.15394988223624248,1.1044930397107917,1.797412350767005,2.0828456678631824,1.6510263870600346,0.9129166861523291,0.15588109547775925,-0.4848954580575016,-0.9557252463392877,-1.3234282475240788,-1.4910575568877336,-0.8413974224414955,0.4668064273619576,0.6398431338018592,0.45985405969249726,-0.031446588949366444,-0.8348312974203385,-1.5559463218026965,0.20851441405707513,0.20851441405707513,0.20851441405707513,0.20851441405707513,0.20851441405707513,0.20851441405707513,0.20851441405707513,0.20851441405707513,0.20851441405707513,0.20851441405707513,0.20851441405707513,0.20851441405707513,0.20851441405707513,0.20851441405707513,0.20851441405707513,0.20851441405707513,0.20851441405707513,0.20851441405707513,0.20851441405707513,0.20851441405707513,0.20851441405707513,0.20851441405707513,0.20851441405707513,-4.795831523312719,0.20851441405707513,0.20851441405707513,0.20851441405707513,0.20851441405707513,0.20851441405707513,0.20851441405707513,0.20851441405707513,0.20851441405707513,0.20851441405707513,0.20851441405707513,0.20851441405707513,0.20851441405707513,0.20851441405707513,0.20851441405707513,0.20851441405707513,0.20851441405707513,0.20851441405707513,0.20851441405707513,0.20851441405707513,0.20851441405707513,0.20851441405707513,0.20851441405707513,0.20851441405707513,-4.795831523312719,0.20851441405707513,0.20851441405707513,0.20851441405707513,0.20851441405707513,0.20851441405707513,0.20851441405707513,0.20851441405707513,0.20851441405707513,0.20851441405707513,0.20851441405707513,0.20851441405707513,0.20851441405707513,0.20851441405707513,0.20851441405707513,0.20851441405707513,0.20851441405707513,0.20851441405707513,0.20851441405707513,0.20851441405707513,0.20851441405707513,0.20851441405707513,0.20851441405707513,0.20851441405707513,-4.795831523312719
1592,-0.6784403188909789,-1.2648522882536093,-1.4945117287264267,-1.6152342362703902,-1.5553507760638858,-1.3075351801029262,-0.8357936664548786,-0.2844198918939263,0.35900877628234396,0.6412255089576784,0.49438361983428203,0.23255274595265124,0.17394340192075336,0.053220894376789785,-0.06463485177430922,-0.08979864622278712,0.014678880094943895,0.6300769924298717,1.7363283610319442,1.8420800035242817,1.6589258034246008,1.1241155391335327,0.5934461524099355,-0.36341509471952776,0.20851441405707546,0.20851441405707546,0.20851441405707546,0.20851441405707546,0.20851441405707546,0.20851441405707546,0.20851441405707546,0.20851441405707546,0.20851441405707546,0.20851441405707546,0.20851441405707546,0.20851441405707546,0.20851441405707546,0.20851441405707546,0.20851441405707546,0.20851441405707546,0.20851441405707546,0.20851441405707546,0.20851441405707546,0.20851441405707546,0.20851441405707546,0.20851441405707546,0.20851441405707546,-4.795831523312719,0.20851441405707546,0.20851441405707546,0.20851441405707546,0.20851441405707546,0.20851441405707546,0.20851441405707546,0.20851441405707546,0.20851441405707546,0.20851441405707546,0.20851441405707546,0.20851441405707546,0.20851441405707546,0.20851441405707546,0.20851441405707546,0.20851441405707546,0.20851441405707546,0.20851441405707546,0.20851441405707546,0.20851441405707546,0.20851441405707546,0.20851441405707546,0.20851441405707546,0.20851441405707546,-4.795831523312719,0.20851441405707546,0.20851441405707546,0.20851441405707546,0.20851441405707546,0.20851441405707546,0.20851441405707546,0.20851441405707546,0.20851441405707546,0.20851441405707546,0.20851441405707546,0.20851441405707546,0.20851441405707546,0.20851441405707546,0.20851441405707546,0.20851441405707546,0.20851441405707546,0.20851441405707546,0.20851441405707546,0.20851441405707546,0.20851441405707546,0.20851441405707546,0.20851441405707546,0.20851441405707546,-4.795831523312719
1593,-1.466850109269096,-1.622614905114666,-1.6577983757988692,-1.6831839179381045,-1.6306313921060036,-1.3332419927468055,-0.7930198416083446,-0.13243904550272037,0.17174209977969412,0.26326365959746306,0.3393089459180667,0.4093418669951673,0.45009234253446584,0.4582201696229052,0.5174531012811205,0.547403587401534,0.6132055847887621,0.8757455337550627,1.2651018533204375,1.2769039036132397,1.1602194818504394,0.9622567892032458,0.6354736042091438,0.3740470562138622,-0.208514414057074,-0.208514414057074,-0.208514414057074,-0.208514414057074,-0.208514414057074,-0.208514414057074,-0.208514414057074,-0.208514414057074,-0.208514414057074,-0.208514414057074,-0.208514414057074,-0.208514414057074,-0.208514414057074,-0.208514414057074,-0.208514414057074,-0.208514414057074,-0.208514414057074,-0.208514414057074,-0.208514414057074,-0.208514414057074,-0.208514414057074,-0.208514414057074,-0.208514414057074,4.79583152331272,-0.208514414057074,-0.208514414057074,-0.208514414057074,-0.208514414057074,-0.208514414057074,-0.208514414057074,-0.208514414057074,-0.208514414057074,-0.208514414057074,-0.208514414057074,-0.208514414057074,-0.208514414057074,-0.208514414057074,-0.208514414057074,-0.208514414057074,-0.208514414057074,-0.208514414057074,-0.208514414057074,-0.208514414057074,-0.208514414057074,-0.208514414057074,-0.208514414057074,-0.208514414057074,4.79583152331272,-0.208514414057074,-0.208514414057074,-0.208514414057074,-0.208514414057074,-0.208514414057074,-0.208514414057074,-0.208514414057074,-0.208514414057074,-0.208514414057074,-0.208514414057074,-0.208514414057074,-0.208514414057074,-0.208514414057074,-0.208514414057074,-0.208514414057074,-0.208514414057074,-0.208514414057074,-0.208514414057074,-0.208514414057074,-0.208514414057074,-0.208514414057074,-0.208514414057074,-0.208514414057074,4.79583152331272
1594,-1.4199614586978875,-1.645266251901526,-1.727468000686875,-1.6872671454414854,-1.6061154189946354,-1.229307402664715,-0.4185401541522869,0.4853790761041224,0.8084859499793805,0.8026358255220291,0.6761831353285088,0.52767997602651,0.298925109424946,0.09822083958042632,-0.044132188881792794,-0.12243385469557401,-0.018931652757817226,0.4664786740111407,1.16714358017239,1.3640977702365562,1.3100966213994656,1.0855418441518976,0.6548826821761009,0.17367244476113888,-0.20851441405707577,-0.20851441405707577,-0.20851441405707577,-0.20851441405707577,-0.20851441405707577,-0.20851441405707577,-0.20851441405707577,-0.20851441405707577,-0.20851441405707577,-0.20851441405707577,-0.20851441405707577,-0.20851441405707577,-0.20851441405707577,-0.20851441405707577,-0.20851441405707577,-0.20851441405707577,-0.20851441405707577,-0.20851441405707577,-0.20851441405707577,-0.20851441405707577,-0.20851441405707577,-0.20851441405707577,-0.20851441405707577,4.795831523312719,-0.20851441405707577,-0.20851441405707577,-0.20851441405707577,-0.20851441405707577,-0.20851441405707577,-0.20851441405707577,-0.20851441405707577,-0.20851441405707577,-0.20851441405707577,-0.20851441405707577,-0.20851441405707577,-0.20851441405707577,-0.20851441405707577,-0.20851441405707577,-0.20851441405707577,-0.20851441405707577,-0.20851441405707577,-0.20851441405707577,-0.20851441405707577,-0.20851441405707577,-0.20851441405707577,-0.20851441405707577,-0.20851441405707577,4.795831523312719,-0.20851441405707577,-0.20851441405707577,-0.20851441405707577,-0.20851441405707577,-0.20851441405707577,-0.20851441405707577,-0.20851441405707577,-0.20851441405707577,-0.20851441405707577,-0.20851441405707577,-0.20851441405707577,-0.20851441405707577,-0.20851441405707577,-0.20851441405707577,-0.20851441405707577,-0.20851441405707577,-0.20851441405707577,-0.20851441405707577,-0.20851441405707577,-0.20851441405707577,-0.20851441405707577,-0.20851441405707577,-0.20851441405707577,4.795831523312719
1595,-0.5263774302020523,-0.8303378711110638,-1.0866982429739214,-1.1161649523834452,-0.970644741299489,-0.45701732959194225,0.6409575964060085,1.8994127551881352,2.08029301756352,1.6484923912162668,1.2311984525783173,0.7327577295664482,0.1803702616356047,-0.3282704761718687,-0.568990825348133,-0.7732177882556791,-0.7929378168605142,-0.25551037062989057,0.6173842288783894,0.7506644222076204,0.4340106295529678,-0.05445674565875468,-0.7616577714873274,-1.6932591228191973,-0.20851441405705992,-0.20851441405705992,-0.20851441405705992,-0.20851441405705992,-0.20851441405705992,-0.20851441405705992,-0.20851441405705992,-0.20851441405705992,-0.20851441405705992,-0.20851441405705992,-0.20851441405705992,-0.20851441405705992,-0.20851441405705992,-0.20851441405705992,-0.20851441405705992,-0.20851441405705992,-0.20851441405705992,-0.20851441405705992,-0.20851441405705992,-0.20851441405705992,-0.20851441405705992,-0.20851441405705992,-0.20851441405705992,4.795831523312733,-0.20851441405705992,-0.20851441405705992,-0.20851441405705992,-0.20851441405705992,-0.20851441405705992,-0.20851441405705992,-0.20851441405705992,-0.20851441405705992,-0.20851441405705992,-0.20851441405705992,-0.20851441405705992,-0.20851441405705992,-0.20851441405705992,-0.20851441405705992,-0.20851441405705992,-0.20851441405705992,-0.20851441405705992,-0.20851441405705992,-0.20851441405705992,-0.20851441405705992,-0.20851441405705992,-0.20851441405705992,-0.20851441405705992,4.795831523312733,-0.20851441405705992,-0.20851441405705992,-0.20851441405705992,-0.20851441405705992,-0.20851441405705992,-0.20851441405705992,-0.20851441405705992,-0.20851441405705992,-0.20851441405705992,-0.20851441405705992,-0.20851441405705992,-0.20851441405705992,-0.20851441405705992,-0.20851441405705992,-0.20851441405705992,-0.20851441405705992,-0.20851441405705992,-0.20851441405705992,-0.20851441405705992,-0.20851441405705992,-0.20851441405705992,-0.20851441405705992,-0.20851441405705992,4.795831523312733
1596,-0.8953504200764524,-1.3439348193519887,-1.579137289837472,-1.6889290680523756,-1.650800542563518,-1.2929436587584562,-0.23981540956320058,1.018655621481686,1.372378086860245,1.1998809625100517,0.938264152077468,0.6272640104394362,0.2668805375959562,-0.049861851856662656,-0.2062806823260125,-0.3422571105754326,-0.3117083522018298,0.29949650518281035,1.1730072427377847,1.3112805701130394,1.155091429556273,0.8071112119923011,0.09943659132259931,-0.6677277167062237,-0.20851441405707716,-0.20851441405707716,-0.20851441405707716,-0.20851441405707716,-0.20851441405707716,-0.20851441405707716,-0.20851441405707716,-0.20851441405707716,-0.20851441405707716,-0.20851441405707716,-0.20851441405707716,-0.20851441405707716,-0.20851441405707716,-0.20851441405707716,-0.20851441405707716,-0.20851441405707716,-0.20851441405707716,-0.20851441405707716,-0.20851441405707716,-0.20851441405707716,-0.20851441405707716,-0.20851441405707716,-0.20851441405707716,4.795831523312717,-0.20851441405707716,-0.20851441405707716,-0.20851441405707716,-0.20851441405707716,-0.20851441405707716,-0.20851441405707716,-0.20851441405707716,-0.20851441405707716,-0.20851441405707716,-0.20851441405707716,-0.20851441405707716,-0.20851441405707716,-0.20851441405707716,-0.20851441405707716,-0.20851441405707716,-0.20851441405707716,-0.20851441405707716,-0.20851441405707716,-0.20851441405707716,-0.20851441405707716,-0.20851441405707716,-0.20851441405707716,-0.20851441405707716,4.795831523312717,-0.20851441405707716,-0.20851441405707716,-0.20851441405707716,-0.20851441405707716,-0.20851441405707716,-0.20851441405707716,-0.20851441405707716,-0.20851441405707716,-0.20851441405707716,-0.20851441405707716,-0.20851441405707716,-0.20851441405707716,-0.20851441405707716,-0.20851441405707716,-0.20851441405707716,-0.20851441405707716,-0.20851441405707716,-0.20851441405707716,-0.20851441405707716,-0.20851441405707716,-0.20851441405707716,-0.20851441405707716,-0.20851441405707716,4.795831523312717
1597,-0.6936378813612271,-1.078197491224387,-1.2461202928516013,-1.2550199671358888,-1.1383873936207525,-0.6791173601605474,0.44364681138877615,1.8434718955252607,2.18564095156063,1.7872634263613396,1.215810656528142,0.7059530008204078,0.16541488902736678,-0.29783657766528276,-0.6119013991186918,-0.9240926049333035,-0.9753828330453814,-0.4409339720784318,0.4445836192081748,0.64740251210799,0.4940002316814554,0.2731477882582155,-0.18003299437589818,-0.6856750148963382,0.20851441405709847,0.20851441405709847,0.20851441405709847,0.20851441405709847,0.20851441405709847,0.20851441405709847,0.20851441405709847,0.20851441405709847,0.20851441405709847,0.20851441405709847,0.20851441405709847,0.20851441405709847,0.20851441405709847,0.20851441405709847,0.20851441405709847,0.20851441405709847,0.20851441405709847,0.20851441405709847,0.20851441405709847,0.20851441405709847,0.20851441405709847,0.20851441405709847,0.20851441405709847,-4.795831523312696,0.20851441405709847,0.20851441405709847,0.20851441405709847,0.20851441405709847,0.20851441405709847,0.20851441405709847,0.20851441405709847,0.20851441405709847,0.20851441405709847,0.20851441405709847,0.20851441405709847,0.20851441405709847,0.20851441405709847,0.20851441405709847,0.20851441405709847,0.20851441405709847,0.20851441405709847,0.20851441405709847,0.20851441405709847,0.20851441405709847,0.20851441405709847,0.20851441405709847,0.20851441405709847,-4.795831523312696,0.20851441405709847,0.20851441405709847,0.20851441405709847,0.20851441405709847,0.20851441405709847,0.20851441405709847,0.20851441405709847,0.20851441405709847,0.20851441405709847,0.20851441405709847,0.20851441405709847,0.20851441405709847,0.20851441405709847,0.20851441405709847,0.20851441405709847,0.20851441405709847,0.20851441405709847,0.20851441405709847,0.20851441405709847,0.20851441405709847,0.20851441405709847,0.20851441405709847,0.20851441405709847,-4.795831523312696
1598,-0.1981080944604176,-0.7472557008954603,-1.0186504046241742,-1.0377250015570185,-0.8934942773805996,-0.5424547654059745,0.16029354264618248,1.1210508723689172,1.828484169141422,2.0071830246175417,1.5393534366856774,0.8279044352957317,0.02108244924156471,-0.6451898752021709,-1.1638850549549533,-1.3931148602005379,-1.3576428027464766,-0.5732418341396881,0.7157993480588399,0.8640457768526997,0.7984559347678317,0.455113189976635,-0.06525520003341458,-0.702748308052157,-0.20851441405706797,-0.20851441405706797,-0.20851441405706797,-0.20851441405706797,-0.20851441405706797,-0.20851441405706797,-0.20851441405706797,-0.20851441405706797,-0.20851441405706797,-0.20851441405706797,-0.20851441405706797,-0.20851441405706797,-0.20851441405706797,-0.20851441405706797,-0.20851441405706797,-0.20851441405706797,-0.20851441405706797,-0.20851441405706797,-0.20851441405706797,-0.20851441405706797,-0.20851441405706797,-0.20851441405706797,-0.20851441405706797,4.795831523312726,-0.20851441405706797,-0.20851441405706797,-0.20851441405706797,-0.20851441405706797,-0.20851441405706797,-0.20851441405706797,-0.20851441405706797,-0.20851441405706797,-0.20851441405706797,-0.20851441405706797,-0.20851441405706797,-0.20851441405706797,-0.20851441405706797,-0.20851441405706797,-0.20851441405706797,-0.20851441405706797,-0.20851441405706797,-0.20851441405706797,-0.20851441405706797,-0.20851441405706797,-0.20851441405706797,-0.20851441405706797,-0.20851441405706797,4.795831523312726,-0.20851441405706797,-0.20851441405706797,-0.20851441405706797,-0.20851441405706797,-0.20851441405706797,-0.20851441405706797,-0.20851441405706797,-0.20851441405706797,-0.20851441405706797,-0.20851441405706797,-0.20851441405706797,-0.20851441405706797,-0.20851441405706797,-0.20851441405706797,-0.20851441405706797,-0.20851441405706797,-0.20851441405706797,-0.20851441405706797,-0.20851441405706797,-0.20851441405706797,-0.20851441405706797,-0.20851441405706797,-0.20851441405706797,4.795831523312726
1599,-0.7252540757987997,-1.0618289257902107,-1.304088845289523,-1.392855838693851,-1.3998832256716935,-1.0932672359542435,-0.5525283011328779,0.24637463950607535,0.9324695260270283,1.2390855157444784,0.9835105472345169,0.3972785282934332,-0.10758374669368312,-0.31729576861140835,-0.4841037437170416,-0.5665830750885632,-0.520720128496327,0.3769360923049413,1.638167123591437,1.8726599311678704,1.637427398646401,0.9971954587176842,0.04516945445626489,-0.8402813047519083,-0.20851441405706364,-0.20851441405706364,-0.20851441405706364,-0.20851441405706364,-0.20851441405706364,-0.20851441405706364,-0.20851441405706364,-0.20851441405706364,-0.20851441405706364,-0.20851441405706364,-0.20851441405706364,-0.20851441405706364,-0.20851441405706364,-0.20851441405706364,-0.20851441405706364,-0.20851441405706364,-0.20851441405706364,-0.20851441405706364,-0.20851441405706364,-0.20851441405706364,-0.20851441405706364,-0.20851441405706364,-0.20851441405706364,4.795831523312731,-0.20851441405706364,-0.20851441405706364,-0.20851441405706364,-0.20851441405706364,-0.20851441405706364,-0.20851441405706364,-0.20851441405706364,-0.20851441405706364,-0.20851441405706364,-0.20851441405706364,-0.20851441405706364,-0.20851441405706364,-0.20851441405706364,-0.20851441405706364,-0.20851441405706364,-0.20851441405706364,-0.20851441405706364,-0.20851441405706364,-0.20851441405706364,-0.20851441405706364,-0.20851441405706364,-0.20851441405706364,-0.20851441405706364,4.795831523312731,-0.20851441405706364,-0.20851441405706364,-0.20851441405706364,-0.20851441405706364,-0.20851441405706364,-0.20851441405706364,-0.20851441405706364,-0.20851441405706364,-0.20851441405706364,-0.20851441405706364,-0.20851441405706364,-0.20851441405706364,-0.20851441405706364,-0.20851441405706364,-0.20851441405706364,-0.20851441405706364,-0.20851441405706364,-0.20851441405706364,-0.20851441405706364,-0.20851441405706364,-0.20851441405706364,-0.20851441405706364,-0.20851441405706364,4.795831523312731
1600,-1.437317078309167,-1.629798659039402,-1.7379071256241605,-1.7110532597257029,-1.6142060917435235,-1.1706841775496428,-0.18211541099093867,0.9350054103848982,1.3376401481140303,1.1661219078593656,0.9635917837606756,0.7323020355384762,0.5178176098462792,0.33902283818687107,0.2640052644189217,0.11864788707178663,0.13302769913354134,0.45752634963554856,0.9344856581417021,0.9940839153615049,0.8007360808926101,0.47277241543596316,-0.042995060562155026,-0.640710140237502,-0.20851441405707122,-0.20851441405707122,-0.20851441405707122,-0.20851441405707122,-0.20851441405707122,-0.20851441405707122,-0.20851441405707122,-0.20851441405707122,-0.20851441405707122,-0.20851441405707122,-0.20851441405707122,-0.20851441405707122,-0.20851441405707122,-0.20851441405707122,-0.20851441405707122,-0.20851441405707122,-0.20851441405707122,-0.20851441405707122,-0.20851441405707122,-0.20851441405707122,-0.20851441405707122,-0.20851441405707122,-0.20851441405707122,4.795831523312723,-0.20851441405707122,-0.20851441405707122,-0.20851441405707122,-0.20851441405707122,-0.20851441405707122,-0.20851441405707122,-0.20851441405707122,-0.20851441405707122,-0.20851441405707122,-0.20851441405707122,-0.20851441405707122,-0.20851441405707122,-0.20851441405707122,-0.20851441405707122,-0.20851441405707122,-0.20851441405707122,-0.20851441405707122,-0.20851441405707122,-0.20851441405707122,-0.20851441405707122,-0.20851441405707122,-0.20851441405707122,-0.20851441405707122,4.795831523312723,-0.20851441405707122,-0.20851441405707122,-0.20851441405707122,-0.20851441405707122,-0.20851441405707122,-0.20851441405707122,-0.20851441405707122,-0.20851441405707122,-0.20851441405707122,-0.20851441405707122,-0.20851441405707122,-0.20851441405707122,-0.20851441405707122,-0.20851441405707122,-0.20851441405707122,-0.20851441405707122,-0.20851441405707122,-0.20851441405707122,-0.20851441405707122,-0.20851441405707122,-0.20851441405707122,-0.20851441405707122,-0.20851441405707122,4.795831523312723
1601,-1.1467556664575125,-1.5588634874908422,-1.7202723840622296,-1.779664393564092,-1.6622944700246975,-1.2503886626291292,-0.2174929327549062,1.0618594351882689,1.4182114921994422,1.156401817660621,0.9446915252866359,0.6846999734876676,0.4820802948129472,0.30127808901646186,0.24471427044325972,0.1517879970729991,0.11744567865355494,0.4493540854955945,0.9351968843118484,1.0034774938752138,0.7822725605264413,0.44309166272499,-0.0655786771583062,-0.7752525866142314,-0.20851441405707308,-0.20851441405707308,-0.20851441405707308,-0.20851441405707308,-0.20851441405707308,-0.20851441405707308,-0.20851441405707308,-0.20851441405707308,-0.20851441405707308,-0.20851441405707308,-0.20851441405707308,-0.20851441405707308,-0.20851441405707308,-0.20851441405707308,-0.20851441405707308,-0.20851441405707308,-0.20851441405707308,-0.20851441405707308,-0.20851441405707308,-0.20851441405707308,-0.20851441405707308,-0.20851441405707308,-0.20851441405707308,4.795831523312721,-0.20851441405707308,-0.20851441405707308,-0.20851441405707308,-0.20851441405707308,-0.20851441405707308,-0.20851441405707308,-0.20851441405707308,-0.20851441405707308,-0.20851441405707308,-0.20851441405707308,-0.20851441405707308,-0.20851441405707308,-0.20851441405707308,-0.20851441405707308,-0.20851441405707308,-0.20851441405707308,-0.20851441405707308,-0.20851441405707308,-0.20851441405707308,-0.20851441405707308,-0.20851441405707308,-0.20851441405707308,-0.20851441405707308,4.795831523312721,-0.20851441405707308,-0.20851441405707308,-0.20851441405707308,-0.20851441405707308,-0.20851441405707308,-0.20851441405707308,-0.20851441405707308,-0.20851441405707308,-0.20851441405707308,-0.20851441405707308,-0.20851441405707308,-0.20851441405707308,-0.20851441405707308,-0.20851441405707308,-0.20851441405707308,-0.20851441405707308,-0.20851441405707308,-0.20851441405707308,-0.20851441405707308,-0.20851441405707308,-0.20851441405707308,-0.20851441405707308,-0.20851441405707308,4.795831523312721
1602,-1.178478779325623,-1.575128299756091,-1.7294249632035428,-1.7627435229197022,-1.6270893869324823,-1.275856236591303,-0.27967096603018327,0.9120625181031571,1.3059354918906116,1.0905548022968676,0.8444337748697623,0.6435307927717304,0.45988206481242383,0.3034038290026043,0.21475266118639477,0.1235232714873872,0.15386695980031798,0.5370303965361498,1.097892818424831,1.1312113781409905,0.8930233411224946,0.5247342614028053,-0.04049130521061121,-0.7669549018790128,0.20851441405707644,0.20851441405707644,0.20851441405707644,0.20851441405707644,0.20851441405707644,0.20851441405707644,0.20851441405707644,0.20851441405707644,0.20851441405707644,0.20851441405707644,0.20851441405707644,0.20851441405707644,0.20851441405707644,0.20851441405707644,0.20851441405707644,0.20851441405707644,0.20851441405707644,0.20851441405707644,0.20851441405707644,0.20851441405707644,0.20851441405707644,0.20851441405707644,0.20851441405707644,-4.795831523312717,0.20851441405707644,0.20851441405707644,0.20851441405707644,0.20851441405707644,0.20851441405707644,0.20851441405707644,0.20851441405707644,0.20851441405707644,0.20851441405707644,0.20851441405707644,0.20851441405707644,0.20851441405707644,0.20851441405707644,0.20851441405707644,0.20851441405707644,0.20851441405707644,0.20851441405707644,0.20851441405707644,0.20851441405707644,0.20851441405707644,0.20851441405707644,0.20851441405707644,0.20851441405707644,-4.795831523312717,0.20851441405707644,0.20851441405707644,0.20851441405707644,0.20851441405707644,0.20851441405707644,0.20851441405707644,0.20851441405707644,0.20851441405707644,0.20851441405707644,0.20851441405707644,0.20851441405707644,0.20851441405707644,0.20851441405707644,0.20851441405707644,0.20851441405707644,0.20851441405707644,0.20851441405707644,0.20851441405707644,0.20851441405707644,0.20851441405707644,0.20851441405707644,0.20851441405707644,0.20851441405707644,-4.795831523312717
1603,-1.1992400453629144,-1.5151418658723492,-1.703884963463928,-1.7729288539432004,-1.78038836974875,-1.4712521565978367,-0.682278252327156,0.3172968656164813,0.7223659215689966,0.7324275940509006,0.7211515817866978,0.7077938441814114,0.6711901736006917,0.6177592231795461,0.5738695139050338,0.4833144615678976,0.5049991005375183,0.7827359564604207,1.1489461393793756,1.097076482964043,0.8968838959965042,0.6101262302622397,0.059856831769143935,-0.5226793095107475,0.20851441405707752,0.20851441405707752,0.20851441405707752,0.20851441405707752,0.20851441405707752,0.20851441405707752,0.20851441405707752,0.20851441405707752,0.20851441405707752,0.20851441405707752,0.20851441405707752,0.20851441405707752,0.20851441405707752,0.20851441405707752,0.20851441405707752,0.20851441405707752,0.20851441405707752,0.20851441405707752,0.20851441405707752,0.20851441405707752,0.20851441405707752,0.20851441405707752,0.20851441405707752,-4.7958315233127164,0.20851441405707752,0.20851441405707752,0.20851441405707752,0.20851441405707752,0.20851441405707752,0.20851441405707752,0.20851441405707752,0.20851441405707752,0.20851441405707752,0.20851441405707752,0.20851441405707752,0.20851441405707752,0.20851441405707752,0.20851441405707752,0.20851441405707752,0.20851441405707752,0.20851441405707752,0.20851441405707752,0.20851441405707752,0.20851441405707752,0.20851441405707752,0.20851441405707752,0.20851441405707752,-4.7958315233127164,0.20851441405707752,0.20851441405707752,0.20851441405707752,0.20851441405707752,0.20851441405707752,0.20851441405707752,0.20851441405707752,0.20851441405707752,0.20851441405707752,0.20851441405707752,0.20851441405707752,0.20851441405707752,0.20851441405707752,0.20851441405707752,0.20851441405707752,0.20851441405707752,0.20851441405707752,0.20851441405707752,0.20851441405707752,0.20851441405707752,0.20851441405707752,0.20851441405707752,0.20851441405707752,-4.7958315233127164
1604,-1.1621969252307218,-1.5073487722245498,-1.704753870276434,-1.8598704095456478,-1.777223475161259,-1.4790979093033467,-0.6794756587945142,0.33001014484325464,0.7799182972032824,0.8959047592586562,0.9278405173434943,0.856774682044816,0.6832336669574262,0.4826700873367118,0.3684383372640215,0.29702155956880644,0.2782461413540939,0.6276092971063619,1.1354229448949424,1.0543552512949685,0.8899387385175326,0.6179583812016032,0.21507650997749095,-0.2704522956310101,-0.20851441405707308,-0.20851441405707308,-0.20851441405707308,-0.20851441405707308,-0.20851441405707308,-0.20851441405707308,-0.20851441405707308,-0.20851441405707308,-0.20851441405707308,-0.20851441405707308,-0.20851441405707308,-0.20851441405707308,-0.20851441405707308,-0.20851441405707308,-0.20851441405707308,-0.20851441405707308,-0.20851441405707308,-0.20851441405707308,-0.20851441405707308,-0.20851441405707308,-0.20851441405707308,-0.20851441405707308,-0.20851441405707308,4.795831523312722,-0.20851441405707308,-0.20851441405707308,-0.20851441405707308,-0.20851441405707308,-0.20851441405707308,-0.20851441405707308,-0.20851441405707308,-0.20851441405707308,-0.20851441405707308,-0.20851441405707308,-0.20851441405707308,-0.20851441405707308,-0.20851441405707308,-0.20851441405707308,-0.20851441405707308,-0.20851441405707308,-0.20851441405707308,-0.20851441405707308,-0.20851441405707308,-0.20851441405707308,-0.20851441405707308,-0.20851441405707308,-0.20851441405707308,4.795831523312722,-0.20851441405707308,-0.20851441405707308,-0.20851441405707308,-0.20851441405707308,-0.20851441405707308,-0.20851441405707308,-0.20851441405707308,-0.20851441405707308,-0.20851441405707308,-0.20851441405707308,-0.20851441405707308,-0.20851441405707308,-0.20851441405707308,-0.20851441405707308,-0.20851441405707308,-0.20851441405707308,-0.20851441405707308,-0.20851441405707308,-0.20851441405707308,-0.20851441405707308,-0.20851441405707308,-0.20851441405707308,-0.20851441405707308,4.795831523312722
1605,-0.5041738232403857,-1.0820527723485043,-1.4582576682920705,-1.7921191560341962,-1.8436912557667198,-1.6181311774628935,-1.098610130683683,-0.4268156736416005,0.1377631023776041,0.7492996323637907,0.9857169948218326,0.9574880560208724,0.6817130385037994,0.4124523914792556,0.2542074749315651,0.0072042604231630425,0.023218754550630865,0.5647258017421276,1.378207816996722,1.4110511015632239,1.2093770483986714,0.8915300547840134,0.3812376995358861,-0.22134157102307267,-0.2085144140570716,-0.2085144140570716,-0.2085144140570716,-0.2085144140570716,-0.2085144140570716,-0.2085144140570716,-0.2085144140570716,-0.2085144140570716,-0.2085144140570716,-0.2085144140570716,-0.2085144140570716,-0.2085144140570716,-0.2085144140570716,-0.2085144140570716,-0.2085144140570716,-0.2085144140570716,-0.2085144140570716,-0.2085144140570716,-0.2085144140570716,-0.2085144140570716,-0.2085144140570716,-0.2085144140570716,-0.2085144140570716,4.795831523312723,-0.2085144140570716,-0.2085144140570716,-0.2085144140570716,-0.2085144140570716,-0.2085144140570716,-0.2085144140570716,-0.2085144140570716,-0.2085144140570716,-0.2085144140570716,-0.2085144140570716,-0.2085144140570716,-0.2085144140570716,-0.2085144140570716,-0.2085144140570716,-0.2085144140570716,-0.2085144140570716,-0.2085144140570716,-0.2085144140570716,-0.2085144140570716,-0.2085144140570716,-0.2085144140570716,-0.2085144140570716,-0.2085144140570716,4.795831523312723,-0.2085144140570716,-0.2085144140570716,-0.2085144140570716,-0.2085144140570716,-0.2085144140570716,-0.2085144140570716,-0.2085144140570716,-0.2085144140570716,-0.2085144140570716,-0.2085144140570716,-0.2085144140570716,-0.2085144140570716,-0.2085144140570716,-0.2085144140570716,-0.2085144140570716,-0.2085144140570716,-0.2085144140570716,-0.2085144140570716,-0.2085144140570716,-0.2085144140570716,-0.2085144140570716,-0.2085144140570716,-0.2085144140570716,4.795831523312723
1606,-0.415444648563036,-0.9329244643792406,-1.1810781426015722,-1.3078015391341806,-1.4024548869128366,-1.1440263387013745,-0.5658313820403085,0.19699987472846486,0.9003614294389379,1.204248493359886,0.8900865594498075,0.37229538393696254,-0.11653933978833299,-0.5060503202853679,-0.8438755911401103,-0.9653058728298334,-0.7934353202843792,0.20665202532431465,1.5293080166523756,1.773414018818383,1.7522415594468415,1.2129665648658148,0.5180117219646303,-0.3818178013258819,0.20851441405708393,0.20851441405708393,0.20851441405708393,0.20851441405708393,0.20851441405708393,0.20851441405708393,0.20851441405708393,0.20851441405708393,0.20851441405708393,0.20851441405708393,0.20851441405708393,0.20851441405708393,0.20851441405708393,0.20851441405708393,0.20851441405708393,0.20851441405708393,0.20851441405708393,0.20851441405708393,0.20851441405708393,0.20851441405708393,0.20851441405708393,0.20851441405708393,0.20851441405708393,-4.79583152331271,0.20851441405708393,0.20851441405708393,0.20851441405708393,0.20851441405708393,0.20851441405708393,0.20851441405708393,0.20851441405708393,0.20851441405708393,0.20851441405708393,0.20851441405708393,0.20851441405708393,0.20851441405708393,0.20851441405708393,0.20851441405708393,0.20851441405708393,0.20851441405708393,0.20851441405708393,0.20851441405708393,0.20851441405708393,0.20851441405708393,0.20851441405708393,0.20851441405708393,0.20851441405708393,-4.79583152331271,0.20851441405708393,0.20851441405708393,0.20851441405708393,0.20851441405708393,0.20851441405708393,0.20851441405708393,0.20851441405708393,0.20851441405708393,0.20851441405708393,0.20851441405708393,0.20851441405708393,0.20851441405708393,0.20851441405708393,0.20851441405708393,0.20851441405708393,0.20851441405708393,0.20851441405708393,0.20851441405708393,0.20851441405708393,0.20851441405708393,0.20851441405708393,0.20851441405708393,0.20851441405708393,-4.79583152331271
1607,-1.4105660062216183,-1.6575720659931954,-1.7140951917990483,-1.6854568080574162,-1.5132496847689179,-1.013962073483884,-0.10205564381612417,1.0103194720430606,1.4903892205541043,1.3234575890074856,1.0046671594624752,0.7384432369169082,0.4432041097910033,0.26063441343809846,0.12328321772987598,0.036049193569509703,0.013816764085874235,0.3018962952763711,0.9033023538506457,1.0069280844947093,0.7836617375615905,0.4769295748551622,-0.07285202881643352,-0.7471729196802583,-0.20851441405707755,-0.20851441405707755,-0.20851441405707755,-0.20851441405707755,-0.20851441405707755,-0.20851441405707755,-0.20851441405707755,-0.20851441405707755,-0.20851441405707755,-0.20851441405707755,-0.20851441405707755,-0.20851441405707755,-0.20851441405707755,-0.20851441405707755,-0.20851441405707755,-0.20851441405707755,-0.20851441405707755,-0.20851441405707755,-0.20851441405707755,-0.20851441405707755,-0.20851441405707755,-0.20851441405707755,-0.20851441405707755,4.7958315233127164,-0.20851441405707755,-0.20851441405707755,-0.20851441405707755,-0.20851441405707755,-0.20851441405707755,-0.20851441405707755,-0.20851441405707755,-0.20851441405707755,-0.20851441405707755,-0.20851441405707755,-0.20851441405707755,-0.20851441405707755,-0.20851441405707755,-0.20851441405707755,-0.20851441405707755,-0.20851441405707755,-0.20851441405707755,-0.20851441405707755,-0.20851441405707755,-0.20851441405707755,-0.20851441405707755,-0.20851441405707755,-0.20851441405707755,4.7958315233127164,-0.20851441405707755,-0.20851441405707755,-0.20851441405707755,-0.20851441405707755,-0.20851441405707755,-0.20851441405707755,-0.20851441405707755,-0.20851441405707755,-0.20851441405707755,-0.20851441405707755,-0.20851441405707755,-0.20851441405707755,-0.20851441405707755,-0.20851441405707755,-0.20851441405707755,-0.20851441405707755,-0.20851441405707755,-0.20851441405707755,-0.20851441405707755,-0.20851441405707755,-0.20851441405707755,-0.20851441405707755,-0.20851441405707755,4.7958315233127164
1608,-1.1726720694429398,-1.5098697080407748,-1.6839484456267644,-1.784961606051793,-1.7142706601485633,-1.4833834363199263,-0.738114549278124,0.23950287313553434,0.6519580562091593,0.7200917069117554,0.7191783871972435,0.6967107222202479,0.6479394494653065,0.6176172349435076,0.6097626853987043,0.5553288304137883,0.5756045280759551,0.8601949511178982,1.1952006224009044,1.106060618264532,0.8949011002693547,0.5545981746421788,0.010624952678823968,-0.5680544184359873,0.20851441405707644,0.20851441405707644,0.20851441405707644,0.20851441405707644,0.20851441405707644,0.20851441405707644,0.20851441405707644,0.20851441405707644,0.20851441405707644,0.20851441405707644,0.20851441405707644,0.20851441405707644,0.20851441405707644,0.20851441405707644,0.20851441405707644,0.20851441405707644,0.20851441405707644,0.20851441405707644,0.20851441405707644,0.20851441405707644,0.20851441405707644,0.20851441405707644,0.20851441405707644,-4.795831523312717,0.20851441405707644,0.20851441405707644,0.20851441405707644,0.20851441405707644,0.20851441405707644,0.20851441405707644,0.20851441405707644,0.20851441405707644,0.20851441405707644,0.20851441405707644,0.20851441405707644,0.20851441405707644,0.20851441405707644,0.20851441405707644,0.20851441405707644,0.20851441405707644,0.20851441405707644,0.20851441405707644,0.20851441405707644,0.20851441405707644,0.20851441405707644,0.20851441405707644,0.20851441405707644,-4.795831523312717,0.20851441405707644,0.20851441405707644,0.20851441405707644,0.20851441405707644,0.20851441405707644,0.20851441405707644,0.20851441405707644,0.20851441405707644,0.20851441405707644,0.20851441405707644,0.20851441405707644,0.20851441405707644,0.20851441405707644,0.20851441405707644,0.20851441405707644,0.20851441405707644,0.20851441405707644,0.20851441405707644,0.20851441405707644,0.20851441405707644,0.20851441405707644,0.20851441405707644,0.20851441405707644,-4.795831523312717
1609,-1.047813132677557,-1.4270622633824366,-1.6559308692165118,-1.7525569520830593,-1.7713545176919099,-1.5337466927589831,-0.9416233760801906,-0.15311496606682795,0.3689297068947585,0.6264893339212898,0.803911970720616,0.8479378480676608,0.8100129349971729,0.7425725461022616,0.6856851764965297,0.5816390019422779,0.5293685782755619,0.7747262767489796,1.1594168080248424,1.079939381503211,0.8782777785240512,0.6225319516878476,0.17402863189772907,-0.4022651558472945,-0.20851441405708068,-0.20851441405708068,-0.20851441405708068,-0.20851441405708068,-0.20851441405708068,-0.20851441405708068,-0.20851441405708068,-0.20851441405708068,-0.20851441405708068,-0.20851441405708068,-0.20851441405708068,-0.20851441405708068,-0.20851441405708068,-0.20851441405708068,-0.20851441405708068,-0.20851441405708068,-0.20851441405708068,-0.20851441405708068,-0.20851441405708068,-0.20851441405708068,-0.20851441405708068,-0.20851441405708068,-0.20851441405708068,4.795831523312714,-0.20851441405708068,-0.20851441405708068,-0.20851441405708068,-0.20851441405708068,-0.20851441405708068,-0.20851441405708068,-0.20851441405708068,-0.20851441405708068,-0.20851441405708068,-0.20851441405708068,-0.20851441405708068,-0.20851441405708068,-0.20851441405708068,-0.20851441405708068,-0.20851441405708068,-0.20851441405708068,-0.20851441405708068,-0.20851441405708068,-0.20851441405708068,-0.20851441405708068,-0.20851441405708068,-0.20851441405708068,-0.20851441405708068,4.795831523312714,-0.20851441405708068,-0.20851441405708068,-0.20851441405708068,-0.20851441405708068,-0.20851441405708068,-0.20851441405708068,-0.20851441405708068,-0.20851441405708068,-0.20851441405708068,-0.20851441405708068,-0.20851441405708068,-0.20851441405708068,-0.20851441405708068,-0.20851441405708068,-0.20851441405708068,-0.20851441405708068,-0.20851441405708068,-0.20851441405708068,-0.20851441405708068,-0.20851441405708068,-0.20851441405708068,-0.20851441405708068,-0.20851441405708068,4.795831523312714
1610,-0.13951520941201567,-0.8589334205770556,-1.279767722644624,-1.5107477277954982,-1.5622957045547785,-1.3915958470896204,-1.011887253256232,-0.39781845907463964,0.320473020357957,1.150310941302439,1.8218430538386392,2.0621185957821706,1.665509025962133,0.8722898863220576,0.2852626537191042,-0.12233255049225553,-0.2426111629305766,0.003579720608281999,0.43455460826784,0.3968090952309898,0.3328670694148331,0.12949199170881953,-0.2110626744221645,-0.7465419302658375,-0.20851441405707705,-0.20851441405707705,-0.20851441405707705,-0.20851441405707705,-0.20851441405707705,-0.20851441405707705,-0.20851441405707705,-0.20851441405707705,-0.20851441405707705,-0.20851441405707705,-0.20851441405707705,-0.20851441405707705,-0.20851441405707705,-0.20851441405707705,-0.20851441405707705,-0.20851441405707705,-0.20851441405707705,-0.20851441405707705,-0.20851441405707705,-0.20851441405707705,-0.20851441405707705,-0.20851441405707705,-0.20851441405707705,4.795831523312717,-0.20851441405707705,-0.20851441405707705,-0.20851441405707705,-0.20851441405707705,-0.20851441405707705,-0.20851441405707705,-0.20851441405707705,-0.20851441405707705,-0.20851441405707705,-0.20851441405707705,-0.20851441405707705,-0.20851441405707705,-0.20851441405707705,-0.20851441405707705,-0.20851441405707705,-0.20851441405707705,-0.20851441405707705,-0.20851441405707705,-0.20851441405707705,-0.20851441405707705,-0.20851441405707705,-0.20851441405707705,-0.20851441405707705,4.795831523312717,-0.20851441405707705,-0.20851441405707705,-0.20851441405707705,-0.20851441405707705,-0.20851441405707705,-0.20851441405707705,-0.20851441405707705,-0.20851441405707705,-0.20851441405707705,-0.20851441405707705,-0.20851441405707705,-0.20851441405707705,-0.20851441405707705,-0.20851441405707705,-0.20851441405707705,-0.20851441405707705,-0.20851441405707705,-0.20851441405707705,-0.20851441405707705,-0.20851441405707705,-0.20851441405707705,-0.20851441405707705,-0.20851441405707705,4.795831523312717
1611,-1.0151401317467392,-1.4116529099953163,-1.6234292383670332,-1.7344008997099247,-1.6673420010426805,-1.413599781246946,-0.962574607952738,-0.4356214558449725,-0.014880946465003798,0.35567354842851107,0.6459736839492916,0.7387745469436394,0.6939965081561569,0.6416473033901144,0.5646377294367628,0.5663682816604337,0.6351577325513489,1.033401063023597,1.3931396065191692,1.2873596018472901,1.0355642533031855,0.7251464481822316,0.2522730530641794,-0.2904713880845823,-0.20851441405708068,-0.20851441405708068,-0.20851441405708068,-0.20851441405708068,-0.20851441405708068,-0.20851441405708068,-0.20851441405708068,-0.20851441405708068,-0.20851441405708068,-0.20851441405708068,-0.20851441405708068,-0.20851441405708068,-0.20851441405708068,-0.20851441405708068,-0.20851441405708068,-0.20851441405708068,-0.20851441405708068,-0.20851441405708068,-0.20851441405708068,-0.20851441405708068,-0.20851441405708068,-0.20851441405708068,-0.20851441405708068,4.795831523312714,-0.20851441405708068,-0.20851441405708068,-0.20851441405708068,-0.20851441405708068,-0.20851441405708068,-0.20851441405708068,-0.20851441405708068,-0.20851441405708068,-0.20851441405708068,-0.20851441405708068,-0.20851441405708068,-0.20851441405708068,-0.20851441405708068,-0.20851441405708068,-0.20851441405708068,-0.20851441405708068,-0.20851441405708068,-0.20851441405708068,-0.20851441405708068,-0.20851441405708068,-0.20851441405708068,-0.20851441405708068,-0.20851441405708068,4.795831523312714,-0.20851441405708068,-0.20851441405708068,-0.20851441405708068,-0.20851441405708068,-0.20851441405708068,-0.20851441405708068,-0.20851441405708068,-0.20851441405708068,-0.20851441405708068,-0.20851441405708068,-0.20851441405708068,-0.20851441405708068,-0.20851441405708068,-0.20851441405708068,-0.20851441405708068,-0.20851441405708068,-0.20851441405708068,-0.20851441405708068,-0.20851441405708068,-0.20851441405708068,-0.20851441405708068,-0.20851441405708068,-0.20851441405708068,4.795831523312714
1612,-0.7314959228259375,-1.1799159290792351,-1.4595311754727465,-1.6161157134531128,-1.6287501801420048,-1.5249818553693015,-1.2430882625236952,-0.8083383349829691,-0.36965308175226036,0.16575833449012972,0.6118999942913321,0.8799163860196311,0.9184411533005148,0.8411844963340114,0.6856355703773247,0.6135569735292196,0.6305410107175662,0.9708431216987062,1.3446990622470676,1.2570862850437674,1.0174456627642914,0.7146327070403555,0.24197937943295353,-0.3317496816855844,0.20851441405707766,0.20851441405707766,0.20851441405707766,0.20851441405707766,0.20851441405707766,0.20851441405707766,0.20851441405707766,0.20851441405707766,0.20851441405707766,0.20851441405707766,0.20851441405707766,0.20851441405707766,0.20851441405707766,0.20851441405707766,0.20851441405707766,0.20851441405707766,0.20851441405707766,0.20851441405707766,0.20851441405707766,0.20851441405707766,0.20851441405707766,0.20851441405707766,0.20851441405707766,-4.7958315233127164,0.20851441405707766,0.20851441405707766,0.20851441405707766,0.20851441405707766,0.20851441405707766,0.20851441405707766,0.20851441405707766,0.20851441405707766,0.20851441405707766,0.20851441405707766,0.20851441405707766,0.20851441405707766,0.20851441405707766,0.20851441405707766,0.20851441405707766,0.20851441405707766,0.20851441405707766,0.20851441405707766,0.20851441405707766,0.20851441405707766,0.20851441405707766,0.20851441405707766,0.20851441405707766,-4.7958315233127164,0.20851441405707766,0.20851441405707766,0.20851441405707766,0.20851441405707766,0.20851441405707766,0.20851441405707766,0.20851441405707766,0.20851441405707766,0.20851441405707766,0.20851441405707766,0.20851441405707766,0.20851441405707766,0.20851441405707766,0.20851441405707766,0.20851441405707766,0.20851441405707766,0.20851441405707766,0.20851441405707766,0.20851441405707766,0.20851441405707766,0.20851441405707766,0.20851441405707766,0.20851441405707766,-4.7958315233127164
1613,-0.8932577057235477,-1.1733045443352235,-1.3174779442351972,-1.432447776991253,-1.4352144307206767,-1.3915627829897679,-1.1934396353660301,-0.8532949296318706,-0.5761684477345865,-0.20943312560096486,0.0763007234545266,0.21017602336164495,0.3130033203052296,0.3692586128035135,0.4050714083010549,0.403841784421311,0.5490911052160606,1.018961130263203,1.5020496120175921,1.586739956734954,1.5028181269424319,1.267652559941409,0.8755562452880691,0.3950807142781357,-0.20851441405705992,-0.20851441405705992,-0.20851441405705992,-0.20851441405705992,-0.20851441405705992,-0.20851441405705992,-0.20851441405705992,-0.20851441405705992,-0.20851441405705992,-0.20851441405705992,-0.20851441405705992,-0.20851441405705992,-0.20851441405705992,-0.20851441405705992,-0.20851441405705992,-0.20851441405705992,-0.20851441405705992,-0.20851441405705992,-0.20851441405705992,-0.20851441405705992,-0.20851441405705992,-0.20851441405705992,-0.20851441405705992,4.795831523312733,-0.20851441405705992,-0.20851441405705992,-0.20851441405705992,-0.20851441405705992,-0.20851441405705992,-0.20851441405705992,-0.20851441405705992,-0.20851441405705992,-0.20851441405705992,-0.20851441405705992,-0.20851441405705992,-0.20851441405705992,-0.20851441405705992,-0.20851441405705992,-0.20851441405705992,-0.20851441405705992,-0.20851441405705992,-0.20851441405705992,-0.20851441405705992,-0.20851441405705992,-0.20851441405705992,-0.20851441405705992,-0.20851441405705992,4.795831523312733,-0.20851441405705992,-0.20851441405705992,-0.20851441405705992,-0.20851441405705992,-0.20851441405705992,-0.20851441405705992,-0.20851441405705992,-0.20851441405705992,-0.20851441405705992,-0.20851441405705992,-0.20851441405705992,-0.20851441405705992,-0.20851441405705992,-0.20851441405705992,-0.20851441405705992,-0.20851441405705992,-0.20851441405705992,-0.20851441405705992,-0.20851441405705992,-0.20851441405705992,-0.20851441405705992,-0.20851441405705992,-0.20851441405705992,4.795831523312733
1614,-1.495779075477297,-1.659301269305651,-1.7677849922263216,-1.7514182890353525,-1.6217882062396247,-1.2785219534732837,-0.4816228299625633,0.4625766222668781,0.8645022979743026,0.8604468316968944,0.7618120983070723,0.6665086407879786,0.476625916156471,0.3049927897733006,0.18159074447502105,0.09396370526673571,0.10714397066831252,0.5083454559690569,1.0774142775382356,1.2064650080086194,1.1395498144313834,0.9012911706336488,0.4827091155725834,-0.03972184380640042,-0.20851441405707585,-0.20851441405707585,-0.20851441405707585,-0.20851441405707585,-0.20851441405707585,-0.20851441405707585,-0.20851441405707585,-0.20851441405707585,-0.20851441405707585,-0.20851441405707585,-0.20851441405707585,-0.20851441405707585,-0.20851441405707585,-0.20851441405707585,-0.20851441405707585,-0.20851441405707585,-0.20851441405707585,-0.20851441405707585,-0.20851441405707585,-0.20851441405707585,-0.20851441405707585,-0.20851441405707585,-0.20851441405707585,4.795831523312718,-0.20851441405707585,-0.20851441405707585,-0.20851441405707585,-0.20851441405707585,-0.20851441405707585,-0.20851441405707585,-0.20851441405707585,-0.20851441405707585,-0.20851441405707585,-0.20851441405707585,-0.20851441405707585,-0.20851441405707585,-0.20851441405707585,-0.20851441405707585,-0.20851441405707585,-0.20851441405707585,-0.20851441405707585,-0.20851441405707585,-0.20851441405707585,-0.20851441405707585,-0.20851441405707585,-0.20851441405707585,-0.20851441405707585,4.795831523312718,-0.20851441405707585,-0.20851441405707585,-0.20851441405707585,-0.20851441405707585,-0.20851441405707585,-0.20851441405707585,-0.20851441405707585,-0.20851441405707585,-0.20851441405707585,-0.20851441405707585,-0.20851441405707585,-0.20851441405707585,-0.20851441405707585,-0.20851441405707585,-0.20851441405707585,-0.20851441405707585,-0.20851441405707585,-0.20851441405707585,-0.20851441405707585,-0.20851441405707585,-0.20851441405707585,-0.20851441405707585,-0.20851441405707585,4.795831523312718
1615,-0.8941083410581745,-1.2579470049104573,-1.5121086708144889,-1.5648674662347055,-1.4508121450150668,-1.0101339077499374,0.027090875241708782,1.37233070037545,1.8232979973283396,1.5336719129260712,1.129333758813456,0.6610720849385866,0.18624292615663635,-0.11542354724194712,-0.36455014138388325,-0.5626692694141575,-0.5773366523733049,-0.03157865659488074,0.8027108427679651,1.0231594194823146,0.9649277199728638,0.621010427005393,-0.0002736452044617049,-0.8030392170133192,0.20851441405706178,0.20851441405706178,0.20851441405706178,0.20851441405706178,0.20851441405706178,0.20851441405706178,0.20851441405706178,0.20851441405706178,0.20851441405706178,0.20851441405706178,0.20851441405706178,0.20851441405706178,0.20851441405706178,0.20851441405706178,0.20851441405706178,0.20851441405706178,0.20851441405706178,0.20851441405706178,0.20851441405706178,0.20851441405706178,0.20851441405706178,0.20851441405706178,0.20851441405706178,-4.795831523312732,0.20851441405706178,0.20851441405706178,0.20851441405706178,0.20851441405706178,0.20851441405706178,0.20851441405706178,0.20851441405706178,0.20851441405706178,0.20851441405706178,0.20851441405706178,0.20851441405706178,0.20851441405706178,0.20851441405706178,0.20851441405706178,0.20851441405706178,0.20851441405706178,0.20851441405706178,0.20851441405706178,0.20851441405706178,0.20851441405706178,0.20851441405706178,0.20851441405706178,0.20851441405706178,-4.795831523312732,0.20851441405706178,0.20851441405706178,0.20851441405706178,0.20851441405706178,0.20851441405706178,0.20851441405706178,0.20851441405706178,0.20851441405706178,0.20851441405706178,0.20851441405706178,0.20851441405706178,0.20851441405706178,0.20851441405706178,0.20851441405706178,0.20851441405706178,0.20851441405706178,0.20851441405706178,0.20851441405706178,0.20851441405706178,0.20851441405706178,0.20851441405706178,0.20851441405706178,0.20851441405706178,-4.795831523312732
1616,-0.7678448633447439,-1.23900226507416,-1.4929578758747428,-1.6249173737275304,-1.6202677941052006,-1.1466748982878974,0.023026489558204546,1.3875674044352682,1.7686115249128644,1.3474924562618544,0.8384741918934674,0.4047348356961337,0.04007494817341368,-0.24930603117825306,-0.37528749808804523,-0.5603850487674586,-0.49108417153940076,0.10826878263425022,0.9821683430788015,1.183428718159647,1.0868945888579433,0.8088054457319346,0.1631781038884303,-0.5749980132947808,-0.20851441405707724,-0.20851441405707724,-0.20851441405707724,-0.20851441405707724,-0.20851441405707724,-0.20851441405707724,-0.20851441405707724,-0.20851441405707724,-0.20851441405707724,-0.20851441405707724,-0.20851441405707724,-0.20851441405707724,-0.20851441405707724,-0.20851441405707724,-0.20851441405707724,-0.20851441405707724,-0.20851441405707724,-0.20851441405707724,-0.20851441405707724,-0.20851441405707724,-0.20851441405707724,-0.20851441405707724,-0.20851441405707724,4.795831523312717,-0.20851441405707724,-0.20851441405707724,-0.20851441405707724,-0.20851441405707724,-0.20851441405707724,-0.20851441405707724,-0.20851441405707724,-0.20851441405707724,-0.20851441405707724,-0.20851441405707724,-0.20851441405707724,-0.20851441405707724,-0.20851441405707724,-0.20851441405707724,-0.20851441405707724,-0.20851441405707724,-0.20851441405707724,-0.20851441405707724,-0.20851441405707724,-0.20851441405707724,-0.20851441405707724,-0.20851441405707724,-0.20851441405707724,4.795831523312717,-0.20851441405707724,-0.20851441405707724,-0.20851441405707724,-0.20851441405707724,-0.20851441405707724,-0.20851441405707724,-0.20851441405707724,-0.20851441405707724,-0.20851441405707724,-0.20851441405707724,-0.20851441405707724,-0.20851441405707724,-0.20851441405707724,-0.20851441405707724,-0.20851441405707724,-0.20851441405707724,-0.20851441405707724,-0.20851441405707724,-0.20851441405707724,-0.20851441405707724,-0.20851441405707724,-0.20851441405707724,-0.20851441405707724,4.795831523312717
1617,-0.9684312506352647,-1.401899667845425,-1.6012333627905246,-1.6656873364659548,-1.560666484790334,-1.103105048666355,-0.04548329532127988,1.2989895293652456,1.7301927909510297,1.4033926113251274,0.9655998061047946,0.6000860576259184,0.2220109915936836,-0.05042545304719144,-0.18839402289555598,-0.3234796674038054,-0.282706866165035,0.18576850160366545,0.929563239353356,1.054970491648362,0.9281217766832985,0.6229435371082593,0.041210388120752166,-0.791337265456767,0.20851441405707272,0.20851441405707272,0.20851441405707272,0.20851441405707272,0.20851441405707272,0.20851441405707272,0.20851441405707272,0.20851441405707272,0.20851441405707272,0.20851441405707272,0.20851441405707272,0.20851441405707272,0.20851441405707272,0.20851441405707272,0.20851441405707272,0.20851441405707272,0.20851441405707272,0.20851441405707272,0.20851441405707272,0.20851441405707272,0.20851441405707272,0.20851441405707272,0.20851441405707272,-4.795831523312722,0.20851441405707272,0.20851441405707272,0.20851441405707272,0.20851441405707272,0.20851441405707272,0.20851441405707272,0.20851441405707272,0.20851441405707272,0.20851441405707272,0.20851441405707272,0.20851441405707272,0.20851441405707272,0.20851441405707272,0.20851441405707272,0.20851441405707272,0.20851441405707272,0.20851441405707272,0.20851441405707272,0.20851441405707272,0.20851441405707272,0.20851441405707272,0.20851441405707272,0.20851441405707272,-4.795831523312722,0.20851441405707272,0.20851441405707272,0.20851441405707272,0.20851441405707272,0.20851441405707272,0.20851441405707272,0.20851441405707272,0.20851441405707272,0.20851441405707272,0.20851441405707272,0.20851441405707272,0.20851441405707272,0.20851441405707272,0.20851441405707272,0.20851441405707272,0.20851441405707272,0.20851441405707272,0.20851441405707272,0.20851441405707272,0.20851441405707272,0.20851441405707272,0.20851441405707272,0.20851441405707272,-4.795831523312722
1618,-1.0947398010554494,-1.5505143639166945,-1.759650874008785,-1.862038806806164,-1.809187795498488,-1.4622549192906746,-0.6520471716862034,0.356133836097186,0.7930704147299525,0.8007451490452586,0.756789852512142,0.687542817894494,0.5614329790316237,0.4447421322829926,0.33398176205073443,0.23054727457399568,0.2666534110119129,0.6578904353126296,1.1864005483893891,1.1321541308425667,0.983543366373458,0.7489406924169426,0.3744485429859846,-0.12458361328880378,-0.20851441405707422,-0.20851441405707422,-0.20851441405707422,-0.20851441405707422,-0.20851441405707422,-0.20851441405707422,-0.20851441405707422,-0.20851441405707422,-0.20851441405707422,-0.20851441405707422,-0.20851441405707422,-0.20851441405707422,-0.20851441405707422,-0.20851441405707422,-0.20851441405707422,-0.20851441405707422,-0.20851441405707422,-0.20851441405707422,-0.20851441405707422,-0.20851441405707422,-0.20851441405707422,-0.20851441405707422,-0.20851441405707422,4.795831523312721,-0.20851441405707422,-0.20851441405707422,-0.20851441405707422,-0.20851441405707422,-0.20851441405707422,-0.20851441405707422,-0.20851441405707422,-0.20851441405707422,-0.20851441405707422,-0.20851441405707422,-0.20851441405707422,-0.20851441405707422,-0.20851441405707422,-0.20851441405707422,-0.20851441405707422,-0.20851441405707422,-0.20851441405707422,-0.20851441405707422,-0.20851441405707422,-0.20851441405707422,-0.20851441405707422,-0.20851441405707422,-0.20851441405707422,4.795831523312721,-0.20851441405707422,-0.20851441405707422,-0.20851441405707422,-0.20851441405707422,-0.20851441405707422,-0.20851441405707422,-0.20851441405707422,-0.20851441405707422,-0.20851441405707422,-0.20851441405707422,-0.20851441405707422,-0.20851441405707422,-0.20851441405707422,-0.20851441405707422,-0.20851441405707422,-0.20851441405707422,-0.20851441405707422,-0.20851441405707422,-0.20851441405707422,-0.20851441405707422,-0.20851441405707422,-0.20851441405707422,-0.20851441405707422,4.795831523312721
1619,-0.4934250097341396,-1.0697117032261938,-1.4370438935112493,-1.6303918363127459,-1.7092916694738947,-1.3581440603501005,-0.7353266960194201,0.19095156508490962,0.9368873503923277,1.2897690217834,1.1553791960693554,0.7626140925308891,0.31609305870680504,-0.11424339395601774,-0.4824426153747123,-0.6760795685540886,-0.5315743796142556,0.26840634635666016,1.3776281766588185,1.433407179589594,1.2469954858572094,1.0420871279405262,0.5045278250843473,-0.28707159992805803,-0.2085144140570701,-0.2085144140570701,-0.2085144140570701,-0.2085144140570701,-0.2085144140570701,-0.2085144140570701,-0.2085144140570701,-0.2085144140570701,-0.2085144140570701,-0.2085144140570701,-0.2085144140570701,-0.2085144140570701,-0.2085144140570701,-0.2085144140570701,-0.2085144140570701,-0.2085144140570701,-0.2085144140570701,-0.2085144140570701,-0.2085144140570701,-0.2085144140570701,-0.2085144140570701,-0.2085144140570701,-0.2085144140570701,4.795831523312724,-0.2085144140570701,-0.2085144140570701,-0.2085144140570701,-0.2085144140570701,-0.2085144140570701,-0.2085144140570701,-0.2085144140570701,-0.2085144140570701,-0.2085144140570701,-0.2085144140570701,-0.2085144140570701,-0.2085144140570701,-0.2085144140570701,-0.2085144140570701,-0.2085144140570701,-0.2085144140570701,-0.2085144140570701,-0.2085144140570701,-0.2085144140570701,-0.2085144140570701,-0.2085144140570701,-0.2085144140570701,-0.2085144140570701,4.795831523312724,-0.2085144140570701,-0.2085144140570701,-0.2085144140570701,-0.2085144140570701,-0.2085144140570701,-0.2085144140570701,-0.2085144140570701,-0.2085144140570701,-0.2085144140570701,-0.2085144140570701,-0.2085144140570701,-0.2085144140570701,-0.2085144140570701,-0.2085144140570701,-0.2085144140570701,-0.2085144140570701,-0.2085144140570701,-0.2085144140570701,-0.2085144140570701,-0.2085144140570701,-0.2085144140570701,-0.2085144140570701,-0.2085144140570701,4.795831523312724
1620,-0.461551732940942,-0.972063267110578,-1.2811955905686974,-1.4050147201258472,-1.4784197969326587,-1.3654036786791528,-1.096990397827076,-0.4767867488819783,0.033724785287657724,0.4553192264196089,0.4924372652577702,0.30934007367549704,0.20768096730530908,0.05006780238804217,-0.14244739904868983,-0.155743412960867,0.011010761521021721,0.9710937660961485,1.8982137361806692,1.9228667619761644,1.7109615402508407,1.157791961446303,0.3190350838197929,-0.7039269865483384,0.20851441405707322,0.20851441405707322,0.20851441405707322,0.20851441405707322,0.20851441405707322,0.20851441405707322,0.20851441405707322,0.20851441405707322,0.20851441405707322,0.20851441405707322,0.20851441405707322,0.20851441405707322,0.20851441405707322,0.20851441405707322,0.20851441405707322,0.20851441405707322,0.20851441405707322,0.20851441405707322,0.20851441405707322,0.20851441405707322,0.20851441405707322,0.20851441405707322,0.20851441405707322,-4.79583152331272,0.20851441405707322,0.20851441405707322,0.20851441405707322,0.20851441405707322,0.20851441405707322,0.20851441405707322,0.20851441405707322,0.20851441405707322,0.20851441405707322,0.20851441405707322,0.20851441405707322,0.20851441405707322,0.20851441405707322,0.20851441405707322,0.20851441405707322,0.20851441405707322,0.20851441405707322,0.20851441405707322,0.20851441405707322,0.20851441405707322,0.20851441405707322,0.20851441405707322,0.20851441405707322,-4.79583152331272,0.20851441405707322,0.20851441405707322,0.20851441405707322,0.20851441405707322,0.20851441405707322,0.20851441405707322,0.20851441405707322,0.20851441405707322,0.20851441405707322,0.20851441405707322,0.20851441405707322,0.20851441405707322,0.20851441405707322,0.20851441405707322,0.20851441405707322,0.20851441405707322,0.20851441405707322,0.20851441405707322,0.20851441405707322,0.20851441405707322,0.20851441405707322,0.20851441405707322,0.20851441405707322,-4.79583152331272
1621,-1.327675867672928,-1.574793240781113,-1.7120806702856601,-1.7483500935222103,-1.672490806893651,-1.4272890723366924,-0.8080269833436232,-0.01508033237270817,0.3469753538090512,0.39729279308792714,0.4633184684868582,0.5112094322675143,0.5235972282321105,0.49652287004144635,0.4877109327058057,0.43828745808416864,0.49562890538420745,0.8189886928311968,1.2217836255357009,1.2533278070125595,1.1428593172251797,0.9647049319611395,0.5836205695038661,0.13995868103986886,0.20851441405707624,0.20851441405707624,0.20851441405707624,0.20851441405707624,0.20851441405707624,0.20851441405707624,0.20851441405707624,0.20851441405707624,0.20851441405707624,0.20851441405707624,0.20851441405707624,0.20851441405707624,0.20851441405707624,0.20851441405707624,0.20851441405707624,0.20851441405707624,0.20851441405707624,0.20851441405707624,0.20851441405707624,0.20851441405707624,0.20851441405707624,0.20851441405707624,0.20851441405707624,-4.795831523312718,0.20851441405707624,0.20851441405707624,0.20851441405707624,0.20851441405707624,0.20851441405707624,0.20851441405707624,0.20851441405707624,0.20851441405707624,0.20851441405707624,0.20851441405707624,0.20851441405707624,0.20851441405707624,0.20851441405707624,0.20851441405707624,0.20851441405707624,0.20851441405707624,0.20851441405707624,0.20851441405707624,0.20851441405707624,0.20851441405707624,0.20851441405707624,0.20851441405707624,0.20851441405707624,-4.795831523312718,0.20851441405707624,0.20851441405707624,0.20851441405707624,0.20851441405707624,0.20851441405707624,0.20851441405707624,0.20851441405707624,0.20851441405707624,0.20851441405707624,0.20851441405707624,0.20851441405707624,0.20851441405707624,0.20851441405707624,0.20851441405707624,0.20851441405707624,0.20851441405707624,0.20851441405707624,0.20851441405707624,0.20851441405707624,0.20851441405707624,0.20851441405707624,0.20851441405707624,0.20851441405707624,-4.795831523312718
1622,-1.322774173334128,-1.5549483011769896,-1.6835748363683298,-1.7660509463704153,-1.7021901339236594,-1.3907717185709572,-0.7348410255449667,0.07854405930318714,0.4892440616176475,0.5324212101140371,0.5135473667593279,0.47696313614711755,0.3943577532453422,0.3070985459547345,0.2676703115493488,0.21079023568584151,0.2999885364717961,0.7415847618121161,1.2310119600376581,1.3098684288484295,1.224289769253789,1.0709721102216991,0.7241329203539946,0.28266596791336435,-0.2085144140570743,-0.2085144140570743,-0.2085144140570743,-0.2085144140570743,-0.2085144140570743,-0.2085144140570743,-0.2085144140570743,-0.2085144140570743,-0.2085144140570743,-0.2085144140570743,-0.2085144140570743,-0.2085144140570743,-0.2085144140570743,-0.2085144140570743,-0.2085144140570743,-0.2085144140570743,-0.2085144140570743,-0.2085144140570743,-0.2085144140570743,-0.2085144140570743,-0.2085144140570743,-0.2085144140570743,-0.2085144140570743,4.79583152331272,-0.2085144140570743,-0.2085144140570743,-0.2085144140570743,-0.2085144140570743,-0.2085144140570743,-0.2085144140570743,-0.2085144140570743,-0.2085144140570743,-0.2085144140570743,-0.2085144140570743,-0.2085144140570743,-0.2085144140570743,-0.2085144140570743,-0.2085144140570743,-0.2085144140570743,-0.2085144140570743,-0.2085144140570743,-0.2085144140570743,-0.2085144140570743,-0.2085144140570743,-0.2085144140570743,-0.2085144140570743,-0.2085144140570743,4.79583152331272,-0.2085144140570743,-0.2085144140570743,-0.2085144140570743,-0.2085144140570743,-0.2085144140570743,-0.2085144140570743,-0.2085144140570743,-0.2085144140570743,-0.2085144140570743,-0.2085144140570743,-0.2085144140570743,-0.2085144140570743,-0.2085144140570743,-0.2085144140570743,-0.2085144140570743,-0.2085144140570743,-0.2085144140570743,-0.2085144140570743,-0.2085144140570743,-0.2085144140570743,-0.2085144140570743,-0.2085144140570743,-0.2085144140570743,4.79583152331272
1623,-0.9084199389680198,-1.2240483204913708,-1.3971417457005206,-1.567884519456213,-1.4591134658371299,-1.033431857174628,0.0006410867600338884,1.3565395842317078,1.7835033664142774,1.4864665009319091,1.0270209895742892,0.5887313412977875,0.15941690766176023,-0.27588100240124996,-0.5825341692841266,-0.8733738627528339,-0.8193088793233093,-0.14488560776765877,0.8133254028963264,1.0755298877501867,0.9998816500661879,0.8081967088160552,0.2555799216668435,-0.06880997891030402,-0.20851441405707585,-0.20851441405707585,-0.20851441405707585,-0.20851441405707585,-0.20851441405707585,-0.20851441405707585,-0.20851441405707585,-0.20851441405707585,-0.20851441405707585,-0.20851441405707585,-0.20851441405707585,-0.20851441405707585,-0.20851441405707585,-0.20851441405707585,-0.20851441405707585,-0.20851441405707585,-0.20851441405707585,-0.20851441405707585,-0.20851441405707585,-0.20851441405707585,-0.20851441405707585,-0.20851441405707585,-0.20851441405707585,4.795831523312718,-0.20851441405707585,-0.20851441405707585,-0.20851441405707585,-0.20851441405707585,-0.20851441405707585,-0.20851441405707585,-0.20851441405707585,-0.20851441405707585,-0.20851441405707585,-0.20851441405707585,-0.20851441405707585,-0.20851441405707585,-0.20851441405707585,-0.20851441405707585,-0.20851441405707585,-0.20851441405707585,-0.20851441405707585,-0.20851441405707585,-0.20851441405707585,-0.20851441405707585,-0.20851441405707585,-0.20851441405707585,-0.20851441405707585,4.795831523312718,-0.20851441405707585,-0.20851441405707585,-0.20851441405707585,-0.20851441405707585,-0.20851441405707585,-0.20851441405707585,-0.20851441405707585,-0.20851441405707585,-0.20851441405707585,-0.20851441405707585,-0.20851441405707585,-0.20851441405707585,-0.20851441405707585,-0.20851441405707585,-0.20851441405707585,-0.20851441405707585,-0.20851441405707585,-0.20851441405707585,-0.20851441405707585,-0.20851441405707585,-0.20851441405707585,-0.20851441405707585,-0.20851441405707585,4.795831523312718
1624,-0.6010142912375978,-1.0816835143983385,-1.3196479621564172,-1.4692052993430185,-1.3964412699986657,-0.9724189621906947,0.16644475442042908,1.6013419324357763,2.00189961840306,1.6563297331129418,1.2986720123291362,0.8281944936042496,0.23920878376478183,-0.17770303257631426,-0.44908679022870485,-0.6588462885015133,-0.6766225171687005,-0.09782851176508665,0.691436041058023,0.8104182649370625,0.6428476827010449,0.3238236322205927,-0.3737155806798313,-0.9864029287422152,0.20851441405707258,0.20851441405707258,0.20851441405707258,0.20851441405707258,0.20851441405707258,0.20851441405707258,0.20851441405707258,0.20851441405707258,0.20851441405707258,0.20851441405707258,0.20851441405707258,0.20851441405707258,0.20851441405707258,0.20851441405707258,0.20851441405707258,0.20851441405707258,0.20851441405707258,0.20851441405707258,0.20851441405707258,0.20851441405707258,0.20851441405707258,0.20851441405707258,0.20851441405707258,-4.795831523312721,0.20851441405707258,0.20851441405707258,0.20851441405707258,0.20851441405707258,0.20851441405707258,0.20851441405707258,0.20851441405707258,0.20851441405707258,0.20851441405707258,0.20851441405707258,0.20851441405707258,0.20851441405707258,0.20851441405707258,0.20851441405707258,0.20851441405707258,0.20851441405707258,0.20851441405707258,0.20851441405707258,0.20851441405707258,0.20851441405707258,0.20851441405707258,0.20851441405707258,0.20851441405707258,-4.795831523312721,0.20851441405707258,0.20851441405707258,0.20851441405707258,0.20851441405707258,0.20851441405707258,0.20851441405707258,0.20851441405707258,0.20851441405707258,0.20851441405707258,0.20851441405707258,0.20851441405707258,0.20851441405707258,0.20851441405707258,0.20851441405707258,0.20851441405707258,0.20851441405707258,0.20851441405707258,0.20851441405707258,0.20851441405707258,0.20851441405707258,0.20851441405707258,0.20851441405707258,0.20851441405707258,-4.795831523312721
1625,-0.7790808850908852,-1.2502227898713327,-1.6143515584905932,-1.7296511100624918,-1.7173398643094349,-1.271530715213162,-0.409270003047137,0.9584620491722828,1.4951850130603606,1.4265261425144662,1.2667167024507464,0.9653279362268723,0.6120898850045468,0.3026514580959815,0.12153409269043255,-0.11924546367223837,-0.16446561634212054,0.37225734754595713,0.9454405392411649,0.8758346497911893,0.6101958471963842,0.3009941750138392,-0.2312304490798523,-0.9668273828250034,0.20851441405707422,0.20851441405707422,0.20851441405707422,0.20851441405707422,0.20851441405707422,0.20851441405707422,0.20851441405707422,0.20851441405707422,0.20851441405707422,0.20851441405707422,0.20851441405707422,0.20851441405707422,0.20851441405707422,0.20851441405707422,0.20851441405707422,0.20851441405707422,0.20851441405707422,0.20851441405707422,0.20851441405707422,0.20851441405707422,0.20851441405707422,0.20851441405707422,0.20851441405707422,-4.79583152331272,0.20851441405707422,0.20851441405707422,0.20851441405707422,0.20851441405707422,0.20851441405707422,0.20851441405707422,0.20851441405707422,0.20851441405707422,0.20851441405707422,0.20851441405707422,0.20851441405707422,0.20851441405707422,0.20851441405707422,0.20851441405707422,0.20851441405707422,0.20851441405707422,0.20851441405707422,0.20851441405707422,0.20851441405707422,0.20851441405707422,0.20851441405707422,0.20851441405707422,0.20851441405707422,-4.79583152331272,0.20851441405707422,0.20851441405707422,0.20851441405707422,0.20851441405707422,0.20851441405707422,0.20851441405707422,0.20851441405707422,0.20851441405707422,0.20851441405707422,0.20851441405707422,0.20851441405707422,0.20851441405707422,0.20851441405707422,0.20851441405707422,0.20851441405707422,0.20851441405707422,0.20851441405707422,0.20851441405707422,0.20851441405707422,0.20851441405707422,0.20851441405707422,0.20851441405707422,0.20851441405707422,-4.79583152331272
1626,-0.6786848478493236,-1.090466411154549,-1.4331749380343817,-1.5995781621501004,-1.689904440552537,-1.7097085978493278,-1.2771568207938095,-0.5666222992430922,0.09705848431277858,0.6247668220382434,0.8479258627972043,0.8150799433781365,0.6107590034624645,0.30427759358895656,0.10454542182741904,-0.020558888901089336,0.15429732918277178,0.7737810299909262,1.435529700639793,1.4461563216283149,1.2556016861750463,1.010464861098915,0.6112420316892155,-0.02563068528197481,-0.20851441405707477,-0.20851441405707477,-0.20851441405707477,-0.20851441405707477,-0.20851441405707477,-0.20851441405707477,-0.20851441405707477,-0.20851441405707477,-0.20851441405707477,-0.20851441405707477,-0.20851441405707477,-0.20851441405707477,-0.20851441405707477,-0.20851441405707477,-0.20851441405707477,-0.20851441405707477,-0.20851441405707477,-0.20851441405707477,-0.20851441405707477,-0.20851441405707477,-0.20851441405707477,-0.20851441405707477,-0.20851441405707477,4.79583152331272,-0.20851441405707477,-0.20851441405707477,-0.20851441405707477,-0.20851441405707477,-0.20851441405707477,-0.20851441405707477,-0.20851441405707477,-0.20851441405707477,-0.20851441405707477,-0.20851441405707477,-0.20851441405707477,-0.20851441405707477,-0.20851441405707477,-0.20851441405707477,-0.20851441405707477,-0.20851441405707477,-0.20851441405707477,-0.20851441405707477,-0.20851441405707477,-0.20851441405707477,-0.20851441405707477,-0.20851441405707477,-0.20851441405707477,4.79583152331272,-0.20851441405707477,-0.20851441405707477,-0.20851441405707477,-0.20851441405707477,-0.20851441405707477,-0.20851441405707477,-0.20851441405707477,-0.20851441405707477,-0.20851441405707477,-0.20851441405707477,-0.20851441405707477,-0.20851441405707477,-0.20851441405707477,-0.20851441405707477,-0.20851441405707477,-0.20851441405707477,-0.20851441405707477,-0.20851441405707477,-0.20851441405707477,-0.20851441405707477,-0.20851441405707477,-0.20851441405707477,-0.20851441405707477,4.79583152331272
1627,-0.7899190083305648,-1.1905180052094202,-1.3746751024870627,-1.4730577841239776,-1.5196701614432149,-1.4449757371324699,-1.1463890742227651,-0.6932556356931301,-0.2578883901581224,0.10068305340010901,0.26917533534915544,0.25828637835244833,0.25885948135227504,0.26268016801778626,0.2544656916869371,0.2903801463427429,0.45868139395851376,1.0363692177838157,1.6704121699254086,1.717979718911024,1.5355419306328613,1.1977932294016662,0.6208695429094666,-0.04182855922346085,0.20851441405707785,0.20851441405707785,0.20851441405707785,0.20851441405707785,0.20851441405707785,0.20851441405707785,0.20851441405707785,0.20851441405707785,0.20851441405707785,0.20851441405707785,0.20851441405707785,0.20851441405707785,0.20851441405707785,0.20851441405707785,0.20851441405707785,0.20851441405707785,0.20851441405707785,0.20851441405707785,0.20851441405707785,0.20851441405707785,0.20851441405707785,0.20851441405707785,0.20851441405707785,-4.7958315233127164,0.20851441405707785,0.20851441405707785,0.20851441405707785,0.20851441405707785,0.20851441405707785,0.20851441405707785,0.20851441405707785,0.20851441405707785,0.20851441405707785,0.20851441405707785,0.20851441405707785,0.20851441405707785,0.20851441405707785,0.20851441405707785,0.20851441405707785,0.20851441405707785,0.20851441405707785,0.20851441405707785,0.20851441405707785,0.20851441405707785,0.20851441405707785,0.20851441405707785,0.20851441405707785,-4.7958315233127164,0.20851441405707785,0.20851441405707785,0.20851441405707785,0.20851441405707785,0.20851441405707785,0.20851441405707785,0.20851441405707785,0.20851441405707785,0.20851441405707785,0.20851441405707785,0.20851441405707785,0.20851441405707785,0.20851441405707785,0.20851441405707785,0.20851441405707785,0.20851441405707785,0.20851441405707785,0.20851441405707785,0.20851441405707785,0.20851441405707785,0.20851441405707785,0.20851441405707785,0.20851441405707785,-4.7958315233127164
1628,-1.2745187381850096,-1.5742478100334756,-1.7152309665538927,-1.7324342683912055,-1.686558796825038,-1.4117255601557726,-0.8126870091865798,0.017966727494726744,0.45504248555653565,0.5177016662322765,0.624278219078068,0.6398031500044234,0.6206417487709938,0.58511623115573,0.5444157365650143,0.49168691711243767,0.5277718916980206,0.8516974775127885,1.2760455894998375,1.2480727409838817,1.0149190486033903,0.7549114216475814,0.2690230429254298,-0.2316909455101785,0.20851441405706958,0.20851441405706958,0.20851441405706958,0.20851441405706958,0.20851441405706958,0.20851441405706958,0.20851441405706958,0.20851441405706958,0.20851441405706958,0.20851441405706958,0.20851441405706958,0.20851441405706958,0.20851441405706958,0.20851441405706958,0.20851441405706958,0.20851441405706958,0.20851441405706958,0.20851441405706958,0.20851441405706958,0.20851441405706958,0.20851441405706958,0.20851441405706958,0.20851441405706958,-4.795831523312724,0.20851441405706958,0.20851441405706958,0.20851441405706958,0.20851441405706958,0.20851441405706958,0.20851441405706958,0.20851441405706958,0.20851441405706958,0.20851441405706958,0.20851441405706958,0.20851441405706958,0.20851441405706958,0.20851441405706958,0.20851441405706958,0.20851441405706958,0.20851441405706958,0.20851441405706958,0.20851441405706958,0.20851441405706958,0.20851441405706958,0.20851441405706958,0.20851441405706958,0.20851441405706958,-4.795831523312724,0.20851441405706958,0.20851441405706958,0.20851441405706958,0.20851441405706958,0.20851441405706958,0.20851441405706958,0.20851441405706958,0.20851441405706958,0.20851441405706958,0.20851441405706958,0.20851441405706958,0.20851441405706958,0.20851441405706958,0.20851441405706958,0.20851441405706958,0.20851441405706958,0.20851441405706958,0.20851441405706958,0.20851441405706958,0.20851441405706958,0.20851441405706958,0.20851441405706958,0.20851441405706958,-4.795831523312724
1629,-1.2279307658161251,-1.4880458707886246,-1.6451479336374317,-1.70052820419418,-1.675277096375559,-1.4734117060301057,-0.7962229054398143,0.1351986397788661,0.6221432985084103,0.6587287104047079,0.6224302429154401,0.5521288631931429,0.4014830495025061,0.23046418291275453,0.11511253128678117,0.022859904426705466,0.07264475904637308,0.5659021947305726,1.1967494735855537,1.3659032015296118,1.3456736208340119,1.127452399287861,0.7417991162398305,0.22989029409869496,-0.20851441405707477,-0.20851441405707477,-0.20851441405707477,-0.20851441405707477,-0.20851441405707477,-0.20851441405707477,-0.20851441405707477,-0.20851441405707477,-0.20851441405707477,-0.20851441405707477,-0.20851441405707477,-0.20851441405707477,-0.20851441405707477,-0.20851441405707477,-0.20851441405707477,-0.20851441405707477,-0.20851441405707477,-0.20851441405707477,-0.20851441405707477,-0.20851441405707477,-0.20851441405707477,-0.20851441405707477,-0.20851441405707477,4.79583152331272,-0.20851441405707477,-0.20851441405707477,-0.20851441405707477,-0.20851441405707477,-0.20851441405707477,-0.20851441405707477,-0.20851441405707477,-0.20851441405707477,-0.20851441405707477,-0.20851441405707477,-0.20851441405707477,-0.20851441405707477,-0.20851441405707477,-0.20851441405707477,-0.20851441405707477,-0.20851441405707477,-0.20851441405707477,-0.20851441405707477,-0.20851441405707477,-0.20851441405707477,-0.20851441405707477,-0.20851441405707477,-0.20851441405707477,4.79583152331272,-0.20851441405707477,-0.20851441405707477,-0.20851441405707477,-0.20851441405707477,-0.20851441405707477,-0.20851441405707477,-0.20851441405707477,-0.20851441405707477,-0.20851441405707477,-0.20851441405707477,-0.20851441405707477,-0.20851441405707477,-0.20851441405707477,-0.20851441405707477,-0.20851441405707477,-0.20851441405707477,-0.20851441405707477,-0.20851441405707477,-0.20851441405707477,-0.20851441405707477,-0.20851441405707477,-0.20851441405707477,-0.20851441405707477,4.79583152331272
1630,-0.9670768624613396,-1.349156010280706,-1.5079979031943753,-1.5708321655017483,-1.528877611476639,-1.0285451625446391,-0.03392952595867842,1.1454812857983447,1.5747836990785318,1.3429603959072307,0.951319512519351,0.5108942639859954,0.07495717704602357,-0.30263380917995913,-0.5131871291478327,-0.7167155005347579,-0.7157398132318483,-0.03783227517031649,0.9083892711913323,1.1928996887197472,1.1942656509438205,0.9844928808182745,0.5397746081521171,-0.147694665477928,-0.2085144140570756,-0.2085144140570756,-0.2085144140570756,-0.2085144140570756,-0.2085144140570756,-0.2085144140570756,-0.2085144140570756,-0.2085144140570756,-0.2085144140570756,-0.2085144140570756,-0.2085144140570756,-0.2085144140570756,-0.2085144140570756,-0.2085144140570756,-0.2085144140570756,-0.2085144140570756,-0.2085144140570756,-0.2085144140570756,-0.2085144140570756,-0.2085144140570756,-0.2085144140570756,-0.2085144140570756,-0.2085144140570756,4.795831523312719,-0.2085144140570756,-0.2085144140570756,-0.2085144140570756,-0.2085144140570756,-0.2085144140570756,-0.2085144140570756,-0.2085144140570756,-0.2085144140570756,-0.2085144140570756,-0.2085144140570756,-0.2085144140570756,-0.2085144140570756,-0.2085144140570756,-0.2085144140570756,-0.2085144140570756,-0.2085144140570756,-0.2085144140570756,-0.2085144140570756,-0.2085144140570756,-0.2085144140570756,-0.2085144140570756,-0.2085144140570756,-0.2085144140570756,4.795831523312719,-0.2085144140570756,-0.2085144140570756,-0.2085144140570756,-0.2085144140570756,-0.2085144140570756,-0.2085144140570756,-0.2085144140570756,-0.2085144140570756,-0.2085144140570756,-0.2085144140570756,-0.2085144140570756,-0.2085144140570756,-0.2085144140570756,-0.2085144140570756,-0.2085144140570756,-0.2085144140570756,-0.2085144140570756,-0.2085144140570756,-0.2085144140570756,-0.2085144140570756,-0.2085144140570756,-0.2085144140570756,-0.2085144140570756,4.795831523312719
1631,-0.24504507864884864,-0.6744480928538776,-0.9653272454729994,-0.9982292821885629,-0.9064388867655259,-0.4741019329807651,0.5630457084544174,1.8367946202836836,2.2664072016015506,1.8372137545093596,1.1881844060501234,0.502690379957078,-0.09520459296969012,-0.6459469655079119,-0.9764343024534126,-1.2532724585123893,-1.2756961395860535,-0.5952317242011198,0.3289592434143893,0.5762484365632103,0.5657700809213112,0.40691820939011936,-0.08493580444062891,-0.8819195345634818,-0.20851441405707677,-0.20851441405707677,-0.20851441405707677,-0.20851441405707677,-0.20851441405707677,-0.20851441405707677,-0.20851441405707677,-0.20851441405707677,-0.20851441405707677,-0.20851441405707677,-0.20851441405707677,-0.20851441405707677,-0.20851441405707677,-0.20851441405707677,-0.20851441405707677,-0.20851441405707677,-0.20851441405707677,-0.20851441405707677,-0.20851441405707677,-0.20851441405707677,-0.20851441405707677,-0.20851441405707677,-0.20851441405707677,4.795831523312717,-0.20851441405707677,-0.20851441405707677,-0.20851441405707677,-0.20851441405707677,-0.20851441405707677,-0.20851441405707677,-0.20851441405707677,-0.20851441405707677,-0.20851441405707677,-0.20851441405707677,-0.20851441405707677,-0.20851441405707677,-0.20851441405707677,-0.20851441405707677,-0.20851441405707677,-0.20851441405707677,-0.20851441405707677,-0.20851441405707677,-0.20851441405707677,-0.20851441405707677,-0.20851441405707677,-0.20851441405707677,-0.20851441405707677,4.795831523312717,-0.20851441405707677,-0.20851441405707677,-0.20851441405707677,-0.20851441405707677,-0.20851441405707677,-0.20851441405707677,-0.20851441405707677,-0.20851441405707677,-0.20851441405707677,-0.20851441405707677,-0.20851441405707677,-0.20851441405707677,-0.20851441405707677,-0.20851441405707677,-0.20851441405707677,-0.20851441405707677,-0.20851441405707677,-0.20851441405707677,-0.20851441405707677,-0.20851441405707677,-0.20851441405707677,-0.20851441405707677,-0.20851441405707677,4.795831523312717
1632,-0.6354937127287467,-0.8378707565803319,-0.9822620789206477,-1.0448316519347844,-0.9884502784495184,-0.7606328587570202,0.31153000776360973,1.6541401129534026,2.2062650264737527,1.946819031411471,1.4765158672172998,0.9335586567026841,0.2964032978041481,-0.26466012614679296,-0.5548179262782845,-0.8105968401382724,-0.794324167303094,-0.2140085670401108,0.5194076734186357,0.46944369203738356,0.22558279208485038,-0.10560047899730232,-0.6393899865061837,-1.4067267280861473,-0.2085144140570631,-0.2085144140570631,-0.2085144140570631,-0.2085144140570631,-0.2085144140570631,-0.2085144140570631,-0.2085144140570631,-0.2085144140570631,-0.2085144140570631,-0.2085144140570631,-0.2085144140570631,-0.2085144140570631,-0.2085144140570631,-0.2085144140570631,-0.2085144140570631,-0.2085144140570631,-0.2085144140570631,-0.2085144140570631,-0.2085144140570631,-0.2085144140570631,-0.2085144140570631,-0.2085144140570631,-0.2085144140570631,4.795831523312731,-0.2085144140570631,-0.2085144140570631,-0.2085144140570631,-0.2085144140570631,-0.2085144140570631,-0.2085144140570631,-0.2085144140570631,-0.2085144140570631,-0.2085144140570631,-0.2085144140570631,-0.2085144140570631,-0.2085144140570631,-0.2085144140570631,-0.2085144140570631,-0.2085144140570631,-0.2085144140570631,-0.2085144140570631,-0.2085144140570631,-0.2085144140570631,-0.2085144140570631,-0.2085144140570631,-0.2085144140570631,-0.2085144140570631,4.795831523312731,-0.2085144140570631,-0.2085144140570631,-0.2085144140570631,-0.2085144140570631,-0.2085144140570631,-0.2085144140570631,-0.2085144140570631,-0.2085144140570631,-0.2085144140570631,-0.2085144140570631,-0.2085144140570631,-0.2085144140570631,-0.2085144140570631,-0.2085144140570631,-0.2085144140570631,-0.2085144140570631,-0.2085144140570631,-0.2085144140570631,-0.2085144140570631,-0.2085144140570631,-0.2085144140570631,-0.2085144140570631,-0.2085144140570631,4.795831523312731
1633,-0.12243371398670201,-0.7892395615773476,-1.1351535484359838,-1.3295822311766639,-1.291372768307626,-1.2673650526996463,-0.8974433502330305,0.07537633714946822,0.941006646394931,1.4884501896247766,1.3961388324278972,0.901106499328148,0.26608551465510927,-0.40477797501012447,-0.9282138026319903,-1.1929749479988643,-1.0235683913848108,-0.048381746125469055,1.2879350437722141,1.4001964745024853,1.3396699802232126,0.9991661827973606,0.5680417123723742,-0.23266632367967893,-0.20851441405706303,-0.20851441405706303,-0.20851441405706303,-0.20851441405706303,-0.20851441405706303,-0.20851441405706303,-0.20851441405706303,-0.20851441405706303,-0.20851441405706303,-0.20851441405706303,-0.20851441405706303,-0.20851441405706303,-0.20851441405706303,-0.20851441405706303,-0.20851441405706303,-0.20851441405706303,-0.20851441405706303,-0.20851441405706303,-0.20851441405706303,-0.20851441405706303,-0.20851441405706303,-0.20851441405706303,-0.20851441405706303,4.795831523312731,-0.20851441405706303,-0.20851441405706303,-0.20851441405706303,-0.20851441405706303,-0.20851441405706303,-0.20851441405706303,-0.20851441405706303,-0.20851441405706303,-0.20851441405706303,-0.20851441405706303,-0.20851441405706303,-0.20851441405706303,-0.20851441405706303,-0.20851441405706303,-0.20851441405706303,-0.20851441405706303,-0.20851441405706303,-0.20851441405706303,-0.20851441405706303,-0.20851441405706303,-0.20851441405706303,-0.20851441405706303,-0.20851441405706303,4.795831523312731,-0.20851441405706303,-0.20851441405706303,-0.20851441405706303,-0.20851441405706303,-0.20851441405706303,-0.20851441405706303,-0.20851441405706303,-0.20851441405706303,-0.20851441405706303,-0.20851441405706303,-0.20851441405706303,-0.20851441405706303,-0.20851441405706303,-0.20851441405706303,-0.20851441405706303,-0.20851441405706303,-0.20851441405706303,-0.20851441405706303,-0.20851441405706303,-0.20851441405706303,-0.20851441405706303,-0.20851441405706303,-0.20851441405706303,4.795831523312731
1634,-0.10118632669348393,-0.7146482571799978,-0.9953689440882525,-1.1742689072704624,-1.1793440835309505,-1.224069074326503,-0.7571528583615866,0.07485884984220127,0.8101250105804324,1.1926664212147322,0.9128973298553189,0.38317580766686077,-0.18809872015434473,-0.6797564203891412,-1.0695933968978928,-1.2202626921311368,-0.9696758642695309,0.014908330265184152,1.4813170710299999,1.7169955686264216,1.6830553273844067,1.372835178462064,0.7910930996036016,-0.16050244923794002,0.20851441405708068,0.20851441405708068,0.20851441405708068,0.20851441405708068,0.20851441405708068,0.20851441405708068,0.20851441405708068,0.20851441405708068,0.20851441405708068,0.20851441405708068,0.20851441405708068,0.20851441405708068,0.20851441405708068,0.20851441405708068,0.20851441405708068,0.20851441405708068,0.20851441405708068,0.20851441405708068,0.20851441405708068,0.20851441405708068,0.20851441405708068,0.20851441405708068,0.20851441405708068,-4.795831523312714,0.20851441405708068,0.20851441405708068,0.20851441405708068,0.20851441405708068,0.20851441405708068,0.20851441405708068,0.20851441405708068,0.20851441405708068,0.20851441405708068,0.20851441405708068,0.20851441405708068,0.20851441405708068,0.20851441405708068,0.20851441405708068,0.20851441405708068,0.20851441405708068,0.20851441405708068,0.20851441405708068,0.20851441405708068,0.20851441405708068,0.20851441405708068,0.20851441405708068,0.20851441405708068,-4.795831523312714,0.20851441405708068,0.20851441405708068,0.20851441405708068,0.20851441405708068,0.20851441405708068,0.20851441405708068,0.20851441405708068,0.20851441405708068,0.20851441405708068,0.20851441405708068,0.20851441405708068,0.20851441405708068,0.20851441405708068,0.20851441405708068,0.20851441405708068,0.20851441405708068,0.20851441405708068,0.20851441405708068,0.20851441405708068,0.20851441405708068,0.20851441405708068,0.20851441405708068,0.20851441405708068,-4.795831523312714
1635,-1.0676230859259486,-1.4449907404560776,-1.6179693488045894,-1.6969378439202143,-1.555148473138378,-1.0904067133682718,-0.24431569427229052,0.8254087941847461,1.4792767817527774,1.5801441032450043,1.2806389424983484,0.9340181250020341,0.4646311596368911,0.059392271536541426,-0.19653643672334098,-0.3830082613241023,-0.38920186878415136,0.151190382105125,0.8950868781102974,0.9957329993360939,0.8457592186963356,0.5862913061735682,0.1208859456041709,-0.5323184411645696,-0.2085144140570718,-0.2085144140570718,-0.2085144140570718,-0.2085144140570718,-0.2085144140570718,-0.2085144140570718,-0.2085144140570718,-0.2085144140570718,-0.2085144140570718,-0.2085144140570718,-0.2085144140570718,-0.2085144140570718,-0.2085144140570718,-0.2085144140570718,-0.2085144140570718,-0.2085144140570718,-0.2085144140570718,-0.2085144140570718,-0.2085144140570718,-0.2085144140570718,-0.2085144140570718,-0.2085144140570718,-0.2085144140570718,4.795831523312723,-0.2085144140570718,-0.2085144140570718,-0.2085144140570718,-0.2085144140570718,-0.2085144140570718,-0.2085144140570718,-0.2085144140570718,-0.2085144140570718,-0.2085144140570718,-0.2085144140570718,-0.2085144140570718,-0.2085144140570718,-0.2085144140570718,-0.2085144140570718,-0.2085144140570718,-0.2085144140570718,-0.2085144140570718,-0.2085144140570718,-0.2085144140570718,-0.2085144140570718,-0.2085144140570718,-0.2085144140570718,-0.2085144140570718,4.795831523312723,-0.2085144140570718,-0.2085144140570718,-0.2085144140570718,-0.2085144140570718,-0.2085144140570718,-0.2085144140570718,-0.2085144140570718,-0.2085144140570718,-0.2085144140570718,-0.2085144140570718,-0.2085144140570718,-0.2085144140570718,-0.2085144140570718,-0.2085144140570718,-0.2085144140570718,-0.2085144140570718,-0.2085144140570718,-0.2085144140570718,-0.2085144140570718,-0.2085144140570718,-0.2085144140570718,-0.2085144140570718,-0.2085144140570718,4.795831523312723
1636,-0.006746511946492646,-0.6797892666614941,-1.099055942859421,-1.245602692425619,-1.1351564836062162,-0.8652960057465104,-0.2537313996300115,0.8832569183457822,1.7618225535499636,2.175370332203844,1.956265070047553,1.431556220381264,0.7856782290004846,0.081538968889729,-0.36346274625640845,-0.6315360686335997,-0.6701386270559152,-0.2094099436636492,0.4203836483744987,0.16160353450638343,-0.12612849817846847,-0.36703705722143765,-0.707311461092219,-1.2970727703220397,-0.20851441405707002,-0.20851441405707002,-0.20851441405707002,-0.20851441405707002,-0.20851441405707002,-0.20851441405707002,-0.20851441405707002,-0.20851441405707002,-0.20851441405707002,-0.20851441405707002,-0.20851441405707002,-0.20851441405707002,-0.20851441405707002,-0.20851441405707002,-0.20851441405707002,-0.20851441405707002,-0.20851441405707002,-0.20851441405707002,-0.20851441405707002,-0.20851441405707002,-0.20851441405707002,-0.20851441405707002,-0.20851441405707002,4.795831523312724,-0.20851441405707002,-0.20851441405707002,-0.20851441405707002,-0.20851441405707002,-0.20851441405707002,-0.20851441405707002,-0.20851441405707002,-0.20851441405707002,-0.20851441405707002,-0.20851441405707002,-0.20851441405707002,-0.20851441405707002,-0.20851441405707002,-0.20851441405707002,-0.20851441405707002,-0.20851441405707002,-0.20851441405707002,-0.20851441405707002,-0.20851441405707002,-0.20851441405707002,-0.20851441405707002,-0.20851441405707002,-0.20851441405707002,4.795831523312724,-0.20851441405707002,-0.20851441405707002,-0.20851441405707002,-0.20851441405707002,-0.20851441405707002,-0.20851441405707002,-0.20851441405707002,-0.20851441405707002,-0.20851441405707002,-0.20851441405707002,-0.20851441405707002,-0.20851441405707002,-0.20851441405707002,-0.20851441405707002,-0.20851441405707002,-0.20851441405707002,-0.20851441405707002,-0.20851441405707002,-0.20851441405707002,-0.20851441405707002,-0.20851441405707002,-0.20851441405707002,-0.20851441405707002,4.795831523312724
1637,0.10068912432960139,-0.7169742205862621,-1.1158646973613262,-1.188766799035689,-1.251727705027184,-1.1444456349495709,-0.6341309232290318,0.37821417047632305,1.3015027195226554,1.851996430461451,1.7571408549874221,1.3831033674195272,0.7427246788481366,-0.023990038193030284,-0.7070330249033945,-1.1224921611499048,-1.1465167173835016,-0.4203952160473775,0.7978154715906948,0.9320216133094079,0.8060998013264178,0.5190477759836146,-0.07949504742237462,-1.0185238229665807,0.20851441405707674,0.20851441405707674,0.20851441405707674,0.20851441405707674,0.20851441405707674,0.20851441405707674,0.20851441405707674,0.20851441405707674,0.20851441405707674,0.20851441405707674,0.20851441405707674,0.20851441405707674,0.20851441405707674,0.20851441405707674,0.20851441405707674,0.20851441405707674,0.20851441405707674,0.20851441405707674,0.20851441405707674,0.20851441405707674,0.20851441405707674,0.20851441405707674,0.20851441405707674,-4.795831523312717,0.20851441405707674,0.20851441405707674,0.20851441405707674,0.20851441405707674,0.20851441405707674,0.20851441405707674,0.20851441405707674,0.20851441405707674,0.20851441405707674,0.20851441405707674,0.20851441405707674,0.20851441405707674,0.20851441405707674,0.20851441405707674,0.20851441405707674,0.20851441405707674,0.20851441405707674,0.20851441405707674,0.20851441405707674,0.20851441405707674,0.20851441405707674,0.20851441405707674,0.20851441405707674,-4.795831523312717,0.20851441405707674,0.20851441405707674,0.20851441405707674,0.20851441405707674,0.20851441405707674,0.20851441405707674,0.20851441405707674,0.20851441405707674,0.20851441405707674,0.20851441405707674,0.20851441405707674,0.20851441405707674,0.20851441405707674,0.20851441405707674,0.20851441405707674,0.20851441405707674,0.20851441405707674,0.20851441405707674,0.20851441405707674,0.20851441405707674,0.20851441405707674,0.20851441405707674,0.20851441405707674,-4.795831523312717
1638,-1.2849037942085573,-1.5466231951646185,-1.6862355729772542,-1.7289945540545055,-1.6624168117060338,-1.4077282499203931,-0.9039471003827116,-0.26313633027867145,0.1871243496556049,0.46089661776095836,0.6164359985923018,0.7190288558749683,0.6811484162629068,0.636954570048835,0.6137097548323428,0.5520105539490608,0.5518670674353787,0.8002422226190092,1.2078874079897164,1.2076004349623524,1.0375689162491217,0.8161692256377169,0.4363604239213276,-0.041019207098856356,0.20851441405708634,0.20851441405708634,0.20851441405708634,0.20851441405708634,0.20851441405708634,0.20851441405708634,0.20851441405708634,0.20851441405708634,0.20851441405708634,0.20851441405708634,0.20851441405708634,0.20851441405708634,0.20851441405708634,0.20851441405708634,0.20851441405708634,0.20851441405708634,0.20851441405708634,0.20851441405708634,0.20851441405708634,0.20851441405708634,0.20851441405708634,0.20851441405708634,0.20851441405708634,-4.795831523312708,0.20851441405708634,0.20851441405708634,0.20851441405708634,0.20851441405708634,0.20851441405708634,0.20851441405708634,0.20851441405708634,0.20851441405708634,0.20851441405708634,0.20851441405708634,0.20851441405708634,0.20851441405708634,0.20851441405708634,0.20851441405708634,0.20851441405708634,0.20851441405708634,0.20851441405708634,0.20851441405708634,0.20851441405708634,0.20851441405708634,0.20851441405708634,0.20851441405708634,0.20851441405708634,-4.795831523312708,0.20851441405708634,0.20851441405708634,0.20851441405708634,0.20851441405708634,0.20851441405708634,0.20851441405708634,0.20851441405708634,0.20851441405708634,0.20851441405708634,0.20851441405708634,0.20851441405708634,0.20851441405708634,0.20851441405708634,0.20851441405708634,0.20851441405708634,0.20851441405708634,0.20851441405708634,0.20851441405708634,0.20851441405708634,0.20851441405708634,0.20851441405708634,0.20851441405708634,0.20851441405708634,-4.795831523312708
1639,-1.0477870756036582,-1.4376338748340955,-1.6810561730987088,-1.7794035049686114,-1.727277732159349,-1.5020741506047692,-0.9620916303379454,-0.25763458421665314,0.29871104272492294,0.6030310885110368,0.8282346700656166,0.9033025305838098,0.8142332488903131,0.6829910118495168,0.5711483342684783,0.4260733678737677,0.42894112883738406,0.7386593129079523,1.2157197837966052,1.1507734325617638,0.9363661275760927,0.6892326092409171,0.3086638601868857,-0.20112282405127171,-0.20851441405707366,-0.20851441405707366,-0.20851441405707366,-0.20851441405707366,-0.20851441405707366,-0.20851441405707366,-0.20851441405707366,-0.20851441405707366,-0.20851441405707366,-0.20851441405707366,-0.20851441405707366,-0.20851441405707366,-0.20851441405707366,-0.20851441405707366,-0.20851441405707366,-0.20851441405707366,-0.20851441405707366,-0.20851441405707366,-0.20851441405707366,-0.20851441405707366,-0.20851441405707366,-0.20851441405707366,-0.20851441405707366,4.795831523312722,-0.20851441405707366,-0.20851441405707366,-0.20851441405707366,-0.20851441405707366,-0.20851441405707366,-0.20851441405707366,-0.20851441405707366,-0.20851441405707366,-0.20851441405707366,-0.20851441405707366,-0.20851441405707366,-0.20851441405707366,-0.20851441405707366,-0.20851441405707366,-0.20851441405707366,-0.20851441405707366,-0.20851441405707366,-0.20851441405707366,-0.20851441405707366,-0.20851441405707366,-0.20851441405707366,-0.20851441405707366,-0.20851441405707366,4.795831523312722,-0.20851441405707366,-0.20851441405707366,-0.20851441405707366,-0.20851441405707366,-0.20851441405707366,-0.20851441405707366,-0.20851441405707366,-0.20851441405707366,-0.20851441405707366,-0.20851441405707366,-0.20851441405707366,-0.20851441405707366,-0.20851441405707366,-0.20851441405707366,-0.20851441405707366,-0.20851441405707366,-0.20851441405707366,-0.20851441405707366,-0.20851441405707366,-0.20851441405707366,-0.20851441405707366,-0.20851441405707366,-0.20851441405707366,4.795831523312722
1640,-0.41779101226433735,-0.8846703354318923,-1.2254103326910202,-1.4741396095364254,-1.6008249931327678,-1.7004805211773044,-1.4517512443318994,-0.8985948064737317,-0.3689188491959208,0.22983340560317175,0.7406703726479059,0.9571822459063102,0.9211424385039024,0.8132960451406367,0.6052480660449192,0.437335327010974,0.46163489412320347,0.9195042654401566,1.460101376476273,1.3866566174516692,1.1073481100830092,0.6407418157594117,0.06519701269671814,-0.7233102886529303,0.20851441405707571,0.20851441405707571,0.20851441405707571,0.20851441405707571,0.20851441405707571,0.20851441405707571,0.20851441405707571,0.20851441405707571,0.20851441405707571,0.20851441405707571,0.20851441405707571,0.20851441405707571,0.20851441405707571,0.20851441405707571,0.20851441405707571,0.20851441405707571,0.20851441405707571,0.20851441405707571,0.20851441405707571,0.20851441405707571,0.20851441405707571,0.20851441405707571,0.20851441405707571,-4.795831523312718,0.20851441405707571,0.20851441405707571,0.20851441405707571,0.20851441405707571,0.20851441405707571,0.20851441405707571,0.20851441405707571,0.20851441405707571,0.20851441405707571,0.20851441405707571,0.20851441405707571,0.20851441405707571,0.20851441405707571,0.20851441405707571,0.20851441405707571,0.20851441405707571,0.20851441405707571,0.20851441405707571,0.20851441405707571,0.20851441405707571,0.20851441405707571,0.20851441405707571,0.20851441405707571,-4.795831523312718,0.20851441405707571,0.20851441405707571,0.20851441405707571,0.20851441405707571,0.20851441405707571,0.20851441405707571,0.20851441405707571,0.20851441405707571,0.20851441405707571,0.20851441405707571,0.20851441405707571,0.20851441405707571,0.20851441405707571,0.20851441405707571,0.20851441405707571,0.20851441405707571,0.20851441405707571,0.20851441405707571,0.20851441405707571,0.20851441405707571,0.20851441405707571,0.20851441405707571,0.20851441405707571,-4.795831523312718
1641,-0.5591682949918022,-0.9482468268562122,-1.238566659768372,-1.4187916784788988,-1.4716295037938187,-1.4353155074864739,-1.4080319758693152,-1.06852493102763,-0.6725294474856303,-0.3001668821753949,0.05490330394086675,0.2839312594877195,0.44052335996648206,0.4968196611201967,0.4703046796894369,0.4785665941932244,0.5752117801328779,1.037494717251777,1.5668336581339743,1.6173658328896978,1.4131236208542075,1.1379826541234246,0.7519783230046099,0.19593226314505294,0.2085144140570739,0.2085144140570739,0.2085144140570739,0.2085144140570739,0.2085144140570739,0.2085144140570739,0.2085144140570739,0.2085144140570739,0.2085144140570739,0.2085144140570739,0.2085144140570739,0.2085144140570739,0.2085144140570739,0.2085144140570739,0.2085144140570739,0.2085144140570739,0.2085144140570739,0.2085144140570739,0.2085144140570739,0.2085144140570739,0.2085144140570739,0.2085144140570739,0.2085144140570739,-4.79583152331272,0.2085144140570739,0.2085144140570739,0.2085144140570739,0.2085144140570739,0.2085144140570739,0.2085144140570739,0.2085144140570739,0.2085144140570739,0.2085144140570739,0.2085144140570739,0.2085144140570739,0.2085144140570739,0.2085144140570739,0.2085144140570739,0.2085144140570739,0.2085144140570739,0.2085144140570739,0.2085144140570739,0.2085144140570739,0.2085144140570739,0.2085144140570739,0.2085144140570739,0.2085144140570739,-4.79583152331272,0.2085144140570739,0.2085144140570739,0.2085144140570739,0.2085144140570739,0.2085144140570739,0.2085144140570739,0.2085144140570739,0.2085144140570739,0.2085144140570739,0.2085144140570739,0.2085144140570739,0.2085144140570739,0.2085144140570739,0.2085144140570739,0.2085144140570739,0.2085144140570739,0.2085144140570739,0.2085144140570739,0.2085144140570739,0.2085144140570739,0.2085144140570739,0.2085144140570739,0.2085144140570739,-4.79583152331272
1642,-1.4663215037570385,-1.6107728861695763,-1.6712409067143597,-1.688843819361841,-1.604054217220156,-1.4148564996044786,-0.892009681960586,-0.2073773160146513,0.2906104265163859,0.5250919728511565,0.61928771152203,0.6699464754006595,0.6664527675469609,0.6332625429368243,0.5758851101087744,0.49862041719044026,0.48491433253362276,0.7501673826567387,1.113244252683415,1.1749216336390937,1.0781728007674407,0.8501411766241136,0.5131327421211883,0.11162508570382747,-0.2085144140570689,-0.2085144140570689,-0.2085144140570689,-0.2085144140570689,-0.2085144140570689,-0.2085144140570689,-0.2085144140570689,-0.2085144140570689,-0.2085144140570689,-0.2085144140570689,-0.2085144140570689,-0.2085144140570689,-0.2085144140570689,-0.2085144140570689,-0.2085144140570689,-0.2085144140570689,-0.2085144140570689,-0.2085144140570689,-0.2085144140570689,-0.2085144140570689,-0.2085144140570689,-0.2085144140570689,-0.2085144140570689,4.795831523312725,-0.2085144140570689,-0.2085144140570689,-0.2085144140570689,-0.2085144140570689,-0.2085144140570689,-0.2085144140570689,-0.2085144140570689,-0.2085144140570689,-0.2085144140570689,-0.2085144140570689,-0.2085144140570689,-0.2085144140570689,-0.2085144140570689,-0.2085144140570689,-0.2085144140570689,-0.2085144140570689,-0.2085144140570689,-0.2085144140570689,-0.2085144140570689,-0.2085144140570689,-0.2085144140570689,-0.2085144140570689,-0.2085144140570689,4.795831523312725,-0.2085144140570689,-0.2085144140570689,-0.2085144140570689,-0.2085144140570689,-0.2085144140570689,-0.2085144140570689,-0.2085144140570689,-0.2085144140570689,-0.2085144140570689,-0.2085144140570689,-0.2085144140570689,-0.2085144140570689,-0.2085144140570689,-0.2085144140570689,-0.2085144140570689,-0.2085144140570689,-0.2085144140570689,-0.2085144140570689,-0.2085144140570689,-0.2085144140570689,-0.2085144140570689,-0.2085144140570689,-0.2085144140570689,4.795831523312725
1643,-0.7961929276985593,-1.2216442993316752,-1.4484267485281819,-1.5989010536621096,-1.624337101682969,-1.3662281512397196,-0.5263030708035431,0.5481691471723498,1.3152668059066963,1.519558433695285,1.4751122866272566,1.231997217122619,0.8373368509884385,0.39582060692109555,0.08228784657976224,-0.20848634447974926,-0.28827521090307745,0.21910701014459683,1.0767034502584232,1.0049470200522084,0.5112199405736273,0.10236893712254617,-0.34343127292725734,-0.8976693719080941,-0.20851441405707496,-0.20851441405707496,-0.20851441405707496,-0.20851441405707496,-0.20851441405707496,-0.20851441405707496,-0.20851441405707496,-0.20851441405707496,-0.20851441405707496,-0.20851441405707496,-0.20851441405707496,-0.20851441405707496,-0.20851441405707496,-0.20851441405707496,-0.20851441405707496,-0.20851441405707496,-0.20851441405707496,-0.20851441405707496,-0.20851441405707496,-0.20851441405707496,-0.20851441405707496,-0.20851441405707496,-0.20851441405707496,4.795831523312718,-0.20851441405707496,-0.20851441405707496,-0.20851441405707496,-0.20851441405707496,-0.20851441405707496,-0.20851441405707496,-0.20851441405707496,-0.20851441405707496,-0.20851441405707496,-0.20851441405707496,-0.20851441405707496,-0.20851441405707496,-0.20851441405707496,-0.20851441405707496,-0.20851441405707496,-0.20851441405707496,-0.20851441405707496,-0.20851441405707496,-0.20851441405707496,-0.20851441405707496,-0.20851441405707496,-0.20851441405707496,-0.20851441405707496,4.795831523312718,-0.20851441405707496,-0.20851441405707496,-0.20851441405707496,-0.20851441405707496,-0.20851441405707496,-0.20851441405707496,-0.20851441405707496,-0.20851441405707496,-0.20851441405707496,-0.20851441405707496,-0.20851441405707496,-0.20851441405707496,-0.20851441405707496,-0.20851441405707496,-0.20851441405707496,-0.20851441405707496,-0.20851441405707496,-0.20851441405707496,-0.20851441405707496,-0.20851441405707496,-0.20851441405707496,-0.20851441405707496,-0.20851441405707496,4.795831523312718
1644,-0.0016483868694075624,-0.355174762265315,-0.6253699206036157,-0.8606333061349399,-1.1952207685632095,-1.1632350488845322,-0.7234314033027186,-0.05678166684186456,0.35398231218957077,0.5454757655290207,0.5387419298071938,0.3262052398370352,0.05685181096396284,-0.4347181967293942,-0.9826840785930508,-1.2798145798186586,-0.9725833250103105,0.2605503415492238,2.1018335467362417,2.2352476669749355,1.7777677026233267,1.1940283184874652,0.14565426954555388,-0.885043460626562,0.2085144140570758,0.2085144140570758,0.2085144140570758,0.2085144140570758,0.2085144140570758,0.2085144140570758,0.2085144140570758,0.2085144140570758,0.2085144140570758,0.2085144140570758,0.2085144140570758,0.2085144140570758,0.2085144140570758,0.2085144140570758,0.2085144140570758,0.2085144140570758,0.2085144140570758,0.2085144140570758,0.2085144140570758,0.2085144140570758,0.2085144140570758,0.2085144140570758,0.2085144140570758,-4.795831523312718,0.2085144140570758,0.2085144140570758,0.2085144140570758,0.2085144140570758,0.2085144140570758,0.2085144140570758,0.2085144140570758,0.2085144140570758,0.2085144140570758,0.2085144140570758,0.2085144140570758,0.2085144140570758,0.2085144140570758,0.2085144140570758,0.2085144140570758,0.2085144140570758,0.2085144140570758,0.2085144140570758,0.2085144140570758,0.2085144140570758,0.2085144140570758,0.2085144140570758,0.2085144140570758,-4.795831523312718,0.2085144140570758,0.2085144140570758,0.2085144140570758,0.2085144140570758,0.2085144140570758,0.2085144140570758,0.2085144140570758,0.2085144140570758,0.2085144140570758,0.2085144140570758,0.2085144140570758,0.2085144140570758,0.2085144140570758,0.2085144140570758,0.2085144140570758,0.2085144140570758,0.2085144140570758,0.2085144140570758,0.2085144140570758,0.2085144140570758,0.2085144140570758,0.2085144140570758,0.2085144140570758,-4.795831523312718
1645,-1.1569716145624975,-1.427661086448817,-1.6155792480473172,-1.6716090580883027,-1.7711165454013518,-1.5519090093643793,-0.8577214927526885,0.05294483538099166,0.5919588845739789,0.7054738243972742,0.7451312873483614,0.7305780899351184,0.7051099944619432,0.6439865653263226,0.5814078164493778,0.5002737408705481,0.49754501635556503,0.8118940804816136,1.2326634006920016,1.2181102032787585,0.9594271192583644,0.5986897383776039,0.0322065290671204,-0.5548330715895687,0.20851441405707408,0.20851441405707408,0.20851441405707408,0.20851441405707408,0.20851441405707408,0.20851441405707408,0.20851441405707408,0.20851441405707408,0.20851441405707408,0.20851441405707408,0.20851441405707408,0.20851441405707408,0.20851441405707408,0.20851441405707408,0.20851441405707408,0.20851441405707408,0.20851441405707408,0.20851441405707408,0.20851441405707408,0.20851441405707408,0.20851441405707408,0.20851441405707408,0.20851441405707408,-4.79583152331272,0.20851441405707408,0.20851441405707408,0.20851441405707408,0.20851441405707408,0.20851441405707408,0.20851441405707408,0.20851441405707408,0.20851441405707408,0.20851441405707408,0.20851441405707408,0.20851441405707408,0.20851441405707408,0.20851441405707408,0.20851441405707408,0.20851441405707408,0.20851441405707408,0.20851441405707408,0.20851441405707408,0.20851441405707408,0.20851441405707408,0.20851441405707408,0.20851441405707408,0.20851441405707408,-4.79583152331272,0.20851441405707408,0.20851441405707408,0.20851441405707408,0.20851441405707408,0.20851441405707408,0.20851441405707408,0.20851441405707408,0.20851441405707408,0.20851441405707408,0.20851441405707408,0.20851441405707408,0.20851441405707408,0.20851441405707408,0.20851441405707408,0.20851441405707408,0.20851441405707408,0.20851441405707408,0.20851441405707408,0.20851441405707408,0.20851441405707408,0.20851441405707408,0.20851441405707408,0.20851441405707408,-4.79583152331272
1646,-0.9789200363125472,-1.322936617310655,-1.551235174550279,-1.7852550375897642,-1.9120465564447535,-1.6492356061543536,-0.9905472061638781,-0.17664531657071558,0.42372267591149704,0.5957309664105509,0.7223379270139317,0.8028053247152058,0.7751215869739418,0.7579576695743582,0.7171702959688958,0.5973919906750268,0.5658325296499858,0.7424547764392503,1.1062190903594598,1.0995749933015564,0.8912087272356424,0.6003449227007616,0.2116652448134146,-0.2427171706465324,0.20851441405708138,0.20851441405708138,0.20851441405708138,0.20851441405708138,0.20851441405708138,0.20851441405708138,0.20851441405708138,0.20851441405708138,0.20851441405708138,0.20851441405708138,0.20851441405708138,0.20851441405708138,0.20851441405708138,0.20851441405708138,0.20851441405708138,0.20851441405708138,0.20851441405708138,0.20851441405708138,0.20851441405708138,0.20851441405708138,0.20851441405708138,0.20851441405708138,0.20851441405708138,-4.795831523312713,0.20851441405708138,0.20851441405708138,0.20851441405708138,0.20851441405708138,0.20851441405708138,0.20851441405708138,0.20851441405708138,0.20851441405708138,0.20851441405708138,0.20851441405708138,0.20851441405708138,0.20851441405708138,0.20851441405708138,0.20851441405708138,0.20851441405708138,0.20851441405708138,0.20851441405708138,0.20851441405708138,0.20851441405708138,0.20851441405708138,0.20851441405708138,0.20851441405708138,0.20851441405708138,-4.795831523312713,0.20851441405708138,0.20851441405708138,0.20851441405708138,0.20851441405708138,0.20851441405708138,0.20851441405708138,0.20851441405708138,0.20851441405708138,0.20851441405708138,0.20851441405708138,0.20851441405708138,0.20851441405708138,0.20851441405708138,0.20851441405708138,0.20851441405708138,0.20851441405708138,0.20851441405708138,0.20851441405708138,0.20851441405708138,0.20851441405708138,0.20851441405708138,0.20851441405708138,0.20851441405708138,-4.795831523312713
1647,-0.8663275362420948,-1.2628314689780646,-1.4621130185528077,-1.6064834637671164,-1.5483692116523233,-1.5582074511835677,-1.2166146228080323,-0.6702491344217104,-0.04426254471275874,0.44879341319030813,0.7530924498543818,0.7691081886261752,0.6469309814242088,0.41630434311038444,0.17194992870645157,0.014538096206539721,0.10262465945140317,0.5613611771291985,1.3429292291927144,1.458013752081458,1.3957811671396323,1.164696936289471,0.7672778184808274,0.2220563114353479,-0.20851441405707163,-0.20851441405707163,-0.20851441405707163,-0.20851441405707163,-0.20851441405707163,-0.20851441405707163,-0.20851441405707163,-0.20851441405707163,-0.20851441405707163,-0.20851441405707163,-0.20851441405707163,-0.20851441405707163,-0.20851441405707163,-0.20851441405707163,-0.20851441405707163,-0.20851441405707163,-0.20851441405707163,-0.20851441405707163,-0.20851441405707163,-0.20851441405707163,-0.20851441405707163,-0.20851441405707163,-0.20851441405707163,4.795831523312723,-0.20851441405707163,-0.20851441405707163,-0.20851441405707163,-0.20851441405707163,-0.20851441405707163,-0.20851441405707163,-0.20851441405707163,-0.20851441405707163,-0.20851441405707163,-0.20851441405707163,-0.20851441405707163,-0.20851441405707163,-0.20851441405707163,-0.20851441405707163,-0.20851441405707163,-0.20851441405707163,-0.20851441405707163,-0.20851441405707163,-0.20851441405707163,-0.20851441405707163,-0.20851441405707163,-0.20851441405707163,-0.20851441405707163,4.795831523312723,-0.20851441405707163,-0.20851441405707163,-0.20851441405707163,-0.20851441405707163,-0.20851441405707163,-0.20851441405707163,-0.20851441405707163,-0.20851441405707163,-0.20851441405707163,-0.20851441405707163,-0.20851441405707163,-0.20851441405707163,-0.20851441405707163,-0.20851441405707163,-0.20851441405707163,-0.20851441405707163,-0.20851441405707163,-0.20851441405707163,-0.20851441405707163,-0.20851441405707163,-0.20851441405707163,-0.20851441405707163,-0.20851441405707163,4.795831523312723
1648,-0.14526302966573992,-0.661931691763599,-1.1281685521825833,-1.372779943999166,-1.3226912158011,-1.0712183543683438,-0.5346514303835819,0.2585344572460663,0.9827625752331715,1.2143371747790246,0.875723649220866,0.30519245063604555,-0.12364940037479363,-0.5013733027451408,-0.9336458885640667,-1.1923232930938048,-1.034509491921816,0.019069167641613653,1.426013512437975,1.8136865457517735,1.7059614727778507,1.2856964587872282,0.45957551699994764,-0.3243473866478664,-0.20851441405703877,-0.20851441405703877,-0.20851441405703877,-0.20851441405703877,-0.20851441405703877,-0.20851441405703877,-0.20851441405703877,-0.20851441405703877,-0.20851441405703877,-0.20851441405703877,-0.20851441405703877,-0.20851441405703877,-0.20851441405703877,-0.20851441405703877,-0.20851441405703877,-0.20851441405703877,-0.20851441405703877,-0.20851441405703877,-0.20851441405703877,-0.20851441405703877,-0.20851441405703877,-0.20851441405703877,-0.20851441405703877,4.7958315233127555,-0.20851441405703877,-0.20851441405703877,-0.20851441405703877,-0.20851441405703877,-0.20851441405703877,-0.20851441405703877,-0.20851441405703877,-0.20851441405703877,-0.20851441405703877,-0.20851441405703877,-0.20851441405703877,-0.20851441405703877,-0.20851441405703877,-0.20851441405703877,-0.20851441405703877,-0.20851441405703877,-0.20851441405703877,-0.20851441405703877,-0.20851441405703877,-0.20851441405703877,-0.20851441405703877,-0.20851441405703877,-0.20851441405703877,4.7958315233127555,-0.20851441405703877,-0.20851441405703877,-0.20851441405703877,-0.20851441405703877,-0.20851441405703877,-0.20851441405703877,-0.20851441405703877,-0.20851441405703877,-0.20851441405703877,-0.20851441405703877,-0.20851441405703877,-0.20851441405703877,-0.20851441405703877,-0.20851441405703877,-0.20851441405703877,-0.20851441405703877,-0.20851441405703877,-0.20851441405703877,-0.20851441405703877,-0.20851441405703877,-0.20851441405703877,-0.20851441405703877,-0.20851441405703877,4.7958315233127555
1649,-1.3609246862120103,-1.5669021560648864,-1.685365882249701,-1.6426762511921102,-1.5233231576935957,-1.0640538768990138,-0.055511343163428956,1.1054687481403032,1.6052931784395965,1.40180593706508,1.0101285721116835,0.6762600825487748,0.36231342081274187,0.11684804223159426,-0.05088663313218994,-0.2627339272554847,-0.27465144925906215,0.1470865308973878,0.8288755135796623,1.0291610326248595,0.9078513310362054,0.6177397133073274,0.10261816521239729,-0.42442090488611023,0.2085144140570769,0.2085144140570769,0.2085144140570769,0.2085144140570769,0.2085144140570769,0.2085144140570769,0.2085144140570769,0.2085144140570769,0.2085144140570769,0.2085144140570769,0.2085144140570769,0.2085144140570769,0.2085144140570769,0.2085144140570769,0.2085144140570769,0.2085144140570769,0.2085144140570769,0.2085144140570769,0.2085144140570769,0.2085144140570769,0.2085144140570769,0.2085144140570769,0.2085144140570769,-4.795831523312718,0.2085144140570769,0.2085144140570769,0.2085144140570769,0.2085144140570769,0.2085144140570769,0.2085144140570769,0.2085144140570769,0.2085144140570769,0.2085144140570769,0.2085144140570769,0.2085144140570769,0.2085144140570769,0.2085144140570769,0.2085144140570769,0.2085144140570769,0.2085144140570769,0.2085144140570769,0.2085144140570769,0.2085144140570769,0.2085144140570769,0.2085144140570769,0.2085144140570769,0.2085144140570769,-4.795831523312718,0.2085144140570769,0.2085144140570769,0.2085144140570769,0.2085144140570769,0.2085144140570769,0.2085144140570769,0.2085144140570769,0.2085144140570769,0.2085144140570769,0.2085144140570769,0.2085144140570769,0.2085144140570769,0.2085144140570769,0.2085144140570769,0.2085144140570769,0.2085144140570769,0.2085144140570769,0.2085144140570769,0.2085144140570769,0.2085144140570769,0.2085144140570769,0.2085144140570769,0.2085144140570769,-4.795831523312718
1650,-1.139663149890074,-1.4621329519702564,-1.6568098797054533,-1.686686041882637,-1.5683378897743094,-1.3144868859849488,-0.44056095494397607,0.839102533406491,1.3618389967905047,1.1727518026239423,0.8138523576309358,0.5413046588016602,0.19782516848074858,-0.020367190129392813,-0.17938547268537042,-0.33146477563890536,-0.3287662835712888,0.15445654596548197,0.9435727263099333,1.2338533730121177,1.2242159013420586,1.041103939610933,0.6268854072317863,-0.02210193503000348,-0.20851441405707405,-0.20851441405707405,-0.20851441405707405,-0.20851441405707405,-0.20851441405707405,-0.20851441405707405,-0.20851441405707405,-0.20851441405707405,-0.20851441405707405,-0.20851441405707405,-0.20851441405707405,-0.20851441405707405,-0.20851441405707405,-0.20851441405707405,-0.20851441405707405,-0.20851441405707405,-0.20851441405707405,-0.20851441405707405,-0.20851441405707405,-0.20851441405707405,-0.20851441405707405,-0.20851441405707405,-0.20851441405707405,4.79583152331272,-0.20851441405707405,-0.20851441405707405,-0.20851441405707405,-0.20851441405707405,-0.20851441405707405,-0.20851441405707405,-0.20851441405707405,-0.20851441405707405,-0.20851441405707405,-0.20851441405707405,-0.20851441405707405,-0.20851441405707405,-0.20851441405707405,-0.20851441405707405,-0.20851441405707405,-0.20851441405707405,-0.20851441405707405,-0.20851441405707405,-0.20851441405707405,-0.20851441405707405,-0.20851441405707405,-0.20851441405707405,-0.20851441405707405,4.79583152331272,-0.20851441405707405,-0.20851441405707405,-0.20851441405707405,-0.20851441405707405,-0.20851441405707405,-0.20851441405707405,-0.20851441405707405,-0.20851441405707405,-0.20851441405707405,-0.20851441405707405,-0.20851441405707405,-0.20851441405707405,-0.20851441405707405,-0.20851441405707405,-0.20851441405707405,-0.20851441405707405,-0.20851441405707405,-0.20851441405707405,-0.20851441405707405,-0.20851441405707405,-0.20851441405707405,-0.20851441405707405,-0.20851441405707405,4.79583152331272
1651,-1.1438565561338778,-1.4102384544295412,-1.49473908590355,-1.587045780331278,-1.4215572457124337,-1.017983791005158,0.03739592033766042,1.3636460161745305,1.8448897972713112,1.534793946434821,1.0342301595275858,0.6329985237064255,0.2483547716619183,-0.06330229176531559,-0.269772656891185,-0.48443938811845944,-0.49985636245205456,-0.12672655326428303,0.7184749130496493,1.006713787615726,0.9046495144958491,0.6854942970701863,0.08872078425836331,-0.58084426559689,-0.20851441405707596,-0.20851441405707596,-0.20851441405707596,-0.20851441405707596,-0.20851441405707596,-0.20851441405707596,-0.20851441405707596,-0.20851441405707596,-0.20851441405707596,-0.20851441405707596,-0.20851441405707596,-0.20851441405707596,-0.20851441405707596,-0.20851441405707596,-0.20851441405707596,-0.20851441405707596,-0.20851441405707596,-0.20851441405707596,-0.20851441405707596,-0.20851441405707596,-0.20851441405707596,-0.20851441405707596,-0.20851441405707596,4.795831523312718,-0.20851441405707596,-0.20851441405707596,-0.20851441405707596,-0.20851441405707596,-0.20851441405707596,-0.20851441405707596,-0.20851441405707596,-0.20851441405707596,-0.20851441405707596,-0.20851441405707596,-0.20851441405707596,-0.20851441405707596,-0.20851441405707596,-0.20851441405707596,-0.20851441405707596,-0.20851441405707596,-0.20851441405707596,-0.20851441405707596,-0.20851441405707596,-0.20851441405707596,-0.20851441405707596,-0.20851441405707596,-0.20851441405707596,4.795831523312718,-0.20851441405707596,-0.20851441405707596,-0.20851441405707596,-0.20851441405707596,-0.20851441405707596,-0.20851441405707596,-0.20851441405707596,-0.20851441405707596,-0.20851441405707596,-0.20851441405707596,-0.20851441405707596,-0.20851441405707596,-0.20851441405707596,-0.20851441405707596,-0.20851441405707596,-0.20851441405707596,-0.20851441405707596,-0.20851441405707596,-0.20851441405707596,-0.20851441405707596,-0.20851441405707596,-0.20851441405707596,-0.20851441405707596,4.795831523312718
1652,-0.519572147642452,-1.0345715569649165,-1.3446787281698416,-1.5374888687079686,-1.5176037497751853,-1.0531981240665111,-0.10349491225142843,1.334526410064916,1.7730058680511005,1.4842940779763854,1.2408901538244679,0.9753357174436271,0.6244514669081844,0.2957177286016649,0.15803215826960812,-0.11230477506975016,-0.26106560151626856,0.11473797527671276,0.7392313939126046,0.7860495220328287,0.4547986800639316,-0.009606945644742538,-0.8052634133223138,-1.6822223292946827,0.2085144140570768,0.2085144140570768,0.2085144140570768,0.2085144140570768,0.2085144140570768,0.2085144140570768,0.2085144140570768,0.2085144140570768,0.2085144140570768,0.2085144140570768,0.2085144140570768,0.2085144140570768,0.2085144140570768,0.2085144140570768,0.2085144140570768,0.2085144140570768,0.2085144140570768,0.2085144140570768,0.2085144140570768,0.2085144140570768,0.2085144140570768,0.2085144140570768,0.2085144140570768,-4.795831523312717,0.2085144140570768,0.2085144140570768,0.2085144140570768,0.2085144140570768,0.2085144140570768,0.2085144140570768,0.2085144140570768,0.2085144140570768,0.2085144140570768,0.2085144140570768,0.2085144140570768,0.2085144140570768,0.2085144140570768,0.2085144140570768,0.2085144140570768,0.2085144140570768,0.2085144140570768,0.2085144140570768,0.2085144140570768,0.2085144140570768,0.2085144140570768,0.2085144140570768,0.2085144140570768,-4.795831523312717,0.2085144140570768,0.2085144140570768,0.2085144140570768,0.2085144140570768,0.2085144140570768,0.2085144140570768,0.2085144140570768,0.2085144140570768,0.2085144140570768,0.2085144140570768,0.2085144140570768,0.2085144140570768,0.2085144140570768,0.2085144140570768,0.2085144140570768,0.2085144140570768,0.2085144140570768,0.2085144140570768,0.2085144140570768,0.2085144140570768,0.2085144140570768,0.2085144140570768,0.2085144140570768,-4.795831523312717
1653,-1.0235844228980062,-1.391713053515289,-1.5970007175492456,-1.7170091076142089,-1.8223540931053182,-1.6558472753785283,-0.8892985073269218,0.22164732867638778,0.7831013722279041,0.7856095861681687,0.8191810650609397,0.7879248605745667,0.7335159120242135,0.6706176239837344,0.6343449916168322,0.529771764261189,0.5210894852371964,0.7979577163356246,1.1174655844185495,1.0638283940036624,0.7811719768892391,0.45028067630819085,-0.03689164670472284,-0.5638095136941356,0.20851441405707666,0.20851441405707666,0.20851441405707666,0.20851441405707666,0.20851441405707666,0.20851441405707666,0.20851441405707666,0.20851441405707666,0.20851441405707666,0.20851441405707666,0.20851441405707666,0.20851441405707666,0.20851441405707666,0.20851441405707666,0.20851441405707666,0.20851441405707666,0.20851441405707666,0.20851441405707666,0.20851441405707666,0.20851441405707666,0.20851441405707666,0.20851441405707666,0.20851441405707666,-4.795831523312717,0.20851441405707666,0.20851441405707666,0.20851441405707666,0.20851441405707666,0.20851441405707666,0.20851441405707666,0.20851441405707666,0.20851441405707666,0.20851441405707666,0.20851441405707666,0.20851441405707666,0.20851441405707666,0.20851441405707666,0.20851441405707666,0.20851441405707666,0.20851441405707666,0.20851441405707666,0.20851441405707666,0.20851441405707666,0.20851441405707666,0.20851441405707666,0.20851441405707666,0.20851441405707666,-4.795831523312717,0.20851441405707666,0.20851441405707666,0.20851441405707666,0.20851441405707666,0.20851441405707666,0.20851441405707666,0.20851441405707666,0.20851441405707666,0.20851441405707666,0.20851441405707666,0.20851441405707666,0.20851441405707666,0.20851441405707666,0.20851441405707666,0.20851441405707666,0.20851441405707666,0.20851441405707666,0.20851441405707666,0.20851441405707666,0.20851441405707666,0.20851441405707666,0.20851441405707666,0.20851441405707666,-4.795831523312717
1654,-0.7670917632299805,-1.1264944134015427,-1.3498519926042083,-1.4523011301723732,-1.5997909696623978,-1.649631090641505,-1.390277868509484,-0.9561150368692612,-0.4425771977437935,0.0595158728605459,0.4412542809523745,0.6359999388522194,0.649106044739318,0.6232630190464475,0.5193371371529758,0.4840798663862741,0.5588400478549349,0.8628647858274889,1.344837214999522,1.4214433268748166,1.2420188913500305,1.0378589883763543,0.651690347308605,0.2020217002526599,-0.20851441405707585,-0.20851441405707585,-0.20851441405707585,-0.20851441405707585,-0.20851441405707585,-0.20851441405707585,-0.20851441405707585,-0.20851441405707585,-0.20851441405707585,-0.20851441405707585,-0.20851441405707585,-0.20851441405707585,-0.20851441405707585,-0.20851441405707585,-0.20851441405707585,-0.20851441405707585,-0.20851441405707585,-0.20851441405707585,-0.20851441405707585,-0.20851441405707585,-0.20851441405707585,-0.20851441405707585,-0.20851441405707585,4.795831523312718,-0.20851441405707585,-0.20851441405707585,-0.20851441405707585,-0.20851441405707585,-0.20851441405707585,-0.20851441405707585,-0.20851441405707585,-0.20851441405707585,-0.20851441405707585,-0.20851441405707585,-0.20851441405707585,-0.20851441405707585,-0.20851441405707585,-0.20851441405707585,-0.20851441405707585,-0.20851441405707585,-0.20851441405707585,-0.20851441405707585,-0.20851441405707585,-0.20851441405707585,-0.20851441405707585,-0.20851441405707585,-0.20851441405707585,4.795831523312718,-0.20851441405707585,-0.20851441405707585,-0.20851441405707585,-0.20851441405707585,-0.20851441405707585,-0.20851441405707585,-0.20851441405707585,-0.20851441405707585,-0.20851441405707585,-0.20851441405707585,-0.20851441405707585,-0.20851441405707585,-0.20851441405707585,-0.20851441405707585,-0.20851441405707585,-0.20851441405707585,-0.20851441405707585,-0.20851441405707585,-0.20851441405707585,-0.20851441405707585,-0.20851441405707585,-0.20851441405707585,-0.20851441405707585,4.795831523312718
1655,-0.9007717881360409,-1.3197012072085694,-1.490849201585761,-1.502228104875425,-1.4829536360378308,-1.3970313050750616,-1.1810643650875607,-0.7075626547278681,-0.126541919406656,0.38852762133772784,0.7004024604809683,0.7312880551243421,0.6500101744838848,0.5129988899756853,0.32118309166420606,0.1746506839952673,0.243156326249367,0.747311408736318,1.4999445834669527,1.6302214150078,1.449087852437638,0.988822825496534,0.4256832239162226,-0.3545844302321677,-0.20851441405708068,-0.20851441405708068,-0.20851441405708068,-0.20851441405708068,-0.20851441405708068,-0.20851441405708068,-0.20851441405708068,-0.20851441405708068,-0.20851441405708068,-0.20851441405708068,-0.20851441405708068,-0.20851441405708068,-0.20851441405708068,-0.20851441405708068,-0.20851441405708068,-0.20851441405708068,-0.20851441405708068,-0.20851441405708068,-0.20851441405708068,-0.20851441405708068,-0.20851441405708068,-0.20851441405708068,-0.20851441405708068,4.795831523312714,-0.20851441405708068,-0.20851441405708068,-0.20851441405708068,-0.20851441405708068,-0.20851441405708068,-0.20851441405708068,-0.20851441405708068,-0.20851441405708068,-0.20851441405708068,-0.20851441405708068,-0.20851441405708068,-0.20851441405708068,-0.20851441405708068,-0.20851441405708068,-0.20851441405708068,-0.20851441405708068,-0.20851441405708068,-0.20851441405708068,-0.20851441405708068,-0.20851441405708068,-0.20851441405708068,-0.20851441405708068,-0.20851441405708068,4.795831523312714,-0.20851441405708068,-0.20851441405708068,-0.20851441405708068,-0.20851441405708068,-0.20851441405708068,-0.20851441405708068,-0.20851441405708068,-0.20851441405708068,-0.20851441405708068,-0.20851441405708068,-0.20851441405708068,-0.20851441405708068,-0.20851441405708068,-0.20851441405708068,-0.20851441405708068,-0.20851441405708068,-0.20851441405708068,-0.20851441405708068,-0.20851441405708068,-0.20851441405708068,-0.20851441405708068,-0.20851441405708068,-0.20851441405708068,4.795831523312714
1656,-1.4381563064684617,-1.5823612847016868,-1.5872793594769976,-1.6891537655370106,-1.6206520097380364,-1.3910833050476281,-0.5527272013847986,0.5151976069684392,1.0335275591806767,0.9608103107171504,0.9353417092021472,0.8617462331001725,0.7279043410006384,0.6023177887025192,0.4449393958925683,0.29546505182865296,0.23767767321874914,0.488675132287298,1.0679540826078535,1.145589405846691,0.8664886623477938,0.43440066423118767,-0.09376543753167187,-0.6628569472462262,0.20851441405706853,0.20851441405706853,0.20851441405706853,0.20851441405706853,0.20851441405706853,0.20851441405706853,0.20851441405706853,0.20851441405706853,0.20851441405706853,0.20851441405706853,0.20851441405706853,0.20851441405706853,0.20851441405706853,0.20851441405706853,0.20851441405706853,0.20851441405706853,0.20851441405706853,0.20851441405706853,0.20851441405706853,0.20851441405706853,0.20851441405706853,0.20851441405706853,0.20851441405706853,-4.795831523312725,0.20851441405706853,0.20851441405706853,0.20851441405706853,0.20851441405706853,0.20851441405706853,0.20851441405706853,0.20851441405706853,0.20851441405706853,0.20851441405706853,0.20851441405706853,0.20851441405706853,0.20851441405706853,0.20851441405706853,0.20851441405706853,0.20851441405706853,0.20851441405706853,0.20851441405706853,0.20851441405706853,0.20851441405706853,0.20851441405706853,0.20851441405706853,0.20851441405706853,0.20851441405706853,-4.795831523312725,0.20851441405706853,0.20851441405706853,0.20851441405706853,0.20851441405706853,0.20851441405706853,0.20851441405706853,0.20851441405706853,0.20851441405706853,0.20851441405706853,0.20851441405706853,0.20851441405706853,0.20851441405706853,0.20851441405706853,0.20851441405706853,0.20851441405706853,0.20851441405706853,0.20851441405706853,0.20851441405706853,0.20851441405706853,0.20851441405706853,0.20851441405706853,0.20851441405706853,0.20851441405706853,-4.795831523312725
1657,-0.8961596942211144,-1.2613423478593808,-1.6326662112885613,-1.7217137532568112,-1.7098699915171918,-1.6021794912550964,-0.7926364434599962,0.4656535769140187,1.0413919948121866,0.9608982807669951,0.8747020147730981,0.7849964860415358,0.6588823564066991,0.501184862132877,0.30664010911357237,0.08818850369392466,0.0416907724198631,0.3487512619655526,1.1085066446700302,1.3282742236163023,1.124517655910627,0.7058187455229687,0.04015546997213465,-0.7636850258742598,0.20851441405707255,0.20851441405707255,0.20851441405707255,0.20851441405707255,0.20851441405707255,0.20851441405707255,0.20851441405707255,0.20851441405707255,0.20851441405707255,0.20851441405707255,0.20851441405707255,0.20851441405707255,0.20851441405707255,0.20851441405707255,0.20851441405707255,0.20851441405707255,0.20851441405707255,0.20851441405707255,0.20851441405707255,0.20851441405707255,0.20851441405707255,0.20851441405707255,0.20851441405707255,-4.795831523312722,0.20851441405707255,0.20851441405707255,0.20851441405707255,0.20851441405707255,0.20851441405707255,0.20851441405707255,0.20851441405707255,0.20851441405707255,0.20851441405707255,0.20851441405707255,0.20851441405707255,0.20851441405707255,0.20851441405707255,0.20851441405707255,0.20851441405707255,0.20851441405707255,0.20851441405707255,0.20851441405707255,0.20851441405707255,0.20851441405707255,0.20851441405707255,0.20851441405707255,0.20851441405707255,-4.795831523312722,0.20851441405707255,0.20851441405707255,0.20851441405707255,0.20851441405707255,0.20851441405707255,0.20851441405707255,0.20851441405707255,0.20851441405707255,0.20851441405707255,0.20851441405707255,0.20851441405707255,0.20851441405707255,0.20851441405707255,0.20851441405707255,0.20851441405707255,0.20851441405707255,0.20851441405707255,0.20851441405707255,0.20851441405707255,0.20851441405707255,0.20851441405707255,0.20851441405707255,0.20851441405707255,-4.795831523312722
1658,-1.1010403478167206,-1.3556892677014707,-1.5855723318484096,-1.7577349741548054,-1.7159925237580111,-1.7086027119652771,-0.899717907625483,0.21973871665218284,0.6653243952897336,0.6447527570559068,0.6461508295572349,0.6815020913765296,0.5892293062888789,0.4913642311959162,0.42285867863084226,0.33877460390811304,0.3411712996246754,0.6359648727618449,1.1688302204108747,1.3537752398722696,1.1386717993107984,0.8592570236882374,0.3132098495981146,-0.3862258503519988,0.2085144140570718,0.2085144140570718,0.2085144140570718,0.2085144140570718,0.2085144140570718,0.2085144140570718,0.2085144140570718,0.2085144140570718,0.2085144140570718,0.2085144140570718,0.2085144140570718,0.2085144140570718,0.2085144140570718,0.2085144140570718,0.2085144140570718,0.2085144140570718,0.2085144140570718,0.2085144140570718,0.2085144140570718,0.2085144140570718,0.2085144140570718,0.2085144140570718,0.2085144140570718,-4.795831523312723,0.2085144140570718,0.2085144140570718,0.2085144140570718,0.2085144140570718,0.2085144140570718,0.2085144140570718,0.2085144140570718,0.2085144140570718,0.2085144140570718,0.2085144140570718,0.2085144140570718,0.2085144140570718,0.2085144140570718,0.2085144140570718,0.2085144140570718,0.2085144140570718,0.2085144140570718,0.2085144140570718,0.2085144140570718,0.2085144140570718,0.2085144140570718,0.2085144140570718,0.2085144140570718,-4.795831523312723,0.2085144140570718,0.2085144140570718,0.2085144140570718,0.2085144140570718,0.2085144140570718,0.2085144140570718,0.2085144140570718,0.2085144140570718,0.2085144140570718,0.2085144140570718,0.2085144140570718,0.2085144140570718,0.2085144140570718,0.2085144140570718,0.2085144140570718,0.2085144140570718,0.2085144140570718,0.2085144140570718,0.2085144140570718,0.2085144140570718,0.2085144140570718,0.2085144140570718,0.2085144140570718,-4.795831523312723
1659,-1.3359158519420682,-1.5521149253426687,-1.6910884065866114,-1.744527212973497,-1.6446552973784947,-1.509266126319038,-0.7197403465908467,0.28679912248896455,0.8073387151904856,0.7806193119970428,0.6934554052379462,0.6017296491531399,0.49680711466181604,0.3565302478962418,0.2814226572122352,0.2107139926637344,0.26040556567592965,0.5536673080429838,1.1146118519150767,1.2913835132863287,1.1673989655411465,0.9184523309095582,0.46813263318592635,-0.09216021792535094,-0.2085144140570751,-0.2085144140570751,-0.2085144140570751,-0.2085144140570751,-0.2085144140570751,-0.2085144140570751,-0.2085144140570751,-0.2085144140570751,-0.2085144140570751,-0.2085144140570751,-0.2085144140570751,-0.2085144140570751,-0.2085144140570751,-0.2085144140570751,-0.2085144140570751,-0.2085144140570751,-0.2085144140570751,-0.2085144140570751,-0.2085144140570751,-0.2085144140570751,-0.2085144140570751,-0.2085144140570751,-0.2085144140570751,4.795831523312719,-0.2085144140570751,-0.2085144140570751,-0.2085144140570751,-0.2085144140570751,-0.2085144140570751,-0.2085144140570751,-0.2085144140570751,-0.2085144140570751,-0.2085144140570751,-0.2085144140570751,-0.2085144140570751,-0.2085144140570751,-0.2085144140570751,-0.2085144140570751,-0.2085144140570751,-0.2085144140570751,-0.2085144140570751,-0.2085144140570751,-0.2085144140570751,-0.2085144140570751,-0.2085144140570751,-0.2085144140570751,-0.2085144140570751,4.795831523312719,-0.2085144140570751,-0.2085144140570751,-0.2085144140570751,-0.2085144140570751,-0.2085144140570751,-0.2085144140570751,-0.2085144140570751,-0.2085144140570751,-0.2085144140570751,-0.2085144140570751,-0.2085144140570751,-0.2085144140570751,-0.2085144140570751,-0.2085144140570751,-0.2085144140570751,-0.2085144140570751,-0.2085144140570751,-0.2085144140570751,-0.2085144140570751,-0.2085144140570751,-0.2085144140570751,-0.2085144140570751,-0.2085144140570751,4.795831523312719
1660,-1.0100993428785,-1.2070624286838774,-1.3910343322340064,-1.473800735311798,-1.5538431808199407,-1.3681949956884891,-0.4935950806335477,0.6659727032461951,1.1845723174678002,1.1975634997230487,1.2233363290358799,1.1462273762950512,0.9559694168149634,0.7833124139387603,0.6563340841535915,0.4331790986400523,0.3212873030867847,0.4725717158011277,0.8692218449815312,0.7290427977434488,0.3133249655755035,-0.15791969397374503,-0.7773057382723572,-1.5190603380075016,0.2085144140570758,0.2085144140570758,0.2085144140570758,0.2085144140570758,0.2085144140570758,0.2085144140570758,0.2085144140570758,0.2085144140570758,0.2085144140570758,0.2085144140570758,0.2085144140570758,0.2085144140570758,0.2085144140570758,0.2085144140570758,0.2085144140570758,0.2085144140570758,0.2085144140570758,0.2085144140570758,0.2085144140570758,0.2085144140570758,0.2085144140570758,0.2085144140570758,0.2085144140570758,-4.795831523312718,0.2085144140570758,0.2085144140570758,0.2085144140570758,0.2085144140570758,0.2085144140570758,0.2085144140570758,0.2085144140570758,0.2085144140570758,0.2085144140570758,0.2085144140570758,0.2085144140570758,0.2085144140570758,0.2085144140570758,0.2085144140570758,0.2085144140570758,0.2085144140570758,0.2085144140570758,0.2085144140570758,0.2085144140570758,0.2085144140570758,0.2085144140570758,0.2085144140570758,0.2085144140570758,-4.795831523312718,0.2085144140570758,0.2085144140570758,0.2085144140570758,0.2085144140570758,0.2085144140570758,0.2085144140570758,0.2085144140570758,0.2085144140570758,0.2085144140570758,0.2085144140570758,0.2085144140570758,0.2085144140570758,0.2085144140570758,0.2085144140570758,0.2085144140570758,0.2085144140570758,0.2085144140570758,0.2085144140570758,0.2085144140570758,0.2085144140570758,0.2085144140570758,0.2085144140570758,0.2085144140570758,-4.795831523312718
1661,-0.32293017331527785,-0.7731405743777341,-1.0952325900314595,-1.3488351510554708,-1.471206169642128,-1.6369219130119257,-1.582082454584637,-1.1452825761070198,-0.6967484903676684,-0.2091802049617317,0.23743809183692843,0.5018169656523283,0.5825195747789494,0.5068459116216429,0.3322696444011479,0.17972494999860292,0.21205388837276865,0.6162853548586337,1.4542035427934925,1.664461379034363,1.4920403743721458,1.2760351713092013,0.8662958116188487,0.359569636805999,-0.20851441405707472,-0.20851441405707472,-0.20851441405707472,-0.20851441405707472,-0.20851441405707472,-0.20851441405707472,-0.20851441405707472,-0.20851441405707472,-0.20851441405707472,-0.20851441405707472,-0.20851441405707472,-0.20851441405707472,-0.20851441405707472,-0.20851441405707472,-0.20851441405707472,-0.20851441405707472,-0.20851441405707472,-0.20851441405707472,-0.20851441405707472,-0.20851441405707472,-0.20851441405707472,-0.20851441405707472,-0.20851441405707472,4.79583152331272,-0.20851441405707472,-0.20851441405707472,-0.20851441405707472,-0.20851441405707472,-0.20851441405707472,-0.20851441405707472,-0.20851441405707472,-0.20851441405707472,-0.20851441405707472,-0.20851441405707472,-0.20851441405707472,-0.20851441405707472,-0.20851441405707472,-0.20851441405707472,-0.20851441405707472,-0.20851441405707472,-0.20851441405707472,-0.20851441405707472,-0.20851441405707472,-0.20851441405707472,-0.20851441405707472,-0.20851441405707472,-0.20851441405707472,4.79583152331272,-0.20851441405707472,-0.20851441405707472,-0.20851441405707472,-0.20851441405707472,-0.20851441405707472,-0.20851441405707472,-0.20851441405707472,-0.20851441405707472,-0.20851441405707472,-0.20851441405707472,-0.20851441405707472,-0.20851441405707472,-0.20851441405707472,-0.20851441405707472,-0.20851441405707472,-0.20851441405707472,-0.20851441405707472,-0.20851441405707472,-0.20851441405707472,-0.20851441405707472,-0.20851441405707472,-0.20851441405707472,-0.20851441405707472,4.79583152331272
1662,-1.2064269831671233,-1.3058113572103671,-1.3604027739383462,-1.5113790363179218,-1.5015805769052077,-1.4371907007645144,-1.060449934773626,-0.5179352330043692,0.03997704784201004,0.48810658955410174,0.656080179486345,0.5610951137508503,0.37112498227986096,0.22714761948079534,0.04417638759031612,-0.04820908687241764,-0.024012891179796894,0.44991259470046074,1.3285744448936472,1.6401254605060698,1.5839342953025455,1.2891806386833473,0.9176390552379808,0.3763241648253828,-0.20851441405709206,-0.20851441405709206,-0.20851441405709206,-0.20851441405709206,-0.20851441405709206,-0.20851441405709206,-0.20851441405709206,-0.20851441405709206,-0.20851441405709206,-0.20851441405709206,-0.20851441405709206,-0.20851441405709206,-0.20851441405709206,-0.20851441405709206,-0.20851441405709206,-0.20851441405709206,-0.20851441405709206,-0.20851441405709206,-0.20851441405709206,-0.20851441405709206,-0.20851441405709206,-0.20851441405709206,-0.20851441405709206,4.795831523312702,-0.20851441405709206,-0.20851441405709206,-0.20851441405709206,-0.20851441405709206,-0.20851441405709206,-0.20851441405709206,-0.20851441405709206,-0.20851441405709206,-0.20851441405709206,-0.20851441405709206,-0.20851441405709206,-0.20851441405709206,-0.20851441405709206,-0.20851441405709206,-0.20851441405709206,-0.20851441405709206,-0.20851441405709206,-0.20851441405709206,-0.20851441405709206,-0.20851441405709206,-0.20851441405709206,-0.20851441405709206,-0.20851441405709206,4.795831523312702,-0.20851441405709206,-0.20851441405709206,-0.20851441405709206,-0.20851441405709206,-0.20851441405709206,-0.20851441405709206,-0.20851441405709206,-0.20851441405709206,-0.20851441405709206,-0.20851441405709206,-0.20851441405709206,-0.20851441405709206,-0.20851441405709206,-0.20851441405709206,-0.20851441405709206,-0.20851441405709206,-0.20851441405709206,-0.20851441405709206,-0.20851441405709206,-0.20851441405709206,-0.20851441405709206,-0.20851441405709206,-0.20851441405709206,4.795831523312702
1663,-1.3787182149997228,-1.4889987560105191,-1.6168461088637431,-1.6672043028120358,-1.53252541202009,-1.1655742313115995,-0.4552894724827718,0.5713930863080043,1.175496226889269,1.312322172461956,1.2371752551360153,0.9818709230260656,0.6332673013529998,0.2735380321797298,-0.01553361602733098,-0.27610799169000894,-0.3167068457258419,0.012573282920553385,0.7839515096013798,1.2104346637758754,1.0763413333786769,0.7657991373642046,0.2259124534069257,-0.34657042585796904,-0.20851441405707846,-0.20851441405707846,-0.20851441405707846,-0.20851441405707846,-0.20851441405707846,-0.20851441405707846,-0.20851441405707846,-0.20851441405707846,-0.20851441405707846,-0.20851441405707846,-0.20851441405707846,-0.20851441405707846,-0.20851441405707846,-0.20851441405707846,-0.20851441405707846,-0.20851441405707846,-0.20851441405707846,-0.20851441405707846,-0.20851441405707846,-0.20851441405707846,-0.20851441405707846,-0.20851441405707846,-0.20851441405707846,4.795831523312716,-0.20851441405707846,-0.20851441405707846,-0.20851441405707846,-0.20851441405707846,-0.20851441405707846,-0.20851441405707846,-0.20851441405707846,-0.20851441405707846,-0.20851441405707846,-0.20851441405707846,-0.20851441405707846,-0.20851441405707846,-0.20851441405707846,-0.20851441405707846,-0.20851441405707846,-0.20851441405707846,-0.20851441405707846,-0.20851441405707846,-0.20851441405707846,-0.20851441405707846,-0.20851441405707846,-0.20851441405707846,-0.20851441405707846,4.795831523312716,-0.20851441405707846,-0.20851441405707846,-0.20851441405707846,-0.20851441405707846,-0.20851441405707846,-0.20851441405707846,-0.20851441405707846,-0.20851441405707846,-0.20851441405707846,-0.20851441405707846,-0.20851441405707846,-0.20851441405707846,-0.20851441405707846,-0.20851441405707846,-0.20851441405707846,-0.20851441405707846,-0.20851441405707846,-0.20851441405707846,-0.20851441405707846,-0.20851441405707846,-0.20851441405707846,-0.20851441405707846,-0.20851441405707846,4.795831523312716
1664,-0.7138665142270362,-1.0358904192057965,-1.1706257400934847,-1.3049285238354662,-1.2156096032469987,-0.9816070074195851,0.1252555484442805,1.4866662145566356,1.957266629085704,1.7076926960128433,1.3104073276810886,0.8328863188207104,0.313192938253913,-0.2032564137200829,-0.6098413306845353,-0.937488218557485,-1.0211841562517632,-0.5616134389382199,0.4634995963870483,0.9390741880917456,0.8819792848584395,0.5772568657079536,-0.09512212729336685,-0.7441441144265166,-0.20851441405707116,-0.20851441405707116,-0.20851441405707116,-0.20851441405707116,-0.20851441405707116,-0.20851441405707116,-0.20851441405707116,-0.20851441405707116,-0.20851441405707116,-0.20851441405707116,-0.20851441405707116,-0.20851441405707116,-0.20851441405707116,-0.20851441405707116,-0.20851441405707116,-0.20851441405707116,-0.20851441405707116,-0.20851441405707116,-0.20851441405707116,-0.20851441405707116,-0.20851441405707116,-0.20851441405707116,-0.20851441405707116,4.7958315233127236,-0.20851441405707116,-0.20851441405707116,-0.20851441405707116,-0.20851441405707116,-0.20851441405707116,-0.20851441405707116,-0.20851441405707116,-0.20851441405707116,-0.20851441405707116,-0.20851441405707116,-0.20851441405707116,-0.20851441405707116,-0.20851441405707116,-0.20851441405707116,-0.20851441405707116,-0.20851441405707116,-0.20851441405707116,-0.20851441405707116,-0.20851441405707116,-0.20851441405707116,-0.20851441405707116,-0.20851441405707116,-0.20851441405707116,4.7958315233127236,-0.20851441405707116,-0.20851441405707116,-0.20851441405707116,-0.20851441405707116,-0.20851441405707116,-0.20851441405707116,-0.20851441405707116,-0.20851441405707116,-0.20851441405707116,-0.20851441405707116,-0.20851441405707116,-0.20851441405707116,-0.20851441405707116,-0.20851441405707116,-0.20851441405707116,-0.20851441405707116,-0.20851441405707116,-0.20851441405707116,-0.20851441405707116,-0.20851441405707116,-0.20851441405707116,-0.20851441405707116,-0.20851441405707116,4.7958315233127236
1665,-0.798301881341206,-1.1849743291876393,-1.381602831733154,-1.4760571701383896,-1.5076176341728311,-1.2004139806577259,-0.12644998869434998,1.2040846821101707,1.6908878108140772,1.5012979729093376,1.2265629982210322,0.8902964713504699,0.502488755013589,0.17030919470863784,-0.03244975768529338,-0.2633633686423237,-0.2036482460447829,0.13874873067419616,0.9273062241390597,1.0281180660908016,0.7209144125756963,0.22616440443865699,-0.6554851052429052,-1.396815429505151,-0.20851441405707272,-0.20851441405707272,-0.20851441405707272,-0.20851441405707272,-0.20851441405707272,-0.20851441405707272,-0.20851441405707272,-0.20851441405707272,-0.20851441405707272,-0.20851441405707272,-0.20851441405707272,-0.20851441405707272,-0.20851441405707272,-0.20851441405707272,-0.20851441405707272,-0.20851441405707272,-0.20851441405707272,-0.20851441405707272,-0.20851441405707272,-0.20851441405707272,-0.20851441405707272,-0.20851441405707272,-0.20851441405707272,4.795831523312722,-0.20851441405707272,-0.20851441405707272,-0.20851441405707272,-0.20851441405707272,-0.20851441405707272,-0.20851441405707272,-0.20851441405707272,-0.20851441405707272,-0.20851441405707272,-0.20851441405707272,-0.20851441405707272,-0.20851441405707272,-0.20851441405707272,-0.20851441405707272,-0.20851441405707272,-0.20851441405707272,-0.20851441405707272,-0.20851441405707272,-0.20851441405707272,-0.20851441405707272,-0.20851441405707272,-0.20851441405707272,-0.20851441405707272,4.795831523312722,-0.20851441405707272,-0.20851441405707272,-0.20851441405707272,-0.20851441405707272,-0.20851441405707272,-0.20851441405707272,-0.20851441405707272,-0.20851441405707272,-0.20851441405707272,-0.20851441405707272,-0.20851441405707272,-0.20851441405707272,-0.20851441405707272,-0.20851441405707272,-0.20851441405707272,-0.20851441405707272,-0.20851441405707272,-0.20851441405707272,-0.20851441405707272,-0.20851441405707272,-0.20851441405707272,-0.20851441405707272,-0.20851441405707272,4.795831523312722
1666,-0.8049646070445229,-1.284380700132738,-1.6762745253676492,-1.8272246955711122,-1.7909801799424498,-1.3515154279449193,-0.45240431865662584,0.7601394769204406,1.215873074001291,1.0964309202250175,1.0809858141332582,0.9792540486755356,0.7269839825101302,0.5677964223910622,0.3641269567277268,0.1693126852236669,0.2107055695495824,0.32499935462860274,0.8602237643950422,0.9876973733390307,0.7797032779700026,0.4240539683637537,-0.269122393034413,-1.0914198413596892,0.20851441405706292,0.20851441405706292,0.20851441405706292,0.20851441405706292,0.20851441405706292,0.20851441405706292,0.20851441405706292,0.20851441405706292,0.20851441405706292,0.20851441405706292,0.20851441405706292,0.20851441405706292,0.20851441405706292,0.20851441405706292,0.20851441405706292,0.20851441405706292,0.20851441405706292,0.20851441405706292,0.20851441405706292,0.20851441405706292,0.20851441405706292,0.20851441405706292,0.20851441405706292,-4.7958315233127315,0.20851441405706292,0.20851441405706292,0.20851441405706292,0.20851441405706292,0.20851441405706292,0.20851441405706292,0.20851441405706292,0.20851441405706292,0.20851441405706292,0.20851441405706292,0.20851441405706292,0.20851441405706292,0.20851441405706292,0.20851441405706292,0.20851441405706292,0.20851441405706292,0.20851441405706292,0.20851441405706292,0.20851441405706292,0.20851441405706292,0.20851441405706292,0.20851441405706292,0.20851441405706292,-4.7958315233127315,0.20851441405706292,0.20851441405706292,0.20851441405706292,0.20851441405706292,0.20851441405706292,0.20851441405706292,0.20851441405706292,0.20851441405706292,0.20851441405706292,0.20851441405706292,0.20851441405706292,0.20851441405706292,0.20851441405706292,0.20851441405706292,0.20851441405706292,0.20851441405706292,0.20851441405706292,0.20851441405706292,0.20851441405706292,0.20851441405706292,0.20851441405706292,0.20851441405706292,0.20851441405706292,-4.7958315233127315
1667,-1.2229658466426787,-1.5139090192243243,-1.6064722845431416,-1.6535954014327212,-1.6575924515260336,-1.4714140656006856,-0.5390495385711457,0.7389546360011593,1.295386083201776,1.2608852297647624,1.132558884663675,1.0048636527352157,0.7505250441660114,0.5405747287383307,0.38006161183320003,0.22417665819401028,0.1454978826730157,0.3518718901224694,0.768827326172232,0.8790617603246416,0.6457602575097138,0.34261556359058765,-0.10084662570956357,-0.6957759764405065,0.20851441405707244,0.20851441405707244,0.20851441405707244,0.20851441405707244,0.20851441405707244,0.20851441405707244,0.20851441405707244,0.20851441405707244,0.20851441405707244,0.20851441405707244,0.20851441405707244,0.20851441405707244,0.20851441405707244,0.20851441405707244,0.20851441405707244,0.20851441405707244,0.20851441405707244,0.20851441405707244,0.20851441405707244,0.20851441405707244,0.20851441405707244,0.20851441405707244,0.20851441405707244,-4.795831523312722,0.20851441405707244,0.20851441405707244,0.20851441405707244,0.20851441405707244,0.20851441405707244,0.20851441405707244,0.20851441405707244,0.20851441405707244,0.20851441405707244,0.20851441405707244,0.20851441405707244,0.20851441405707244,0.20851441405707244,0.20851441405707244,0.20851441405707244,0.20851441405707244,0.20851441405707244,0.20851441405707244,0.20851441405707244,0.20851441405707244,0.20851441405707244,0.20851441405707244,0.20851441405707244,-4.795831523312722,0.20851441405707244,0.20851441405707244,0.20851441405707244,0.20851441405707244,0.20851441405707244,0.20851441405707244,0.20851441405707244,0.20851441405707244,0.20851441405707244,0.20851441405707244,0.20851441405707244,0.20851441405707244,0.20851441405707244,0.20851441405707244,0.20851441405707244,0.20851441405707244,0.20851441405707244,0.20851441405707244,0.20851441405707244,0.20851441405707244,0.20851441405707244,0.20851441405707244,0.20851441405707244,-4.795831523312722
1668,-0.7535455102199583,-1.2500340200870632,-1.4508307511597391,-1.5534601914857733,-1.5948094442548133,-1.3205359834414694,-0.6776889673702807,0.1611951535555647,0.9801483396934557,1.493295541323627,1.568259654257426,1.2942836700827085,0.9227353484386017,0.43695599756203946,-0.006879147268230559,-0.31833718790984766,-0.32488167395962375,-0.015208493149763776,0.8593728244112241,1.1446529208537368,0.9084564697845449,0.5184645965456145,-0.09879942860372214,-0.9228097175982584,0.20851441405707882,0.20851441405707882,0.20851441405707882,0.20851441405707882,0.20851441405707882,0.20851441405707882,0.20851441405707882,0.20851441405707882,0.20851441405707882,0.20851441405707882,0.20851441405707882,0.20851441405707882,0.20851441405707882,0.20851441405707882,0.20851441405707882,0.20851441405707882,0.20851441405707882,0.20851441405707882,0.20851441405707882,0.20851441405707882,0.20851441405707882,0.20851441405707882,0.20851441405707882,-4.795831523312716,0.20851441405707882,0.20851441405707882,0.20851441405707882,0.20851441405707882,0.20851441405707882,0.20851441405707882,0.20851441405707882,0.20851441405707882,0.20851441405707882,0.20851441405707882,0.20851441405707882,0.20851441405707882,0.20851441405707882,0.20851441405707882,0.20851441405707882,0.20851441405707882,0.20851441405707882,0.20851441405707882,0.20851441405707882,0.20851441405707882,0.20851441405707882,0.20851441405707882,0.20851441405707882,-4.795831523312716,0.20851441405707882,0.20851441405707882,0.20851441405707882,0.20851441405707882,0.20851441405707882,0.20851441405707882,0.20851441405707882,0.20851441405707882,0.20851441405707882,0.20851441405707882,0.20851441405707882,0.20851441405707882,0.20851441405707882,0.20851441405707882,0.20851441405707882,0.20851441405707882,0.20851441405707882,0.20851441405707882,0.20851441405707882,0.20851441405707882,0.20851441405707882,0.20851441405707882,0.20851441405707882,-4.795831523312716
1669,-0.6655356737634667,-1.1936092357445687,-1.3560733488873966,-1.5120180353390997,-1.4940244176715956,-1.441086672939663,-1.1930876816092786,-0.6305915466990382,0.009876931437053945,0.46493291447755913,0.5838472573236739,0.5009201498125676,0.3546242148637289,0.19763642014144578,-0.008116686230450271,-0.08608902945630188,-0.04671169224190859,0.4265986855337458,1.47857337641363,1.8733898568281429,1.709882635414735,1.2605637478624194,0.7077163644550436,0.05838146601902183,-0.20851441405708435,-0.20851441405708435,-0.20851441405708435,-0.20851441405708435,-0.20851441405708435,-0.20851441405708435,-0.20851441405708435,-0.20851441405708435,-0.20851441405708435,-0.20851441405708435,-0.20851441405708435,-0.20851441405708435,-0.20851441405708435,-0.20851441405708435,-0.20851441405708435,-0.20851441405708435,-0.20851441405708435,-0.20851441405708435,-0.20851441405708435,-0.20851441405708435,-0.20851441405708435,-0.20851441405708435,-0.20851441405708435,4.795831523312709,-0.20851441405708435,-0.20851441405708435,-0.20851441405708435,-0.20851441405708435,-0.20851441405708435,-0.20851441405708435,-0.20851441405708435,-0.20851441405708435,-0.20851441405708435,-0.20851441405708435,-0.20851441405708435,-0.20851441405708435,-0.20851441405708435,-0.20851441405708435,-0.20851441405708435,-0.20851441405708435,-0.20851441405708435,-0.20851441405708435,-0.20851441405708435,-0.20851441405708435,-0.20851441405708435,-0.20851441405708435,-0.20851441405708435,4.795831523312709,-0.20851441405708435,-0.20851441405708435,-0.20851441405708435,-0.20851441405708435,-0.20851441405708435,-0.20851441405708435,-0.20851441405708435,-0.20851441405708435,-0.20851441405708435,-0.20851441405708435,-0.20851441405708435,-0.20851441405708435,-0.20851441405708435,-0.20851441405708435,-0.20851441405708435,-0.20851441405708435,-0.20851441405708435,-0.20851441405708435,-0.20851441405708435,-0.20851441405708435,-0.20851441405708435,-0.20851441405708435,-0.20851441405708435,4.795831523312709
1670,-1.3998086984870286,-1.616240974345705,-1.704028137032886,-1.6925419662140024,-1.7872208313925135,-1.390783849986477,-0.5134044875783327,0.5072238337567446,0.9678192835939733,0.9371347986920987,0.8938155258894523,0.7876504898920577,0.6365252995464618,0.523796737366848,0.38382954153102466,0.23861152474942604,0.18610331529167284,0.3495351172289296,0.842620021668143,1.1445422260502238,1.0181943470425052,0.7310400765704175,0.2458314035498671,-0.2902445973828817,0.2085144140570795,0.2085144140570795,0.2085144140570795,0.2085144140570795,0.2085144140570795,0.2085144140570795,0.2085144140570795,0.2085144140570795,0.2085144140570795,0.2085144140570795,0.2085144140570795,0.2085144140570795,0.2085144140570795,0.2085144140570795,0.2085144140570795,0.2085144140570795,0.2085144140570795,0.2085144140570795,0.2085144140570795,0.2085144140570795,0.2085144140570795,0.2085144140570795,0.2085144140570795,-4.795831523312715,0.2085144140570795,0.2085144140570795,0.2085144140570795,0.2085144140570795,0.2085144140570795,0.2085144140570795,0.2085144140570795,0.2085144140570795,0.2085144140570795,0.2085144140570795,0.2085144140570795,0.2085144140570795,0.2085144140570795,0.2085144140570795,0.2085144140570795,0.2085144140570795,0.2085144140570795,0.2085144140570795,0.2085144140570795,0.2085144140570795,0.2085144140570795,0.2085144140570795,0.2085144140570795,-4.795831523312715,0.2085144140570795,0.2085144140570795,0.2085144140570795,0.2085144140570795,0.2085144140570795,0.2085144140570795,0.2085144140570795,0.2085144140570795,0.2085144140570795,0.2085144140570795,0.2085144140570795,0.2085144140570795,0.2085144140570795,0.2085144140570795,0.2085144140570795,0.2085144140570795,0.2085144140570795,0.2085144140570795,0.2085144140570795,0.2085144140570795,0.2085144140570795,0.2085144140570795,0.2085144140570795,-4.795831523312715
1671,-1.2742935761690777,-1.5347978397531465,-1.692222094064529,-1.6690145872864384,-1.5578119506414199,-1.4690432372152227,-0.5001298292299329,0.741665179287741,1.1837681834103704,1.070244796087543,0.9609761183406988,0.8329480392815648,0.6111229536609805,0.43977419528274353,0.32393005728210705,0.20750573161201835,0.17888313991903973,0.39896766253126725,0.9487921772822012,1.1280701671429525,0.9147545006743347,0.5623871894269898,-0.03907402790519614,-0.7674029489576116,-0.2085144140570622,-0.2085144140570622,-0.2085144140570622,-0.2085144140570622,-0.2085144140570622,-0.2085144140570622,-0.2085144140570622,-0.2085144140570622,-0.2085144140570622,-0.2085144140570622,-0.2085144140570622,-0.2085144140570622,-0.2085144140570622,-0.2085144140570622,-0.2085144140570622,-0.2085144140570622,-0.2085144140570622,-0.2085144140570622,-0.2085144140570622,-0.2085144140570622,-0.2085144140570622,-0.2085144140570622,-0.2085144140570622,4.795831523312732,-0.2085144140570622,-0.2085144140570622,-0.2085144140570622,-0.2085144140570622,-0.2085144140570622,-0.2085144140570622,-0.2085144140570622,-0.2085144140570622,-0.2085144140570622,-0.2085144140570622,-0.2085144140570622,-0.2085144140570622,-0.2085144140570622,-0.2085144140570622,-0.2085144140570622,-0.2085144140570622,-0.2085144140570622,-0.2085144140570622,-0.2085144140570622,-0.2085144140570622,-0.2085144140570622,-0.2085144140570622,-0.2085144140570622,4.795831523312732,-0.2085144140570622,-0.2085144140570622,-0.2085144140570622,-0.2085144140570622,-0.2085144140570622,-0.2085144140570622,-0.2085144140570622,-0.2085144140570622,-0.2085144140570622,-0.2085144140570622,-0.2085144140570622,-0.2085144140570622,-0.2085144140570622,-0.2085144140570622,-0.2085144140570622,-0.2085144140570622,-0.2085144140570622,-0.2085144140570622,-0.2085144140570622,-0.2085144140570622,-0.2085144140570622,-0.2085144140570622,-0.2085144140570622,4.795831523312732
1672,-1.1045940982469449,-1.4125367077936188,-1.6758582800117012,-1.7790803363211896,-1.69500893980938,-1.5638269201952808,-0.679640957336454,0.41788335566851353,0.9113958586546942,0.8723285126674296,0.8292395281226526,0.7788732928547575,0.6059428348817186,0.45771672804768526,0.37153875895813104,0.2744449137838999,0.2669761564628052,0.5188073328022804,1.0875819287933384,1.2846422181114525,1.0647926436341009,0.7078243450053694,0.06646874838110897,-0.605910917115391,-0.208514414057083,-0.208514414057083,-0.208514414057083,-0.208514414057083,-0.208514414057083,-0.208514414057083,-0.208514414057083,-0.208514414057083,-0.208514414057083,-0.208514414057083,-0.208514414057083,-0.208514414057083,-0.208514414057083,-0.208514414057083,-0.208514414057083,-0.208514414057083,-0.208514414057083,-0.208514414057083,-0.208514414057083,-0.208514414057083,-0.208514414057083,-0.208514414057083,-0.208514414057083,4.795831523312711,-0.208514414057083,-0.208514414057083,-0.208514414057083,-0.208514414057083,-0.208514414057083,-0.208514414057083,-0.208514414057083,-0.208514414057083,-0.208514414057083,-0.208514414057083,-0.208514414057083,-0.208514414057083,-0.208514414057083,-0.208514414057083,-0.208514414057083,-0.208514414057083,-0.208514414057083,-0.208514414057083,-0.208514414057083,-0.208514414057083,-0.208514414057083,-0.208514414057083,-0.208514414057083,4.795831523312711,-0.208514414057083,-0.208514414057083,-0.208514414057083,-0.208514414057083,-0.208514414057083,-0.208514414057083,-0.208514414057083,-0.208514414057083,-0.208514414057083,-0.208514414057083,-0.208514414057083,-0.208514414057083,-0.208514414057083,-0.208514414057083,-0.208514414057083,-0.208514414057083,-0.208514414057083,-0.208514414057083,-0.208514414057083,-0.208514414057083,-0.208514414057083,-0.208514414057083,-0.208514414057083,4.795831523312711
1673,-0.9836887879741377,-1.3797929362812527,-1.6171148736065795,-1.6939518416554074,-1.6122194435092858,-1.5251659256921928,-0.5426743896440237,0.7373741584048692,1.2603337996679436,1.1832839868322769,1.0455734097475358,0.9053086952207282,0.6924639083818701,0.42725930398065287,0.24548985602026802,0.049246962554840804,0.033922137902443014,0.28124778020919616,0.8704021501791555,1.1483774417907042,0.9336170518702963,0.583061687946697,-0.10719395577171993,-0.935160176574878,-0.20851441405709328,-0.20851441405709328,-0.20851441405709328,-0.20851441405709328,-0.20851441405709328,-0.20851441405709328,-0.20851441405709328,-0.20851441405709328,-0.20851441405709328,-0.20851441405709328,-0.20851441405709328,-0.20851441405709328,-0.20851441405709328,-0.20851441405709328,-0.20851441405709328,-0.20851441405709328,-0.20851441405709328,-0.20851441405709328,-0.20851441405709328,-0.20851441405709328,-0.20851441405709328,-0.20851441405709328,-0.20851441405709328,4.795831523312701,-0.20851441405709328,-0.20851441405709328,-0.20851441405709328,-0.20851441405709328,-0.20851441405709328,-0.20851441405709328,-0.20851441405709328,-0.20851441405709328,-0.20851441405709328,-0.20851441405709328,-0.20851441405709328,-0.20851441405709328,-0.20851441405709328,-0.20851441405709328,-0.20851441405709328,-0.20851441405709328,-0.20851441405709328,-0.20851441405709328,-0.20851441405709328,-0.20851441405709328,-0.20851441405709328,-0.20851441405709328,-0.20851441405709328,4.795831523312701,-0.20851441405709328,-0.20851441405709328,-0.20851441405709328,-0.20851441405709328,-0.20851441405709328,-0.20851441405709328,-0.20851441405709328,-0.20851441405709328,-0.20851441405709328,-0.20851441405709328,-0.20851441405709328,-0.20851441405709328,-0.20851441405709328,-0.20851441405709328,-0.20851441405709328,-0.20851441405709328,-0.20851441405709328,-0.20851441405709328,-0.20851441405709328,-0.20851441405709328,-0.20851441405709328,-0.20851441405709328,-0.20851441405709328,4.795831523312701
1674,-0.8878140651358273,-1.237984589999613,-1.5099880170550957,-1.6349198236677882,-1.5944807759577122,-1.5452309860091282,-0.48093850689087364,0.8558092322181716,1.4368663870244018,1.38829434647878,1.3338484777741526,1.164411127033611,0.8564869816211338,0.49818346392180207,0.2532900129848061,0.04906152622554011,0.01088164319200476,0.187548320897476,0.6802721368509707,0.8142406021698254,0.5456259221291536,0.18370774094735706,-0.3444849604278242,-1.0226861963252982,-0.20851441405707563,-0.20851441405707563,-0.20851441405707563,-0.20851441405707563,-0.20851441405707563,-0.20851441405707563,-0.20851441405707563,-0.20851441405707563,-0.20851441405707563,-0.20851441405707563,-0.20851441405707563,-0.20851441405707563,-0.20851441405707563,-0.20851441405707563,-0.20851441405707563,-0.20851441405707563,-0.20851441405707563,-0.20851441405707563,-0.20851441405707563,-0.20851441405707563,-0.20851441405707563,-0.20851441405707563,-0.20851441405707563,4.795831523312719,-0.20851441405707563,-0.20851441405707563,-0.20851441405707563,-0.20851441405707563,-0.20851441405707563,-0.20851441405707563,-0.20851441405707563,-0.20851441405707563,-0.20851441405707563,-0.20851441405707563,-0.20851441405707563,-0.20851441405707563,-0.20851441405707563,-0.20851441405707563,-0.20851441405707563,-0.20851441405707563,-0.20851441405707563,-0.20851441405707563,-0.20851441405707563,-0.20851441405707563,-0.20851441405707563,-0.20851441405707563,-0.20851441405707563,4.795831523312719,-0.20851441405707563,-0.20851441405707563,-0.20851441405707563,-0.20851441405707563,-0.20851441405707563,-0.20851441405707563,-0.20851441405707563,-0.20851441405707563,-0.20851441405707563,-0.20851441405707563,-0.20851441405707563,-0.20851441405707563,-0.20851441405707563,-0.20851441405707563,-0.20851441405707563,-0.20851441405707563,-0.20851441405707563,-0.20851441405707563,-0.20851441405707563,-0.20851441405707563,-0.20851441405707563,-0.20851441405707563,-0.20851441405707563,4.795831523312719
1675,-0.6806689408607977,-1.304118678786009,-1.391033923751454,-1.378999505217777,-1.3886938979254613,-1.4241285747190657,-0.8381192500097384,0.12329707506956877,0.9459832976078771,1.489872157449335,1.5092609428647035,1.2180948722304628,0.6865747203263951,0.22324960677983055,-0.23639832332588828,-0.5609933343314542,-0.6726459951716797,-0.3691112166000486,0.6434513872473859,1.3568249747714616,1.2328036059938456,0.9356203260927665,0.33423368881262955,-0.45435501454692734,0.20851441405706267,0.20851441405706267,0.20851441405706267,0.20851441405706267,0.20851441405706267,0.20851441405706267,0.20851441405706267,0.20851441405706267,0.20851441405706267,0.20851441405706267,0.20851441405706267,0.20851441405706267,0.20851441405706267,0.20851441405706267,0.20851441405706267,0.20851441405706267,0.20851441405706267,0.20851441405706267,0.20851441405706267,0.20851441405706267,0.20851441405706267,0.20851441405706267,0.20851441405706267,-4.795831523312732,0.20851441405706267,0.20851441405706267,0.20851441405706267,0.20851441405706267,0.20851441405706267,0.20851441405706267,0.20851441405706267,0.20851441405706267,0.20851441405706267,0.20851441405706267,0.20851441405706267,0.20851441405706267,0.20851441405706267,0.20851441405706267,0.20851441405706267,0.20851441405706267,0.20851441405706267,0.20851441405706267,0.20851441405706267,0.20851441405706267,0.20851441405706267,0.20851441405706267,0.20851441405706267,-4.795831523312732,0.20851441405706267,0.20851441405706267,0.20851441405706267,0.20851441405706267,0.20851441405706267,0.20851441405706267,0.20851441405706267,0.20851441405706267,0.20851441405706267,0.20851441405706267,0.20851441405706267,0.20851441405706267,0.20851441405706267,0.20851441405706267,0.20851441405706267,0.20851441405706267,0.20851441405706267,0.20851441405706267,0.20851441405706267,0.20851441405706267,0.20851441405706267,0.20851441405706267,0.20851441405706267,-4.795831523312732
1676,0.3915496979590802,-0.3705734750947036,-0.7986280045266213,-1.1075717083774836,-1.004745565981338,-0.7534961682712995,-0.09512969093851313,0.9461594795708691,1.852983694639138,2.045608232883501,1.320707192823797,0.43993847085138393,-0.30962223231689795,-0.7614058715325415,-1.1708493344674191,-1.4625778018085196,-1.187134017652329,-0.4110525447257654,0.794479287619994,1.2430059901986554,0.8796249168439515,0.5111258002025615,-0.0839630510402892,-0.9084332968591566,0.20851441405707385,0.20851441405707385,0.20851441405707385,0.20851441405707385,0.20851441405707385,0.20851441405707385,0.20851441405707385,0.20851441405707385,0.20851441405707385,0.20851441405707385,0.20851441405707385,0.20851441405707385,0.20851441405707385,0.20851441405707385,0.20851441405707385,0.20851441405707385,0.20851441405707385,0.20851441405707385,0.20851441405707385,0.20851441405707385,0.20851441405707385,0.20851441405707385,0.20851441405707385,-4.795831523312721,0.20851441405707385,0.20851441405707385,0.20851441405707385,0.20851441405707385,0.20851441405707385,0.20851441405707385,0.20851441405707385,0.20851441405707385,0.20851441405707385,0.20851441405707385,0.20851441405707385,0.20851441405707385,0.20851441405707385,0.20851441405707385,0.20851441405707385,0.20851441405707385,0.20851441405707385,0.20851441405707385,0.20851441405707385,0.20851441405707385,0.20851441405707385,0.20851441405707385,0.20851441405707385,-4.795831523312721,0.20851441405707385,0.20851441405707385,0.20851441405707385,0.20851441405707385,0.20851441405707385,0.20851441405707385,0.20851441405707385,0.20851441405707385,0.20851441405707385,0.20851441405707385,0.20851441405707385,0.20851441405707385,0.20851441405707385,0.20851441405707385,0.20851441405707385,0.20851441405707385,0.20851441405707385,0.20851441405707385,0.20851441405707385,0.20851441405707385,0.20851441405707385,0.20851441405707385,0.20851441405707385,-4.795831523312721
1677,-1.4315739075642064,-1.6903010525400846,-1.7855867529915588,-1.768878670099894,-1.6039483865059359,-1.1619286094115968,-0.28053588023545956,0.8357625688036873,1.2271618175331807,1.1168222998228796,0.890684187813912,0.6842318368357178,0.5259186157731119,0.38001238695679196,0.266198911417531,0.12475919980987384,0.08340255898892145,0.28108730211307387,0.7978798858116949,1.1323723967715578,0.9595016381399768,0.6456874475905902,0.19026811887026243,-0.41899791370400813,0.20851441405707713,0.20851441405707713,0.20851441405707713,0.20851441405707713,0.20851441405707713,0.20851441405707713,0.20851441405707713,0.20851441405707713,0.20851441405707713,0.20851441405707713,0.20851441405707713,0.20851441405707713,0.20851441405707713,0.20851441405707713,0.20851441405707713,0.20851441405707713,0.20851441405707713,0.20851441405707713,0.20851441405707713,0.20851441405707713,0.20851441405707713,0.20851441405707713,0.20851441405707713,-4.795831523312717,0.20851441405707713,0.20851441405707713,0.20851441405707713,0.20851441405707713,0.20851441405707713,0.20851441405707713,0.20851441405707713,0.20851441405707713,0.20851441405707713,0.20851441405707713,0.20851441405707713,0.20851441405707713,0.20851441405707713,0.20851441405707713,0.20851441405707713,0.20851441405707713,0.20851441405707713,0.20851441405707713,0.20851441405707713,0.20851441405707713,0.20851441405707713,0.20851441405707713,0.20851441405707713,-4.795831523312717,0.20851441405707713,0.20851441405707713,0.20851441405707713,0.20851441405707713,0.20851441405707713,0.20851441405707713,0.20851441405707713,0.20851441405707713,0.20851441405707713,0.20851441405707713,0.20851441405707713,0.20851441405707713,0.20851441405707713,0.20851441405707713,0.20851441405707713,0.20851441405707713,0.20851441405707713,0.20851441405707713,0.20851441405707713,0.20851441405707713,0.20851441405707713,0.20851441405707713,0.20851441405707713,-4.795831523312717
1678,-1.2679193869939693,-1.5026712051109217,-1.675734195942772,-1.7275467331452838,-1.7406138246391725,-1.5590420300438599,-0.8556982332390879,0.09607224487391532,0.5114842000400952,0.5285018075670199,0.5464310726400299,0.5841129178782203,0.5582826207391381,0.5275901500209347,0.516194430694869,0.4315622218332881,0.4712193250879966,0.6888015927536767,1.0946411436859613,1.2911033448673332,1.1551144275762832,0.8890623670437371,0.47820869960798346,-0.03915695779539707,0.2085144140570758,0.2085144140570758,0.2085144140570758,0.2085144140570758,0.2085144140570758,0.2085144140570758,0.2085144140570758,0.2085144140570758,0.2085144140570758,0.2085144140570758,0.2085144140570758,0.2085144140570758,0.2085144140570758,0.2085144140570758,0.2085144140570758,0.2085144140570758,0.2085144140570758,0.2085144140570758,0.2085144140570758,0.2085144140570758,0.2085144140570758,0.2085144140570758,0.2085144140570758,-4.795831523312718,0.2085144140570758,0.2085144140570758,0.2085144140570758,0.2085144140570758,0.2085144140570758,0.2085144140570758,0.2085144140570758,0.2085144140570758,0.2085144140570758,0.2085144140570758,0.2085144140570758,0.2085144140570758,0.2085144140570758,0.2085144140570758,0.2085144140570758,0.2085144140570758,0.2085144140570758,0.2085144140570758,0.2085144140570758,0.2085144140570758,0.2085144140570758,0.2085144140570758,0.2085144140570758,-4.795831523312718,0.2085144140570758,0.2085144140570758,0.2085144140570758,0.2085144140570758,0.2085144140570758,0.2085144140570758,0.2085144140570758,0.2085144140570758,0.2085144140570758,0.2085144140570758,0.2085144140570758,0.2085144140570758,0.2085144140570758,0.2085144140570758,0.2085144140570758,0.2085144140570758,0.2085144140570758,0.2085144140570758,0.2085144140570758,0.2085144140570758,0.2085144140570758,0.2085144140570758,0.2085144140570758,-4.795831523312718
1679,-1.297121341457816,-1.5367093730636672,-1.691698044543866,-1.7523386015089333,-1.7814196315521262,-1.4493010498088428,-0.7070738512064405,0.2882904952719371,0.6827019652327418,0.6807191677297968,0.6802234683540606,0.6235485063948834,0.5966155069798807,0.5254000299991071,0.4850831474392259,0.4112239404545256,0.3717332235208715,0.5987635376080712,1.0531546320329614,1.2924121973883218,1.1357711946556686,0.7925819935209425,0.2768894096300035,-0.27945052307130747,-0.20851441405709564,-0.20851441405709564,-0.20851441405709564,-0.20851441405709564,-0.20851441405709564,-0.20851441405709564,-0.20851441405709564,-0.20851441405709564,-0.20851441405709564,-0.20851441405709564,-0.20851441405709564,-0.20851441405709564,-0.20851441405709564,-0.20851441405709564,-0.20851441405709564,-0.20851441405709564,-0.20851441405709564,-0.20851441405709564,-0.20851441405709564,-0.20851441405709564,-0.20851441405709564,-0.20851441405709564,-0.20851441405709564,4.795831523312699,-0.20851441405709564,-0.20851441405709564,-0.20851441405709564,-0.20851441405709564,-0.20851441405709564,-0.20851441405709564,-0.20851441405709564,-0.20851441405709564,-0.20851441405709564,-0.20851441405709564,-0.20851441405709564,-0.20851441405709564,-0.20851441405709564,-0.20851441405709564,-0.20851441405709564,-0.20851441405709564,-0.20851441405709564,-0.20851441405709564,-0.20851441405709564,-0.20851441405709564,-0.20851441405709564,-0.20851441405709564,-0.20851441405709564,4.795831523312699,-0.20851441405709564,-0.20851441405709564,-0.20851441405709564,-0.20851441405709564,-0.20851441405709564,-0.20851441405709564,-0.20851441405709564,-0.20851441405709564,-0.20851441405709564,-0.20851441405709564,-0.20851441405709564,-0.20851441405709564,-0.20851441405709564,-0.20851441405709564,-0.20851441405709564,-0.20851441405709564,-0.20851441405709564,-0.20851441405709564,-0.20851441405709564,-0.20851441405709564,-0.20851441405709564,-0.20851441405709564,-0.20851441405709564,4.795831523312699
1680,-1.313383353847979,-1.5560978860806485,-1.6750175600511743,-1.723769402967349,-1.6596955522775196,-1.5045602235692639,-0.7518665916884679,0.30726719566542554,0.8045359934104066,0.8412739893222382,0.7801600719523193,0.6795223390753589,0.5473700220275856,0.3998956972061573,0.3037849211714131,0.1876510667960971,0.1756372197917541,0.38753362275241304,0.9203216203363214,1.2842193049606248,1.2272841169835207,0.9683770083536934,0.49826995166200966,-0.12871357098493602,-0.20851441405706292,-0.20851441405706292,-0.20851441405706292,-0.20851441405706292,-0.20851441405706292,-0.20851441405706292,-0.20851441405706292,-0.20851441405706292,-0.20851441405706292,-0.20851441405706292,-0.20851441405706292,-0.20851441405706292,-0.20851441405706292,-0.20851441405706292,-0.20851441405706292,-0.20851441405706292,-0.20851441405706292,-0.20851441405706292,-0.20851441405706292,-0.20851441405706292,-0.20851441405706292,-0.20851441405706292,-0.20851441405706292,4.7958315233127315,-0.20851441405706292,-0.20851441405706292,-0.20851441405706292,-0.20851441405706292,-0.20851441405706292,-0.20851441405706292,-0.20851441405706292,-0.20851441405706292,-0.20851441405706292,-0.20851441405706292,-0.20851441405706292,-0.20851441405706292,-0.20851441405706292,-0.20851441405706292,-0.20851441405706292,-0.20851441405706292,-0.20851441405706292,-0.20851441405706292,-0.20851441405706292,-0.20851441405706292,-0.20851441405706292,-0.20851441405706292,-0.20851441405706292,4.7958315233127315,-0.20851441405706292,-0.20851441405706292,-0.20851441405706292,-0.20851441405706292,-0.20851441405706292,-0.20851441405706292,-0.20851441405706292,-0.20851441405706292,-0.20851441405706292,-0.20851441405706292,-0.20851441405706292,-0.20851441405706292,-0.20851441405706292,-0.20851441405706292,-0.20851441405706292,-0.20851441405706292,-0.20851441405706292,-0.20851441405706292,-0.20851441405706292,-0.20851441405706292,-0.20851441405706292,-0.20851441405706292,-0.20851441405706292,4.7958315233127315
1681,-0.6040767911647842,-0.7887713817014932,-0.9489006818712508,-1.0410205207473187,-0.9889330069136901,-0.6971064556099985,0.3637501580146452,1.7908115632206945,2.299404056373504,1.9996165313397818,1.498985011917003,0.9169241040556257,0.41742986659427983,-0.10412764091886509,-0.4509986391559109,-0.7355465859064317,-0.8356273985125302,-0.6149946979945404,-0.10344527174200534,0.28505024628348596,0.18360469532366797,-0.09980596946541993,-0.560632620238046,-1.1815885711804297,0.2085144140570627,0.2085144140570627,0.2085144140570627,0.2085144140570627,0.2085144140570627,0.2085144140570627,0.2085144140570627,0.2085144140570627,0.2085144140570627,0.2085144140570627,0.2085144140570627,0.2085144140570627,0.2085144140570627,0.2085144140570627,0.2085144140570627,0.2085144140570627,0.2085144140570627,0.2085144140570627,0.2085144140570627,0.2085144140570627,0.2085144140570627,0.2085144140570627,0.2085144140570627,-4.795831523312731,0.2085144140570627,0.2085144140570627,0.2085144140570627,0.2085144140570627,0.2085144140570627,0.2085144140570627,0.2085144140570627,0.2085144140570627,0.2085144140570627,0.2085144140570627,0.2085144140570627,0.2085144140570627,0.2085144140570627,0.2085144140570627,0.2085144140570627,0.2085144140570627,0.2085144140570627,0.2085144140570627,0.2085144140570627,0.2085144140570627,0.2085144140570627,0.2085144140570627,0.2085144140570627,-4.795831523312731,0.2085144140570627,0.2085144140570627,0.2085144140570627,0.2085144140570627,0.2085144140570627,0.2085144140570627,0.2085144140570627,0.2085144140570627,0.2085144140570627,0.2085144140570627,0.2085144140570627,0.2085144140570627,0.2085144140570627,0.2085144140570627,0.2085144140570627,0.2085144140570627,0.2085144140570627,0.2085144140570627,0.2085144140570627,0.2085144140570627,0.2085144140570627,0.2085144140570627,0.2085144140570627,-4.795831523312731
1682,0.12315027644495338,-0.5845736897688247,-1.0309069712435261,-1.2382434523437982,-1.2173939737974022,-1.1899807705234369,-0.5807126752231959,0.5026880062802747,1.2957403939524517,1.808869227066533,1.7050079357891155,1.157129971764374,0.4891744553705735,-0.1440319301125668,-0.7081261552289497,-1.179169929795676,-1.2490542930715591,-0.8455782730533387,0.2505637564507072,1.270257697951301,1.0961259419434373,0.7656230968376031,0.16871024808337445,-0.6652688937724689,-0.20851441405707122,-0.20851441405707122,-0.20851441405707122,-0.20851441405707122,-0.20851441405707122,-0.20851441405707122,-0.20851441405707122,-0.20851441405707122,-0.20851441405707122,-0.20851441405707122,-0.20851441405707122,-0.20851441405707122,-0.20851441405707122,-0.20851441405707122,-0.20851441405707122,-0.20851441405707122,-0.20851441405707122,-0.20851441405707122,-0.20851441405707122,-0.20851441405707122,-0.20851441405707122,-0.20851441405707122,-0.20851441405707122,4.795831523312723,-0.20851441405707122,-0.20851441405707122,-0.20851441405707122,-0.20851441405707122,-0.20851441405707122,-0.20851441405707122,-0.20851441405707122,-0.20851441405707122,-0.20851441405707122,-0.20851441405707122,-0.20851441405707122,-0.20851441405707122,-0.20851441405707122,-0.20851441405707122,-0.20851441405707122,-0.20851441405707122,-0.20851441405707122,-0.20851441405707122,-0.20851441405707122,-0.20851441405707122,-0.20851441405707122,-0.20851441405707122,-0.20851441405707122,4.795831523312723,-0.20851441405707122,-0.20851441405707122,-0.20851441405707122,-0.20851441405707122,-0.20851441405707122,-0.20851441405707122,-0.20851441405707122,-0.20851441405707122,-0.20851441405707122,-0.20851441405707122,-0.20851441405707122,-0.20851441405707122,-0.20851441405707122,-0.20851441405707122,-0.20851441405707122,-0.20851441405707122,-0.20851441405707122,-0.20851441405707122,-0.20851441405707122,-0.20851441405707122,-0.20851441405707122,-0.20851441405707122,-0.20851441405707122,4.795831523312723
1683,-0.37611742352763455,-0.9622062841296518,-1.237230668865882,-1.4454234283036136,-1.5857348510507232,-1.376842284018243,-1.1686495245805115,-0.5766122994231306,0.06756059154302686,0.6435022420211883,0.8814368242357385,0.8184541407083576,0.6763931989743761,0.4584031332101631,0.21382037884550043,-0.012217474258322356,-0.031112279316536644,0.19912441935577818,1.2960728241243298,1.9787351328016647,1.636179315172187,1.0116010368589925,0.02592203965548056,-1.135058760032575,0.20851441405707477,0.20851441405707477,0.20851441405707477,0.20851441405707477,0.20851441405707477,0.20851441405707477,0.20851441405707477,0.20851441405707477,0.20851441405707477,0.20851441405707477,0.20851441405707477,0.20851441405707477,0.20851441405707477,0.20851441405707477,0.20851441405707477,0.20851441405707477,0.20851441405707477,0.20851441405707477,0.20851441405707477,0.20851441405707477,0.20851441405707477,0.20851441405707477,0.20851441405707477,-4.79583152331272,0.20851441405707477,0.20851441405707477,0.20851441405707477,0.20851441405707477,0.20851441405707477,0.20851441405707477,0.20851441405707477,0.20851441405707477,0.20851441405707477,0.20851441405707477,0.20851441405707477,0.20851441405707477,0.20851441405707477,0.20851441405707477,0.20851441405707477,0.20851441405707477,0.20851441405707477,0.20851441405707477,0.20851441405707477,0.20851441405707477,0.20851441405707477,0.20851441405707477,0.20851441405707477,-4.79583152331272,0.20851441405707477,0.20851441405707477,0.20851441405707477,0.20851441405707477,0.20851441405707477,0.20851441405707477,0.20851441405707477,0.20851441405707477,0.20851441405707477,0.20851441405707477,0.20851441405707477,0.20851441405707477,0.20851441405707477,0.20851441405707477,0.20851441405707477,0.20851441405707477,0.20851441405707477,0.20851441405707477,0.20851441405707477,0.20851441405707477,0.20851441405707477,0.20851441405707477,0.20851441405707477,-4.79583152331272
1684,-1.4086894451476537,-1.681934611433347,-1.7811263498795236,-1.7863090822221395,-1.6696976045132819,-1.329076917773582,-0.5954323617188434,0.29974068568075707,0.7133515195789643,0.7532297656596476,0.7605719698116868,0.7477591037424419,0.6560535342355996,0.5801840913311948,0.5102172047058803,0.3902945368892403,0.3615015794302631,0.50431464842679,0.86379472230212,1.176774169881202,1.07182383994323,0.7827425470550993,0.31428112919754053,-0.23436867518326956,0.20851441405708068,0.20851441405708068,0.20851441405708068,0.20851441405708068,0.20851441405708068,0.20851441405708068,0.20851441405708068,0.20851441405708068,0.20851441405708068,0.20851441405708068,0.20851441405708068,0.20851441405708068,0.20851441405708068,0.20851441405708068,0.20851441405708068,0.20851441405708068,0.20851441405708068,0.20851441405708068,0.20851441405708068,0.20851441405708068,0.20851441405708068,0.20851441405708068,0.20851441405708068,-4.795831523312714,0.20851441405708068,0.20851441405708068,0.20851441405708068,0.20851441405708068,0.20851441405708068,0.20851441405708068,0.20851441405708068,0.20851441405708068,0.20851441405708068,0.20851441405708068,0.20851441405708068,0.20851441405708068,0.20851441405708068,0.20851441405708068,0.20851441405708068,0.20851441405708068,0.20851441405708068,0.20851441405708068,0.20851441405708068,0.20851441405708068,0.20851441405708068,0.20851441405708068,0.20851441405708068,-4.795831523312714,0.20851441405708068,0.20851441405708068,0.20851441405708068,0.20851441405708068,0.20851441405708068,0.20851441405708068,0.20851441405708068,0.20851441405708068,0.20851441405708068,0.20851441405708068,0.20851441405708068,0.20851441405708068,0.20851441405708068,0.20851441405708068,0.20851441405708068,0.20851441405708068,0.20851441405708068,0.20851441405708068,0.20851441405708068,0.20851441405708068,0.20851441405708068,0.20851441405708068,0.20851441405708068,-4.795831523312714
1685,-1.1778755226026898,-1.4487745923627775,-1.6496335180182273,-1.7119557399074783,-1.7671388837474962,-1.5195865286889545,-0.6700362408302173,0.4592887273363028,0.8845462414041331,0.9117519172133727,0.8507803317118144,0.723434615157927,0.5526755861424869,0.39580881711474375,0.2858284255454773,0.14555518928081643,0.12162963041311638,0.3832671935147397,0.8789507477979773,1.371740081250445,1.2289585202657831,0.882230864739517,0.2738656461116273,-0.40531150884243916,0.20851441405707358,0.20851441405707358,0.20851441405707358,0.20851441405707358,0.20851441405707358,0.20851441405707358,0.20851441405707358,0.20851441405707358,0.20851441405707358,0.20851441405707358,0.20851441405707358,0.20851441405707358,0.20851441405707358,0.20851441405707358,0.20851441405707358,0.20851441405707358,0.20851441405707358,0.20851441405707358,0.20851441405707358,0.20851441405707358,0.20851441405707358,0.20851441405707358,0.20851441405707358,-4.79583152331272,0.20851441405707358,0.20851441405707358,0.20851441405707358,0.20851441405707358,0.20851441405707358,0.20851441405707358,0.20851441405707358,0.20851441405707358,0.20851441405707358,0.20851441405707358,0.20851441405707358,0.20851441405707358,0.20851441405707358,0.20851441405707358,0.20851441405707358,0.20851441405707358,0.20851441405707358,0.20851441405707358,0.20851441405707358,0.20851441405707358,0.20851441405707358,0.20851441405707358,0.20851441405707358,-4.79583152331272,0.20851441405707358,0.20851441405707358,0.20851441405707358,0.20851441405707358,0.20851441405707358,0.20851441405707358,0.20851441405707358,0.20851441405707358,0.20851441405707358,0.20851441405707358,0.20851441405707358,0.20851441405707358,0.20851441405707358,0.20851441405707358,0.20851441405707358,0.20851441405707358,0.20851441405707358,0.20851441405707358,0.20851441405707358,0.20851441405707358,0.20851441405707358,0.20851441405707358,0.20851441405707358,-4.79583152331272
1686,-1.1404739077975379,-1.4448790872587918,-1.6767545127689887,-1.7595409996020133,-1.7923259136354455,-1.567410414009441,-0.724526758244886,0.35902380835726666,0.7114158452305833,0.6612311164866703,0.6742351885334507,0.6610479605423494,0.5648910897739028,0.4940097393217336,0.4835698504954451,0.4408945154686869,0.43173671825264437,0.6090316723552278,1.0544669289435367,1.3086873796608776,1.1396344430527323,0.7837624432373194,0.19802973329923887,-0.4697568396945827,0.20851441405707566,0.20851441405707566,0.20851441405707566,0.20851441405707566,0.20851441405707566,0.20851441405707566,0.20851441405707566,0.20851441405707566,0.20851441405707566,0.20851441405707566,0.20851441405707566,0.20851441405707566,0.20851441405707566,0.20851441405707566,0.20851441405707566,0.20851441405707566,0.20851441405707566,0.20851441405707566,0.20851441405707566,0.20851441405707566,0.20851441405707566,0.20851441405707566,0.20851441405707566,-4.79583152331272,0.20851441405707566,0.20851441405707566,0.20851441405707566,0.20851441405707566,0.20851441405707566,0.20851441405707566,0.20851441405707566,0.20851441405707566,0.20851441405707566,0.20851441405707566,0.20851441405707566,0.20851441405707566,0.20851441405707566,0.20851441405707566,0.20851441405707566,0.20851441405707566,0.20851441405707566,0.20851441405707566,0.20851441405707566,0.20851441405707566,0.20851441405707566,0.20851441405707566,0.20851441405707566,-4.79583152331272,0.20851441405707566,0.20851441405707566,0.20851441405707566,0.20851441405707566,0.20851441405707566,0.20851441405707566,0.20851441405707566,0.20851441405707566,0.20851441405707566,0.20851441405707566,0.20851441405707566,0.20851441405707566,0.20851441405707566,0.20851441405707566,0.20851441405707566,0.20851441405707566,0.20851441405707566,0.20851441405707566,0.20851441405707566,0.20851441405707566,0.20851441405707566,0.20851441405707566,0.20851441405707566,-4.79583152331272
1687,-1.3335671811714231,-1.5231870149182236,-1.6719479467044083,-1.7087785062182026,-1.6729550323161135,-1.4696676081247413,-0.8140548749045826,0.1134709734760104,0.47817983428643435,0.5653646743854943,0.5984546301986688,0.5453668315244888,0.4668141538114744,0.36740041699884995,0.3087017127737403,0.18857078623460657,0.14526610493127814,0.359631470851409,0.8237540684744574,1.322980793134091,1.3590920057823814,1.1992531322674382,0.8831721195650708,0.4686844556617843,-0.2085144140570748,-0.2085144140570748,-0.2085144140570748,-0.2085144140570748,-0.2085144140570748,-0.2085144140570748,-0.2085144140570748,-0.2085144140570748,-0.2085144140570748,-0.2085144140570748,-0.2085144140570748,-0.2085144140570748,-0.2085144140570748,-0.2085144140570748,-0.2085144140570748,-0.2085144140570748,-0.2085144140570748,-0.2085144140570748,-0.2085144140570748,-0.2085144140570748,-0.2085144140570748,-0.2085144140570748,-0.2085144140570748,4.795831523312719,-0.2085144140570748,-0.2085144140570748,-0.2085144140570748,-0.2085144140570748,-0.2085144140570748,-0.2085144140570748,-0.2085144140570748,-0.2085144140570748,-0.2085144140570748,-0.2085144140570748,-0.2085144140570748,-0.2085144140570748,-0.2085144140570748,-0.2085144140570748,-0.2085144140570748,-0.2085144140570748,-0.2085144140570748,-0.2085144140570748,-0.2085144140570748,-0.2085144140570748,-0.2085144140570748,-0.2085144140570748,-0.2085144140570748,4.795831523312719,-0.2085144140570748,-0.2085144140570748,-0.2085144140570748,-0.2085144140570748,-0.2085144140570748,-0.2085144140570748,-0.2085144140570748,-0.2085144140570748,-0.2085144140570748,-0.2085144140570748,-0.2085144140570748,-0.2085144140570748,-0.2085144140570748,-0.2085144140570748,-0.2085144140570748,-0.2085144140570748,-0.2085144140570748,-0.2085144140570748,-0.2085144140570748,-0.2085144140570748,-0.2085144140570748,-0.2085144140570748,-0.2085144140570748,4.795831523312719
1688,-0.49055277377475676,-0.6588098811484141,-0.7674159357856892,-0.7931275964479229,-0.6666262259897331,-0.3803011728550986,0.640760295363526,1.890141310262786,2.283015485181717,1.9586371742669764,1.4092304092363668,0.8686684554735655,0.31453074488110483,-0.20649034677839884,-0.630629901062606,-1.0551808419174087,-1.2989273849953842,-1.1185343737891527,-0.4784168699421824,0.20901008952329775,0.17671624373153222,0.0014655646577473207,-0.35582367190465214,-0.85133879618722,-0.20851441405707416,-0.20851441405707416,-0.20851441405707416,-0.20851441405707416,-0.20851441405707416,-0.20851441405707416,-0.20851441405707416,-0.20851441405707416,-0.20851441405707416,-0.20851441405707416,-0.20851441405707416,-0.20851441405707416,-0.20851441405707416,-0.20851441405707416,-0.20851441405707416,-0.20851441405707416,-0.20851441405707416,-0.20851441405707416,-0.20851441405707416,-0.20851441405707416,-0.20851441405707416,-0.20851441405707416,-0.20851441405707416,4.79583152331272,-0.20851441405707416,-0.20851441405707416,-0.20851441405707416,-0.20851441405707416,-0.20851441405707416,-0.20851441405707416,-0.20851441405707416,-0.20851441405707416,-0.20851441405707416,-0.20851441405707416,-0.20851441405707416,-0.20851441405707416,-0.20851441405707416,-0.20851441405707416,-0.20851441405707416,-0.20851441405707416,-0.20851441405707416,-0.20851441405707416,-0.20851441405707416,-0.20851441405707416,-0.20851441405707416,-0.20851441405707416,-0.20851441405707416,4.79583152331272,-0.20851441405707416,-0.20851441405707416,-0.20851441405707416,-0.20851441405707416,-0.20851441405707416,-0.20851441405707416,-0.20851441405707416,-0.20851441405707416,-0.20851441405707416,-0.20851441405707416,-0.20851441405707416,-0.20851441405707416,-0.20851441405707416,-0.20851441405707416,-0.20851441405707416,-0.20851441405707416,-0.20851441405707416,-0.20851441405707416,-0.20851441405707416,-0.20851441405707416,-0.20851441405707416,-0.20851441405707416,-0.20851441405707416,4.79583152331272
1689,0.9779133271899542,0.6059259582080185,0.35809509928810285,0.23345642802195848,0.09941561327538932,0.24816234474775115,0.66041017427407,1.2226101382830616,1.5837488801721993,1.7153788888981467,1.4337967456895266,0.8684627338537269,0.20115162734562708,-0.4087822958716751,-0.9432579906435166,-1.3034324101244057,-1.4256602753699283,-1.2829405589491207,-0.6906055196823574,-0.16529088778887857,-0.32970785839528177,-0.6544434293730311,-1.1848207539098157,-1.819585979139522,-0.20851441405707086,-0.20851441405707086,-0.20851441405707086,-0.20851441405707086,-0.20851441405707086,-0.20851441405707086,-0.20851441405707086,-0.20851441405707086,-0.20851441405707086,-0.20851441405707086,-0.20851441405707086,-0.20851441405707086,-0.20851441405707086,-0.20851441405707086,-0.20851441405707086,-0.20851441405707086,-0.20851441405707086,-0.20851441405707086,-0.20851441405707086,-0.20851441405707086,-0.20851441405707086,-0.20851441405707086,-0.20851441405707086,4.795831523312723,-0.20851441405707086,-0.20851441405707086,-0.20851441405707086,-0.20851441405707086,-0.20851441405707086,-0.20851441405707086,-0.20851441405707086,-0.20851441405707086,-0.20851441405707086,-0.20851441405707086,-0.20851441405707086,-0.20851441405707086,-0.20851441405707086,-0.20851441405707086,-0.20851441405707086,-0.20851441405707086,-0.20851441405707086,-0.20851441405707086,-0.20851441405707086,-0.20851441405707086,-0.20851441405707086,-0.20851441405707086,-0.20851441405707086,4.795831523312723,-0.20851441405707086,-0.20851441405707086,-0.20851441405707086,-0.20851441405707086,-0.20851441405707086,-0.20851441405707086,-0.20851441405707086,-0.20851441405707086,-0.20851441405707086,-0.20851441405707086,-0.20851441405707086,-0.20851441405707086,-0.20851441405707086,-0.20851441405707086,-0.20851441405707086,-0.20851441405707086,-0.20851441405707086,-0.20851441405707086,-0.20851441405707086,-0.20851441405707086,-0.20851441405707086,-0.20851441405707086,-0.20851441405707086,4.795831523312723
1690,-0.4606975249735218,-0.8640131118109522,-1.0014102351437741,-1.1728903658149703,-1.310997551800675,-1.3230686168996826,-1.0663809678825502,-0.24838879176156453,0.4236855091920058,0.9264098674330283,0.8383620984755611,0.392797783791604,0.052322741734301334,-0.2700457026744899,-0.658805005127823,-0.6311125616653938,-0.7198703932757438,-0.29276770756673953,0.8500781322481273,2.1146997170323942,2.0039299431826776,1.618365922667317,0.8681847298966386,-0.06838790925577469,-0.20851441405707646,-0.20851441405707646,-0.20851441405707646,-0.20851441405707646,-0.20851441405707646,-0.20851441405707646,-0.20851441405707646,-0.20851441405707646,-0.20851441405707646,-0.20851441405707646,-0.20851441405707646,-0.20851441405707646,-0.20851441405707646,-0.20851441405707646,-0.20851441405707646,-0.20851441405707646,-0.20851441405707646,-0.20851441405707646,-0.20851441405707646,-0.20851441405707646,-0.20851441405707646,-0.20851441405707646,-0.20851441405707646,4.795831523312717,-0.20851441405707646,-0.20851441405707646,-0.20851441405707646,-0.20851441405707646,-0.20851441405707646,-0.20851441405707646,-0.20851441405707646,-0.20851441405707646,-0.20851441405707646,-0.20851441405707646,-0.20851441405707646,-0.20851441405707646,-0.20851441405707646,-0.20851441405707646,-0.20851441405707646,-0.20851441405707646,-0.20851441405707646,-0.20851441405707646,-0.20851441405707646,-0.20851441405707646,-0.20851441405707646,-0.20851441405707646,-0.20851441405707646,4.795831523312717,-0.20851441405707646,-0.20851441405707646,-0.20851441405707646,-0.20851441405707646,-0.20851441405707646,-0.20851441405707646,-0.20851441405707646,-0.20851441405707646,-0.20851441405707646,-0.20851441405707646,-0.20851441405707646,-0.20851441405707646,-0.20851441405707646,-0.20851441405707646,-0.20851441405707646,-0.20851441405707646,-0.20851441405707646,-0.20851441405707646,-0.20851441405707646,-0.20851441405707646,-0.20851441405707646,-0.20851441405707646,-0.20851441405707646,4.795831523312717
1691,-1.4392403732694166,-1.5767079542016662,-1.6352485702993453,-1.618415805287233,-1.6225304811790826,-1.3870588017318686,-0.6224772087372612,0.34559381018154706,0.7802532089387554,0.911174714588517,0.9115487760332306,0.8997658405247521,0.7563132764770848,0.6569999629056228,0.5715269227885642,0.45444569059320594,0.4063787949475078,0.5341207783172037,0.884616352013851,1.1496388855934399,0.982994511973529,0.5466518367151094,-0.08925261929801809,-0.8010915485880074,0.20851441405707513,0.20851441405707513,0.20851441405707513,0.20851441405707513,0.20851441405707513,0.20851441405707513,0.20851441405707513,0.20851441405707513,0.20851441405707513,0.20851441405707513,0.20851441405707513,0.20851441405707513,0.20851441405707513,0.20851441405707513,0.20851441405707513,0.20851441405707513,0.20851441405707513,0.20851441405707513,0.20851441405707513,0.20851441405707513,0.20851441405707513,0.20851441405707513,0.20851441405707513,-4.795831523312719,0.20851441405707513,0.20851441405707513,0.20851441405707513,0.20851441405707513,0.20851441405707513,0.20851441405707513,0.20851441405707513,0.20851441405707513,0.20851441405707513,0.20851441405707513,0.20851441405707513,0.20851441405707513,0.20851441405707513,0.20851441405707513,0.20851441405707513,0.20851441405707513,0.20851441405707513,0.20851441405707513,0.20851441405707513,0.20851441405707513,0.20851441405707513,0.20851441405707513,0.20851441405707513,-4.795831523312719,0.20851441405707513,0.20851441405707513,0.20851441405707513,0.20851441405707513,0.20851441405707513,0.20851441405707513,0.20851441405707513,0.20851441405707513,0.20851441405707513,0.20851441405707513,0.20851441405707513,0.20851441405707513,0.20851441405707513,0.20851441405707513,0.20851441405707513,0.20851441405707513,0.20851441405707513,0.20851441405707513,0.20851441405707513,0.20851441405707513,0.20851441405707513,0.20851441405707513,0.20851441405707513,-4.795831523312719
1692,-1.219889928624845,-1.4741862193395465,-1.7021874747578327,-1.7624330619559492,-1.7005232320175532,-1.5484114455560105,-0.8652398006712918,0.12981093374179795,0.5398803449466572,0.5858134445783703,0.6407334550075925,0.6532152755596884,0.5976295680343544,0.5282306457647009,0.4713135440471434,0.3415026103053454,0.3053885428412811,0.39642262073456763,0.815312518462908,1.3343898291560718,1.28429612267366,1.0739358403023362,0.5786572007951686,-0.003661334028614814,0.20851441405707272,0.20851441405707272,0.20851441405707272,0.20851441405707272,0.20851441405707272,0.20851441405707272,0.20851441405707272,0.20851441405707272,0.20851441405707272,0.20851441405707272,0.20851441405707272,0.20851441405707272,0.20851441405707272,0.20851441405707272,0.20851441405707272,0.20851441405707272,0.20851441405707272,0.20851441405707272,0.20851441405707272,0.20851441405707272,0.20851441405707272,0.20851441405707272,0.20851441405707272,-4.795831523312722,0.20851441405707272,0.20851441405707272,0.20851441405707272,0.20851441405707272,0.20851441405707272,0.20851441405707272,0.20851441405707272,0.20851441405707272,0.20851441405707272,0.20851441405707272,0.20851441405707272,0.20851441405707272,0.20851441405707272,0.20851441405707272,0.20851441405707272,0.20851441405707272,0.20851441405707272,0.20851441405707272,0.20851441405707272,0.20851441405707272,0.20851441405707272,0.20851441405707272,0.20851441405707272,-4.795831523312722,0.20851441405707272,0.20851441405707272,0.20851441405707272,0.20851441405707272,0.20851441405707272,0.20851441405707272,0.20851441405707272,0.20851441405707272,0.20851441405707272,0.20851441405707272,0.20851441405707272,0.20851441405707272,0.20851441405707272,0.20851441405707272,0.20851441405707272,0.20851441405707272,0.20851441405707272,0.20851441405707272,0.20851441405707272,0.20851441405707272,0.20851441405707272,0.20851441405707272,0.20851441405707272,-4.795831523312722
1693,-1.2643646707171143,-1.4900159375400284,-1.5590676913219037,-1.608184861422702,-1.6492870958166752,-1.2557332014943798,-0.23824738907156812,0.9948196427476341,1.315211559848657,1.1499805775848837,0.8579492022157027,0.6337365135965778,0.3308130461129937,0.07947288279384634,-0.10199348205554626,-0.3169581679360272,-0.33339906169361655,-0.06376840406915099,0.6279822007814215,1.3482988585358056,1.2987706660910674,1.0535958379310162,0.4569969057024921,-0.2666079308034098,-0.20851441405707105,-0.20851441405707105,-0.20851441405707105,-0.20851441405707105,-0.20851441405707105,-0.20851441405707105,-0.20851441405707105,-0.20851441405707105,-0.20851441405707105,-0.20851441405707105,-0.20851441405707105,-0.20851441405707105,-0.20851441405707105,-0.20851441405707105,-0.20851441405707105,-0.20851441405707105,-0.20851441405707105,-0.20851441405707105,-0.20851441405707105,-0.20851441405707105,-0.20851441405707105,-0.20851441405707105,-0.20851441405707105,4.7958315233127236,-0.20851441405707105,-0.20851441405707105,-0.20851441405707105,-0.20851441405707105,-0.20851441405707105,-0.20851441405707105,-0.20851441405707105,-0.20851441405707105,-0.20851441405707105,-0.20851441405707105,-0.20851441405707105,-0.20851441405707105,-0.20851441405707105,-0.20851441405707105,-0.20851441405707105,-0.20851441405707105,-0.20851441405707105,-0.20851441405707105,-0.20851441405707105,-0.20851441405707105,-0.20851441405707105,-0.20851441405707105,-0.20851441405707105,4.7958315233127236,-0.20851441405707105,-0.20851441405707105,-0.20851441405707105,-0.20851441405707105,-0.20851441405707105,-0.20851441405707105,-0.20851441405707105,-0.20851441405707105,-0.20851441405707105,-0.20851441405707105,-0.20851441405707105,-0.20851441405707105,-0.20851441405707105,-0.20851441405707105,-0.20851441405707105,-0.20851441405707105,-0.20851441405707105,-0.20851441405707105,-0.20851441405707105,-0.20851441405707105,-0.20851441405707105,-0.20851441405707105,-0.20851441405707105,4.7958315233127236
1694,-1.276821957705125,-1.5773318901010311,-1.7128559772599694,-1.726113768395083,-1.5894848653082185,-1.2064820102938283,-0.47711936187459725,0.6407702211986547,1.023773076213045,0.8626540867238184,0.7354161190243261,0.5407843797213403,0.3715634067606553,0.1964500821843643,0.0484047478422634,-0.18415900498618615,-0.20791254743659787,0.0364359086230637,0.6520025164659037,1.4104586509871893,1.4266626179301058,1.2274274789274278,0.7090846727420869,0.07639341801639193,-0.20851441405707316,-0.20851441405707316,-0.20851441405707316,-0.20851441405707316,-0.20851441405707316,-0.20851441405707316,-0.20851441405707316,-0.20851441405707316,-0.20851441405707316,-0.20851441405707316,-0.20851441405707316,-0.20851441405707316,-0.20851441405707316,-0.20851441405707316,-0.20851441405707316,-0.20851441405707316,-0.20851441405707316,-0.20851441405707316,-0.20851441405707316,-0.20851441405707316,-0.20851441405707316,-0.20851441405707316,-0.20851441405707316,4.795831523312721,-0.20851441405707316,-0.20851441405707316,-0.20851441405707316,-0.20851441405707316,-0.20851441405707316,-0.20851441405707316,-0.20851441405707316,-0.20851441405707316,-0.20851441405707316,-0.20851441405707316,-0.20851441405707316,-0.20851441405707316,-0.20851441405707316,-0.20851441405707316,-0.20851441405707316,-0.20851441405707316,-0.20851441405707316,-0.20851441405707316,-0.20851441405707316,-0.20851441405707316,-0.20851441405707316,-0.20851441405707316,-0.20851441405707316,4.795831523312721,-0.20851441405707316,-0.20851441405707316,-0.20851441405707316,-0.20851441405707316,-0.20851441405707316,-0.20851441405707316,-0.20851441405707316,-0.20851441405707316,-0.20851441405707316,-0.20851441405707316,-0.20851441405707316,-0.20851441405707316,-0.20851441405707316,-0.20851441405707316,-0.20851441405707316,-0.20851441405707316,-0.20851441405707316,-0.20851441405707316,-0.20851441405707316,-0.20851441405707316,-0.20851441405707316,-0.20851441405707316,-0.20851441405707316,4.795831523312721
1695,-0.23501214498698442,-0.39351408343542066,-0.4650380831602775,-0.44264968435443586,-0.38994778982033085,-0.1373353254181356,0.8705388756908582,2.0272067715183217,2.2843761666509095,1.8372025728032586,1.2731337993498864,0.6983661450512444,0.12815542148299508,-0.31703689813405017,-0.73845392698383,-1.213365360059957,-1.454684561347701,-1.36711224035494,-0.8109685638239895,0.005514546608517549,0.08357675129437239,-0.029157752427077875,-0.36676688132224705,-0.8470277548210088,-0.20851441405707408,-0.20851441405707408,-0.20851441405707408,-0.20851441405707408,-0.20851441405707408,-0.20851441405707408,-0.20851441405707408,-0.20851441405707408,-0.20851441405707408,-0.20851441405707408,-0.20851441405707408,-0.20851441405707408,-0.20851441405707408,-0.20851441405707408,-0.20851441405707408,-0.20851441405707408,-0.20851441405707408,-0.20851441405707408,-0.20851441405707408,-0.20851441405707408,-0.20851441405707408,-0.20851441405707408,-0.20851441405707408,4.79583152331272,-0.20851441405707408,-0.20851441405707408,-0.20851441405707408,-0.20851441405707408,-0.20851441405707408,-0.20851441405707408,-0.20851441405707408,-0.20851441405707408,-0.20851441405707408,-0.20851441405707408,-0.20851441405707408,-0.20851441405707408,-0.20851441405707408,-0.20851441405707408,-0.20851441405707408,-0.20851441405707408,-0.20851441405707408,-0.20851441405707408,-0.20851441405707408,-0.20851441405707408,-0.20851441405707408,-0.20851441405707408,-0.20851441405707408,4.79583152331272,-0.20851441405707408,-0.20851441405707408,-0.20851441405707408,-0.20851441405707408,-0.20851441405707408,-0.20851441405707408,-0.20851441405707408,-0.20851441405707408,-0.20851441405707408,-0.20851441405707408,-0.20851441405707408,-0.20851441405707408,-0.20851441405707408,-0.20851441405707408,-0.20851441405707408,-0.20851441405707408,-0.20851441405707408,-0.20851441405707408,-0.20851441405707408,-0.20851441405707408,-0.20851441405707408,-0.20851441405707408,-0.20851441405707408,4.79583152331272
1696,0.7172332098533,0.42699066492503784,0.14035810189886855,-0.024738403756842747,0.05829117999129194,0.3747662600747618,0.937682771341101,1.6038447650072947,1.9282618052753688,1.722733502316218,1.1646303002526692,0.5591160025416347,-0.18815025119157738,-0.7342201802481502,-1.1055669852434309,-1.493279041528199,-1.6244417173042378,-1.4834117576624786,-0.9801802805107405,-0.11835726775111635,-0.03171770210088885,-0.24518796524464384,-0.5347085137924874,-1.0699484971427817,0.20851441405708743,0.20851441405708743,0.20851441405708743,0.20851441405708743,0.20851441405708743,0.20851441405708743,0.20851441405708743,0.20851441405708743,0.20851441405708743,0.20851441405708743,0.20851441405708743,0.20851441405708743,0.20851441405708743,0.20851441405708743,0.20851441405708743,0.20851441405708743,0.20851441405708743,0.20851441405708743,0.20851441405708743,0.20851441405708743,0.20851441405708743,0.20851441405708743,0.20851441405708743,-4.795831523312706,0.20851441405708743,0.20851441405708743,0.20851441405708743,0.20851441405708743,0.20851441405708743,0.20851441405708743,0.20851441405708743,0.20851441405708743,0.20851441405708743,0.20851441405708743,0.20851441405708743,0.20851441405708743,0.20851441405708743,0.20851441405708743,0.20851441405708743,0.20851441405708743,0.20851441405708743,0.20851441405708743,0.20851441405708743,0.20851441405708743,0.20851441405708743,0.20851441405708743,0.20851441405708743,-4.795831523312706,0.20851441405708743,0.20851441405708743,0.20851441405708743,0.20851441405708743,0.20851441405708743,0.20851441405708743,0.20851441405708743,0.20851441405708743,0.20851441405708743,0.20851441405708743,0.20851441405708743,0.20851441405708743,0.20851441405708743,0.20851441405708743,0.20851441405708743,0.20851441405708743,0.20851441405708743,0.20851441405708743,0.20851441405708743,0.20851441405708743,0.20851441405708743,0.20851441405708743,0.20851441405708743,-4.795831523312706
1697,-0.10382181386084978,-0.5770545220428082,-0.6740216443848207,-0.6711209185027946,-0.6114488432154024,-0.6226373573317884,-0.4635118232320756,0.34661947667661847,1.0651707165956341,1.247087668339837,0.9379531671982074,0.31719782844464034,-0.16266511032480607,-0.7063440184988248,-1.152641414919113,-1.532636505464521,-1.4277959842998664,-0.8650551631868196,0.5016011166591513,2.036913887074349,2.049759958837607,1.3196058153904875,0.43115491666709094,-0.6823094326191808,0.20851441405707755,0.20851441405707755,0.20851441405707755,0.20851441405707755,0.20851441405707755,0.20851441405707755,0.20851441405707755,0.20851441405707755,0.20851441405707755,0.20851441405707755,0.20851441405707755,0.20851441405707755,0.20851441405707755,0.20851441405707755,0.20851441405707755,0.20851441405707755,0.20851441405707755,0.20851441405707755,0.20851441405707755,0.20851441405707755,0.20851441405707755,0.20851441405707755,0.20851441405707755,-4.7958315233127164,0.20851441405707755,0.20851441405707755,0.20851441405707755,0.20851441405707755,0.20851441405707755,0.20851441405707755,0.20851441405707755,0.20851441405707755,0.20851441405707755,0.20851441405707755,0.20851441405707755,0.20851441405707755,0.20851441405707755,0.20851441405707755,0.20851441405707755,0.20851441405707755,0.20851441405707755,0.20851441405707755,0.20851441405707755,0.20851441405707755,0.20851441405707755,0.20851441405707755,0.20851441405707755,-4.7958315233127164,0.20851441405707755,0.20851441405707755,0.20851441405707755,0.20851441405707755,0.20851441405707755,0.20851441405707755,0.20851441405707755,0.20851441405707755,0.20851441405707755,0.20851441405707755,0.20851441405707755,0.20851441405707755,0.20851441405707755,0.20851441405707755,0.20851441405707755,0.20851441405707755,0.20851441405707755,0.20851441405707755,0.20851441405707755,0.20851441405707755,0.20851441405707755,0.20851441405707755,0.20851441405707755,-4.7958315233127164
1698,-1.4844534295052538,-1.6169997007033312,-1.7008555049306864,-1.73162517503024,-1.707449005666305,-1.363741646807005,-0.5336368106047602,0.49106082935894757,0.8760198338462207,0.8787248597890386,0.8190452249256186,0.7671425396478,0.6695925415849293,0.5963877770074197,0.5025571896159237,0.3441441078396501,0.28175944703341216,0.4498091837309745,0.7690022449834873,1.1647813532420321,1.0428861216938003,0.6969809292559606,0.20246837408456228,-0.41360128439221566,0.20851441405707646,0.20851441405707646,0.20851441405707646,0.20851441405707646,0.20851441405707646,0.20851441405707646,0.20851441405707646,0.20851441405707646,0.20851441405707646,0.20851441405707646,0.20851441405707646,0.20851441405707646,0.20851441405707646,0.20851441405707646,0.20851441405707646,0.20851441405707646,0.20851441405707646,0.20851441405707646,0.20851441405707646,0.20851441405707646,0.20851441405707646,0.20851441405707646,0.20851441405707646,-4.795831523312717,0.20851441405707646,0.20851441405707646,0.20851441405707646,0.20851441405707646,0.20851441405707646,0.20851441405707646,0.20851441405707646,0.20851441405707646,0.20851441405707646,0.20851441405707646,0.20851441405707646,0.20851441405707646,0.20851441405707646,0.20851441405707646,0.20851441405707646,0.20851441405707646,0.20851441405707646,0.20851441405707646,0.20851441405707646,0.20851441405707646,0.20851441405707646,0.20851441405707646,0.20851441405707646,-4.795831523312717,0.20851441405707646,0.20851441405707646,0.20851441405707646,0.20851441405707646,0.20851441405707646,0.20851441405707646,0.20851441405707646,0.20851441405707646,0.20851441405707646,0.20851441405707646,0.20851441405707646,0.20851441405707646,0.20851441405707646,0.20851441405707646,0.20851441405707646,0.20851441405707646,0.20851441405707646,0.20851441405707646,0.20851441405707646,0.20851441405707646,0.20851441405707646,0.20851441405707646,0.20851441405707646,-4.795831523312717
1699,-1.3733218153201432,-1.64573213539416,-1.6807700705556237,-1.7331344571705583,-1.6210900711047789,-1.391803363537179,-0.6760284023815648,0.46905752256560945,0.8550523577234918,0.8673733898681824,0.8048056485084258,0.7031571333147291,0.5666631990868296,0.4363297809312753,0.37587971697138745,0.2626802341420434,0.20723558949093612,0.4176557165869787,0.8180892612894203,1.2556784185531942,1.2144799673193853,0.9043364863022538,0.32120513682932333,-0.3577992440194802,0.20851441405707605,0.20851441405707605,0.20851441405707605,0.20851441405707605,0.20851441405707605,0.20851441405707605,0.20851441405707605,0.20851441405707605,0.20851441405707605,0.20851441405707605,0.20851441405707605,0.20851441405707605,0.20851441405707605,0.20851441405707605,0.20851441405707605,0.20851441405707605,0.20851441405707605,0.20851441405707605,0.20851441405707605,0.20851441405707605,0.20851441405707605,0.20851441405707605,0.20851441405707605,-4.795831523312718,0.20851441405707605,0.20851441405707605,0.20851441405707605,0.20851441405707605,0.20851441405707605,0.20851441405707605,0.20851441405707605,0.20851441405707605,0.20851441405707605,0.20851441405707605,0.20851441405707605,0.20851441405707605,0.20851441405707605,0.20851441405707605,0.20851441405707605,0.20851441405707605,0.20851441405707605,0.20851441405707605,0.20851441405707605,0.20851441405707605,0.20851441405707605,0.20851441405707605,0.20851441405707605,-4.795831523312718,0.20851441405707605,0.20851441405707605,0.20851441405707605,0.20851441405707605,0.20851441405707605,0.20851441405707605,0.20851441405707605,0.20851441405707605,0.20851441405707605,0.20851441405707605,0.20851441405707605,0.20851441405707605,0.20851441405707605,0.20851441405707605,0.20851441405707605,0.20851441405707605,0.20851441405707605,0.20851441405707605,0.20851441405707605,0.20851441405707605,0.20851441405707605,0.20851441405707605,0.20851441405707605,-4.795831523312718
1700,-1.3793539222075273,-1.5990984317479517,-1.6843021743688698,-1.7118919576937384,-1.705075658284065,-1.4557938513017223,-0.700158373886496,0.280252691204866,0.6350248461940594,0.6585573084417415,0.6027285704196543,0.5298590838733837,0.438812798901317,0.345494414126026,0.29907866100301167,0.24406138719636183,0.27538390591224216,0.48068435241788243,0.8823591390593526,1.2927977392275456,1.3064303380468925,1.1170345901638237,0.7111401896020795,0.13597435370011168,0.20851441405707308,0.20851441405707308,0.20851441405707308,0.20851441405707308,0.20851441405707308,0.20851441405707308,0.20851441405707308,0.20851441405707308,0.20851441405707308,0.20851441405707308,0.20851441405707308,0.20851441405707308,0.20851441405707308,0.20851441405707308,0.20851441405707308,0.20851441405707308,0.20851441405707308,0.20851441405707308,0.20851441405707308,0.20851441405707308,0.20851441405707308,0.20851441405707308,0.20851441405707308,-4.795831523312722,0.20851441405707308,0.20851441405707308,0.20851441405707308,0.20851441405707308,0.20851441405707308,0.20851441405707308,0.20851441405707308,0.20851441405707308,0.20851441405707308,0.20851441405707308,0.20851441405707308,0.20851441405707308,0.20851441405707308,0.20851441405707308,0.20851441405707308,0.20851441405707308,0.20851441405707308,0.20851441405707308,0.20851441405707308,0.20851441405707308,0.20851441405707308,0.20851441405707308,0.20851441405707308,-4.795831523312722,0.20851441405707308,0.20851441405707308,0.20851441405707308,0.20851441405707308,0.20851441405707308,0.20851441405707308,0.20851441405707308,0.20851441405707308,0.20851441405707308,0.20851441405707308,0.20851441405707308,0.20851441405707308,0.20851441405707308,0.20851441405707308,0.20851441405707308,0.20851441405707308,0.20851441405707308,0.20851441405707308,0.20851441405707308,0.20851441405707308,0.20851441405707308,0.20851441405707308,0.20851441405707308,-4.795831523312722
1701,-0.8340416564320414,-1.056074417671751,-1.1624262444840487,-1.187614835044856,-1.0607389714793078,-0.6040791537194852,0.4431131760770439,1.8315176168963618,2.219142038304342,1.7879040387957046,1.2022693082569331,0.6574494235342845,0.18679594435179106,-0.28805563325750366,-0.5455390034346458,-0.8436039917375331,-1.0080295134539146,-0.7778337830509805,-0.19966233860429997,0.6138358454336273,0.7467756289489996,0.5254425507804236,-0.023342204678648303,-0.6232038243304685,-0.20851441405708393,-0.20851441405708393,-0.20851441405708393,-0.20851441405708393,-0.20851441405708393,-0.20851441405708393,-0.20851441405708393,-0.20851441405708393,-0.20851441405708393,-0.20851441405708393,-0.20851441405708393,-0.20851441405708393,-0.20851441405708393,-0.20851441405708393,-0.20851441405708393,-0.20851441405708393,-0.20851441405708393,-0.20851441405708393,-0.20851441405708393,-0.20851441405708393,-0.20851441405708393,-0.20851441405708393,-0.20851441405708393,4.79583152331271,-0.20851441405708393,-0.20851441405708393,-0.20851441405708393,-0.20851441405708393,-0.20851441405708393,-0.20851441405708393,-0.20851441405708393,-0.20851441405708393,-0.20851441405708393,-0.20851441405708393,-0.20851441405708393,-0.20851441405708393,-0.20851441405708393,-0.20851441405708393,-0.20851441405708393,-0.20851441405708393,-0.20851441405708393,-0.20851441405708393,-0.20851441405708393,-0.20851441405708393,-0.20851441405708393,-0.20851441405708393,-0.20851441405708393,4.79583152331271,-0.20851441405708393,-0.20851441405708393,-0.20851441405708393,-0.20851441405708393,-0.20851441405708393,-0.20851441405708393,-0.20851441405708393,-0.20851441405708393,-0.20851441405708393,-0.20851441405708393,-0.20851441405708393,-0.20851441405708393,-0.20851441405708393,-0.20851441405708393,-0.20851441405708393,-0.20851441405708393,-0.20851441405708393,-0.20851441405708393,-0.20851441405708393,-0.20851441405708393,-0.20851441405708393,-0.20851441405708393,-0.20851441405708393,4.79583152331271
1702,-0.41780309371796864,-0.846602610384193,-0.9666079358675732,-1.069783246191699,-0.9007513548096207,-0.5875667248895797,0.5832169383629101,2.024744323742538,2.3793942084027715,1.8957142075215867,1.2681253813656166,0.7427362124810618,0.24710446170417447,-0.17779244275120826,-0.530978847832376,-0.8378217329097993,-0.9390457371285043,-0.839285212488865,-0.3965826398215173,0.21954226296510546,0.3329619303426904,0.1166108659041574,-0.3485317269755297,-0.9509974870242067,-0.2085144140570749,-0.2085144140570749,-0.2085144140570749,-0.2085144140570749,-0.2085144140570749,-0.2085144140570749,-0.2085144140570749,-0.2085144140570749,-0.2085144140570749,-0.2085144140570749,-0.2085144140570749,-0.2085144140570749,-0.2085144140570749,-0.2085144140570749,-0.2085144140570749,-0.2085144140570749,-0.2085144140570749,-0.2085144140570749,-0.2085144140570749,-0.2085144140570749,-0.2085144140570749,-0.2085144140570749,-0.2085144140570749,4.79583152331272,-0.2085144140570749,-0.2085144140570749,-0.2085144140570749,-0.2085144140570749,-0.2085144140570749,-0.2085144140570749,-0.2085144140570749,-0.2085144140570749,-0.2085144140570749,-0.2085144140570749,-0.2085144140570749,-0.2085144140570749,-0.2085144140570749,-0.2085144140570749,-0.2085144140570749,-0.2085144140570749,-0.2085144140570749,-0.2085144140570749,-0.2085144140570749,-0.2085144140570749,-0.2085144140570749,-0.2085144140570749,-0.2085144140570749,4.79583152331272,-0.2085144140570749,-0.2085144140570749,-0.2085144140570749,-0.2085144140570749,-0.2085144140570749,-0.2085144140570749,-0.2085144140570749,-0.2085144140570749,-0.2085144140570749,-0.2085144140570749,-0.2085144140570749,-0.2085144140570749,-0.2085144140570749,-0.2085144140570749,-0.2085144140570749,-0.2085144140570749,-0.2085144140570749,-0.2085144140570749,-0.2085144140570749,-0.2085144140570749,-0.2085144140570749,-0.2085144140570749,-0.2085144140570749,4.79583152331272
1703,0.2734594917492543,-0.09036290640997191,-0.2364389670242778,-0.26735019333404664,-0.11689732191481773,0.17388704593725557,0.8265789572214013,1.5651657805521615,1.954975492865618,1.820662111289543,1.321979230203626,0.6731170283737878,-0.01294806529789595,-0.6746671488671955,-1.2204007461060349,-1.612398863821953,-1.697746674517952,-1.4920365666865698,-0.7887377804705017,0.19467689726063994,0.35142143421194566,0.1829142182224093,-0.27446251089204654,-0.8543899425443471,-0.20851441405707308,-0.20851441405707308,-0.20851441405707308,-0.20851441405707308,-0.20851441405707308,-0.20851441405707308,-0.20851441405707308,-0.20851441405707308,-0.20851441405707308,-0.20851441405707308,-0.20851441405707308,-0.20851441405707308,-0.20851441405707308,-0.20851441405707308,-0.20851441405707308,-0.20851441405707308,-0.20851441405707308,-0.20851441405707308,-0.20851441405707308,-0.20851441405707308,-0.20851441405707308,-0.20851441405707308,-0.20851441405707308,4.795831523312721,-0.20851441405707308,-0.20851441405707308,-0.20851441405707308,-0.20851441405707308,-0.20851441405707308,-0.20851441405707308,-0.20851441405707308,-0.20851441405707308,-0.20851441405707308,-0.20851441405707308,-0.20851441405707308,-0.20851441405707308,-0.20851441405707308,-0.20851441405707308,-0.20851441405707308,-0.20851441405707308,-0.20851441405707308,-0.20851441405707308,-0.20851441405707308,-0.20851441405707308,-0.20851441405707308,-0.20851441405707308,-0.20851441405707308,4.795831523312721,-0.20851441405707308,-0.20851441405707308,-0.20851441405707308,-0.20851441405707308,-0.20851441405707308,-0.20851441405707308,-0.20851441405707308,-0.20851441405707308,-0.20851441405707308,-0.20851441405707308,-0.20851441405707308,-0.20851441405707308,-0.20851441405707308,-0.20851441405707308,-0.20851441405707308,-0.20851441405707308,-0.20851441405707308,-0.20851441405707308,-0.20851441405707308,-0.20851441405707308,-0.20851441405707308,-0.20851441405707308,-0.20851441405707308,4.795831523312721
1704,0.36775479828009267,-0.04793250323872543,-0.24441492550003172,-0.46673857336486585,-0.44758042334845727,-0.45871888266032274,-0.17936632311873757,0.5067627704921733,1.1305164919566377,1.146555873365724,0.7108193450855481,-0.03723958229933461,-0.5674302455441294,-1.0169784633710184,-1.3631617787837962,-1.6117721906246327,-1.451823914906245,-0.70064621891404,0.47290185418410235,2.018920006671025,1.931594485666,1.3345730665500124,0.20646990744428112,-1.2330645740212078,0.20851441405708027,0.20851441405708027,0.20851441405708027,0.20851441405708027,0.20851441405708027,0.20851441405708027,0.20851441405708027,0.20851441405708027,0.20851441405708027,0.20851441405708027,0.20851441405708027,0.20851441405708027,0.20851441405708027,0.20851441405708027,0.20851441405708027,0.20851441405708027,0.20851441405708027,0.20851441405708027,0.20851441405708027,0.20851441405708027,0.20851441405708027,0.20851441405708027,0.20851441405708027,-4.795831523312714,0.20851441405708027,0.20851441405708027,0.20851441405708027,0.20851441405708027,0.20851441405708027,0.20851441405708027,0.20851441405708027,0.20851441405708027,0.20851441405708027,0.20851441405708027,0.20851441405708027,0.20851441405708027,0.20851441405708027,0.20851441405708027,0.20851441405708027,0.20851441405708027,0.20851441405708027,0.20851441405708027,0.20851441405708027,0.20851441405708027,0.20851441405708027,0.20851441405708027,0.20851441405708027,-4.795831523312714,0.20851441405708027,0.20851441405708027,0.20851441405708027,0.20851441405708027,0.20851441405708027,0.20851441405708027,0.20851441405708027,0.20851441405708027,0.20851441405708027,0.20851441405708027,0.20851441405708027,0.20851441405708027,0.20851441405708027,0.20851441405708027,0.20851441405708027,0.20851441405708027,0.20851441405708027,0.20851441405708027,0.20851441405708027,0.20851441405708027,0.20851441405708027,0.20851441405708027,0.20851441405708027,-4.795831523312714
1705,-1.4318028976361796,-1.57437973339668,-1.6618661271500856,-1.6866395020149114,-1.7322017229201503,-1.4584819167213765,-0.6201717001417144,0.44820174595185364,0.8357404842218896,0.8705618013395817,0.8516785995195397,0.8132192343447753,0.6907382830900076,0.582809524063529,0.5000006206692166,0.3340363331132512,0.2500147470332479,0.38808733281832547,0.6936833696123994,1.1773705208193463,1.1186420307551792,0.75760907118667,0.25330631432297995,-0.4001564128806748,-0.20851441405707785,-0.20851441405707785,-0.20851441405707785,-0.20851441405707785,-0.20851441405707785,-0.20851441405707785,-0.20851441405707785,-0.20851441405707785,-0.20851441405707785,-0.20851441405707785,-0.20851441405707785,-0.20851441405707785,-0.20851441405707785,-0.20851441405707785,-0.20851441405707785,-0.20851441405707785,-0.20851441405707785,-0.20851441405707785,-0.20851441405707785,-0.20851441405707785,-0.20851441405707785,-0.20851441405707785,-0.20851441405707785,4.7958315233127164,-0.20851441405707785,-0.20851441405707785,-0.20851441405707785,-0.20851441405707785,-0.20851441405707785,-0.20851441405707785,-0.20851441405707785,-0.20851441405707785,-0.20851441405707785,-0.20851441405707785,-0.20851441405707785,-0.20851441405707785,-0.20851441405707785,-0.20851441405707785,-0.20851441405707785,-0.20851441405707785,-0.20851441405707785,-0.20851441405707785,-0.20851441405707785,-0.20851441405707785,-0.20851441405707785,-0.20851441405707785,-0.20851441405707785,4.7958315233127164,-0.20851441405707785,-0.20851441405707785,-0.20851441405707785,-0.20851441405707785,-0.20851441405707785,-0.20851441405707785,-0.20851441405707785,-0.20851441405707785,-0.20851441405707785,-0.20851441405707785,-0.20851441405707785,-0.20851441405707785,-0.20851441405707785,-0.20851441405707785,-0.20851441405707785,-0.20851441405707785,-0.20851441405707785,-0.20851441405707785,-0.20851441405707785,-0.20851441405707785,-0.20851441405707785,-0.20851441405707785,-0.20851441405707785,4.7958315233127164
1706,-1.1727921626092372,-1.4188156243670533,-1.6433695409314,-1.7693388111992043,-1.773501274042836,-1.589695677947727,-0.6073544468506238,0.657815180621671,1.0114054453386032,0.8768921723917653,0.7290152029469517,0.6453277920907756,0.5537536095308762,0.43983357381042715,0.4067529480531429,0.2656673653532021,0.13706917118415676,0.18789503327481866,0.5447714528683023,1.2512947513268566,1.289414147894853,1.001108826725409,0.3410298505221146,-0.3641789859858191,-0.20851441405709847,-0.20851441405709847,-0.20851441405709847,-0.20851441405709847,-0.20851441405709847,-0.20851441405709847,-0.20851441405709847,-0.20851441405709847,-0.20851441405709847,-0.20851441405709847,-0.20851441405709847,-0.20851441405709847,-0.20851441405709847,-0.20851441405709847,-0.20851441405709847,-0.20851441405709847,-0.20851441405709847,-0.20851441405709847,-0.20851441405709847,-0.20851441405709847,-0.20851441405709847,-0.20851441405709847,-0.20851441405709847,4.795831523312696,-0.20851441405709847,-0.20851441405709847,-0.20851441405709847,-0.20851441405709847,-0.20851441405709847,-0.20851441405709847,-0.20851441405709847,-0.20851441405709847,-0.20851441405709847,-0.20851441405709847,-0.20851441405709847,-0.20851441405709847,-0.20851441405709847,-0.20851441405709847,-0.20851441405709847,-0.20851441405709847,-0.20851441405709847,-0.20851441405709847,-0.20851441405709847,-0.20851441405709847,-0.20851441405709847,-0.20851441405709847,-0.20851441405709847,4.795831523312696,-0.20851441405709847,-0.20851441405709847,-0.20851441405709847,-0.20851441405709847,-0.20851441405709847,-0.20851441405709847,-0.20851441405709847,-0.20851441405709847,-0.20851441405709847,-0.20851441405709847,-0.20851441405709847,-0.20851441405709847,-0.20851441405709847,-0.20851441405709847,-0.20851441405709847,-0.20851441405709847,-0.20851441405709847,-0.20851441405709847,-0.20851441405709847,-0.20851441405709847,-0.20851441405709847,-0.20851441405709847,-0.20851441405709847,4.795831523312696
1707,-1.1221035857596566,-1.4345788582000703,-1.66771470599741,-1.720933150834918,-1.6789442861007373,-1.443855467850645,-0.4370991994566878,0.8733439743402963,1.2058371939214239,1.0134696043252942,0.7905868514049055,0.648508250967155,0.49788540479861193,0.27597913710459954,0.15050078551524604,-0.01818703734125844,-0.10680307163490695,0.08117033444252929,0.5535450627020606,1.3281419685250544,1.3676896201932942,0.9722131035108958,0.3206533362113149,-0.44930526478639143,0.20851441405707477,0.20851441405707477,0.20851441405707477,0.20851441405707477,0.20851441405707477,0.20851441405707477,0.20851441405707477,0.20851441405707477,0.20851441405707477,0.20851441405707477,0.20851441405707477,0.20851441405707477,0.20851441405707477,0.20851441405707477,0.20851441405707477,0.20851441405707477,0.20851441405707477,0.20851441405707477,0.20851441405707477,0.20851441405707477,0.20851441405707477,0.20851441405707477,0.20851441405707477,-4.79583152331272,0.20851441405707477,0.20851441405707477,0.20851441405707477,0.20851441405707477,0.20851441405707477,0.20851441405707477,0.20851441405707477,0.20851441405707477,0.20851441405707477,0.20851441405707477,0.20851441405707477,0.20851441405707477,0.20851441405707477,0.20851441405707477,0.20851441405707477,0.20851441405707477,0.20851441405707477,0.20851441405707477,0.20851441405707477,0.20851441405707477,0.20851441405707477,0.20851441405707477,0.20851441405707477,-4.79583152331272,0.20851441405707477,0.20851441405707477,0.20851441405707477,0.20851441405707477,0.20851441405707477,0.20851441405707477,0.20851441405707477,0.20851441405707477,0.20851441405707477,0.20851441405707477,0.20851441405707477,0.20851441405707477,0.20851441405707477,0.20851441405707477,0.20851441405707477,0.20851441405707477,0.20851441405707477,0.20851441405707477,0.20851441405707477,0.20851441405707477,0.20851441405707477,0.20851441405707477,0.20851441405707477,-4.79583152331272
1708,-1.1531643236170326,-1.5267761788825074,-1.5883735678292565,-1.728152258131495,-1.652577000154522,-1.2704362756502665,-0.170922882950794,1.1543686315419552,1.5130549656395638,1.275194279091348,1.0226449844096763,0.7606191683515818,0.5064114824290362,0.24628097064622628,0.0794941944211824,-0.11098388524491885,-0.2268343590716894,-0.07781606042743854,0.26120649181409245,0.9669704213231914,1.1088813289351251,0.8423541652232297,0.216429928310494,-0.44787422017675466,0.20851441405707882,0.20851441405707882,0.20851441405707882,0.20851441405707882,0.20851441405707882,0.20851441405707882,0.20851441405707882,0.20851441405707882,0.20851441405707882,0.20851441405707882,0.20851441405707882,0.20851441405707882,0.20851441405707882,0.20851441405707882,0.20851441405707882,0.20851441405707882,0.20851441405707882,0.20851441405707882,0.20851441405707882,0.20851441405707882,0.20851441405707882,0.20851441405707882,0.20851441405707882,-4.795831523312716,0.20851441405707882,0.20851441405707882,0.20851441405707882,0.20851441405707882,0.20851441405707882,0.20851441405707882,0.20851441405707882,0.20851441405707882,0.20851441405707882,0.20851441405707882,0.20851441405707882,0.20851441405707882,0.20851441405707882,0.20851441405707882,0.20851441405707882,0.20851441405707882,0.20851441405707882,0.20851441405707882,0.20851441405707882,0.20851441405707882,0.20851441405707882,0.20851441405707882,0.20851441405707882,-4.795831523312716,0.20851441405707882,0.20851441405707882,0.20851441405707882,0.20851441405707882,0.20851441405707882,0.20851441405707882,0.20851441405707882,0.20851441405707882,0.20851441405707882,0.20851441405707882,0.20851441405707882,0.20851441405707882,0.20851441405707882,0.20851441405707882,0.20851441405707882,0.20851441405707882,0.20851441405707882,0.20851441405707882,0.20851441405707882,0.20851441405707882,0.20851441405707882,0.20851441405707882,0.20851441405707882,-4.795831523312716
1709,-1.2007343644635975,-1.5619458027491924,-1.6852862938711028,-1.6337153568166456,-1.609863798428959,-1.1665686186650195,-0.09195921779276481,1.175396560320524,1.6219149236503672,1.460325987546401,1.2048349702224435,0.9553605622215062,0.673654318561533,0.426543578508925,0.19705290861658983,-0.0842235772345962,-0.2148699511058881,-0.15062115869221002,0.04964598020259929,0.6250916861685857,0.7293079547994682,0.5382806087935825,0.13645705757760246,-0.3940789573701273,-0.20851441405707496,-0.20851441405707496,-0.20851441405707496,-0.20851441405707496,-0.20851441405707496,-0.20851441405707496,-0.20851441405707496,-0.20851441405707496,-0.20851441405707496,-0.20851441405707496,-0.20851441405707496,-0.20851441405707496,-0.20851441405707496,-0.20851441405707496,-0.20851441405707496,-0.20851441405707496,-0.20851441405707496,-0.20851441405707496,-0.20851441405707496,-0.20851441405707496,-0.20851441405707496,-0.20851441405707496,-0.20851441405707496,4.795831523312719,-0.20851441405707496,-0.20851441405707496,-0.20851441405707496,-0.20851441405707496,-0.20851441405707496,-0.20851441405707496,-0.20851441405707496,-0.20851441405707496,-0.20851441405707496,-0.20851441405707496,-0.20851441405707496,-0.20851441405707496,-0.20851441405707496,-0.20851441405707496,-0.20851441405707496,-0.20851441405707496,-0.20851441405707496,-0.20851441405707496,-0.20851441405707496,-0.20851441405707496,-0.20851441405707496,-0.20851441405707496,-0.20851441405707496,4.795831523312719,-0.20851441405707496,-0.20851441405707496,-0.20851441405707496,-0.20851441405707496,-0.20851441405707496,-0.20851441405707496,-0.20851441405707496,-0.20851441405707496,-0.20851441405707496,-0.20851441405707496,-0.20851441405707496,-0.20851441405707496,-0.20851441405707496,-0.20851441405707496,-0.20851441405707496,-0.20851441405707496,-0.20851441405707496,-0.20851441405707496,-0.20851441405707496,-0.20851441405707496,-0.20851441405707496,-0.20851441405707496,-0.20851441405707496,4.795831523312719
1710,0.318905749026682,-0.1221294929833039,-0.18993091969289524,-0.32390393112386656,-0.23295874818167434,0.012821423640594215,0.704852331835125,1.4985853800940427,1.9396206221040286,1.8265095881221622,1.4294800797938823,0.7804770000881306,0.0877941550983154,-0.5481701887017456,-1.0827583608350617,-1.5107548669393571,-1.6743910025557747,-1.5029316253959426,-0.9246636879785628,0.2716403313685534,0.4854756002218799,0.13929716192579342,-0.35291511851402824,-1.0299514804170147,-0.20851441405706683,-0.20851441405706683,-0.20851441405706683,-0.20851441405706683,-0.20851441405706683,-0.20851441405706683,-0.20851441405706683,-0.20851441405706683,-0.20851441405706683,-0.20851441405706683,-0.20851441405706683,-0.20851441405706683,-0.20851441405706683,-0.20851441405706683,-0.20851441405706683,-0.20851441405706683,-0.20851441405706683,-0.20851441405706683,-0.20851441405706683,-0.20851441405706683,-0.20851441405706683,-0.20851441405706683,-0.20851441405706683,4.795831523312727,-0.20851441405706683,-0.20851441405706683,-0.20851441405706683,-0.20851441405706683,-0.20851441405706683,-0.20851441405706683,-0.20851441405706683,-0.20851441405706683,-0.20851441405706683,-0.20851441405706683,-0.20851441405706683,-0.20851441405706683,-0.20851441405706683,-0.20851441405706683,-0.20851441405706683,-0.20851441405706683,-0.20851441405706683,-0.20851441405706683,-0.20851441405706683,-0.20851441405706683,-0.20851441405706683,-0.20851441405706683,-0.20851441405706683,4.795831523312727,-0.20851441405706683,-0.20851441405706683,-0.20851441405706683,-0.20851441405706683,-0.20851441405706683,-0.20851441405706683,-0.20851441405706683,-0.20851441405706683,-0.20851441405706683,-0.20851441405706683,-0.20851441405706683,-0.20851441405706683,-0.20851441405706683,-0.20851441405706683,-0.20851441405706683,-0.20851441405706683,-0.20851441405706683,-0.20851441405706683,-0.20851441405706683,-0.20851441405706683,-0.20851441405706683,-0.20851441405706683,-0.20851441405706683,4.795831523312727
1711,-0.2265314615533869,-0.838123639063784,-1.0746344601569655,-1.045979442049835,-0.8702001518702733,-0.5772346682376706,0.42141409713769806,1.2913291244496894,1.5594887715119403,1.2947506191490483,0.6630571602799179,0.1297316740173549,-0.30394277912638124,-0.7619953820030492,-1.148196596193181,-1.2546906187107256,-1.0917419336537597,-0.5173585109988904,0.33245523495436763,1.7528032220257164,1.961514398686607,1.0710704031784626,-0.38349253088647484,-0.38349253088647484,0.0,0.0,0.0,0.0,0.0,0.0,0.0,0.0,0.0,0.0,0.0,0.0,0.0,0.0,0.0,0.0,0.0,0.0,0.0,0.0,0.0,0.0,0.0,0.0,0.0,0.0,0.0,0.0,0.0,0.0,0.0,0.0,0.0,0.0,0.0,0.0,0.0,0.0,0.0,0.0,0.0,0.0,0.0,0.0,0.0,0.0,0.0,0.0,0.0,0.0,0.0,0.0,0.0,0.0,0.0,0.0,0.0,0.0,0.0,0.0,0.0,0.0,0.0,0.0,0.0,0.0,0.0,0.0,0.0,0.0,0.0,0.0
1712,-1.4037438869877443,-1.6187057612848001,-1.7221600350819422,-1.7693958936270444,-1.6710523848528152,-1.4345633487925815,-0.8029966892944597,0.17842506677214112,0.7480430593258666,0.791252254519583,0.8177353096383125,0.8339968347112167,0.776074831118206,0.6977097674335444,0.6577528772544087,0.5804719152412741,0.4643181647205308,0.5160453016191018,0.6041672803475058,0.7715835527647372,1.0142674555194102,0.8316737597008017,0.38951514938517207,-0.2504145801504433,0.0,0.0,0.0,0.0,0.0,0.0,0.0,0.0,0.0,0.0,0.0,0.0,0.0,0.0,0.0,0.0,0.0,0.0,0.0,0.0,0.0,0.0,0.0,0.0,0.0,0.0,0.0,0.0,0.0,0.0,0.0,0.0,0.0,0.0,0.0,0.0,0.0,0.0,0.0,0.0,0.0,0.0,0.0,0.0,0.0,0.0,0.0,0.0,0.0,0.0,0.0,0.0,0.0,0.0,0.0,0.0,0.0,0.0,0.0,0.0,0.0,0.0,0.0,0.0,0.0,0.0,0.0,0.0,0.0,0.0,0.0,0.0
1713,-1.1160460962272336,-1.5502286968133179,-1.7107848710292204,-1.8190169348979761,-1.7819241580422933,-1.5839168226532618,-0.785257371224381,0.27914405159086514,0.8731660577579595,0.8658191792503123,0.8665359478852046,0.8593682615362804,0.7608125742385724,0.703829467764625,0.6647655771629879,0.4943538342173147,0.3488498013341531,0.3768037780949576,0.44471760625101453,0.6592106202425717,1.0242250475615373,0.9195768268672438,0.3886304605706825,-0.1826341414385775,0.0,0.0,0.0,0.0,0.0,0.0,0.0,0.0,0.0,0.0,0.0,0.0,0.0,0.0,0.0,0.0,0.0,0.0,0.0,0.0,0.0,0.0,0.0,0.0,0.0,0.0,0.0,0.0,0.0,0.0,0.0,0.0,0.0,0.0,0.0,0.0,0.0,0.0,0.0,0.0,0.0,0.0,0.0,0.0,0.0,0.0,0.0,0.0,0.0,0.0,0.0,0.0,0.0,0.0,0.0,0.0,0.0,0.0,0.0,0.0,0.0,0.0,0.0,0.0,0.0,0.0,0.0,0.0,0.0,0.0,0.0,0.0
1714,-1.0592215553032707,-1.311614191527878,-1.5773390435093408,-1.7492786536149934,-1.7414632167920092,-1.627219919703093,-0.853491674227657,0.4475486910103012,1.1111712235972244,1.1001376657294821,1.127721560398838,1.0897937052284736,0.8838339583639487,0.7181007245589014,0.6107534011373242,0.4172064068740096,0.31215774134154545,0.2923892834951737,0.3760604306588869,0.4845570830250205,0.8362517400593096,0.7066074351133363,0.10114094712097202,-0.6958037430345052,0.0,0.0,0.0,0.0,0.0,0.0,0.0,0.0,0.0,0.0,0.0,0.0,0.0,0.0,0.0,0.0,0.0,0.0,0.0,0.0,0.0,0.0,0.0,0.0,0.0,0.0,0.0,0.0,0.0,0.0,0.0,0.0,0.0,0.0,0.0,0.0,0.0,0.0,0.0,0.0,0.0,0.0,0.0,0.0,0.0,0.0,0.0,0.0,0.0,0.0,0.0,0.0,0.0,0.0,0.0,0.0,0.0,0.0,0.0,0.0,0.0,0.0,0.0,0.0,0.0,0.0,0.0,0.0,0.0,0.0,0.0,0.0
1715,-1.0797783034629898,-1.4983619379708277,-1.6842876826707636,-1.7843706887174386,-1.7418504536835806,-1.6004506154813642,-0.8884372458106287,0.26662895022705185,0.8137761255683945,0.8173863342033447,0.8607088378227472,0.8434600632335406,0.8226010800093839,0.8121715883973055,0.7513997430423104,0.6436951854329624,0.5724938484658889,0.5688836398309387,0.5825222057851951,0.6067908304979159,0.86211280784745,0.7670439804604279,0.21347865643472932,-0.527616949461994,0.0,0.0,0.0,0.0,0.0,0.0,0.0,0.0,0.0,0.0,0.0,0.0,0.0,0.0,0.0,0.0,0.0,0.0,0.0,0.0,0.0,0.0,0.0,0.0,0.0,0.0,0.0,0.0,0.0,0.0,0.0,0.0,0.0,0.0,0.0,0.0,0.0,0.0,0.0,0.0,0.0,0.0,0.0,0.0,0.0,0.0,0.0,0.0,0.0,0.0,0.0,0.0,0.0,0.0,0.0,0.0,0.0,0.0,0.0,0.0,0.0,0.0,0.0,0.0,0.0,0.0,0.0,0.0,0.0,0.0,0.0,0.0
1716,-1.1318132434247425,-1.3501349772302431,-1.633294226917611,-1.7946439795547822,-1.7746612697420099,-1.7359713422321743,-0.8998862603850141,0.29439952395705216,0.9453256670071424,0.9723235834563133,0.9474514871999905,0.9283191054643575,0.8760239287202941,0.7463488969565596,0.6944788842510659,0.47530682236842603,0.33436494358259655,0.311406085499837,0.3592370398389194,0.49380145804620457,0.9238548830593765,0.8500889223675472,0.3532847432989447,-0.1856106755880503,0.0,0.0,0.0,0.0,0.0,0.0,0.0,0.0,0.0,0.0,0.0,0.0,0.0,0.0,0.0,0.0,0.0,0.0,0.0,0.0,0.0,0.0,0.0,0.0,0.0,0.0,0.0,0.0,0.0,0.0,0.0,0.0,0.0,0.0,0.0,0.0,0.0,0.0,0.0,0.0,0.0,0.0,0.0,0.0,0.0,0.0,0.0,0.0,0.0,0.0,0.0,0.0,0.0,0.0,0.0,0.0,0.0,0.0,0.0,0.0,0.0,0.0,0.0,0.0,0.0,0.0,0.0,0.0,0.0,0.0,0.0,0.0
1717,-0.6266257557572456,-1.1240070735316459,-1.4392823015157674,-1.6242033486987617,-1.6556009503867408,-1.6322151505087978,-1.3725894648268187,-0.9092041709490577,-0.4150708809354827,0.08815688680840347,0.6067586526201967,0.9293960768621891,1.0095140949625496,0.9683724099920942,0.8154985700492441,0.7336482704764433,0.6487664783268722,0.7226049760896369,0.7929789109075212,0.8579394661240297,1.1615217941691796,1.0086479542263296,0.5177626919735799,-0.06276813647795138,0.0,0.0,0.0,0.0,0.0,0.0,0.0,0.0,0.0,0.0,0.0,0.0,0.0,0.0,0.0,0.0,0.0,0.0,0.0,0.0,0.0,0.0,0.0,0.0,0.0,0.0,0.0,0.0,0.0,0.0,0.0,0.0,0.0,0.0,0.0,0.0,0.0,0.0,0.0,0.0,0.0,0.0,0.0,0.0,0.0,0.0,0.0,0.0,0.0,0.0,0.0,0.0,0.0,0.0,0.0,0.0,0.0,0.0,0.0,0.0,0.0,0.0,0.0,0.0,0.0,0.0,0.0,0.0,0.0,0.0,0.0,0.0
1718,-0.5783250494630175,-1.092064215274234,-1.3825666960981038,-1.4626960704212928,-1.5680166192808693,-1.5514011637355927,-1.4423287378174054,-0.9580686060381316,-0.5014115697614949,0.01045165752041598,0.3108698134277574,0.5083793414417722,0.6383550824007914,0.6689060813066228,0.5810049616477396,0.5365184193813537,0.5579577168591301,0.6498787047950962,0.8779392317149424,1.1357467838852033,1.6103592317994777,1.517634270208095,0.8819590999920255,0.05091833150971888,0.0,0.0,0.0,0.0,0.0,0.0,0.0,0.0,0.0,0.0,0.0,0.0,0.0,0.0,0.0,0.0,0.0,0.0,0.0,0.0,0.0,0.0,0.0,0.0,0.0,0.0,0.0,0.0,0.0,0.0,0.0,0.0,0.0,0.0,0.0,0.0,0.0,0.0,0.0,0.0,0.0,0.0,0.0,0.0,0.0,0.0,0.0,0.0,0.0,0.0,0.0,0.0,0.0,0.0,0.0,0.0,0.0,0.0,0.0,0.0,0.0,0.0,0.0,0.0,0.0,0.0,0.0,0.0,0.0,0.0,0.0,0.0
1719,-1.3131381300944018,-1.493832779099434,-1.635497383919379,-1.7019930147532307,-1.6683838100382946,-1.5126250225959572,-0.9380160387599557,-0.03345862584076595,0.5680738606969853,0.7381075254107203,0.9041659078463447,1.0357116123220078,0.9827680801635336,0.9242230138859032,0.9155496707336617,0.7335901591855946,0.5913834704186344,0.5315735415979689,0.5825294326173879,0.6179455838223741,0.8344177733304023,0.6145123854912785,0.08471567460852492,-0.36232288702992405,0.0,0.0,0.0,0.0,0.0,0.0,0.0,0.0,0.0,0.0,0.0,0.0,0.0,0.0,0.0,0.0,0.0,0.0,0.0,0.0,0.0,0.0,0.0,0.0,0.0,0.0,0.0,0.0,0.0,0.0,0.0,0.0,0.0,0.0,0.0,0.0,0.0,0.0,0.0,0.0,0.0,0.0,0.0,0.0,0.0,0.0,0.0,0.0,0.0,0.0,0.0,0.0,0.0,0.0,0.0,0.0,0.0,0.0,0.0,0.0,0.0,0.0,0.0,0.0,0.0,0.0,0.0,0.0,0.0,0.0,0.0,0.0
1720,-0.6613280080771293,-1.2583282368899835,-1.633353402575319,-1.8629285564120441,-1.7932173795620796,-1.4821378046714484,-0.9241863177783114,0.30781459339343015,1.003091857239129,1.1218105155588054,1.097175738777239,1.1548315993298413,1.084072134106193,0.9818640176720346,0.8049653546129141,0.47632694946308124,0.15659899548955974,0.026349165059362863,0.07247385350144465,0.2782004468368663,0.7976273359971283,0.769323549907669,0.05281844649487571,-0.5698648474732285,0.0,0.0,0.0,0.0,0.0,0.0,0.0,0.0,0.0,0.0,0.0,0.0,0.0,0.0,0.0,0.0,0.0,0.0,0.0,0.0,0.0,0.0,0.0,0.0,0.0,0.0,0.0,0.0,0.0,0.0,0.0,0.0,0.0,0.0,0.0,0.0,0.0,0.0,0.0,0.0,0.0,0.0,0.0,0.0,0.0,0.0,0.0,0.0,0.0,0.0,0.0,0.0,0.0,0.0,0.0,0.0,0.0,0.0,0.0,0.0,0.0,0.0,0.0,0.0,0.0,0.0,0.0,0.0,0.0,0.0,0.0,0.0
1721,-0.9024572567062715,-1.2921087497572028,-1.5401411192490413,-1.69488785819423,-1.7696754852422902,-1.5928504840568496,-1.0900230341166994,-0.21285964240939606,0.3577938203589153,0.605030576797051,0.8192493915065215,0.9694213553929193,1.032274786635438,1.0961227341950854,1.0123844602928689,0.8932414055008792,0.7094547900955394,0.6760390418400231,0.7418760220339272,0.6633092329807788,0.7416771187705016,0.5161208180457665,-0.1108222682720159,-0.6281696564422418,1.0,1.0,1.0,1.0,1.0,1.0,1.0,1.0,1.0,1.0,1.0,1.0,1.0,1.0,1.0,1.0,1.0,1.0,1.0,1.0,1.0,1.0,1.0,1.0,1.0,1.0,1.0,1.0,1.0,1.0,1.0,1.0,1.0,1.0,1.0,1.0,1.0,1.0,1.0,1.0,1.0,1.0,1.0,1.0,1.0,1.0,1.0,1.0,1.0,1.0,1.0,1.0,1.0,1.0,1.0,1.0,1.0,1.0,1.0,1.0,1.0,1.0,1.0,1.0,1.0,1.0,1.0,1.0,1.0,1.0,1.0,1.0
1722,-0.9450404617090752,-1.2131763677115983,-1.5202440719271666,-1.6829168438032711,-1.714903062992393,-1.4871611823658464,-1.2212186171077202,-0.47822443994326475,0.004310523824056943,0.3345910842511593,0.6129625803942014,0.8701317826747398,0.9898516316397382,1.09056252748663,1.1172481732101258,1.0090433631532112,0.8662934363720453,0.8087182418316261,0.779656476968367,0.745294138639482,0.8324794332292594,0.6188114890459264,0.11397756104390278,-0.5310473962041571,0.0,0.0,0.0,0.0,0.0,0.0,0.0,0.0,0.0,0.0,0.0,0.0,0.0,0.0,0.0,0.0,0.0,0.0,0.0,0.0,0.0,0.0,0.0,0.0,0.0,0.0,0.0,0.0,0.0,0.0,0.0,0.0,0.0,0.0,0.0,0.0,0.0,0.0,0.0,0.0,0.0,0.0,0.0,0.0,0.0,0.0,0.0,0.0,0.0,0.0,0.0,0.0,0.0,0.0,0.0,0.0,0.0,0.0,0.0,0.0,0.0,0.0,0.0,0.0,0.0,0.0,0.0,0.0,0.0,0.0,0.0,0.0
1723,-0.7741036767107532,-1.1960411991074231,-1.533591217024759,-1.827568601910282,-1.8886070583092773,-1.6690892361996372,-1.136841250431289,-0.38323693483043936,0.13191292911529875,0.43471515107055597,0.6463273899718923,0.8373483423771821,0.9577705982245978,1.0232214731584603,1.0250599808813214,0.8334874761591734,0.6718826473196645,0.6277584619709932,0.6553360778139128,0.704791935558882,0.9096016958856314,0.8156539512474187,0.3654034099186847,-0.23119234614980932,0.0,0.0,0.0,0.0,0.0,0.0,0.0,0.0,0.0,0.0,0.0,0.0,0.0,0.0,0.0,0.0,0.0,0.0,0.0,0.0,0.0,0.0,0.0,0.0,0.0,0.0,0.0,0.0,0.0,0.0,0.0,0.0,0.0,0.0,0.0,0.0,0.0,0.0,0.0,0.0,0.0,0.0,0.0,0.0,0.0,0.0,0.0,0.0,0.0,0.0,0.0,0.0,0.0,0.0,0.0,0.0,0.0,0.0,0.0,0.0,0.0,0.0,0.0,0.0,0.0,0.0,0.0,0.0,0.0,0.0,0.0,0.0
1724,-0.2822429683733342,-0.8947781456877129,-1.3913281381869673,-1.643679291091439,-1.666653992236927,-1.7248318644924365,-1.3220334750546086,-0.5646094566452983,0.0475551609731855,0.6545319428491397,1.128848353594696,1.2859656646541617,1.1807267110199913,0.8090553360373405,0.4107036629502521,-0.006546554627479529,-0.1907147234872776,-0.08992248620384687,0.2369111655755131,0.5689326530974026,1.3771233498443234,1.4534586471986863,0.7908979109384872,-0.16736946264589475,0.0,0.0,0.0,0.0,0.0,0.0,0.0,0.0,0.0,0.0,0.0,0.0,0.0,0.0,0.0,0.0,0.0,0.0,0.0,0.0,0.0,0.0,0.0,0.0,0.0,0.0,0.0,0.0,0.0,0.0,0.0,0.0,0.0,0.0,0.0,0.0,0.0,0.0,0.0,0.0,0.0,0.0,0.0,0.0,0.0,0.0,0.0,0.0,0.0,0.0,0.0,0.0,0.0,0.0,0.0,0.0,0.0,0.0,0.0,0.0,0.0,0.0,0.0,0.0,0.0,0.0,0.0,0.0,0.0,0.0,0.0,0.0
1725,-0.6943171328241907,-1.1456715619522875,-1.4379595246167043,-1.5842367274451135,-1.6231374043357287,-1.5109649045347082,-1.2445219121332343,-0.855781586219484,-0.4915540156066691,-0.023413677957279517,0.41541793052794795,0.660012597552501,0.7895038918596173,0.8145495331453558,0.6485555488792376,0.4998803591192152,0.5422447949110495,0.7330179774705048,1.0047898297200082,1.1931650253478503,1.5243536649028822,1.271765708106285,0.6336347413047551,-0.11933315522181011,0.0,0.0,0.0,0.0,0.0,0.0,0.0,0.0,0.0,0.0,0.0,0.0,0.0,0.0,0.0,0.0,0.0,0.0,0.0,0.0,0.0,0.0,0.0,0.0,0.0,0.0,0.0,0.0,0.0,0.0,0.0,0.0,0.0,0.0,0.0,0.0,0.0,0.0,0.0,0.0,0.0,0.0,0.0,0.0,0.0,0.0,0.0,0.0,0.0,0.0,0.0,0.0,0.0,0.0,0.0,0.0,0.0,0.0,0.0,0.0,0.0,0.0,0.0,0.0,0.0,0.0,0.0,0.0,0.0,0.0,0.0,0.0
1726,-1.183777212275138,-1.4674331099229962,-1.6418899012911252,-1.7232282766878413,-1.6908799113001818,-1.496041779890117,-0.8829187156928019,-0.06411240336585984,0.4515915951264229,0.7928388022505767,0.9856201011793452,1.0792994714638389,1.0824782125712968,1.0445203040528293,0.915687796815272,0.7331906602929849,0.5598557775510175,0.496467940172887,0.5147924477335265,0.5731316962939297,0.7322557364378501,0.5826679196163034,0.10679167735275742,-0.5009088284847766,0.0,0.0,0.0,0.0,0.0,0.0,0.0,0.0,0.0,0.0,0.0,0.0,0.0,0.0,0.0,0.0,0.0,0.0,0.0,0.0,0.0,0.0,0.0,0.0,0.0,0.0,0.0,0.0,0.0,0.0,0.0,0.0,0.0,0.0,0.0,0.0,0.0,0.0,0.0,0.0,0.0,0.0,0.0,0.0,0.0,0.0,0.0,0.0,0.0,0.0,0.0,0.0,0.0,0.0,0.0,0.0,0.0,0.0,0.0,0.0,0.0,0.0,0.0,0.0,0.0,0.0,0.0,0.0,0.0,0.0,0.0,0.0
1727,-1.099284543074658,-1.4461568393373303,-1.5927169273693824,-1.714716121527931,-1.6446571783477744,-1.5146052320995524,-1.0207702102003444,-0.24992051641637894,0.2662608925316721,0.5406584199872859,0.7514392059344814,0.9124942477279452,0.997652101076239,1.0069127659793633,1.0087246351995396,0.8804845581714942,0.7325152385237494,0.7290928188856384,0.7739869117855663,0.7198321539825142,0.7937161544052657,0.6767499303027626,0.024678329841476634,-0.5323707959616658,0.0,0.0,0.0,0.0,0.0,0.0,0.0,0.0,0.0,0.0,0.0,0.0,0.0,0.0,0.0,0.0,0.0,0.0,0.0,0.0,0.0,0.0,0.0,0.0,0.0,0.0,0.0,0.0,0.0,0.0,0.0,0.0,0.0,0.0,0.0,0.0,0.0,0.0,0.0,0.0,0.0,0.0,0.0,0.0,0.0,0.0,0.0,0.0,0.0,0.0,0.0,0.0,0.0,0.0,0.0,0.0,0.0,0.0,0.0,0.0,0.0,0.0,0.0,0.0,0.0,0.0,0.0,0.0,0.0,0.0,0.0,0.0
1728,-0.8077926666634025,-1.2281676385597533,-1.5209368601065119,-1.6890415985989709,-1.8096335577059433,-1.6989966571368822,-1.0265777031670469,-0.20867914374546037,0.32821526331053535,0.7234763375317004,0.9180524816817873,1.0203180830257865,1.0112680298095034,0.9936204260377514,0.9755203196051851,0.7836591914199831,0.664198488965046,0.6189482228836304,0.6580897030440549,0.6655559969474885,0.7470064758940365,0.67008102355563,-0.0032429357358336854,-0.7849412822922877,1.0,1.0,1.0,1.0,1.0,1.0,1.0,1.0,1.0,1.0,1.0,1.0,1.0,1.0,1.0,1.0,1.0,1.0,1.0,1.0,1.0,1.0,1.0,1.0,1.0,1.0,1.0,1.0,1.0,1.0,1.0,1.0,1.0,1.0,1.0,1.0,1.0,1.0,1.0,1.0,1.0,1.0,1.0,1.0,1.0,1.0,1.0,1.0,1.0,1.0,1.0,1.0,1.0,1.0,1.0,1.0,1.0,1.0,1.0,1.0,1.0,1.0,1.0,1.0,1.0,1.0,1.0,1.0,1.0,1.0,1.0,1.0
1729,-0.9429227783612268,-1.358433436380812,-1.609061748161327,-1.7519716907304017,-1.7748372815414537,-1.5499327594233723,-1.0140204747893415,-0.33627007215550414,0.057268182194085686,0.301822821415415,0.40811209120116443,0.581569033994379,0.750024128797676,0.8341623574852188,0.9090114399057717,0.8666743694196833,0.8763207905430959,0.9450962004044631,1.024589855958511,0.9652822297923449,0.9681404286437264,0.833805082628796,0.3264747865085804,-0.3109035573494934,0.0,0.0,0.0,0.0,0.0,0.0,0.0,0.0,0.0,0.0,0.0,0.0,0.0,0.0,0.0,0.0,0.0,0.0,0.0,0.0,0.0,0.0,0.0,0.0,0.0,0.0,0.0,0.0,0.0,0.0,0.0,0.0,0.0,0.0,0.0,0.0,0.0,0.0,0.0,0.0,0.0,0.0,0.0,0.0,0.0,0.0,0.0,0.0,0.0,0.0,0.0,0.0,0.0,0.0,0.0,0.0,0.0,0.0,0.0,0.0,0.0,0.0,0.0,0.0,0.0,0.0,0.0,0.0,0.0,0.0,0.0,0.0
1730,-0.7804219097905238,-1.2335530593098185,-1.5215407288214977,-1.6995502430239433,-1.7414970394399651,-1.602261874865775,-1.1367934322829445,-0.5215150025000361,-0.10010832085840504,0.2344085682071808,0.509353956480265,0.7552185825321578,0.9092584987825909,1.0024931849341687,1.0592447330264336,1.007604349203348,0.9166608746207123,0.9124309455703572,0.9129596867016516,0.8458095630272637,0.8636105144475082,0.6730874601377621,0.1691971620142057,-0.43409646879269653,1.0,1.0,1.0,1.0,1.0,1.0,1.0,1.0,1.0,1.0,1.0,1.0,1.0,1.0,1.0,1.0,1.0,1.0,1.0,1.0,1.0,1.0,1.0,1.0,1.0,1.0,1.0,1.0,1.0,1.0,1.0,1.0,1.0,1.0,1.0,1.0,1.0,1.0,1.0,1.0,1.0,1.0,1.0,1.0,1.0,1.0,1.0,1.0,1.0,1.0,1.0,1.0,1.0,1.0,1.0,1.0,1.0,1.0,1.0,1.0,1.0,1.0,1.0,1.0,1.0,1.0,1.0,1.0,1.0,1.0,1.0,1.0
1731,-0.5294367644704324,-0.9101197489885426,-1.08216500646327,-1.3122325775634343,-1.4135189159827508,-1.3799589715164704,-1.459006792518372,-1.2250980229551998,-1.002308512100735,-0.5162958223601419,0.022684972501930127,0.4777659061983008,0.7796032380546675,0.9872301233972586,1.0359526933754128,1.085281768374042,1.0652671026983687,1.154221172368028,1.227608279845497,1.0907403135583167,1.0499023088463366,0.8267084613115552,0.3162334024118058,-0.2890586080221941,-1.0,-1.0,-1.0,-1.0,-1.0,-1.0,-1.0,-1.0,-1.0,-1.0,-1.0,-1.0,-1.0,-1.0,-1.0,-1.0,-1.0,-1.0,-1.0,-1.0,-1.0,-1.0,-1.0,-1.0,-1.0,-1.0,-1.0,-1.0,-1.0,-1.0,-1.0,-1.0,-1.0,-1.0,-1.0,-1.0,-1.0,-1.0,-1.0,-1.0,-1.0,-1.0,-1.0,-1.0,-1.0,-1.0,-1.0,-1.0,-1.0,-1.0,-1.0,-1.0,-1.0,-1.0,-1.0,-1.0,-1.0,-1.0,-1.0,-1.0,-1.0,-1.0,-1.0,-1.0,-1.0,-1.0,-1.0,-1.0,-1.0,-1.0,-1.0,-1.0
1732,-0.2395354425843475,-0.7970418753368893,-1.1728837015732247,-1.4428317456948836,-1.570970173505422,-1.5992394107439134,-1.4421366005168879,-1.1661639648525997,-0.9481200940212855,-0.4610550393056401,0.046400940631212174,0.39721754045970276,0.7183746126937106,0.8254269701050466,0.7876574154339475,0.7563758824241416,0.8103654912484733,0.9839200706880634,1.1092779177866192,1.0930578636333865,1.2496972437417482,1.2601244214116836,0.7188380428123744,0.08324363506498364,0.0,0.0,0.0,0.0,0.0,0.0,0.0,0.0,0.0,0.0,0.0,0.0,0.0,0.0,0.0,0.0,0.0,0.0,0.0,0.0,0.0,0.0,0.0,0.0,0.0,0.0,0.0,0.0,0.0,0.0,0.0,0.0,0.0,0.0,0.0,0.0,0.0,0.0,0.0,0.0,0.0,0.0,0.0,0.0,0.0,0.0,0.0,0.0,0.0,0.0,0.0,0.0,0.0,0.0,0.0,0.0,0.0,0.0,0.0,0.0,0.0,0.0,0.0,0.0,0.0,0.0,0.0,0.0,0.0,0.0,0.0,0.0
1733,-1.1856815619478713,-1.550867161664886,-1.7166614239364106,-1.8019322614703335,-1.7533625767079706,-1.4871422745142668,-0.9024801293673265,-0.10272366598706435,0.3532105552596284,0.6000760206683303,0.7112750357821613,0.7959980949165086,0.8699481788592042,0.890398572443357,0.8264910924928794,0.7034235453882455,0.630203832644984,0.6104838102602652,0.7070754013854156,0.728803944568578,0.905188589231896,0.8668441012616095,0.39064207923062244,-0.08921179879753481,0.0,0.0,0.0,0.0,0.0,0.0,0.0,0.0,0.0,0.0,0.0,0.0,0.0,0.0,0.0,0.0,0.0,0.0,0.0,0.0,0.0,0.0,0.0,0.0,0.0,0.0,0.0,0.0,0.0,0.0,0.0,0.0,0.0,0.0,0.0,0.0,0.0,0.0,0.0,0.0,0.0,0.0,0.0,0.0,0.0,0.0,0.0,0.0,0.0,0.0,0.0,0.0,0.0,0.0,0.0,0.0,0.0,0.0,0.0,0.0,0.0,0.0,0.0,0.0,0.0,0.0,0.0,0.0,0.0,0.0,0.0,0.0
1734,-0.9350010292392675,-1.367991898671729,-1.6647634767228647,-1.781197996234115,-1.7309401274607041,-1.5237685507522103,-1.0421116907427808,-0.13451370759942277,0.44106396600013603,0.7876385904828416,0.9861685426963599,1.0839553461921363,1.106469052113257,1.0962355494218385,0.9657015373135229,0.7467045797171677,0.5261157439243695,0.43469645321436456,0.4899573677480243,0.5202030534804389,0.6293604155222359,0.6616528017929342,0.1311025400356166,-0.4267370622321502,0.0,0.0,0.0,0.0,0.0,0.0,0.0,0.0,0.0,0.0,0.0,0.0,0.0,0.0,0.0,0.0,0.0,0.0,0.0,0.0,0.0,0.0,0.0,0.0,0.0,0.0,0.0,0.0,0.0,0.0,0.0,0.0,0.0,0.0,0.0,0.0,0.0,0.0,0.0,0.0,0.0,0.0,0.0,0.0,0.0,0.0,0.0,0.0,0.0,0.0,0.0,0.0,0.0,0.0,0.0,0.0,0.0,0.0,0.0,0.0,0.0,0.0,0.0,0.0,0.0,0.0,0.0,0.0,0.0,0.0,0.0,0.0
1735,-0.900028303169427,-1.2103592083183476,-1.5022180357798325,-1.739513187610738,-1.8776274915506421,-1.7139364646589037,-0.8977548166848195,0.2628600337072975,0.9687775871779191,1.2580787423442206,1.2282392322337474,1.1247955971841073,0.9588310838077614,0.7527963711402088,0.5521611888735989,0.3236757971705475,0.17589917567106148,0.25774468911693066,0.4288245470836433,0.48878775311516554,0.6789080603904658,0.7925823846208396,0.12559828719912106,-0.5371230230639584,0.0,0.0,0.0,0.0,0.0,0.0,0.0,0.0,0.0,0.0,0.0,0.0,0.0,0.0,0.0,0.0,0.0,0.0,0.0,0.0,0.0,0.0,0.0,0.0,0.0,0.0,0.0,0.0,0.0,0.0,0.0,0.0,0.0,0.0,0.0,0.0,0.0,0.0,0.0,0.0,0.0,0.0,0.0,0.0,0.0,0.0,0.0,0.0,0.0,0.0,0.0,0.0,0.0,0.0,0.0,0.0,0.0,0.0,0.0,0.0,0.0,0.0,0.0,0.0,0.0,0.0,0.0,0.0,0.0,0.0,0.0,0.0
1736,-0.9236395312579602,-1.3957947798134116,-1.621667319468181,-1.8246804695675278,-1.7756960633773369,-1.6344576921956198,-0.8547892270017474,0.17823747243139015,0.776119363541665,1.0096116997149085,0.986208038979595,0.852589464316352,0.8634748879141722,0.8381662780492402,0.7361154318196758,0.5311973325907103,0.4495566556070588,0.49908533297714075,0.5886179420692119,0.5864408573496479,0.8691897353030278,0.8161232952636542,0.14013848983901944,-0.6901471950847168,-1.0,-1.0,-1.0,-1.0,-1.0,-1.0,-1.0,-1.0,-1.0,-1.0,-1.0,-1.0,-1.0,-1.0,-1.0,-1.0,-1.0,-1.0,-1.0,-1.0,-1.0,-1.0,-1.0,-1.0,-1.0,-1.0,-1.0,-1.0,-1.0,-1.0,-1.0,-1.0,-1.0,-1.0,-1.0,-1.0,-1.0,-1.0,-1.0,-1.0,-1.0,-1.0,-1.0,-1.0,-1.0,-1.0,-1.0,-1.0,-1.0,-1.0,-1.0,-1.0,-1.0,-1.0,-1.0,-1.0,-1.0,-1.0,-1.0,-1.0,-1.0,-1.0,-1.0,-1.0,-1.0,-1.0,-1.0,-1.0,-1.0,-1.0,-1.0,-1.0
1737,-1.0361958506241498,-1.3072274625869933,-1.514044068447529,-1.6322882520979853,-1.8138617176286485,-1.6139094744893938,-1.152225723719354,-0.395374375934224,0.11635279338451075,0.509614347997264,0.7002664868044604,0.84463953500689,0.9433977857711288,0.9958769459306009,0.9440620789377043,0.8118677387891606,0.7294953861337866,0.7635957686846673,0.8240464468430465,0.7715672866835744,0.8426466555071632,0.820060687843593,0.231275511202089,-0.3836385299913885,0.0,0.0,0.0,0.0,0.0,0.0,0.0,0.0,0.0,0.0,0.0,0.0,0.0,0.0,0.0,0.0,0.0,0.0,0.0,0.0,0.0,0.0,0.0,0.0,0.0,0.0,0.0,0.0,0.0,0.0,0.0,0.0,0.0,0.0,0.0,0.0,0.0,0.0,0.0,0.0,0.0,0.0,0.0,0.0,0.0,0.0,0.0,0.0,0.0,0.0,0.0,0.0,0.0,0.0,0.0,0.0,0.0,0.0,0.0,0.0,0.0,0.0,0.0,0.0,0.0,0.0,0.0,0.0,0.0,0.0,0.0,0.0
1738,-0.4612156033759194,-1.0680553161253499,-1.476852832116237,-1.70229887065164,-1.735070475250771,-1.6169796931607983,-1.2785281215249427,-0.8411967084261912,-0.44454728724360265,0.10070440996608108,0.6109243919146246,0.9166043589513487,1.0539060816683987,0.9776273468255932,0.8154644068264437,0.6295703048761991,0.47757786285609044,0.5484888348766245,0.7835403437255658,0.8795950468609506,1.1522208954657924,1.1909252905526975,0.6112069057473757,-0.1236115732383173,0.0,0.0,0.0,0.0,0.0,0.0,0.0,0.0,0.0,0.0,0.0,0.0,0.0,0.0,0.0,0.0,0.0,0.0,0.0,0.0,0.0,0.0,0.0,0.0,0.0,0.0,0.0,0.0,0.0,0.0,0.0,0.0,0.0,0.0,0.0,0.0,0.0,0.0,0.0,0.0,0.0,0.0,0.0,0.0,0.0,0.0,0.0,0.0,0.0,0.0,0.0,0.0,0.0,0.0,0.0,0.0,0.0,0.0,0.0,0.0,0.0,0.0,0.0,0.0,0.0,0.0,0.0,0.0,0.0,0.0,0.0,0.0
1739,-0.585711380826893,-0.8064618283398896,-0.9512397192412704,-1.2533381401072703,-1.4726551431558967,-1.5127915881582596,-1.4253514758316832,-1.2175020284980178,-0.9211373854894981,-0.25064373728038053,0.13244429582253053,0.41232432749079395,0.5029896898622032,0.5406176070519185,0.3944062716861676,0.28904810355496474,0.40049841065974057,0.6699859699613206,1.068125169940118,1.283141839595634,1.6293186777410147,1.8708540699873777,1.0494903919033065,0.15358760167198962,0.0,0.0,0.0,0.0,0.0,0.0,0.0,0.0,0.0,0.0,0.0,0.0,0.0,0.0,0.0,0.0,0.0,0.0,0.0,0.0,0.0,0.0,0.0,0.0,0.0,0.0,0.0,0.0,0.0,0.0,0.0,0.0,0.0,0.0,0.0,0.0,0.0,0.0,0.0,0.0,0.0,0.0,0.0,0.0,0.0,0.0,0.0,0.0,0.0,0.0,0.0,0.0,0.0,0.0,0.0,0.0,0.0,0.0,0.0,0.0,0.0,0.0,0.0,0.0,0.0,0.0,0.0,0.0,0.0,0.0,0.0,0.0
1740,-1.1913012368508435,-1.4493545152775331,-1.6056179026761295,-1.6714234767587444,-1.6360355849560089,-1.528877867643231,-1.0624734060184131,-0.354715569963702,0.1619874120324199,0.49379859977829427,0.661791681650831,0.7818719437230348,0.8898248945594697,0.9124890499836935,0.923423510933977,0.817856260668513,0.7653708481071525,0.7850528778176628,0.8910177448449551,0.8556298530422196,0.8717333318962733,0.8132836679074854,0.26675942877422687,-0.39209154557558,0.0,0.0,0.0,0.0,0.0,0.0,0.0,0.0,0.0,0.0,0.0,0.0,0.0,0.0,0.0,0.0,0.0,0.0,0.0,0.0,0.0,0.0,0.0,0.0,0.0,0.0,0.0,0.0,0.0,0.0,0.0,0.0,0.0,0.0,0.0,0.0,0.0,0.0,0.0,0.0,0.0,0.0,0.0,0.0,0.0,0.0,0.0,0.0,0.0,0.0,0.0,0.0,0.0,0.0,0.0,0.0,0.0,0.0,0.0,0.0,0.0,0.0,0.0,0.0,0.0,0.0,0.0,0.0,0.0,0.0,0.0,0.0
1741,-1.037907481405176,-1.349760956331037,-1.4620346505579613,-1.5582002107494588,-1.6160284119366408,-1.5406423446508437,-1.2258894055986058,-0.7026972121279461,-0.30047710526334104,0.032800187929637646,0.30228927034232655,0.5182993477573988,0.7157850710317303,0.8098565737986223,0.8760610046842261,0.8939410334635498,0.865751798901553,0.9458092250576238,1.0281217899786543,1.0585661633056107,1.0485791202036463,1.0480958761825834,0.5862756733868996,0.0634056425969484,0.0,0.0,0.0,0.0,0.0,0.0,0.0,0.0,0.0,0.0,0.0,0.0,0.0,0.0,0.0,0.0,0.0,0.0,0.0,0.0,0.0,0.0,0.0,0.0,0.0,0.0,0.0,0.0,0.0,0.0,0.0,0.0,0.0,0.0,0.0,0.0,0.0,0.0,0.0,0.0,0.0,0.0,0.0,0.0,0.0,0.0,0.0,0.0,0.0,0.0,0.0,0.0,0.0,0.0,0.0,0.0,0.0,0.0,0.0,0.0,0.0,0.0,0.0,0.0,0.0,0.0,0.0,0.0,0.0,0.0,0.0,0.0
1742,-0.650466620211804,-1.0847952868823052,-1.3637690929622444,-1.5330273068352303,-1.6105536137252676,-1.5422458345550982,-1.2209574750069125,-0.844962442760494,-0.4833241340122305,-0.15719982549624525,0.1066616400593202,0.41903371869812533,0.6868243927900279,0.8879696451694424,1.025794190751731,1.0667486335727838,1.0851856890125198,1.1837181492314364,1.2556528901274555,1.1568181830980513,0.952045968992787,0.7564922826073909,0.21939970037114828,-0.3110434520343699,0.0,0.0,0.0,0.0,0.0,0.0,0.0,0.0,0.0,0.0,0.0,0.0,0.0,0.0,0.0,0.0,0.0,0.0,0.0,0.0,0.0,0.0,0.0,0.0,0.0,0.0,0.0,0.0,0.0,0.0,0.0,0.0,0.0,0.0,0.0,0.0,0.0,0.0,0.0,0.0,0.0,0.0,0.0,0.0,0.0,0.0,0.0,0.0,0.0,0.0,0.0,0.0,0.0,0.0,0.0,0.0,0.0,0.0,0.0,0.0,0.0,0.0,0.0,0.0,0.0,0.0,0.0,0.0,0.0,0.0,0.0,0.0
1743,-0.7928020022855585,-1.1980504928537787,-1.4773711444902422,-1.6457108816972346,-1.7030697044747558,-1.5225855911096564,-1.2430781029169145,-0.7328274677201372,-0.3034770613919813,0.0496440299745177,0.29271838969293845,0.5602683382838519,0.7768119070107157,0.9180603435573153,1.016149535603565,1.0010157745450008,0.9769138587850651,0.9924212929561864,1.0140943334845007,0.8812535419704368,0.9197418725638223,0.9782217146790151,0.43135111445163804,-0.18969359861833163,0.0,0.0,0.0,0.0,0.0,0.0,0.0,0.0,0.0,0.0,0.0,0.0,0.0,0.0,0.0,0.0,0.0,0.0,0.0,0.0,0.0,0.0,0.0,0.0,0.0,0.0,0.0,0.0,0.0,0.0,0.0,0.0,0.0,0.0,0.0,0.0,0.0,0.0,0.0,0.0,0.0,0.0,0.0,0.0,0.0,0.0,0.0,0.0,0.0,0.0,0.0,0.0,0.0,0.0,0.0,0.0,0.0,0.0,0.0,0.0,0.0,0.0,0.0,0.0,0.0,0.0,0.0,0.0,0.0,0.0,0.0,0.0
1744,-0.2765256383965812,-1.1197968608892857,-1.6142824606452817,-1.8691642618759534,-1.8628294802664191,-1.5173975654406404,-0.6361176532907304,0.3278870539954501,0.8838572987851607,1.2807127349118643,1.3664186037467394,1.406663098677898,1.214011210905592,0.8998805699151591,0.5354443102607778,0.22541264560592567,-0.045119792542418775,-0.08871799538450734,0.08306637649756812,0.11660345560686702,0.38750852796753704,0.83876855909377,0.16131956108593223,-0.6976022983244451,0.0,0.0,0.0,0.0,0.0,0.0,0.0,0.0,0.0,0.0,0.0,0.0,0.0,0.0,0.0,0.0,0.0,0.0,0.0,0.0,0.0,0.0,0.0,0.0,0.0,0.0,0.0,0.0,0.0,0.0,0.0,0.0,0.0,0.0,0.0,0.0,0.0,0.0,0.0,0.0,0.0,0.0,0.0,0.0,0.0,0.0,0.0,0.0,0.0,0.0,0.0,0.0,0.0,0.0,0.0,0.0,0.0,0.0,0.0,0.0,0.0,0.0,0.0,0.0,0.0,0.0,0.0,0.0,0.0,0.0,0.0,0.0
1745,-0.293046627448261,-0.8889175307444102,-1.2889122380017928,-1.4498798050435515,-1.7267246266726004,-1.6491498955681383,-1.1580048792630129,-0.7812825913369691,-0.5233466104146327,0.15106870812478432,0.5641541512560448,0.7096067720769111,0.6664558279000542,0.41870153043517844,0.2116739668001453,-0.07098895966173832,0.11761460533598506,0.5622147829784333,1.0596627461857961,1.2056002090760656,1.5503229204215188,1.9066818414326414,0.9554217012641754,-0.2489259991325982,-1.0,-1.0,-1.0,-1.0,-1.0,-1.0,-1.0,-1.0,-1.0,-1.0,-1.0,-1.0,-1.0,-1.0,-1.0,-1.0,-1.0,-1.0,-1.0,-1.0,-1.0,-1.0,-1.0,-1.0,-1.0,-1.0,-1.0,-1.0,-1.0,-1.0,-1.0,-1.0,-1.0,-1.0,-1.0,-1.0,-1.0,-1.0,-1.0,-1.0,-1.0,-1.0,-1.0,-1.0,-1.0,-1.0,-1.0,-1.0,-1.0,-1.0,-1.0,-1.0,-1.0,-1.0,-1.0,-1.0,-1.0,-1.0,-1.0,-1.0,-1.0,-1.0,-1.0,-1.0,-1.0,-1.0,-1.0,-1.0,-1.0,-1.0,-1.0,-1.0
1746,-0.8210017103768746,-1.0747382409373059,-1.1862354867351084,-1.3447634637850705,-1.4502958363508918,-1.3830763033904883,-1.347516482199831,-1.1614583210022633,-1.049731657003231,-0.4520972427989601,0.1354427705511886,0.5614723702353847,0.8665985778713463,1.009067280835205,0.944141929887102,0.9088115268976749,0.9195941823554871,1.0118202992499656,1.0590804487033552,1.0145733176647262,1.0464624476357027,1.048527211446773,0.6511748869163329,0.09414749432978027,1.0,1.0,1.0,1.0,1.0,1.0,1.0,1.0,1.0,1.0,1.0,1.0,1.0,1.0,1.0,1.0,1.0,1.0,1.0,1.0,1.0,1.0,1.0,1.0,1.0,1.0,1.0,1.0,1.0,1.0,1.0,1.0,1.0,1.0,1.0,1.0,1.0,1.0,1.0,1.0,1.0,1.0,1.0,1.0,1.0,1.0,1.0,1.0,1.0,1.0,1.0,1.0,1.0,1.0,1.0,1.0,1.0,1.0,1.0,1.0,1.0,1.0,1.0,1.0,1.0,1.0,1.0,1.0,1.0,1.0,1.0,1.0
1747,-1.3143929373681529,-1.5091781033186862,-1.5847771742261354,-1.6677914650072818,-1.6242044408716472,-1.5316046219610873,-1.0747547341328172,-0.4337903626112851,0.17244907681878688,0.5797435928082028,0.840542301536772,1.0034962797368003,1.0248376442513434,0.9987939451827484,0.887384788055981,0.6891633007005636,0.5224112830530319,0.49076095432383665,0.555327624931395,0.6063298689407268,0.7506553679458573,0.948695996279965,0.5665408842525956,0.10336093067848633,0.0,0.0,0.0,0.0,0.0,0.0,0.0,0.0,0.0,0.0,0.0,0.0,0.0,0.0,0.0,0.0,0.0,0.0,0.0,0.0,0.0,0.0,0.0,0.0,0.0,0.0,0.0,0.0,0.0,0.0,0.0,0.0,0.0,0.0,0.0,0.0,0.0,0.0,0.0,0.0,0.0,0.0,0.0,0.0,0.0,0.0,0.0,0.0,0.0,0.0,0.0,0.0,0.0,0.0,0.0,0.0,0.0,0.0,0.0,0.0,0.0,0.0,0.0,0.0,0.0,0.0,0.0,0.0,0.0,0.0,0.0,0.0
1748,-1.0503755798122438,-1.5118095548882728,-1.6354928884138065,-1.6964950755372596,-1.6623562368718408,-1.6603974510467758,-0.8911542748891021,0.1567961415206788,0.8795881109696679,1.2125817012307198,1.1781630360188633,1.1345100947745572,1.0404883751714367,0.8527247625116335,0.6112344529357614,0.35519316294512066,0.2519371673095508,0.26620832117788157,0.3162972729902583,0.17470504049270177,0.47523875136696203,0.8885425604556794,0.44054025960866755,-0.1266681500208721,0.0,0.0,0.0,0.0,0.0,0.0,0.0,0.0,0.0,0.0,0.0,0.0,0.0,0.0,0.0,0.0,0.0,0.0,0.0,0.0,0.0,0.0,0.0,0.0,0.0,0.0,0.0,0.0,0.0,0.0,0.0,0.0,0.0,0.0,0.0,0.0,0.0,0.0,0.0,0.0,0.0,0.0,0.0,0.0,0.0,0.0,0.0,0.0,0.0,0.0,0.0,0.0,0.0,0.0,0.0,0.0,0.0,0.0,0.0,0.0,0.0,0.0,0.0,0.0,0.0,0.0,0.0,0.0,0.0,0.0,0.0,0.0
1749,-0.7880305062851027,-1.3524216201446633,-1.4593885145419865,-1.4850746437887121,-1.402034554717106,-1.3865525042122302,-0.3925344888423683,0.8731231399312224,1.5652411704560076,1.6472256651750088,1.4568668169218777,1.3182320919463995,1.1092244101305773,0.8221027462219729,0.5194990318084927,0.027592063494486667,-0.35382936258017894,-0.3949975423317803,-0.39534940711598204,-0.30316083365513113,0.032518170473310765,0.6468740836895157,0.17467154329080606,-0.4797969553243951,0.0,0.0,0.0,0.0,0.0,0.0,0.0,0.0,0.0,0.0,0.0,0.0,0.0,0.0,0.0,0.0,0.0,0.0,0.0,0.0,0.0,0.0,0.0,0.0,0.0,0.0,0.0,0.0,0.0,0.0,0.0,0.0,0.0,0.0,0.0,0.0,0.0,0.0,0.0,0.0,0.0,0.0,0.0,0.0,0.0,0.0,0.0,0.0,0.0,0.0,0.0,0.0,0.0,0.0,0.0,0.0,0.0,0.0,0.0,0.0,0.0,0.0,0.0,0.0,0.0,0.0,0.0,0.0,0.0,0.0,0.0,0.0
1750,-0.8339184209116839,-1.1672760234380324,-1.4091303656790872,-1.4326014621834935,-1.4911091230350568,-1.1897266374857254,-0.21346508722999039,0.9787985830300622,1.723070454792971,1.8087909811568892,1.4859783640165782,1.2199726036333083,0.9600897379903182,0.641018889857956,0.37569345111249497,-0.05154853743147825,-0.29918561359390855,-0.29068159312129765,-0.19509640300915077,-0.06515497018765573,0.21683834868412274,0.5182208342334541,-0.15257630064609612,-1.1370017105555374,0.0,0.0,0.0,0.0,0.0,0.0,0.0,0.0,0.0,0.0,0.0,0.0,0.0,0.0,0.0,0.0,0.0,0.0,0.0,0.0,0.0,0.0,0.0,0.0,0.0,0.0,0.0,0.0,0.0,0.0,0.0,0.0,0.0,0.0,0.0,0.0,0.0,0.0,0.0,0.0,0.0,0.0,0.0,0.0,0.0,0.0,0.0,0.0,0.0,0.0,0.0,0.0,0.0,0.0,0.0,0.0,0.0,0.0,0.0,0.0,0.0,0.0,0.0,0.0,0.0,0.0,0.0,0.0,0.0,0.0,0.0,0.0
1751,-1.2138607934365446,-1.3740276736680217,-1.5666270997407634,-1.7230517631444022,-1.710328225929752,-1.5648807318877722,-1.067914337150853,-0.2815498410611093,0.3456456992845809,0.7243580422618116,0.870803460791215,0.9700969472898564,1.0219890206358802,1.0529246797460097,0.9920512860131742,0.7812397380449528,0.5948773400186081,0.5893887553377787,0.5829022461695258,0.509804277465752,0.5958752645060317,0.8221546420293177,0.3381612656289044,-0.29003219920420936,0.0,0.0,0.0,0.0,0.0,0.0,0.0,0.0,0.0,0.0,0.0,0.0,0.0,0.0,0.0,0.0,0.0,0.0,0.0,0.0,0.0,0.0,0.0,0.0,0.0,0.0,0.0,0.0,0.0,0.0,0.0,0.0,0.0,0.0,0.0,0.0,0.0,0.0,0.0,0.0,0.0,0.0,0.0,0.0,0.0,0.0,0.0,0.0,0.0,0.0,0.0,0.0,0.0,0.0,0.0,0.0,0.0,0.0,0.0,0.0,0.0,0.0,0.0,0.0,0.0,0.0,0.0,0.0,0.0,0.0,0.0,0.0
1752,0.5165248580248432,-0.5810082160967308,-1.102856839305615,-1.5112913188184833,-1.5651271465222887,-1.485450121520657,-0.691551115648544,0.07219982670943818,0.7404819012726725,1.3168841632214128,1.541559017505293,1.4073283537638055,1.2092125078138025,0.8007780283009343,0.09660540193516318,-0.5537313967268028,-0.9528343327710115,-0.7504116206047042,-0.28311663613567567,0.057125794952372744,0.5574400870797351,1.5666824037670686,0.6019443713148807,-1.0073879715108673,1.0,1.0,1.0,1.0,1.0,1.0,1.0,1.0,1.0,1.0,1.0,1.0,1.0,1.0,1.0,1.0,1.0,1.0,1.0,1.0,1.0,1.0,1.0,1.0,1.0,1.0,1.0,1.0,1.0,1.0,1.0,1.0,1.0,1.0,1.0,1.0,1.0,1.0,1.0,1.0,1.0,1.0,1.0,1.0,1.0,1.0,1.0,1.0,1.0,1.0,1.0,1.0,1.0,1.0,1.0,1.0,1.0,1.0,1.0,1.0,1.0,1.0,1.0,1.0,1.0,1.0,1.0,1.0,1.0,1.0,1.0,1.0
1753,-0.6571753380065181,-1.1106945628837799,-1.2580307577677634,-1.332027730644764,-1.3484715023952087,-1.4918611920590856,-1.360311018055529,-1.195215549681065,-0.8719309970673245,-0.27567983339620356,0.2327615891275432,0.5277628543305192,0.74120301165129,0.8020449671279349,0.6214923533080533,0.4731695321190431,0.42350934143270047,0.5761075432768262,0.9276753833013316,1.121711889956578,1.3331787946672953,1.6942840223070585,1.1532839317174315,0.2732132676336369,0.0,0.0,0.0,0.0,0.0,0.0,0.0,0.0,0.0,0.0,0.0,0.0,0.0,0.0,0.0,0.0,0.0,0.0,0.0,0.0,0.0,0.0,0.0,0.0,0.0,0.0,0.0,0.0,0.0,0.0,0.0,0.0,0.0,0.0,0.0,0.0,0.0,0.0,0.0,0.0,0.0,0.0,0.0,0.0,0.0,0.0,0.0,0.0,0.0,0.0,0.0,0.0,0.0,0.0,0.0,0.0,0.0,0.0,0.0,0.0,0.0,0.0,0.0,0.0,0.0,0.0,0.0,0.0,0.0,0.0,0.0,0.0
1754,-1.1997680801580555,-1.5460403559012077,-1.6902650849535379,-1.7733438459283826,-1.7294782601336647,-1.5021747701064898,-0.9376822822027459,-0.14367087064583123,0.4112952526661306,0.6454665869338925,0.763327655836872,0.7919067496122185,0.8574835849416959,0.8842903318162457,0.8572620415790962,0.7730755637912538,0.6543283214378759,0.6915476063546063,0.8074147849941895,0.7429456664777101,0.6618607957662618,0.7987745938528057,0.3847100491541803,-0.20326603518511974,1.0,1.0,1.0,1.0,1.0,1.0,1.0,1.0,1.0,1.0,1.0,1.0,1.0,1.0,1.0,1.0,1.0,1.0,1.0,1.0,1.0,1.0,1.0,1.0,1.0,1.0,1.0,1.0,1.0,1.0,1.0,1.0,1.0,1.0,1.0,1.0,1.0,1.0,1.0,1.0,1.0,1.0,1.0,1.0,1.0,1.0,1.0,1.0,1.0,1.0,1.0,1.0,1.0,1.0,1.0,1.0,1.0,1.0,1.0,1.0,1.0,1.0,1.0,1.0,1.0,1.0,1.0,1.0,1.0,1.0,1.0,1.0
1755,-0.9973798928108454,-1.3947646065920527,-1.6052604698325932,-1.7539846498417975,-1.7370662907402212,-1.5710303014177762,-1.1101033784527423,-0.4675991828045131,0.04486971788857843,0.34448205407114213,0.5144525455102328,0.6557011714978104,0.7672443065047136,0.8524262773300912,0.8945254499781993,0.8722955130191515,0.8353111931226828,0.8591149309283888,0.9169521120430792,0.8514426518009298,0.779441263066315,0.9421329255896113,0.5301905539768152,-0.023393893835223015,1.0,1.0,1.0,1.0,1.0,1.0,1.0,1.0,1.0,1.0,1.0,1.0,1.0,1.0,1.0,1.0,1.0,1.0,1.0,1.0,1.0,1.0,1.0,1.0,1.0,1.0,1.0,1.0,1.0,1.0,1.0,1.0,1.0,1.0,1.0,1.0,1.0,1.0,1.0,1.0,1.0,1.0,1.0,1.0,1.0,1.0,1.0,1.0,1.0,1.0,1.0,1.0,1.0,1.0,1.0,1.0,1.0,1.0,1.0,1.0,1.0,1.0,1.0,1.0,1.0,1.0,1.0,1.0,1.0,1.0,1.0,1.0
1756,-0.8102475658937213,-1.3450251507392115,-1.6475375483585755,-1.8291869004865438,-1.8339173523648764,-1.5562398271067581,-1.0588328121000945,-0.3395676039996365,0.22548487286718183,0.586654873777869,0.7382658564784259,0.8737933027926523,0.9953659160657978,0.9792823796794673,0.9721867018619685,0.8047287053689977,0.653590767856274,0.607468862042532,0.6729856205574373,0.697820492918683,0.7349545401635932,0.827907919572827,0.37402106184682266,-0.3239571128011392,0.0,0.0,0.0,0.0,0.0,0.0,0.0,0.0,0.0,0.0,0.0,0.0,0.0,0.0,0.0,0.0,0.0,0.0,0.0,0.0,0.0,0.0,0.0,0.0,0.0,0.0,0.0,0.0,0.0,0.0,0.0,0.0,0.0,0.0,0.0,0.0,0.0,0.0,0.0,0.0,0.0,0.0,0.0,0.0,0.0,0.0,0.0,0.0,0.0,0.0,0.0,0.0,0.0,0.0,0.0,0.0,0.0,0.0,0.0,0.0,0.0,0.0,0.0,0.0,0.0,0.0,0.0,0.0,0.0,0.0,0.0,0.0
1757,-0.922899825185144,-1.2633604061247174,-1.5197514824342488,-1.6703237295328317,-1.7477011342918256,-1.546310753797471,-1.19957632922879,-0.5650816102050394,-0.0002265554643834274,0.45274495455718666,0.7179194119474688,0.9168002549901803,1.0180182655397831,1.0577526085241313,1.0240829810479206,0.8774841682477725,0.7693649297061512,0.8193465506180418,0.8442327970135022,0.7660188797706271,0.6386598540997425,0.7114364401973908,0.2431985773449922,-0.4218288473404154,0.0,0.0,0.0,0.0,0.0,0.0,0.0,0.0,0.0,0.0,0.0,0.0,0.0,0.0,0.0,0.0,0.0,0.0,0.0,0.0,0.0,0.0,0.0,0.0,0.0,0.0,0.0,0.0,0.0,0.0,0.0,0.0,0.0,0.0,0.0,0.0,0.0,0.0,0.0,0.0,0.0,0.0,0.0,0.0,0.0,0.0,0.0,0.0,0.0,0.0,0.0,0.0,0.0,0.0,0.0,0.0,0.0,0.0,0.0,0.0,0.0,0.0,0.0,0.0,0.0,0.0,0.0,0.0,0.0,0.0,0.0,0.0
1758,-0.6739700331504666,-1.2090647035881819,-1.521277333141749,-1.730382019554494,-1.7870469452030062,-1.6866055867985847,-1.1832877178029761,-0.5630845511951427,0.018008705945482508,0.4131076777221676,0.5897689165087057,0.7488751391139399,0.851538651465362,0.9326472705308795,0.962646348815386,0.9246475163216777,0.9066480693509739,0.8822043759339686,0.9797569342072897,0.8322059121264579,0.698432244517029,0.7530972316132408,0.28155616405973927,-0.4204222677977119,1.0,1.0,1.0,1.0,1.0,1.0,1.0,1.0,1.0,1.0,1.0,1.0,1.0,1.0,1.0,1.0,1.0,1.0,1.0,1.0,1.0,1.0,1.0,1.0,1.0,1.0,1.0,1.0,1.0,1.0,1.0,1.0,1.0,1.0,1.0,1.0,1.0,1.0,1.0,1.0,1.0,1.0,1.0,1.0,1.0,1.0,1.0,1.0,1.0,1.0,1.0,1.0,1.0,1.0,1.0,1.0,1.0,1.0,1.0,1.0,1.0,1.0,1.0,1.0,1.0,1.0,1.0,1.0,1.0,1.0,1.0,1.0
1759,-0.3626546444388418,-0.8713502405445506,-1.2547564767509485,-1.5516038813256645,-1.6288050014295967,-1.5723987958317742,-1.3015450343896953,-1.0925561436032927,-0.9235974632411512,-0.3519972507544606,0.1501999345680889,0.47590028302003223,0.73609665077773,0.8868597809470253,0.9144130426676207,0.892838318867532,0.913893169804968,1.0111093951210308,1.1278208527865716,1.0306046274705087,1.0235863438246968,1.123921806316676,0.6505775648713538,-0.026556838733843645,0.0,0.0,0.0,0.0,0.0,0.0,0.0,0.0,0.0,0.0,0.0,0.0,0.0,0.0,0.0,0.0,0.0,0.0,0.0,0.0,0.0,0.0,0.0,0.0,0.0,0.0,0.0,0.0,0.0,0.0,0.0,0.0,0.0,0.0,0.0,0.0,0.0,0.0,0.0,0.0,0.0,0.0,0.0,0.0,0.0,0.0,0.0,0.0,0.0,0.0,0.0,0.0,0.0,0.0,0.0,0.0,0.0,0.0,0.0,0.0,0.0,0.0,0.0,0.0,0.0,0.0,0.0,0.0,0.0,0.0,0.0,0.0
1760,-0.6234160885776369,-0.9975431046307639,-1.2243711466216176,-1.395497895899847,-1.4728608024451584,-1.3552691844962848,-1.0984243347658502,-1.1033755607847502,-1.0260126542394385,-0.5058244706287632,0.023337810141168255,0.32103027452752736,0.47946950713232556,0.5713766401081558,0.5156753473955314,0.49741770145083786,0.6586419986912673,0.9321972362354891,1.2911611226057351,1.3391261246638282,1.2942556388675475,1.6033978134226128,1.1042523403922622,0.17125568745580408,1.0,1.0,1.0,1.0,1.0,1.0,1.0,1.0,1.0,1.0,1.0,1.0,1.0,1.0,1.0,1.0,1.0,1.0,1.0,1.0,1.0,1.0,1.0,1.0,1.0,1.0,1.0,1.0,1.0,1.0,1.0,1.0,1.0,1.0,1.0,1.0,1.0,1.0,1.0,1.0,1.0,1.0,1.0,1.0,1.0,1.0,1.0,1.0,1.0,1.0,1.0,1.0,1.0,1.0,1.0,1.0,1.0,1.0,1.0,1.0,1.0,1.0,1.0,1.0,1.0,1.0,1.0,1.0,1.0,1.0,1.0,1.0
1761,-1.1550735188648062,-1.511044966132936,-1.7014524252150414,-1.758414954912484,-1.7220370153860798,-1.473069946334641,-0.9242066928947977,-0.34038512683689776,0.16393733235354346,0.46046190283462274,0.5733222420482471,0.7181241866996898,0.8205147774642516,0.8526338362656133,0.8783645739794113,0.8402121008175728,0.799042920475496,0.8510367559937223,0.9275191556809427,0.869669359165783,0.739063683597815,0.7933644128421061,0.4038542798642671,-0.10543687350539031,1.0,1.0,1.0,1.0,1.0,1.0,1.0,1.0,1.0,1.0,1.0,1.0,1.0,1.0,1.0,1.0,1.0,1.0,1.0,1.0,1.0,1.0,1.0,1.0,1.0,1.0,1.0,1.0,1.0,1.0,1.0,1.0,1.0,1.0,1.0,1.0,1.0,1.0,1.0,1.0,1.0,1.0,1.0,1.0,1.0,1.0,1.0,1.0,1.0,1.0,1.0,1.0,1.0,1.0,1.0,1.0,1.0,1.0,1.0,1.0,1.0,1.0,1.0,1.0,1.0,1.0,1.0,1.0,1.0,1.0,1.0,1.0
1762,-0.9173424484369503,-1.2371106905746798,-1.4683106948439097,-1.6135257015158042,-1.6718331247792333,-1.497279889313398,-1.2664489193686204,-0.7671454783849527,-0.22964698482049437,0.16558877666768612,0.4432871058178783,0.6768858331960466,0.8885270182693159,1.0110464139874074,1.062895736572925,1.044813054674773,0.9551377138329169,0.9328111372035659,0.9835533568157272,0.8837295720514389,0.8189640481100984,0.7350087392972496,0.285709449276839,-0.21931402373583606,0.0,0.0,0.0,0.0,0.0,0.0,0.0,0.0,0.0,0.0,0.0,0.0,0.0,0.0,0.0,0.0,0.0,0.0,0.0,0.0,0.0,0.0,0.0,0.0,0.0,0.0,0.0,0.0,0.0,0.0,0.0,0.0,0.0,0.0,0.0,0.0,0.0,0.0,0.0,0.0,0.0,0.0,0.0,0.0,0.0,0.0,0.0,0.0,0.0,0.0,0.0,0.0,0.0,0.0,0.0,0.0,0.0,0.0,0.0,0.0,0.0,0.0,0.0,0.0,0.0,0.0,0.0,0.0,0.0,0.0,0.0,0.0
1763,-0.688247119634724,-1.085058262630987,-1.407587384237955,-1.6317141729125522,-1.7732342309042264,-1.7463390162632748,-1.3734347307256354,-0.7322186610318354,-0.0901487750002274,0.357677894180063,0.6392238315722475,0.8804269470030045,0.9993208720427671,1.0136222957010508,0.9803234585265392,0.8842691205231404,0.7786093487194018,0.8272768799744572,0.8599353548956128,0.8294114208189771,0.6925873526852468,0.7442432411226302,0.37219277192279887,-0.3311384363465324,1.0,1.0,1.0,1.0,1.0,1.0,1.0,1.0,1.0,1.0,1.0,1.0,1.0,1.0,1.0,1.0,1.0,1.0,1.0,1.0,1.0,1.0,1.0,1.0,1.0,1.0,1.0,1.0,1.0,1.0,1.0,1.0,1.0,1.0,1.0,1.0,1.0,1.0,1.0,1.0,1.0,1.0,1.0,1.0,1.0,1.0,1.0,1.0,1.0,1.0,1.0,1.0,1.0,1.0,1.0,1.0,1.0,1.0,1.0,1.0,1.0,1.0,1.0,1.0,1.0,1.0,1.0,1.0,1.0,1.0,1.0,1.0
1764,-1.0436115338570384,-1.3128443577129847,-1.6371907243347366,-1.7003284610664449,-1.763466197798153,-1.5497692427062175,-1.0961911206336115,-0.47959516325371876,0.1076491372508983,0.4471992398080447,0.6190859210776449,0.7707009544333857,0.887051766938975,0.9288620407613103,0.9202043577980994,0.8484089381031804,0.7759800294109532,0.8313047351758615,0.8678359340206291,0.8310935721767587,0.7269902136191262,0.8317270611740669,0.47676205968242313,-0.2878591600684644,0.0,0.0,0.0,0.0,0.0,0.0,0.0,0.0,0.0,0.0,0.0,0.0,0.0,0.0,0.0,0.0,0.0,0.0,0.0,0.0,0.0,0.0,0.0,0.0,0.0,0.0,0.0,0.0,0.0,0.0,0.0,0.0,0.0,0.0,0.0,0.0,0.0,0.0,0.0,0.0,0.0,0.0,0.0,0.0,0.0,0.0,0.0,0.0,0.0,0.0,0.0,0.0,0.0,0.0,0.0,0.0,0.0,0.0,0.0,0.0,0.0,0.0,0.0,0.0,0.0,0.0,0.0,0.0,0.0,0.0,0.0,0.0
1765,-0.854945928973583,-1.2474221150691938,-1.4524081713010577,-1.6914403545195291,-1.7115370266991237,-1.649828421535898,-1.2542786267539965,-0.5925070334518193,-0.0536797876012791,0.3016766628214334,0.5255772340458571,0.6854048857329853,0.7875432666928068,0.8298644939886588,0.8948831392755823,0.8736043099089528,0.9045768282092691,1.0178274867272195,1.0686602457697232,0.9230184803270146,0.7343461932762331,0.8757321928456158,0.4274581875219544,-0.3421261412378122,0.0,0.0,0.0,0.0,0.0,0.0,0.0,0.0,0.0,0.0,0.0,0.0,0.0,0.0,0.0,0.0,0.0,0.0,0.0,0.0,0.0,0.0,0.0,0.0,0.0,0.0,0.0,0.0,0.0,0.0,0.0,0.0,0.0,0.0,0.0,0.0,0.0,0.0,0.0,0.0,0.0,0.0,0.0,0.0,0.0,0.0,0.0,0.0,0.0,0.0,0.0,0.0,0.0,0.0,0.0,0.0,0.0,0.0,0.0,0.0,0.0,0.0,0.0,0.0,0.0,0.0,0.0,0.0,0.0,0.0,0.0,0.0
1766,-0.4218196530528948,-0.864640284565038,-1.1171429580399963,-1.2438034047474607,-1.3464081852197867,-1.3552449605714703,-1.3140066755969468,-1.3063154081612223,-1.0412121476107152,-0.6429026808329782,-0.2747037078461628,0.021819198399219083,0.277431107646066,0.5062054028618739,0.6456300806328813,0.8501850656255565,1.0365755679508821,1.2663317270946548,1.4165569080732754,1.3579723603713734,1.153253731390704,1.1807459213737195,0.8896232667321442,0.32586972809233145,0.0,0.0,0.0,0.0,0.0,0.0,0.0,0.0,0.0,0.0,0.0,0.0,0.0,0.0,0.0,0.0,0.0,0.0,0.0,0.0,0.0,0.0,0.0,0.0,0.0,0.0,0.0,0.0,0.0,0.0,0.0,0.0,0.0,0.0,0.0,0.0,0.0,0.0,0.0,0.0,0.0,0.0,0.0,0.0,0.0,0.0,0.0,0.0,0.0,0.0,0.0,0.0,0.0,0.0,0.0,0.0,0.0,0.0,0.0,0.0,0.0,0.0,0.0,0.0,0.0,0.0,0.0,0.0,0.0,0.0,0.0,0.0
1767,-0.16855022658469104,-0.608403546295744,-0.923436067682223,-1.1880706111634107,-1.3381807173974498,-1.389481884870936,-1.3714180935070324,-1.494793788522494,-1.3022337725832815,-0.8269754217989777,-0.28849380124101104,0.09427793776010648,0.42647106094229387,0.7151304469374736,0.8016560075705719,0.8594601399350634,0.9844615761732765,1.1762990404579328,1.3294799912238353,1.2747467033912074,1.0738773434245992,1.1614867315395319,0.8206229885026707,0.18206796378867804,1.0,1.0,1.0,1.0,1.0,1.0,1.0,1.0,1.0,1.0,1.0,1.0,1.0,1.0,1.0,1.0,1.0,1.0,1.0,1.0,1.0,1.0,1.0,1.0,1.0,1.0,1.0,1.0,1.0,1.0,1.0,1.0,1.0,1.0,1.0,1.0,1.0,1.0,1.0,1.0,1.0,1.0,1.0,1.0,1.0,1.0,1.0,1.0,1.0,1.0,1.0,1.0,1.0,1.0,1.0,1.0,1.0,1.0,1.0,1.0,1.0,1.0,1.0,1.0,1.0,1.0,1.0,1.0,1.0,1.0,1.0,1.0
1768,-0.9949786736377365,-1.271530391977468,-1.496925618063832,-1.6186139497727965,-1.661685764776313,-1.5358157034553566,-1.1650356778587407,-0.717730000362673,-0.26526685634514846,0.09645275509215158,0.3173874695923907,0.5178317089938695,0.7083791883136341,0.8435884457680392,0.9463196032359737,1.013087886040778,1.0222876911871601,1.0714927096215983,1.108988885142459,0.9951064487092126,0.8212858878374156,0.816128421315959,0.4499482982925342,-0.0007027628931270941,0.0,0.0,0.0,0.0,0.0,0.0,0.0,0.0,0.0,0.0,0.0,0.0,0.0,0.0,0.0,0.0,0.0,0.0,0.0,0.0,0.0,0.0,0.0,0.0,0.0,0.0,0.0,0.0,0.0,0.0,0.0,0.0,0.0,0.0,0.0,0.0,0.0,0.0,0.0,0.0,0.0,0.0,0.0,0.0,0.0,0.0,0.0,0.0,0.0,0.0,0.0,0.0,0.0,0.0,0.0,0.0,0.0,0.0,0.0,0.0,0.0,0.0,0.0,0.0,0.0,0.0,0.0,0.0,0.0,0.0,0.0,0.0
1769,-0.8166140827476591,-1.1871341358509557,-1.4690130279247555,-1.6306945056425577,-1.674483239191129,-1.535493898696878,-1.3419016030084572,-0.8144866948829512,-0.21739983418826087,0.23998855672394256,0.5491689263948274,0.7432930690494253,0.9102930164289973,0.9828014861511256,1.0069118819511487,0.9484087156716808,0.9239437552275398,0.974469217014353,0.9801422513202407,0.8650860243039539,0.7198918025376382,0.7611985835773837,0.3577040185711143,-0.27608028278978775,0.0,0.0,0.0,0.0,0.0,0.0,0.0,0.0,0.0,0.0,0.0,0.0,0.0,0.0,0.0,0.0,0.0,0.0,0.0,0.0,0.0,0.0,0.0,0.0,0.0,0.0,0.0,0.0,0.0,0.0,0.0,0.0,0.0,0.0,0.0,0.0,0.0,0.0,0.0,0.0,0.0,0.0,0.0,0.0,0.0,0.0,0.0,0.0,0.0,0.0,0.0,0.0,0.0,0.0,0.0,0.0,0.0,0.0,0.0,0.0,0.0,0.0,0.0,0.0,0.0,0.0,0.0,0.0,0.0,0.0,0.0,0.0
1770,-0.8616969319776115,-1.2398418600071248,-1.4553252295696348,-1.6108286921405182,-1.6922828868205049,-1.768800463641098,-1.2882207150291776,-0.5852463318515966,0.0930449620290188,0.47587967702495565,0.6513764419263812,0.7686211160869679,0.8991946584679161,1.0068129278026863,0.9957055376190517,0.9078337397218541,0.8234175743262316,0.8172468020019902,0.9006756438257341,0.8248985596840496,0.602750756011359,0.7826904769862384,0.3699892239409731,-0.41789498641816963,0.0,0.0,0.0,0.0,0.0,0.0,0.0,0.0,0.0,0.0,0.0,0.0,0.0,0.0,0.0,0.0,0.0,0.0,0.0,0.0,0.0,0.0,0.0,0.0,0.0,0.0,0.0,0.0,0.0,0.0,0.0,0.0,0.0,0.0,0.0,0.0,0.0,0.0,0.0,0.0,0.0,0.0,0.0,0.0,0.0,0.0,0.0,0.0,0.0,0.0,0.0,0.0,0.0,0.0,0.0,0.0,0.0,0.0,0.0,0.0,0.0,0.0,0.0,0.0,0.0,0.0,0.0,0.0,0.0,0.0,0.0,0.0
1771,-0.78235089799898,-1.2117309481251741,-1.5562164283407038,-1.6970530847820955,-1.8565371034003961,-1.760110612143485,-1.2095227078673825,-0.5109827063192253,0.136277049242432,0.43757916441669853,0.5786611808867338,0.7131184765833934,0.8090542477830174,0.8787364959177826,0.906216819125859,0.8929673775791079,0.8178872088141849,0.8173964887568977,0.8627880940559526,0.8019388069523548,0.6635557507973985,0.9049900189826413,0.4981830914916528,-0.1348457824086792,1.0,1.0,1.0,1.0,1.0,1.0,1.0,1.0,1.0,1.0,1.0,1.0,1.0,1.0,1.0,1.0,1.0,1.0,1.0,1.0,1.0,1.0,1.0,1.0,1.0,1.0,1.0,1.0,1.0,1.0,1.0,1.0,1.0,1.0,1.0,1.0,1.0,1.0,1.0,1.0,1.0,1.0,1.0,1.0,1.0,1.0,1.0,1.0,1.0,1.0,1.0,1.0,1.0,1.0,1.0,1.0,1.0,1.0,1.0,1.0,1.0,1.0,1.0,1.0,1.0,1.0,1.0,1.0,1.0,1.0,1.0,1.0
1772,-0.8502763684806026,-1.2189506554965832,-1.4944461414098789,-1.6729596098489512,-1.7162211960751979,-1.591665859907323,-1.2429584588419178,-0.48659380295226595,0.2234191534092647,0.7059522305481689,0.9553006039071397,1.1380926907641926,1.2536153880496643,1.2769100883253355,1.2044112762428894,0.9008670695894998,0.581159193357073,0.3826788389674252,0.340130355810842,0.2635906263336365,0.2968687695845954,0.5766428739158714,0.3812526328280984,-0.2068196986209899,0.0,0.0,0.0,0.0,0.0,0.0,0.0,0.0,0.0,0.0,0.0,0.0,0.0,0.0,0.0,0.0,0.0,0.0,0.0,0.0,0.0,0.0,0.0,0.0,0.0,0.0,0.0,0.0,0.0,0.0,0.0,0.0,0.0,0.0,0.0,0.0,0.0,0.0,0.0,0.0,0.0,0.0,0.0,0.0,0.0,0.0,0.0,0.0,0.0,0.0,0.0,0.0,0.0,0.0,0.0,0.0,0.0,0.0,0.0,0.0,0.0,0.0,0.0,0.0,0.0,0.0,0.0,0.0,0.0,0.0,0.0,0.0
1773,0.2009211341980749,-0.8935507195615625,-1.3645666261577938,-1.8099773696900074,-1.8415372218386803,-1.6075179408117286,-1.0519454492133924,-0.5743793846240404,0.11160079792824595,0.8202087990022223,1.3430305006349543,1.3769722284174895,1.1542668566513825,0.7177881467461518,0.19139363166262646,-0.1766061537690688,-0.21054788155160378,-0.009279390490255897,0.46709573628216516,0.5081830909662864,0.6100082743138915,1.5389397715201125,0.9297750781598791,-0.430275908775383,-1.0,-1.0,-1.0,-1.0,-1.0,-1.0,-1.0,-1.0,-1.0,-1.0,-1.0,-1.0,-1.0,-1.0,-1.0,-1.0,-1.0,-1.0,-1.0,-1.0,-1.0,-1.0,-1.0,-1.0,-1.0,-1.0,-1.0,-1.0,-1.0,-1.0,-1.0,-1.0,-1.0,-1.0,-1.0,-1.0,-1.0,-1.0,-1.0,-1.0,-1.0,-1.0,-1.0,-1.0,-1.0,-1.0,-1.0,-1.0,-1.0,-1.0,-1.0,-1.0,-1.0,-1.0,-1.0,-1.0,-1.0,-1.0,-1.0,-1.0,-1.0,-1.0,-1.0,-1.0,-1.0,-1.0,-1.0,-1.0,-1.0,-1.0,-1.0,-1.0
1774,-0.6255456067584374,-1.1284341651563567,-1.4049972408502176,-1.5098297690789377,-1.6074854983091147,-1.516493939577585,-1.241468749383412,-1.074095544167387,-0.6063220380123395,-0.1726383271003724,0.1485234280844354,0.38868988028568435,0.6770434114771519,0.7575260859608147,0.5986112509930727,0.5937412802440613,0.5394026592550913,0.8403155886940095,1.066897385648016,1.1750619991260598,1.1253370346361533,1.367554000836986,1.1527626593805862,0.45584421377205275,0.0,0.0,0.0,0.0,0.0,0.0,0.0,0.0,0.0,0.0,0.0,0.0,0.0,0.0,0.0,0.0,0.0,0.0,0.0,0.0,0.0,0.0,0.0,0.0,0.0,0.0,0.0,0.0,0.0,0.0,0.0,0.0,0.0,0.0,0.0,0.0,0.0,0.0,0.0,0.0,0.0,0.0,0.0,0.0,0.0,0.0,0.0,0.0,0.0,0.0,0.0,0.0,0.0,0.0,0.0,0.0,0.0,0.0,0.0,0.0,0.0,0.0,0.0,0.0,0.0,0.0,0.0,0.0,0.0,0.0,0.0,0.0
1775,-1.235961457519178,-1.5593347472174406,-1.7490470771737545,-1.7828503650568797,-1.7145539262726066,-1.4286057053020895,-0.8489483044082973,-0.25739076645360903,0.26569786696230047,0.520084854858267,0.648744307719549,0.7877517058511756,0.8927833503451712,0.9241721176652159,0.8974399257168262,0.8191404731712202,0.737046774026488,0.7651586920109236,0.7982721168760257,0.7258364999836149,0.6161482801179642,0.7746443085087393,0.49473238894592325,-0.0909613133555699,0.0,0.0,0.0,0.0,0.0,0.0,0.0,0.0,0.0,0.0,0.0,0.0,0.0,0.0,0.0,0.0,0.0,0.0,0.0,0.0,0.0,0.0,0.0,0.0,0.0,0.0,0.0,0.0,0.0,0.0,0.0,0.0,0.0,0.0,0.0,0.0,0.0,0.0,0.0,0.0,0.0,0.0,0.0,0.0,0.0,0.0,0.0,0.0,0.0,0.0,0.0,0.0,0.0,0.0,0.0,0.0,0.0,0.0,0.0,0.0,0.0,0.0,0.0,0.0,0.0,0.0,0.0,0.0,0.0,0.0,0.0,0.0
1776,-0.9571112403106601,-1.370518058685259,-1.6343042275280562,-1.7747065432024483,-1.7496515845130787,-1.6283950391579218,-1.0495309464195612,-0.3085187248047142,0.2783818641170291,0.5589501279310078,0.6887159045391581,0.8600823672730541,0.9886663062071775,1.040194428794749,1.0011937855518622,0.8477912554631747,0.7591534299111595,0.7201527866682728,0.7206255217378835,0.6234784649328748,0.5251495704538394,0.7435531726140048,0.4135840940257029,-0.2969367155992509,0.0,0.0,0.0,0.0,0.0,0.0,0.0,0.0,0.0,0.0,0.0,0.0,0.0,0.0,0.0,0.0,0.0,0.0,0.0,0.0,0.0,0.0,0.0,0.0,0.0,0.0,0.0,0.0,0.0,0.0,0.0,0.0,0.0,0.0,0.0,0.0,0.0,0.0,0.0,0.0,0.0,0.0,0.0,0.0,0.0,0.0,0.0,0.0,0.0,0.0,0.0,0.0,0.0,0.0,0.0,0.0,0.0,0.0,0.0,0.0,0.0,0.0,0.0,0.0,0.0,0.0,0.0,0.0,0.0,0.0,0.0,0.0
1777,-0.9324118024605442,-1.3395880291237792,-1.5718769700265205,-1.6854285308219328,-1.6881108511556828,-1.5720557913821038,-1.1110543366882877,-0.5450847462670587,0.007473242485420728,0.35939367027340763,0.5897155762647324,0.769609859981559,0.9436030389641359,1.0167409733977164,1.0328348954002158,0.965598065700885,0.8811943858655549,0.8831614207769715,0.9137398725817203,0.8155669483664739,0.6492630876739801,0.6800203608343124,0.313078939177326,-0.3753832798184817,-1.0,-1.0,-1.0,-1.0,-1.0,-1.0,-1.0,-1.0,-1.0,-1.0,-1.0,-1.0,-1.0,-1.0,-1.0,-1.0,-1.0,-1.0,-1.0,-1.0,-1.0,-1.0,-1.0,-1.0,-1.0,-1.0,-1.0,-1.0,-1.0,-1.0,-1.0,-1.0,-1.0,-1.0,-1.0,-1.0,-1.0,-1.0,-1.0,-1.0,-1.0,-1.0,-1.0,-1.0,-1.0,-1.0,-1.0,-1.0,-1.0,-1.0,-1.0,-1.0,-1.0,-1.0,-1.0,-1.0,-1.0,-1.0,-1.0,-1.0,-1.0,-1.0,-1.0,-1.0,-1.0,-1.0,-1.0,-1.0,-1.0,-1.0,-1.0,-1.0
1778,-0.9074970896393797,-1.2201661665996308,-1.481106903621605,-1.652220967798381,-1.7006649686929578,-1.5610805593357027,-1.2344530414397263,-0.7557606258204344,-0.21877119217546545,0.19111432047830898,0.5014843601079699,0.7340155644019382,0.9228650594146948,1.043892953175044,1.1194327511801467,1.015319203494853,0.9079213167658593,0.8696587669067529,0.8885437164080285,0.8102122302157808,0.6904980720729116,0.7208782082271377,0.446800115030363,-0.13091512275648737,0.0,0.0,0.0,0.0,0.0,0.0,0.0,0.0,0.0,0.0,0.0,0.0,0.0,0.0,0.0,0.0,0.0,0.0,0.0,0.0,0.0,0.0,0.0,0.0,0.0,0.0,0.0,0.0,0.0,0.0,0.0,0.0,0.0,0.0,0.0,0.0,0.0,0.0,0.0,0.0,0.0,0.0,0.0,0.0,0.0,0.0,0.0,0.0,0.0,0.0,0.0,0.0,0.0,0.0,0.0,0.0,0.0,0.0,0.0,0.0,0.0,0.0,0.0,0.0,0.0,0.0,0.0,0.0,0.0,0.0,0.0,0.0
1779,-0.5793875334065651,-1.0899285581970015,-1.395200511164479,-1.5903059507840025,-1.6647182579877275,-1.6320494401909702,-1.3739657795965867,-0.8799406571367332,-0.3066029048036408,0.11573231193555071,0.46928151786934746,0.7284541390569561,0.9506021000749065,1.0798254238043024,1.159864027406358,1.14225916448255,1.0631280280415154,0.9914381223208533,0.9233780852442753,0.7201054411755626,0.5618431682934935,0.5830778998613857,0.3161010610889961,-0.29299089738832523,-1.0,-1.0,-1.0,-1.0,-1.0,-1.0,-1.0,-1.0,-1.0,-1.0,-1.0,-1.0,-1.0,-1.0,-1.0,-1.0,-1.0,-1.0,-1.0,-1.0,-1.0,-1.0,-1.0,-1.0,-1.0,-1.0,-1.0,-1.0,-1.0,-1.0,-1.0,-1.0,-1.0,-1.0,-1.0,-1.0,-1.0,-1.0,-1.0,-1.0,-1.0,-1.0,-1.0,-1.0,-1.0,-1.0,-1.0,-1.0,-1.0,-1.0,-1.0,-1.0,-1.0,-1.0,-1.0,-1.0,-1.0,-1.0,-1.0,-1.0,-1.0,-1.0,-1.0,-1.0,-1.0,-1.0,-1.0,-1.0,-1.0,-1.0,-1.0,-1.0
1780,-0.34853017670599945,-0.7164864730001111,-0.996780950601999,-1.2534383773038604,-1.4272730666001174,-1.4162920744497116,-1.3937717346158283,-1.5009759969655543,-1.1449312853769675,-0.6191464917346481,-0.16408673228138404,0.2520742583678996,0.5612171051784811,0.7540358825991689,0.9193091203883298,1.0039930429041724,1.0717401809168465,1.2061177458760517,1.2926628535021325,1.1560518664106414,0.9580217706812865,1.0041791614151963,0.7026671735565918,0.09964319783938293,0.0,0.0,0.0,0.0,0.0,0.0,0.0,0.0,0.0,0.0,0.0,0.0,0.0,0.0,0.0,0.0,0.0,0.0,0.0,0.0,0.0,0.0,0.0,0.0,0.0,0.0,0.0,0.0,0.0,0.0,0.0,0.0,0.0,0.0,0.0,0.0,0.0,0.0,0.0,0.0,0.0,0.0,0.0,0.0,0.0,0.0,0.0,0.0,0.0,0.0,0.0,0.0,0.0,0.0,0.0,0.0,0.0,0.0,0.0,0.0,0.0,0.0,0.0,0.0,0.0,0.0,0.0,0.0,0.0,0.0,0.0,0.0
1781,-0.3762542484129964,-0.739110779761954,-1.0396750423943493,-1.277784393310922,-1.4287170966241596,-1.4241630926448807,-1.3947247097788291,-1.4248136646419207,-1.1525492838807574,-0.6524220611563984,-0.12236852656820799,0.2946481235343144,0.6581552268803119,0.863248048947114,0.9336724676266742,0.9844170833957798,1.0393904171456443,1.1660893135691486,1.2797767700518565,1.1735708915351064,0.9691286414653442,0.9278173196533158,0.6430294279491361,0.0996391674216294,1.0,1.0,1.0,1.0,1.0,1.0,1.0,1.0,1.0,1.0,1.0,1.0,1.0,1.0,1.0,1.0,1.0,1.0,1.0,1.0,1.0,1.0,1.0,1.0,1.0,1.0,1.0,1.0,1.0,1.0,1.0,1.0,1.0,1.0,1.0,1.0,1.0,1.0,1.0,1.0,1.0,1.0,1.0,1.0,1.0,1.0,1.0,1.0,1.0,1.0,1.0,1.0,1.0,1.0,1.0,1.0,1.0,1.0,1.0,1.0,1.0,1.0,1.0,1.0,1.0,1.0,1.0,1.0,1.0,1.0,1.0,1.0
1782,-0.9913369170930874,-1.1674387958930361,-1.3670116664257859,-1.5547796002881917,-1.731020360696027,-1.5890833574361314,-1.1988260392753616,-0.7973193108757936,-0.2870682835011784,0.07235731770881179,0.3701194850172426,0.6123290091711154,0.8039856280543406,0.924395982091845,1.0435564016583718,1.052028179739442,1.0488339027580549,1.0532781142104195,1.0698050255489004,0.9759210586176975,0.7557937101177615,0.6755201407594252,0.3559535610128303,-0.1299931849816657,0.0,0.0,0.0,0.0,0.0,0.0,0.0,0.0,0.0,0.0,0.0,0.0,0.0,0.0,0.0,0.0,0.0,0.0,0.0,0.0,0.0,0.0,0.0,0.0,0.0,0.0,0.0,0.0,0.0,0.0,0.0,0.0,0.0,0.0,0.0,0.0,0.0,0.0,0.0,0.0,0.0,0.0,0.0,0.0,0.0,0.0,0.0,0.0,0.0,0.0,0.0,0.0,0.0,0.0,0.0,0.0,0.0,0.0,0.0,0.0,0.0,0.0,0.0,0.0,0.0,0.0,0.0,0.0,0.0,0.0,0.0,0.0
1783,-0.7743904919753046,-1.1399289902025151,-1.438175519993063,-1.6194984485180977,-1.690901012311751,-1.5758043423160113,-1.2965883465856054,-0.8273714987987404,-0.3047169113709962,0.07695947973921488,0.36561462036345116,0.5853031055537322,0.7949434687602582,0.9589105502224431,1.0723325332208904,1.0837508536569755,1.0491914038037575,1.0371641062777477,1.0193515263974546,0.9103446273009602,0.7393743093046431,0.6929398061978962,0.405350375481028,-0.12415520420836744,0.0,0.0,0.0,0.0,0.0,0.0,0.0,0.0,0.0,0.0,0.0,0.0,0.0,0.0,0.0,0.0,0.0,0.0,0.0,0.0,0.0,0.0,0.0,0.0,0.0,0.0,0.0,0.0,0.0,0.0,0.0,0.0,0.0,0.0,0.0,0.0,0.0,0.0,0.0,0.0,0.0,0.0,0.0,0.0,0.0,0.0,0.0,0.0,0.0,0.0,0.0,0.0,0.0,0.0,0.0,0.0,0.0,0.0,0.0,0.0,0.0,0.0,0.0,0.0,0.0,0.0,0.0,0.0,0.0,0.0,0.0,0.0
1784,-0.6819352679330787,-1.1452441417832873,-1.4755374179956655,-1.6811069779814032,-1.7277488109193435,-1.6700511360998171,-1.2298904311891792,-0.8023402959247249,-0.25991305360941735,0.15830871506744876,0.42192144493151224,0.6996994722063576,0.8626003924303497,1.0056353467733672,1.0572868580639012,0.9983799505385763,0.9354998498370566,0.9254804931318694,0.9472466818362416,0.8686465559593419,0.7245751164399259,0.7233658837341275,0.4623443668110606,-0.11722359432519952,1.0,1.0,1.0,1.0,1.0,1.0,1.0,1.0,1.0,1.0,1.0,1.0,1.0,1.0,1.0,1.0,1.0,1.0,1.0,1.0,1.0,1.0,1.0,1.0,1.0,1.0,1.0,1.0,1.0,1.0,1.0,1.0,1.0,1.0,1.0,1.0,1.0,1.0,1.0,1.0,1.0,1.0,1.0,1.0,1.0,1.0,1.0,1.0,1.0,1.0,1.0,1.0,1.0,1.0,1.0,1.0,1.0,1.0,1.0,1.0,1.0,1.0,1.0,1.0,1.0,1.0,1.0,1.0,1.0,1.0,1.0,1.0
1785,-0.7372991312061041,-1.1550269832849756,-1.418735450447692,-1.596767082643211,-1.6716455105498658,-1.555136381738752,-1.330216929411931,-0.8903239259982622,-0.3691587010236701,0.006796365847314284,0.2631164492317647,0.5349237216898876,0.7774616276418038,0.945831527204206,1.0583622955193306,1.0741336531998595,1.0897629265769602,1.0552364408439106,1.0046544288234758,0.9184092566425659,0.742082636088185,0.7575698251618576,0.49158800914429035,0.004380932689035095,0.0,0.0,0.0,0.0,0.0,0.0,0.0,0.0,0.0,0.0,0.0,0.0,0.0,0.0,0.0,0.0,0.0,0.0,0.0,0.0,0.0,0.0,0.0,0.0,0.0,0.0,0.0,0.0,0.0,0.0,0.0,0.0,0.0,0.0,0.0,0.0,0.0,0.0,0.0,0.0,0.0,0.0,0.0,0.0,0.0,0.0,0.0,0.0,0.0,0.0,0.0,0.0,0.0,0.0,0.0,0.0,0.0,0.0,0.0,0.0,0.0,0.0,0.0,0.0,0.0,0.0,0.0,0.0,0.0,0.0,0.0,0.0
1786,-0.6417962140072955,-1.0430092190593718,-1.3641502915186374,-1.5467654983555272,-1.6072105629238125,-1.5109251306585676,-1.331581068492432,-1.0118622328465379,-0.5132260060785194,-0.06849255453727773,0.2820888199587762,0.5763496166453221,0.834343374590897,1.0839459353375804,1.1917514857911338,1.186915880625671,1.1314486449041856,1.1089773032529173,1.0385765809910323,0.8730282159145994,0.6332390891801788,0.5624116958742823,0.31949364815044445,-0.18355151273902529,0.0,0.0,0.0,0.0,0.0,0.0,0.0,0.0,0.0,0.0,0.0,0.0,0.0,0.0,0.0,0.0,0.0,0.0,0.0,0.0,0.0,0.0,0.0,0.0,0.0,0.0,0.0,0.0,0.0,0.0,0.0,0.0,0.0,0.0,0.0,0.0,0.0,0.0,0.0,0.0,0.0,0.0,0.0,0.0,0.0,0.0,0.0,0.0,0.0,0.0,0.0,0.0,0.0,0.0,0.0,0.0,0.0,0.0,0.0,0.0,0.0,0.0,0.0,0.0,0.0,0.0,0.0,0.0,0.0,0.0,0.0,0.0
1787,-0.285372027926015,-0.6662956703847935,-1.002054519551662,-1.2378989706965557,-1.3813806934374147,-1.4108612498305264,-1.4146370846394964,-1.3886419142238955,-1.1844563857080577,-0.7422480398113819,-0.2175522257802851,0.19328764631879397,0.5579461542158557,0.8539135134728097,1.0318134227415874,1.1135747687973603,1.1779091849655794,1.2670769762235627,1.2766617876617172,1.1719549839206653,0.9181027052252994,0.7731687383271442,0.5341293500361989,0.061859550083492955,0.0,0.0,0.0,0.0,0.0,0.0,0.0,0.0,0.0,0.0,0.0,0.0,0.0,0.0,0.0,0.0,0.0,0.0,0.0,0.0,0.0,0.0,0.0,0.0,0.0,0.0,0.0,0.0,0.0,0.0,0.0,0.0,0.0,0.0,0.0,0.0,0.0,0.0,0.0,0.0,0.0,0.0,0.0,0.0,0.0,0.0,0.0,0.0,0.0,0.0,0.0,0.0,0.0,0.0,0.0,0.0,0.0,0.0,0.0,0.0,0.0,0.0,0.0,0.0,0.0,0.0,0.0,0.0,0.0,0.0,0.0,0.0
1788,-0.47136491948566017,-0.7920846014823683,-1.0244335369870126,-1.1913560581386888,-1.2954571982807006,-1.326417017629961,-1.3850302678542892,-1.404167243568557,-1.1753250837183598,-0.7484001961869716,-0.29462342650153234,0.11987745585410076,0.45873217766380614,0.7432819736246469,0.9441701218293953,1.0752233377155853,1.1708080226967974,1.2777145833623667,1.3309173797198337,1.2261148844469325,0.9857504617321238,0.8808477728690955,0.6406837373345409,0.2545376409848648,0.0,0.0,0.0,0.0,0.0,0.0,0.0,0.0,0.0,0.0,0.0,0.0,0.0,0.0,0.0,0.0,0.0,0.0,0.0,0.0,0.0,0.0,0.0,0.0,0.0,0.0,0.0,0.0,0.0,0.0,0.0,0.0,0.0,0.0,0.0,0.0,0.0,0.0,0.0,0.0,0.0,0.0,0.0,0.0,0.0,0.0,0.0,0.0,0.0,0.0,0.0,0.0,0.0,0.0,0.0,0.0,0.0,0.0,0.0,0.0,0.0,0.0,0.0,0.0,0.0,0.0,0.0,0.0,0.0,0.0,0.0,0.0
1789,-0.4957787413259215,-0.8160807530691533,-1.014405722763224,-1.198449138933129,-1.3065039118235127,-1.3334502392275984,-1.3618337040932353,-1.3615642408191946,-1.1405145350143449,-0.7524874203955111,-0.3093999767809955,0.11554360638143574,0.48291186999047053,0.7739322059545959,0.9770176934900551,1.1103121930489321,1.2246544423336025,1.3201342624354127,1.3276792341085568,1.2090255724392327,0.9584247275812359,0.8175852563492148,0.587643262501017,0.1856040576320585,0.0,0.0,0.0,0.0,0.0,0.0,0.0,0.0,0.0,0.0,0.0,0.0,0.0,0.0,0.0,0.0,0.0,0.0,0.0,0.0,0.0,0.0,0.0,0.0,0.0,0.0,0.0,0.0,0.0,0.0,0.0,0.0,0.0,0.0,0.0,0.0,0.0,0.0,0.0,0.0,0.0,0.0,0.0,0.0,0.0,0.0,0.0,0.0,0.0,0.0,0.0,0.0,0.0,0.0,0.0,0.0,0.0,0.0,0.0,0.0,0.0,0.0,0.0,0.0,0.0,0.0,0.0,0.0,0.0,0.0,0.0,0.0
1790,-0.8000532171703038,-1.088648223428926,-1.2969639295330027,-1.4338413203569773,-1.5295134066768488,-1.4846769833850277,-1.3198557653686156,-1.0039484308371587,-0.6276540121186541,-0.21852164958078776,0.12825019464627127,0.45307745141712213,0.7129392568338029,0.9278857015937122,1.0904177360265632,1.1877475070103929,1.215375584743029,1.2116655285903608,1.186168759711385,1.035793079480894,0.7748261509549078,0.602190133808407,0.34374920096083333,-0.06640934732138809,0.0,0.0,0.0,0.0,0.0,0.0,0.0,0.0,0.0,0.0,0.0,0.0,0.0,0.0,0.0,0.0,0.0,0.0,0.0,0.0,0.0,0.0,0.0,0.0,0.0,0.0,0.0,0.0,0.0,0.0,0.0,0.0,0.0,0.0,0.0,0.0,0.0,0.0,0.0,0.0,0.0,0.0,0.0,0.0,0.0,0.0,0.0,0.0,0.0,0.0,0.0,0.0,0.0,0.0,0.0,0.0,0.0,0.0,0.0,0.0,0.0,0.0,0.0,0.0,0.0,0.0,0.0,0.0,0.0,0.0,0.0,0.0
1791,-0.4903014432697255,-0.8905561759690596,-1.1831366103144518,-1.4014217787956245,-1.573309113258826,-1.5269112792408548,-1.3909480061375594,-1.0936690569549041,-0.6605247203947296,-0.25860593035719837,0.09270593945398035,0.42825820741517306,0.7337595575630385,1.0401418792428907,1.2087010990296974,1.2793745930401936,1.2811365361041673,1.2423737886967483,1.153689321143411,0.9716218711994732,0.6581917772637267,0.47426449853003905,0.20693858143493482,-0.3017735354245513,0.0,0.0,0.0,0.0,0.0,0.0,0.0,0.0,0.0,0.0,0.0,0.0,0.0,0.0,0.0,0.0,0.0,0.0,0.0,0.0,0.0,0.0,0.0,0.0,0.0,0.0,0.0,0.0,0.0,0.0,0.0,0.0,0.0,0.0,0.0,0.0,0.0,0.0,0.0,0.0,0.0,0.0,0.0,0.0,0.0,0.0,0.0,0.0,0.0,0.0,0.0,0.0,0.0,0.0,0.0,0.0,0.0,0.0,0.0,0.0,0.0,0.0,0.0,0.0,0.0,0.0,0.0,0.0,0.0,0.0,0.0,0.0
1792,-0.5824600473602347,-1.0222998211309196,-1.318556441661224,-1.5128482142382147,-1.5943324751160508,-1.5472380770280543,-1.2577718115709027,-0.9258110659785358,-0.5031662236027705,-0.14722019154233082,0.18583577261022216,0.5083776385849899,0.7806489726472216,1.0395586402751844,1.2204887464179064,1.2595880490165456,1.2656117510975684,1.2111793886563258,1.1107478466872724,0.9124037654375936,0.6292897676295207,0.4552595384159704,0.16842179750326525,-0.33570730575033597,0.0,0.0,0.0,0.0,0.0,0.0,0.0,0.0,0.0,0.0,0.0,0.0,0.0,0.0,0.0,0.0,0.0,0.0,0.0,0.0,0.0,0.0,0.0,0.0,0.0,0.0,0.0,0.0,0.0,0.0,0.0,0.0,0.0,0.0,0.0,0.0,0.0,0.0,0.0,0.0,0.0,0.0,0.0,0.0,0.0,0.0,0.0,0.0,0.0,0.0,0.0,0.0,0.0,0.0,0.0,0.0,0.0,0.0,0.0,0.0,0.0,0.0,0.0,0.0,0.0,0.0,0.0,0.0,0.0,0.0,0.0,0.0
1793,-0.4670508162918471,-0.9740572372408544,-1.3163482746993822,-1.541467958917837,-1.6374653314726197,-1.5539385242294192,-1.3167379798653691,-0.950674927281638,-0.4641929784079428,-0.012524691029080855,0.34028838591109434,0.6373736241151373,0.865870753105479,1.0446155225714882,1.1619167775335568,1.1834804633848341,1.1858186943807558,1.18867653226466,1.1334683004165103,0.935627977817141,0.5885305766447743,0.3345727101432859,0.09711236233524458,-0.46289396118798637,0.0,0.0,0.0,0.0,0.0,0.0,0.0,0.0,0.0,0.0,0.0,0.0,0.0,0.0,0.0,0.0,0.0,0.0,0.0,0.0,0.0,0.0,0.0,0.0,0.0,0.0,0.0,0.0,0.0,0.0,0.0,0.0,0.0,0.0,0.0,0.0,0.0,0.0,0.0,0.0,0.0,0.0,0.0,0.0,0.0,0.0,0.0,0.0,0.0,0.0,0.0,0.0,0.0,0.0,0.0,0.0,0.0,0.0,0.0,0.0,0.0,0.0,0.0,0.0,0.0,0.0,0.0,0.0,0.0,0.0,0.0,0.0
1794,-0.23457891663563749,-0.7078085871412917,-1.0147279882207403,-1.2424520229067577,-1.391727817297395,-1.450153078165002,-1.47316456198498,-1.416382978533086,-1.0895900232454745,-0.6154638014221587,-0.157027227657919,0.23805305299157575,0.5484092341220601,0.7596964946509502,0.9451331921872675,1.0398687814201646,1.1673284937477058,1.3024088922753696,1.3830985108649034,1.2538456959020392,0.9243630866614431,0.7059034155912611,0.5074667239488523,0.017501428846850253,0.0,0.0,0.0,0.0,0.0,0.0,0.0,0.0,0.0,0.0,0.0,0.0,0.0,0.0,0.0,0.0,0.0,0.0,0.0,0.0,0.0,0.0,0.0,0.0,0.0,0.0,0.0,0.0,0.0,0.0,0.0,0.0,0.0,0.0,0.0,0.0,0.0,0.0,0.0,0.0,0.0,0.0,0.0,0.0,0.0,0.0,0.0,0.0,0.0,0.0,0.0,0.0,0.0,0.0,0.0,0.0,0.0,0.0,0.0,0.0,0.0,0.0,0.0,0.0,0.0,0.0,0.0,0.0,0.0,0.0,0.0,0.0
1795,-0.3889531876229526,-0.710312277893785,-0.9632312941278587,-1.1616940628474188,-1.2746403539886317,-1.3390466319132046,-1.3721237600331313,-1.3473831438783894,-1.1072378153329052,-0.7631550069634241,-0.42324045457653514,-0.10941111704845023,0.1920479124022637,0.4674217269941737,0.6701872115667324,0.8530526353191726,1.0442545710367976,1.2880303160832491,1.4538193362941012,1.4274652016944849,1.2140773873598358,1.0972317599768429,0.905491984777593,0.3473490627214317,0.0,0.0,0.0,0.0,0.0,0.0,0.0,0.0,0.0,0.0,0.0,0.0,0.0,0.0,0.0,0.0,0.0,0.0,0.0,0.0,0.0,0.0,0.0,0.0,0.0,0.0,0.0,0.0,0.0,0.0,0.0,0.0,0.0,0.0,0.0,0.0,0.0,0.0,0.0,0.0,0.0,0.0,0.0,0.0,0.0,0.0,0.0,0.0,0.0,0.0,0.0,0.0,0.0,0.0,0.0,0.0,0.0,0.0,0.0,0.0,0.0,0.0,0.0,0.0,0.0,0.0,0.0,0.0,0.0,0.0,0.0,0.0
1796,-0.9723761102637799,-1.2224007449378493,-1.3534136535070618,-1.4749710849831457,-1.526703454848435,-1.434330717092488,-1.2130361858936933,-0.8918227188742434,-0.5159675044223876,-0.2613969672996987,-0.036283878044063765,0.2106495429649445,0.438944763934613,0.6589664424477941,0.8639866428805312,0.9899990587562622,1.1119201624282358,1.207565949947189,1.240841955871083,1.1939282426013305,1.022456802239405,0.8963534683147016,0.7413381948167785,0.3257517929639888,0.0,0.0,0.0,0.0,0.0,0.0,0.0,0.0,0.0,0.0,0.0,0.0,0.0,0.0,0.0,0.0,0.0,0.0,0.0,0.0,0.0,0.0,0.0,0.0,0.0,0.0,0.0,0.0,0.0,0.0,0.0,0.0,0.0,0.0,0.0,0.0,0.0,0.0,0.0,0.0,0.0,0.0,0.0,0.0,0.0,0.0,0.0,0.0,0.0,0.0,0.0,0.0,0.0,0.0,0.0,0.0,0.0,0.0,0.0,0.0,0.0,0.0,0.0,0.0,0.0,0.0,0.0,0.0,0.0,0.0,0.0,0.0
1797,-0.7810618958718263,-1.023421347411273,-1.1933984923808665,-1.3125675985236496,-1.3862903181781296,-1.4027582503606888,-1.3127590861071676,-1.0772293583798676,-0.7754449267552945,-0.47608600452195105,-0.19785454567010796,0.11995101377548202,0.40252285785373604,0.6912223046045702,0.9326243182264263,1.1253884856346772,1.276280701446964,1.357407607664145,1.3553012442454455,1.2478767098917745,1.002772602988568,0.777647033965753,0.5220111099690492,0.1278658338942314,0.0,0.0,0.0,0.0,0.0,0.0,0.0,0.0,0.0,0.0,0.0,0.0,0.0,0.0,0.0,0.0,0.0,0.0,0.0,0.0,0.0,0.0,0.0,0.0,0.0,0.0,0.0,0.0,0.0,0.0,0.0,0.0,0.0,0.0,0.0,0.0,0.0,0.0,0.0,0.0,0.0,0.0,0.0,0.0,0.0,0.0,0.0,0.0,0.0,0.0,0.0,0.0,0.0,0.0,0.0,0.0,0.0,0.0,0.0,0.0,0.0,0.0,0.0,0.0,0.0,0.0,0.0,0.0,0.0,0.0,0.0,0.0
1798,-0.5051214925665537,-0.8371273711002888,-1.1038020147467704,-1.322572489884112,-1.454045520885508,-1.4421302708502397,-1.333109785833669,-1.1891541119381823,-0.8376947639591111,-0.48647858434810665,-0.10891916486320961,0.26685701992253164,0.62220706179067,0.899094776895953,1.1350491500433415,1.253877425905269,1.3200192220194116,1.3452276761756596,1.3033216607454983,1.1366702724971194,0.8199840011515864,0.5392866482799251,0.2211413667259919,-0.242580711177206,0.0,0.0,0.0,0.0,0.0,0.0,0.0,0.0,0.0,0.0,0.0,0.0,0.0,0.0,0.0,0.0,0.0,0.0,0.0,0.0,0.0,0.0,0.0,0.0,0.0,0.0,0.0,0.0,0.0,0.0,0.0,0.0,0.0,0.0,0.0,0.0,0.0,0.0,0.0,0.0,0.0,0.0,0.0,0.0,0.0,0.0,0.0,0.0,0.0,0.0,0.0,0.0,0.0,0.0,0.0,0.0,0.0,0.0,0.0,0.0,0.0,0.0,0.0,0.0,0.0,0.0,0.0,0.0,0.0,0.0,0.0,0.0
1799,-0.6192987015747927,-0.9193163900977349,-1.189768020104412,-1.3683314524592234,-1.4620091747054949,-1.4322875053549335,-1.269674183515476,-1.0877651182232977,-0.8183249586395454,-0.46734472188461995,-0.1190098693127288,0.225356906984611,0.5638882769958459,0.8544915100438721,1.1023017636604622,1.2264014040116273,1.3291045546470743,1.3443544164080952,1.2819544718553464,1.1449391322576021,0.8741762805823328,0.6016239043126579,0.3300829984659078,-0.12554552435316635,0.0,0.0,0.0,0.0,0.0,0.0,0.0,0.0,0.0,0.0,0.0,0.0,0.0,0.0,0.0,0.0,0.0,0.0,0.0,0.0,0.0,0.0,0.0,0.0,0.0,0.0,0.0,0.0,0.0,0.0,0.0,0.0,0.0,0.0,0.0,0.0,0.0,0.0,0.0,0.0,0.0,0.0,0.0,0.0,0.0,0.0,0.0,0.0,0.0,0.0,0.0,0.0,0.0,0.0,0.0,0.0,0.0,0.0,0.0,0.0,0.0,0.0,0.0,0.0,0.0,0.0,0.0,0.0,0.0,0.0,0.0,0.0
1800,-0.5828661463983905,-0.9440508095906569,-1.1836843316285832,-1.333346884143826,-1.4219448027260027,-1.4145736871506502,-1.346716064354024,-1.106070820570461,-0.7917144210333745,-0.44989700268615157,-0.11595656078709932,0.23966363280416578,0.5611743503996827,0.8422884640087095,1.0827891761143242,1.2342583746039182,1.3120886831789624,1.3690341642905082,1.3222781664743024,1.1760843742298137,0.8702553436916641,0.5608130212048125,0.2873590865270341,-0.16726530645866977,0.0,0.0,0.0,0.0,0.0,0.0,0.0,0.0,0.0,0.0,0.0,0.0,0.0,0.0,0.0,0.0,0.0,0.0,0.0,0.0,0.0,0.0,0.0,0.0,0.0,0.0,0.0,0.0,0.0,0.0,0.0,0.0,0.0,0.0,0.0,0.0,0.0,0.0,0.0,0.0,0.0,0.0,0.0,0.0,0.0,0.0,0.0,0.0,0.0,0.0,0.0,0.0,0.0,0.0,0.0,0.0,0.0,0.0,0.0,0.0,0.0,0.0,0.0,0.0,0.0,0.0,0.0,0.0,0.0,0.0,0.0,0.0
1801,-0.23425289207499425,-0.650402018534146,-0.9528048677902364,-1.1733069453728022,-1.3482414703277381,-1.4375642297398539,-1.4669069719621914,-1.3972611102756431,-1.0672415624573528,-0.6397868500243004,-0.22734871743444424,0.19052645268484503,0.545746237941143,0.8074144568179883,1.0122095370933029,1.155298556518702,1.2886354292643238,1.392198048872574,1.4182613081406503,1.2302951535516764,0.8792178730797084,0.5486805121633768,0.2844232277963252,-0.1577891579309029,0.0,0.0,0.0,0.0,0.0,0.0,0.0,0.0,0.0,0.0,0.0,0.0,0.0,0.0,0.0,0.0,0.0,0.0,0.0,0.0,0.0,0.0,0.0,0.0,0.0,0.0,0.0,0.0,0.0,0.0,0.0,0.0,0.0,0.0,0.0,0.0,0.0,0.0,0.0,0.0,0.0,0.0,0.0,0.0,0.0,0.0,0.0,0.0,0.0,0.0,0.0,0.0,0.0,0.0,0.0,0.0,0.0,0.0,0.0,0.0,0.0,0.0,0.0,0.0,0.0,0.0,0.0,0.0,0.0,0.0,0.0,0.0
1802,-0.2688393618560794,-0.601737668209118,-0.8858729203706919,-1.0912635938555895,-1.2380696792659356,-1.342574245934216,-1.418648056625141,-1.403226525352575,-1.1848266271628876,-0.8433129402106502,-0.5027469451243247,-0.14236557465984212,0.19630503669465962,0.49491412826288733,0.7249447902614932,0.9290431566565109,1.1429630569346152,1.3285383550413556,1.4650059837326634,1.421326004094726,1.1921568801560398,0.9453262259889965,0.7336463246666839,0.34931419613642894,0.0,0.0,0.0,0.0,0.0,0.0,0.0,0.0,0.0,0.0,0.0,0.0,0.0,0.0,0.0,0.0,0.0,0.0,0.0,0.0,0.0,0.0,0.0,0.0,0.0,0.0,0.0,0.0,0.0,0.0,0.0,0.0,0.0,0.0,0.0,0.0,0.0,0.0,0.0,0.0,0.0,0.0,0.0,0.0,0.0,0.0,0.0,0.0,0.0,0.0,0.0,0.0,0.0,0.0,0.0,0.0,0.0,0.0,0.0,0.0,0.0,0.0,0.0,0.0,0.0,0.0,0.0,0.0,0.0,0.0,0.0,0.0
1803,-0.7249333175430209,-1.0741847632393038,-1.291216571264767,-1.419280130820201,-1.4814804185470702,-1.4579527898938718,-1.3301709983462604,-1.0444582384140049,-0.6934457426688301,-0.336445676757422,-0.02100639199986768,0.275836204241386,0.5615489641736415,0.8095048110576503,1.003502084443605,1.1355808381105128,1.1968653798119582,1.2558957774508217,1.2586430155270933,1.1476968624468906,0.9243252742454157,0.7110268923236036,0.4880779561338628,0.1060709795281868,0.0,0.0,0.0,0.0,0.0,0.0,0.0,0.0,0.0,0.0,0.0,0.0,0.0,0.0,0.0,0.0,0.0,0.0,0.0,0.0,0.0,0.0,0.0,0.0,0.0,0.0,0.0,0.0,0.0,0.0,0.0,0.0,0.0,0.0,0.0,0.0,0.0,0.0,0.0,0.0,0.0,0.0,0.0,0.0,0.0,0.0,0.0,0.0,0.0,0.0,0.0,0.0,0.0,0.0,0.0,0.0,0.0,0.0,0.0,0.0,0.0,0.0,0.0,0.0,0.0,0.0,0.0,0.0,0.0,0.0,0.0,0.0
1804,-0.5904214343225803,-0.9317975202275928,-1.2003060956889136,-1.3920421494287454,-1.4965402512225927,-1.4919323379147924,-1.337996793344035,-1.1054143216384467,-0.7676308461090076,-0.4086822094539087,-0.05668449287328845,0.30835596137517374,0.6235684717189464,0.8993403681569695,1.1131787857291324,1.2514161849631456,1.3019470308978387,1.2941370083422445,1.2322035294763845,1.0639756436288903,0.7826586311763956,0.5623378948830896,0.34717177347647576,-0.0008428316007915614,0.0,0.0,0.0,0.0,0.0,0.0,0.0,0.0,0.0,0.0,0.0,0.0,0.0,0.0,0.0,0.0,0.0,0.0,0.0,0.0,0.0,0.0,0.0,0.0,0.0,0.0,0.0,0.0,0.0,0.0,0.0,0.0,0.0,0.0,0.0,0.0,0.0,0.0,0.0,0.0,0.0,0.0,0.0,0.0,0.0,0.0,0.0,0.0,0.0,0.0,0.0,0.0,0.0,0.0,0.0,0.0,0.0,0.0,0.0,0.0,0.0,0.0,0.0,0.0,0.0,0.0,0.0,0.0,0.0,0.0,0.0,0.0
1805,0.06591131581159815,-0.5162056194234554,-0.952893940278514,-1.2432145320850723,-1.421378000624402,-1.4121210131777047,-1.3282714892039993,-1.0363409865371458,-0.5025213771109467,-0.02625608094029902,0.3585126146702411,0.7583071449768694,1.1131583304335912,1.3522300931874207,1.4971220706139838,1.508257287397692,1.3771837115219954,1.1119508972883698,0.8147881843255573,0.49320848998160177,0.08509608689678198,-0.30289243043434844,-0.6374855708990231,-1.1561451863907763,0.0,0.0,0.0,0.0,0.0,0.0,0.0,0.0,0.0,0.0,0.0,0.0,0.0,0.0,0.0,0.0,0.0,0.0,0.0,0.0,0.0,0.0,0.0,0.0,0.0,0.0,0.0,0.0,0.0,0.0,0.0,0.0,0.0,0.0,0.0,0.0,0.0,0.0,0.0,0.0,0.0,0.0,0.0,0.0,0.0,0.0,0.0,0.0,0.0,0.0,0.0,0.0,0.0,0.0,0.0,0.0,0.0,0.0,0.0,0.0,0.0,0.0,0.0,0.0,0.0,0.0,0.0,0.0,0.0,0.0,0.0,0.0
1806,-0.5244804058082221,-0.9179558692206436,-1.173516846861959,-1.35896899105517,-1.4943039139661622,-1.5202837970573124,-1.4069672857022952,-1.0763226033826556,-0.6728052702647893,-0.3567166926557941,-0.07701837682341009,0.21014224585430433,0.48449718147645177,0.7136176398015963,0.9419089529217043,1.1120679744442383,1.2536675500155077,1.3597981362602067,1.3885418367014795,1.2693291816662011,0.9700077626479483,0.6447064605385452,0.37532639614661806,-0.1442712656763878,0.0,0.0,0.0,0.0,0.0,0.0,0.0,0.0,0.0,0.0,0.0,0.0,0.0,0.0,0.0,0.0,0.0,0.0,0.0,0.0,0.0,0.0,0.0,0.0,0.0,0.0,0.0,0.0,0.0,0.0,0.0,0.0,0.0,0.0,0.0,0.0,0.0,0.0,0.0,0.0,0.0,0.0,0.0,0.0,0.0,0.0,0.0,0.0,0.0,0.0,0.0,0.0,0.0,0.0,0.0,0.0,0.0,0.0,0.0,0.0,0.0,0.0,0.0,0.0,0.0,0.0,0.0,0.0,0.0,0.0,0.0,0.0
1807,-0.5956592512984822,-0.9394380576688581,-1.185612175797423,-1.359451976749389,-1.4941990224628885,-1.4737622458631696,-1.3423223963629025,-1.0761355011491358,-0.7117503183732342,-0.3580499233631607,-0.02622790330216392,0.2811717447226542,0.5685586156622704,0.8266047201973109,1.0374172788151586,1.1841211108380372,1.3095401672321632,1.3901848748932946,1.3448169268399768,1.1717403250141412,0.8625598790283516,0.5197138715899131,0.2562405732690552,-0.19006131571152907,0.0,0.0,0.0,0.0,0.0,0.0,0.0,0.0,0.0,0.0,0.0,0.0,0.0,0.0,0.0,0.0,0.0,0.0,0.0,0.0,0.0,0.0,0.0,0.0,0.0,0.0,0.0,0.0,0.0,0.0,0.0,0.0,0.0,0.0,0.0,0.0,0.0,0.0,0.0,0.0,0.0,0.0,0.0,0.0,0.0,0.0,0.0,0.0,0.0,0.0,0.0,0.0,0.0,0.0,0.0,0.0,0.0,0.0,0.0,0.0,0.0,0.0,0.0,0.0,0.0,0.0,0.0,0.0,0.0,0.0,0.0,0.0
1808,-0.23650738970422835,-0.6200971774848539,-0.9217025312460265,-1.159357813666789,-1.298653903316575,-1.3920342843049938,-1.3964598947783784,-1.394910931112694,-1.1048121645823217,-0.7748829037914865,-0.3600925621734983,0.04197414933350875,0.37500133745571324,0.669304433935801,0.8998787395991479,1.0975928874976129,1.2831366065942695,1.4092665050857358,1.472552734855138,1.3448738726979872,1.0216936678790638,0.666095866342597,0.4356322009410847,-0.057491446055814126,-1.0,-1.0,-1.0,-1.0,-1.0,-1.0,-1.0,-1.0,-1.0,-1.0,-1.0,-1.0,-1.0,-1.0,-1.0,-1.0,-1.0,-1.0,-1.0,-1.0,-1.0,-1.0,-1.0,-1.0,-1.0,-1.0,-1.0,-1.0,-1.0,-1.0,-1.0,-1.0,-1.0,-1.0,-1.0,-1.0,-1.0,-1.0,-1.0,-1.0,-1.0,-1.0,-1.0,-1.0,-1.0,-1.0,-1.0,-1.0,-1.0,-1.0,-1.0,-1.0,-1.0,-1.0,-1.0,-1.0,-1.0,-1.0,-1.0,-1.0,-1.0,-1.0,-1.0,-1.0,-1.0,-1.0,-1.0,-1.0,-1.0,-1.0,-1.0,-1.0
1809,-0.3031567622518332,-0.6282739734988431,-0.8888266824160811,-1.0908645515804885,-1.2238528237460122,-1.362160626798157,-1.416711894517819,-1.4340264460311343,-1.1888065026106271,-0.8545104929710164,-0.4378139068523753,-0.06669839911517249,0.2712482689760409,0.5558953236738561,0.7736831764437492,0.9330604939880004,1.1298831367929756,1.320447507966632,1.4540616072952877,1.4153646277083,1.1646165443467948,0.9286797038460772,0.7178802543978235,0.23088241695403486,0.0,0.0,0.0,0.0,0.0,0.0,0.0,0.0,0.0,0.0,0.0,0.0,0.0,0.0,0.0,0.0,0.0,0.0,0.0,0.0,0.0,0.0,0.0,0.0,0.0,0.0,0.0,0.0,0.0,0.0,0.0,0.0,0.0,0.0,0.0,0.0,0.0,0.0,0.0,0.0,0.0,0.0,0.0,0.0,0.0,0.0,0.0,0.0,0.0,0.0,0.0,0.0,0.0,0.0,0.0,0.0,0.0,0.0,0.0,0.0,0.0,0.0,0.0,0.0,0.0,0.0,0.0,0.0,0.0,0.0,0.0,0.0
1810,-0.8321919555820498,-1.0730723700882443,-1.2742582972345506,-1.4076844940047988,-1.4661408289058835,-1.4073743808222996,-1.2644897319858284,-1.0122126580227913,-0.6886095520849556,-0.36896038922398383,-0.07698882790105888,0.21599060126498826,0.49741831438294304,0.7545796709703414,0.959952126080386,1.1130705099393283,1.2115314453828,1.3016968531944204,1.3289092849587185,1.2302932929239971,0.9801094829428291,0.7107761839423401,0.49354189960170397,0.07411382027163915,0.0,0.0,0.0,0.0,0.0,0.0,0.0,0.0,0.0,0.0,0.0,0.0,0.0,0.0,0.0,0.0,0.0,0.0,0.0,0.0,0.0,0.0,0.0,0.0,0.0,0.0,0.0,0.0,0.0,0.0,0.0,0.0,0.0,0.0,0.0,0.0,0.0,0.0,0.0,0.0,0.0,0.0,0.0,0.0,0.0,0.0,0.0,0.0,0.0,0.0,0.0,0.0,0.0,0.0,0.0,0.0,0.0,0.0,0.0,0.0,0.0,0.0,0.0,0.0,0.0,0.0,0.0,0.0,0.0,0.0,0.0,0.0
1811,-0.6700221611255824,-0.9463966259393979,-1.181061229567759,-1.3469306775378216,-1.4306488604538856,-1.3909536079482294,-1.2605263497153598,-1.1233837292164957,-0.8074632421696019,-0.48430508690269186,-0.17383150480488246,0.14350666983149904,0.44316105716742854,0.7322200951503446,0.9735254459084113,1.147527943733956,1.272284451608875,1.362867227063511,1.3849533074050038,1.2708667640193871,1.0001630495635225,0.7008817379090372,0.42085113141706926,-0.037285805396328926,0.0,0.0,0.0,0.0,0.0,0.0,0.0,0.0,0.0,0.0,0.0,0.0,0.0,0.0,0.0,0.0,0.0,0.0,0.0,0.0,0.0,0.0,0.0,0.0,0.0,0.0,0.0,0.0,0.0,0.0,0.0,0.0,0.0,0.0,0.0,0.0,0.0,0.0,0.0,0.0,0.0,0.0,0.0,0.0,0.0,0.0,0.0,0.0,0.0,0.0,0.0,0.0,0.0,0.0,0.0,0.0,0.0,0.0,0.0,0.0,0.0,0.0,0.0,0.0,0.0,0.0,0.0,0.0,0.0,0.0,0.0,0.0
1812,-0.6367655283589625,-0.9117189607450213,-1.162796497290861,-1.3350489748163834,-1.4145660887885914,-1.3947733171645256,-1.3279208088119123,-1.1450798905224666,-0.8322710522680026,-0.4773852729386017,-0.16623736656867458,0.16622583231947707,0.4771661222038371,0.7562026788060493,0.9932314998285139,1.1609164146715596,1.2871472378963698,1.3750382167864514,1.3611971177486435,1.2477001056386166,0.9818125931223222,0.6557855052867512,0.38159333334777185,-0.03945289938235197,0.0,0.0,0.0,0.0,0.0,0.0,0.0,0.0,0.0,0.0,0.0,0.0,0.0,0.0,0.0,0.0,0.0,0.0,0.0,0.0,0.0,0.0,0.0,0.0,0.0,0.0,0.0,0.0,0.0,0.0,0.0,0.0,0.0,0.0,0.0,0.0,0.0,0.0,0.0,0.0,0.0,0.0,0.0,0.0,0.0,0.0,0.0,0.0,0.0,0.0,0.0,0.0,0.0,0.0,0.0,0.0,0.0,0.0,0.0,0.0,0.0,0.0,0.0,0.0,0.0,0.0,0.0,0.0,0.0,0.0,0.0,0.0
1813,-0.5334382835989758,-0.8834887511358764,-1.1500898095174723,-1.3103645748918589,-1.436494737502209,-1.428982924894121,-1.355708607362499,-1.162108709690413,-0.8160873052796687,-0.47511930207800174,-0.1323757795326049,0.19479780415239137,0.5360389641761706,0.8233316518327725,1.050256681802558,1.2159262944136624,1.3313350517561051,1.3822787990800474,1.3492268236044602,1.1862204900089508,0.8825383930256114,0.5649935873200734,0.2891734861921878,-0.12185924188128172,0.0,0.0,0.0,0.0,0.0,0.0,0.0,0.0,0.0,0.0,0.0,0.0,0.0,0.0,0.0,0.0,0.0,0.0,0.0,0.0,0.0,0.0,0.0,0.0,0.0,0.0,0.0,0.0,0.0,0.0,0.0,0.0,0.0,0.0,0.0,0.0,0.0,0.0,0.0,0.0,0.0,0.0,0.0,0.0,0.0,0.0,0.0,0.0,0.0,0.0,0.0,0.0,0.0,0.0,0.0,0.0,0.0,0.0,0.0,0.0,0.0,0.0,0.0,0.0,0.0,0.0,0.0,0.0,0.0,0.0,0.0,0.0
1814,-0.5486736369573509,-0.8781542532965999,-1.1575515033004466,-1.3413350539367068,-1.4309503126032277,-1.4195315941602356,-1.3234120022034026,-1.2208603473261501,-0.8418745276106374,-0.448073282067192,-0.035120388502272275,0.3571631792734337,0.7095535028685594,0.967992345603623,1.140357177796891,1.2522317103902574,1.3250079728718596,1.3398233986997923,1.254977984446167,1.0628833412722858,0.7559510803394518,0.4636174341248735,0.22570337643923896,-0.20972560216220332,0.0,0.0,0.0,0.0,0.0,0.0,0.0,0.0,0.0,0.0,0.0,0.0,0.0,0.0,0.0,0.0,0.0,0.0,0.0,0.0,0.0,0.0,0.0,0.0,0.0,0.0,0.0,0.0,0.0,0.0,0.0,0.0,0.0,0.0,0.0,0.0,0.0,0.0,0.0,0.0,0.0,0.0,0.0,0.0,0.0,0.0,0.0,0.0,0.0,0.0,0.0,0.0,0.0,0.0,0.0,0.0,0.0,0.0,0.0,0.0,0.0,0.0,0.0,0.0,0.0,0.0,0.0,0.0,0.0,0.0,0.0,0.0
1815,-0.34804149689347086,-0.744029627541253,-0.9868252696902582,-1.191054393171377,-1.3378879481852994,-1.4046980415521515,-1.4330241998028688,-1.3577080006056264,-1.093688385656521,-0.7071973634601455,-0.18114013880396765,0.287438933833262,0.6842528999985579,0.9613207161243784,1.1520887206700252,1.2560614123249905,1.321385001760318,1.3157693202412253,1.2402053703887288,1.0743775984719934,0.7875649232395121,0.5236278918421582,0.29454111928387916,-0.1133390428160992,0.0,0.0,0.0,0.0,0.0,0.0,0.0,0.0,0.0,0.0,0.0,0.0,0.0,0.0,0.0,0.0,0.0,0.0,0.0,0.0,0.0,0.0,0.0,0.0,0.0,0.0,0.0,0.0,0.0,0.0,0.0,0.0,0.0,0.0,0.0,0.0,0.0,0.0,0.0,0.0,0.0,0.0,0.0,0.0,0.0,0.0,0.0,0.0,0.0,0.0,0.0,0.0,0.0,0.0,0.0,0.0,0.0,0.0,0.0,0.0,0.0,0.0,0.0,0.0,0.0,0.0,0.0,0.0,0.0,0.0,0.0,0.0
1816,-0.27954453039438776,-0.6449148888364475,-0.8876211853720238,-1.119652899421082,-1.2833298308810306,-1.4084284466879482,-1.539426173868994,-1.5237888468931295,-1.1968095307271447,-0.7363979334796799,-0.22092796340701476,0.2591473384208787,0.6620660089427094,0.9384815133304492,1.0992557074475728,1.2195788521421005,1.2651799194309992,1.2749181350327352,1.2221070427310128,1.0503773560619358,0.8137574442774446,0.6188058588657663,0.41055786369017927,0.006609189595088061,0.0,0.0,0.0,0.0,0.0,0.0,0.0,0.0,0.0,0.0,0.0,0.0,0.0,0.0,0.0,0.0,0.0,0.0,0.0,0.0,0.0,0.0,0.0,0.0,0.0,0.0,0.0,0.0,0.0,0.0,0.0,0.0,0.0,0.0,0.0,0.0,0.0,0.0,0.0,0.0,0.0,0.0,0.0,0.0,0.0,0.0,0.0,0.0,0.0,0.0,0.0,0.0,0.0,0.0,0.0,0.0,0.0,0.0,0.0,0.0,0.0,0.0,0.0,0.0,0.0,0.0,0.0,0.0,0.0,0.0,0.0,0.0
1817,-0.7267308349665732,-1.0638857365111003,-1.3008216441426208,-1.4432923475716506,-1.5345800858146033,-1.4832253657117944,-1.3100105321877722,-0.9916627940253776,-0.5860635581632275,-0.22374656131749146,0.11031675172586315,0.42076376371859503,0.6975468120318937,0.9413529163326865,1.1225543534847373,1.2114375228934449,1.2457026287814392,1.272067008499771,1.2115234003518107,1.02654335503166,0.7578327878047562,0.5289693612596301,0.2519286805712338,-0.1345198820753204,0.0,0.0,0.0,0.0,0.0,0.0,0.0,0.0,0.0,0.0,0.0,0.0,0.0,0.0,0.0,0.0,0.0,0.0,0.0,0.0,0.0,0.0,0.0,0.0,0.0,0.0,0.0,0.0,0.0,0.0,0.0,0.0,0.0,0.0,0.0,0.0,0.0,0.0,0.0,0.0,0.0,0.0,0.0,0.0,0.0,0.0,0.0,0.0,0.0,0.0,0.0,0.0,0.0,0.0,0.0,0.0,0.0,0.0,0.0,0.0,0.0,0.0,0.0,0.0,0.0,0.0,0.0,0.0,0.0,0.0,0.0,0.0
1818,-0.45244342211013205,-0.8771858647313397,-1.1783243207946101,-1.3873448316262338,-1.5406265395694245,-1.5467961017211977,-1.3473490494009461,-1.0580178588350344,-0.6220000095226552,-0.2205529826124529,0.17163970107008975,0.5458555571035004,0.8472067566892458,1.124837053519036,1.2971593067237333,1.3347085384405593,1.3099239180722295,1.2212098692001816,1.0988823437770938,0.8820966943751352,0.5624495518565453,0.27577765532157045,0.02357020942753499,-0.4646761746524408,0.0,0.0,0.0,0.0,0.0,0.0,0.0,0.0,0.0,0.0,0.0,0.0,0.0,0.0,0.0,0.0,0.0,0.0,0.0,0.0,0.0,0.0,0.0,0.0,0.0,0.0,0.0,0.0,0.0,0.0,0.0,0.0,0.0,0.0,0.0,0.0,0.0,0.0,0.0,0.0,0.0,0.0,0.0,0.0,0.0,0.0,0.0,0.0,0.0,0.0,0.0,0.0,0.0,0.0,0.0,0.0,0.0,0.0,0.0,0.0,0.0,0.0,0.0,0.0,0.0,0.0,0.0,0.0,0.0,0.0,0.0,0.0
1819,-0.741271116266829,-1.0171035649609963,-1.270979201818812,-1.4485941261378708,-1.5202478290502504,-1.4442811809557303,-1.3069530854971203,-1.022494746438672,-0.6632460170626508,-0.30860429731300715,0.026433126154179743,0.3365730933426465,0.6043677805610066,0.8300132307720844,1.0208610550818016,1.1567188283192271,1.2222951993840452,1.2697375963875908,1.2906161719284073,1.1740686305292014,0.8982361818350342,0.6050539309308925,0.374703449612025,-0.06590310933619184,0.0,0.0,0.0,0.0,0.0,0.0,0.0,0.0,0.0,0.0,0.0,0.0,0.0,0.0,0.0,0.0,0.0,0.0,0.0,0.0,0.0,0.0,0.0,0.0,0.0,0.0,0.0,0.0,0.0,0.0,0.0,0.0,0.0,0.0,0.0,0.0,0.0,0.0,0.0,0.0,0.0,0.0,0.0,0.0,0.0,0.0,0.0,0.0,0.0,0.0,0.0,0.0,0.0,0.0,0.0,0.0,0.0,0.0,0.0,0.0,0.0,0.0,0.0,0.0,0.0,0.0,0.0,0.0,0.0,0.0,0.0,0.0
1820,-0.7551450650503989,-1.0340497808462412,-1.2615570033603924,-1.3885072682979023,-1.4475449294998444,-1.4138201478720682,-1.2494407774666605,-1.038911705886401,-0.7775253549178018,-0.4574872098139398,-0.11499160142933897,0.23066811690203268,0.5376639551521323,0.8245947059349052,1.0552660383958272,1.1803641414132762,1.2550680055224004,1.2932688451236571,1.28068957874991,1.161611001972659,0.9223734206314553,0.6665435554230389,0.46157096960296234,0.06929850961672387,0.0,0.0,0.0,0.0,0.0,0.0,0.0,0.0,0.0,0.0,0.0,0.0,0.0,0.0,0.0,0.0,0.0,0.0,0.0,0.0,0.0,0.0,0.0,0.0,0.0,0.0,0.0,0.0,0.0,0.0,0.0,0.0,0.0,0.0,0.0,0.0,0.0,0.0,0.0,0.0,0.0,0.0,0.0,0.0,0.0,0.0,0.0,0.0,0.0,0.0,0.0,0.0,0.0,0.0,0.0,0.0,0.0,0.0,0.0,0.0,0.0,0.0,0.0,0.0,0.0,0.0,0.0,0.0,0.0,0.0,0.0,0.0
1821,-0.605299718270466,-0.959370011365723,-1.231803339576087,-1.40290759551242,-1.490901854908767,-1.459890662169966,-1.3368537549787745,-1.1044248654014632,-0.7755511664064818,-0.423341544875553,-0.06213867745037189,0.2792170266219767,0.5649851677100252,0.8209825637688248,1.0165856619688103,1.1558259173660252,1.2426572570346672,1.3009582993836126,1.278475184647982,1.143576496234199,0.9087442392196308,0.6686400794394665,0.4339628783885922,0.037872419132260346,0.0,0.0,0.0,0.0,0.0,0.0,0.0,0.0,0.0,0.0,0.0,0.0,0.0,0.0,0.0,0.0,0.0,0.0,0.0,0.0,0.0,0.0,0.0,0.0,0.0,0.0,0.0,0.0,0.0,0.0,0.0,0.0,0.0,0.0,0.0,0.0,0.0,0.0,0.0,0.0,0.0,0.0,0.0,0.0,0.0,0.0,0.0,0.0,0.0,0.0,0.0,0.0,0.0,0.0,0.0,0.0,0.0,0.0,0.0,0.0,0.0,0.0,0.0,0.0,0.0,0.0,0.0,0.0,0.0,0.0,0.0,0.0
1822,-0.2560531658195012,-0.6266128077625048,-0.9628459510386285,-1.1864770757767658,-1.3327579231954647,-1.3931762618193801,-1.4165848983765785,-1.3293345257542932,-1.1190268937601742,-0.762530938602523,-0.3236883963464265,0.0645433783334345,0.4080859377677348,0.7045336513221376,0.9356592407287851,1.1181170719176998,1.2603268521090598,1.3931916825285737,1.4383435190499683,1.3142684928712998,1.017635730806563,0.6821427815717739,0.39716807565805323,-0.024927576412853772,0.0,0.0,0.0,0.0,0.0,0.0,0.0,0.0,0.0,0.0,0.0,0.0,0.0,0.0,0.0,0.0,0.0,0.0,0.0,0.0,0.0,0.0,0.0,0.0,0.0,0.0,0.0,0.0,0.0,0.0,0.0,0.0,0.0,0.0,0.0,0.0,0.0,0.0,0.0,0.0,0.0,0.0,0.0,0.0,0.0,0.0,0.0,0.0,0.0,0.0,0.0,0.0,0.0,0.0,0.0,0.0,0.0,0.0,0.0,0.0,0.0,0.0,0.0,0.0,0.0,0.0,0.0,0.0,0.0,0.0,0.0,0.0
1823,-0.4041964289892705,-0.6956706125253062,-0.9528495215308054,-1.1335235873528002,-1.2710611852101907,-1.3580471206098883,-1.4130193797846153,-1.3797936044598127,-1.1441472794630911,-0.7847955463364717,-0.40326952967763435,-0.009408622179331694,0.34972921110614086,0.6282268042792709,0.8593812326119098,1.0516771898028805,1.2252925608670309,1.3706731528998042,1.4205118158870078,1.317055592719007,1.0670779783654498,0.8136066666064952,0.5947158291662726,0.2518343838079567,0.0,0.0,0.0,0.0,0.0,0.0,0.0,0.0,0.0,0.0,0.0,0.0,0.0,0.0,0.0,0.0,0.0,0.0,0.0,0.0,0.0,0.0,0.0,0.0,0.0,0.0,0.0,0.0,0.0,0.0,0.0,0.0,0.0,0.0,0.0,0.0,0.0,0.0,0.0,0.0,0.0,0.0,0.0,0.0,0.0,0.0,0.0,0.0,0.0,0.0,0.0,0.0,0.0,0.0,0.0,0.0,0.0,0.0,0.0,0.0,0.0,0.0,0.0,0.0,0.0,0.0,0.0,0.0,0.0,0.0,0.0,0.0
1824,-0.6970264717019068,-1.0082623662357282,-1.2793053168433106,-1.4216755037627604,-1.4783330271286639,-1.4682329069681976,-1.3161084944143249,-1.0541971592942874,-0.7235911713020373,-0.33757288023763987,0.01994370188078413,0.35843608506682295,0.6680116858756363,0.9327593561092293,1.1151149502392923,1.2148709315501993,1.2314046898950723,1.248630237292032,1.2011043294136734,1.08343101165372,0.8425500637171193,0.5800852973554125,0.3353995096323347,-0.047436551792463734,0.0,0.0,0.0,0.0,0.0,0.0,0.0,0.0,0.0,0.0,0.0,0.0,0.0,0.0,0.0,0.0,0.0,0.0,0.0,0.0,0.0,0.0,0.0,0.0,0.0,0.0,0.0,0.0,0.0,0.0,0.0,0.0,0.0,0.0,0.0,0.0,0.0,0.0,0.0,0.0,0.0,0.0,0.0,0.0,0.0,0.0,0.0,0.0,0.0,0.0,0.0,0.0,0.0,0.0,0.0,0.0,0.0,0.0,0.0,0.0,0.0,0.0,0.0,0.0,0.0,0.0,0.0,0.0,0.0,0.0,0.0,0.0
1825,-0.5518213735933073,-0.925223753398365,-1.207608377396121,-1.398604953658962,-1.5035456859445167,-1.4671830186529096,-1.3295825383518787,-1.0850417493561824,-0.7589626779000797,-0.4268108188311221,-0.07088621800940295,0.29622119902623206,0.6372600643579043,0.9293463368591236,1.1058274695595307,1.215952288831669,1.2905290830529488,1.3117097813124186,1.2561659921704524,1.0849430048421516,0.8215173275381866,0.5632757372208054,0.31680943020152086,-0.10428654988010526,0.0,0.0,0.0,0.0,0.0,0.0,0.0,0.0,0.0,0.0,0.0,0.0,0.0,0.0,0.0,0.0,0.0,0.0,0.0,0.0,0.0,0.0,0.0,0.0,0.0,0.0,0.0,0.0,0.0,0.0,0.0,0.0,0.0,0.0,0.0,0.0,0.0,0.0,0.0,0.0,0.0,0.0,0.0,0.0,0.0,0.0,0.0,0.0,0.0,0.0,0.0,0.0,0.0,0.0,0.0,0.0,0.0,0.0,0.0,0.0,0.0,0.0,0.0,0.0,0.0,0.0,0.0,0.0,0.0,0.0,0.0,0.0
1826,-0.5269126099397318,-0.886900096231845,-1.1637429060393003,-1.3556043685136683,-1.4506167643266377,-1.4664403900977196,-1.4146604004093133,-1.1930589984276885,-0.8012829782204555,-0.4279443076839918,-0.04563420646481656,0.3216999632210133,0.6308964364354128,0.8854872725022841,1.0861788832864077,1.1943305397842934,1.2596736372764843,1.2819256110170683,1.256141577952582,1.1328727075483949,0.8724186530038459,0.6075142037111801,0.3287640818688177,-0.12510554125261628,0.0,0.0,0.0,0.0,0.0,0.0,0.0,0.0,0.0,0.0,0.0,0.0,0.0,0.0,0.0,0.0,0.0,0.0,0.0,0.0,0.0,0.0,0.0,0.0,0.0,0.0,0.0,0.0,0.0,0.0,0.0,0.0,0.0,0.0,0.0,0.0,0.0,0.0,0.0,0.0,0.0,0.0,0.0,0.0,0.0,0.0,0.0,0.0,0.0,0.0,0.0,0.0,0.0,0.0,0.0,0.0,0.0,0.0,0.0,0.0,0.0,0.0,0.0,0.0,0.0,0.0,0.0,0.0,0.0,0.0,0.0,0.0
1827,-0.6184788139118408,-0.9227148827961433,-1.153189227224415,-1.333806109751851,-1.418868031052156,-1.4176883401728086,-1.3418776789263325,-1.1477253957832274,-0.8716777300159604,-0.4747427936124203,-0.06160262986626741,0.3402373370356114,0.6858246756907191,0.9578365568707455,1.1501261702043548,1.2504619839425248,1.306590434201996,1.3145999143828278,1.2328287097459651,1.0677340756309937,0.8111823538697818,0.5370594469056602,0.26573054465578216,-0.1578405700235468,0.0,0.0,0.0,0.0,0.0,0.0,0.0,0.0,0.0,0.0,0.0,0.0,0.0,0.0,0.0,0.0,0.0,0.0,0.0,0.0,0.0,0.0,0.0,0.0,0.0,0.0,0.0,0.0,0.0,0.0,0.0,0.0,0.0,0.0,0.0,0.0,0.0,0.0,0.0,0.0,0.0,0.0,0.0,0.0,0.0,0.0,0.0,0.0,0.0,0.0,0.0,0.0,0.0,0.0,0.0,0.0,0.0,0.0,0.0,0.0,0.0,0.0,0.0,0.0,0.0,0.0,0.0,0.0,0.0,0.0,0.0,0.0
1828,-0.37265281873963657,-0.7334374152622756,-1.0040960542099986,-1.2223216010171745,-1.369513293411722,-1.4234905997786305,-1.4302991806857697,-1.3490875506903042,-1.0509138218910492,-0.6146031113881846,-0.14382834701516128,0.2998524768407922,0.6790974525240253,0.9551608412640135,1.1272705359475759,1.2410510478081203,1.3200165480197874,1.3332827520553474,1.2732689718944803,1.0899286282919254,0.7961769675045237,0.4942830862508525,0.23001187887580662,-0.125157393187336,0.0,0.0,0.0,0.0,0.0,0.0,0.0,0.0,0.0,0.0,0.0,0.0,0.0,0.0,0.0,0.0,0.0,0.0,0.0,0.0,0.0,0.0,0.0,0.0,0.0,0.0,0.0,0.0,0.0,0.0,0.0,0.0,0.0,0.0,0.0,0.0,0.0,0.0,0.0,0.0,0.0,0.0,0.0,0.0,0.0,0.0,0.0,0.0,0.0,0.0,0.0,0.0,0.0,0.0,0.0,0.0,0.0,0.0,0.0,0.0,0.0,0.0,0.0,0.0,0.0,0.0,0.0,0.0,0.0,0.0,0.0,0.0
1829,-0.23431707290295564,-0.5796319901303539,-0.897265508092728,-1.1222998274984974,-1.2874046200690745,-1.3733996269228559,-1.4349450730044837,-1.4370527937607038,-1.232182336256107,-0.8116920453901906,-0.2872911212426216,0.21385461722798518,0.6326587314889255,0.921767761883787,1.1196124835343166,1.2420710594707065,1.3127499621626215,1.3502673916233399,1.3150684549944636,1.1334531831668289,0.8303629384223739,0.48575059478038224,0.1907399462681044,-0.050875109753263446,0.0,0.0,0.0,0.0,0.0,0.0,0.0,0.0,0.0,0.0,0.0,0.0,0.0,0.0,0.0,0.0,0.0,0.0,0.0,0.0,0.0,0.0,0.0,0.0,0.0,0.0,0.0,0.0,0.0,0.0,0.0,0.0,0.0,0.0,0.0,0.0,0.0,0.0,0.0,0.0,0.0,0.0,0.0,0.0,0.0,0.0,0.0,0.0,0.0,0.0,0.0,0.0,0.0,0.0,0.0,0.0,0.0,0.0,0.0,0.0,0.0,0.0,0.0,0.0,0.0,0.0,0.0,0.0,0.0,0.0,0.0,0.0
1830,-0.3369037597117668,-0.6387531563486614,-0.9126898702602738,-1.1271934570085305,-1.2719469839761501,-1.3987882905100852,-1.4591075345853548,-1.4591075345853548,-1.26371875550838,-0.8309772321688017,-0.3354479962136228,0.1365358475107058,0.5289590513582098,0.8289096260410036,1.008285006638395,1.1141126835469477,1.1950657928567796,1.2435490467514874,1.265765263614467,1.190192149841254,0.987777729534106,0.7603621534979638,0.547947270899218,0.2271729487864519,0.0,0.0,0.0,0.0,0.0,0.0,0.0,0.0,0.0,0.0,0.0,0.0,0.0,0.0,0.0,0.0,0.0,0.0,0.0,0.0,0.0,0.0,0.0,0.0,0.0,0.0,0.0,0.0,0.0,0.0,0.0,0.0,0.0,0.0,0.0,0.0,0.0,0.0,0.0,0.0,0.0,0.0,0.0,0.0,0.0,0.0,0.0,0.0,0.0,0.0,0.0,0.0,0.0,0.0,0.0,0.0,0.0,0.0,0.0,0.0,0.0,0.0,0.0,0.0,0.0,0.0,0.0,0.0,0.0,0.0,0.0,0.0
1831,-0.6549988294889769,-0.9797482114712464,-1.2175089823426646,-1.3741735270737294,-1.4667507919710319,-1.4369851359344976,-1.3120908730546723,-1.1678793068695046,-0.806439197854446,-0.4140792543034774,-0.025789308618728805,0.35824840048937207,0.6776521136324272,0.9340012329674771,1.108221440136416,1.2043827330054646,1.248302262218555,1.2405267439069705,1.2017706448226666,1.0934601045917676,0.8581899294295287,0.6110742380894852,0.3592203402783201,-0.038606764585481304,1.0,1.0,1.0,1.0,1.0,1.0,1.0,1.0,1.0,1.0,1.0,1.0,1.0,1.0,1.0,1.0,1.0,1.0,1.0,1.0,1.0,1.0,1.0,1.0,1.0,1.0,1.0,1.0,1.0,1.0,1.0,1.0,1.0,1.0,1.0,1.0,1.0,1.0,1.0,1.0,1.0,1.0,1.0,1.0,1.0,1.0,1.0,1.0,1.0,1.0,1.0,1.0,1.0,1.0,1.0,1.0,1.0,1.0,1.0,1.0,1.0,1.0,1.0,1.0,1.0,1.0,1.0,1.0,1.0,1.0,1.0,1.0
1832,-0.5744317395780438,-0.9270861878194114,-1.2034208658856138,-1.3922733584108953,-1.5084403555312573,-1.4935787676315015,-1.3817599206826836,-1.1533846900309772,-0.7584817975855003,-0.3888241352404819,0.03969579882977026,0.4575076018805477,0.797052701843528,1.0178348941359705,1.1463973641334217,1.2020796454346903,1.222717134308587,1.224339578402447,1.1610642587419142,1.0142006193657247,0.7615536250698755,0.510334381576623,0.30506275482148026,-0.07815854014820611,0.0,0.0,0.0,0.0,0.0,0.0,0.0,0.0,0.0,0.0,0.0,0.0,0.0,0.0,0.0,0.0,0.0,0.0,0.0,0.0,0.0,0.0,0.0,0.0,0.0,0.0,0.0,0.0,0.0,0.0,0.0,0.0,0.0,0.0,0.0,0.0,0.0,0.0,0.0,0.0,0.0,0.0,0.0,0.0,0.0,0.0,0.0,0.0,0.0,0.0,0.0,0.0,0.0,0.0,0.0,0.0,0.0,0.0,0.0,0.0,0.0,0.0,0.0,0.0,0.0,0.0,0.0,0.0,0.0,0.0,0.0,0.0
1833,-0.5824231483865396,-0.9214663563214988,-1.1997672564727546,-1.387626764739529,-1.4818445487833765,-1.4793482895593888,-1.3505669162603255,-1.1436974339031822,-0.8353774164173039,-0.44295266507706715,-0.025053268322800998,0.38676549698841795,0.7480190113521916,1.0091021235226085,1.16815864074337,1.2101470010237803,1.1964495786152316,1.181344009977767,1.1671345343950672,1.0634437666294199,0.8332118582016216,0.5847380554446816,0.34746541587230223,-0.045855428522699374,0.0,0.0,0.0,0.0,0.0,0.0,0.0,0.0,0.0,0.0,0.0,0.0,0.0,0.0,0.0,0.0,0.0,0.0,0.0,0.0,0.0,0.0,0.0,0.0,0.0,0.0,0.0,0.0,0.0,0.0,0.0,0.0,0.0,0.0,0.0,0.0,0.0,0.0,0.0,0.0,0.0,0.0,0.0,0.0,0.0,0.0,0.0,0.0,0.0,0.0,0.0,0.0,0.0,0.0,0.0,0.0,0.0,0.0,0.0,0.0,0.0,0.0,0.0,0.0,0.0,0.0,0.0,0.0,0.0,0.0,0.0,0.0
1834,-0.4755621240935682,-0.8660149514067979,-1.1761027307681782,-1.4055497673305333,-1.5180332649784045,-1.4869486709592932,-1.3522028144019473,-1.1165526437781288,-0.7753113466858428,-0.4187000618634862,0.0113149760195217,0.43140499940418797,0.7911178512572763,1.066192385027285,1.2294037345555688,1.2682077842956128,1.265312988400263,1.2247858458653682,1.1555175155123594,0.9960969701327477,0.7159220816899801,0.4559418408028658,0.1901720081250523,-0.21041260482190102,0.0,0.0,0.0,0.0,0.0,0.0,0.0,0.0,0.0,0.0,0.0,0.0,0.0,0.0,0.0,0.0,0.0,0.0,0.0,0.0,0.0,0.0,0.0,0.0,0.0,0.0,0.0,0.0,0.0,0.0,0.0,0.0,0.0,0.0,0.0,0.0,0.0,0.0,0.0,0.0,0.0,0.0,0.0,0.0,0.0,0.0,0.0,0.0,0.0,0.0,0.0,0.0,0.0,0.0,0.0,0.0,0.0,0.0,0.0,0.0,0.0,0.0,0.0,0.0,0.0,0.0,0.0,0.0,0.0,0.0,0.0,0.0
1835,-0.33471534335950087,-0.7319438409971543,-1.101591306409385,-1.3356448703781962,-1.5220864848628977,-1.5348754551126749,-1.4084495504145775,-1.2080633358382518,-0.8624529711364454,-0.44149554074619357,-0.02647034354409138,0.3664438026839987,0.6945656357791822,0.9188348670870194,1.0729188459999959,1.1798531273656017,1.2611324262421968,1.334707526173143,1.285939946847186,1.1200685435473667,0.8247665979606473,0.4969529328232898,0.18431653960886046,-0.23271174931911043,0.0,0.0,0.0,0.0,0.0,0.0,0.0,0.0,0.0,0.0,0.0,0.0,0.0,0.0,0.0,0.0,0.0,0.0,0.0,0.0,0.0,0.0,0.0,0.0,0.0,0.0,0.0,0.0,0.0,0.0,0.0,0.0,0.0,0.0,0.0,0.0,0.0,0.0,0.0,0.0,0.0,0.0,0.0,0.0,0.0,0.0,0.0,0.0,0.0,0.0,0.0,0.0,0.0,0.0,0.0,0.0,0.0,0.0,0.0,0.0,0.0,0.0,0.0,0.0,0.0,0.0,0.0,0.0,0.0,0.0,0.0,0.0
1836,-0.2796072055000045,-0.6389987530067962,-0.9260932824131926,-1.1395648831555762,-1.3290305242198364,-1.397419595395886,-1.4286831707906515,-1.3912087511768365,-1.1573599986146503,-0.7394888167756856,-0.2558803848879056,0.18055354484170125,0.5527157046191227,0.8507664423669882,1.0576782750577916,1.2088320793101626,1.3240467288118545,1.3641031847863978,1.350913863916731,1.2010859702279773,0.8890782791788772,0.5526459198526165,0.2744140557925041,-0.12349868282569516,0.0,0.0,0.0,0.0,0.0,0.0,0.0,0.0,0.0,0.0,0.0,0.0,0.0,0.0,0.0,0.0,0.0,0.0,0.0,0.0,0.0,0.0,0.0,0.0,0.0,0.0,0.0,0.0,0.0,0.0,0.0,0.0,0.0,0.0,0.0,0.0,0.0,0.0,0.0,0.0,0.0,0.0,0.0,0.0,0.0,0.0,0.0,0.0,0.0,0.0,0.0,0.0,0.0,0.0,0.0,0.0,0.0,0.0,0.0,0.0,0.0,0.0,0.0,0.0,0.0,0.0,0.0,0.0,0.0,0.0,0.0,0.0
1837,-0.19330100023669036,-0.514354017666744,-0.8217334329265863,-1.0433564415119803,-1.2575498627910167,-1.3667806038270418,-1.4334097750957604,-1.4636813914610265,-1.2283057425425874,-0.9039331222735227,-0.4862954698608187,-0.04984673469371954,0.3338045077005396,0.6550946396190941,0.8948964256562145,1.0690174983786194,1.2257501752776336,1.3442283813651892,1.4347270778096528,1.3473108697156992,1.094309710485369,0.7713597771473091,0.5055544355379367,0.08649409619422795,0.0,0.0,0.0,0.0,0.0,0.0,0.0,0.0,0.0,0.0,0.0,0.0,0.0,0.0,0.0,0.0,0.0,0.0,0.0,0.0,0.0,0.0,0.0,0.0,0.0,0.0,0.0,0.0,0.0,0.0,0.0,0.0,0.0,0.0,0.0,0.0,0.0,0.0,0.0,0.0,0.0,0.0,0.0,0.0,0.0,0.0,0.0,0.0,0.0,0.0,0.0,0.0,0.0,0.0,0.0,0.0,0.0,0.0,0.0,0.0,0.0,0.0,0.0,0.0,0.0,0.0,0.0,0.0,0.0,0.0,0.0,0.0
1838,-0.6438506745448626,-0.9518789341970204,-1.1898506929688957,-1.3499890959986627,-1.470011889366177,-1.4488847669915499,-1.3147988277489,-1.0982782269708946,-0.7861671185162782,-0.45856710746185825,-0.11521896531224071,0.23603564594689994,0.5688850340330524,0.8326500280966506,1.0450877800721974,1.188376330901341,1.2842260670733465,1.3177313501030468,1.3181849999699866,1.181636390021092,0.9074374490178773,0.5993443822418708,0.35372538285586663,-0.0058245402558884255,0.0,0.0,0.0,0.0,0.0,0.0,0.0,0.0,0.0,0.0,0.0,0.0,0.0,0.0,0.0,0.0,0.0,0.0,0.0,0.0,0.0,0.0,0.0,0.0,0.0,0.0,0.0,0.0,0.0,0.0,0.0,0.0,0.0,0.0,0.0,0.0,0.0,0.0,0.0,0.0,0.0,0.0,0.0,0.0,0.0,0.0,0.0,0.0,0.0,0.0,0.0,0.0,0.0,0.0,0.0,0.0,0.0,0.0,0.0,0.0,0.0,0.0,0.0,0.0,0.0,0.0,0.0,0.0,0.0,0.0,0.0,0.0
1839,-0.5449564155254814,-0.8786976463090296,-1.1491916944903098,-1.3664320173415785,-1.4652934671355797,-1.4421542539884085,-1.3361162946096323,-1.1540207476688498,-0.8279255177513234,-0.4999523227088091,-0.13884645724686706,0.20200421293842077,0.5488911995968837,0.8498351108761806,1.0912877698031849,1.2358240142442112,1.3063147766142893,1.3181861990115338,1.2739198782082497,1.1286458617538353,0.8882663257553954,0.6307838930829593,0.3649176875311135,-0.035290094640396286,0.0,0.0,0.0,0.0,0.0,0.0,0.0,0.0,0.0,0.0,0.0,0.0,0.0,0.0,0.0,0.0,0.0,0.0,0.0,0.0,0.0,0.0,0.0,0.0,0.0,0.0,0.0,0.0,0.0,0.0,0.0,0.0,0.0,0.0,0.0,0.0,0.0,0.0,0.0,0.0,0.0,0.0,0.0,0.0,0.0,0.0,0.0,0.0,0.0,0.0,0.0,0.0,0.0,0.0,0.0,0.0,0.0,0.0,0.0,0.0,0.0,0.0,0.0,0.0,0.0,0.0,0.0,0.0,0.0,0.0,0.0,0.0
1840,-0.5200913223885184,-0.873979417829868,-1.1772362757996344,-1.3790032730292068,-1.4790530237215564,-1.4557838771590177,-1.3203377373959653,-1.0841596895494787,-0.8248640856718054,-0.46824736066611894,-0.09033216600547016,0.26999852701834137,0.6291164957913365,0.9261581419756691,1.1485414514691195,1.267464223314799,1.3359831434859235,1.331056451216982,1.237297707575742,1.0870714910058652,0.8029150399864564,0.5395264917622777,0.25256561591285615,-0.15460655129873735,0.0,0.0,0.0,0.0,0.0,0.0,0.0,0.0,0.0,0.0,0.0,0.0,0.0,0.0,0.0,0.0,0.0,0.0,0.0,0.0,0.0,0.0,0.0,0.0,0.0,0.0,0.0,0.0,0.0,0.0,0.0,0.0,0.0,0.0,0.0,0.0,0.0,0.0,0.0,0.0,0.0,0.0,0.0,0.0,0.0,0.0,0.0,0.0,0.0,0.0,0.0,0.0,0.0,0.0,0.0,0.0,0.0,0.0,0.0,0.0,0.0,0.0,0.0,0.0,0.0,0.0,0.0,0.0,0.0,0.0,0.0,0.0
1841,-0.47137546785994683,-0.8567981257678956,-1.1552752559958157,-1.3557215105806966,-1.4726967495336563,-1.5187753974097515,-1.354480613420658,-1.1490707701956233,-0.8487736574663135,-0.4970206758340752,-0.1326932696467804,0.2161642852787015,0.5351575818859242,0.8218048258548107,1.0347427785174121,1.1782732166951952,1.2360162978756521,1.3036038298590806,1.288630337461283,1.1862976849967775,0.9300937846875013,0.6619772716418558,0.4353067237414953,-0.015387124784477029,0.0,0.0,0.0,0.0,0.0,0.0,0.0,0.0,0.0,0.0,0.0,0.0,0.0,0.0,0.0,0.0,0.0,0.0,0.0,0.0,0.0,0.0,0.0,0.0,0.0,0.0,0.0,0.0,0.0,0.0,0.0,0.0,0.0,0.0,0.0,0.0,0.0,0.0,0.0,0.0,0.0,0.0,0.0,0.0,0.0,0.0,0.0,0.0,0.0,0.0,0.0,0.0,0.0,0.0,0.0,0.0,0.0,0.0,0.0,0.0,0.0,0.0,0.0,0.0,0.0,0.0,0.0,0.0,0.0,0.0,0.0,0.0
1842,-0.6286932718201382,-0.9341347288652478,-1.1759702870884017,-1.3251506301865184,-1.4030996289331206,-1.4072754681516886,-1.32236673737414,-1.1592669302141299,-0.8523124879449014,-0.4827809768061182,-0.14018060265665017,0.2593685353286507,0.5951302162651017,0.8919173978282514,1.1143867451826843,1.2562442397960658,1.3303805157778885,1.3433316692963457,1.2638091659166601,1.1048246785662532,0.8370868133061851,0.5775795876653231,0.3231559923775006,-0.0659838072658627,0.0,0.0,0.0,0.0,0.0,0.0,0.0,0.0,0.0,0.0,0.0,0.0,0.0,0.0,0.0,0.0,0.0,0.0,0.0,0.0,0.0,0.0,0.0,0.0,0.0,0.0,0.0,0.0,0.0,0.0,0.0,0.0,0.0,0.0,0.0,0.0,0.0,0.0,0.0,0.0,0.0,0.0,0.0,0.0,0.0,0.0,0.0,0.0,0.0,0.0,0.0,0.0,0.0,0.0,0.0,0.0,0.0,0.0,0.0,0.0,0.0,0.0,0.0,0.0,0.0,0.0,0.0,0.0,0.0,0.0,0.0,0.0
1843,-0.4493473538759818,-0.7055100645332614,-0.959463387592462,-1.1628532973356247,-1.2979415676181725,-1.3693363497160984,-1.428042934465056,-1.3886527098593038,-1.147135082709291,-0.7768417212712422,-0.3229703832658601,0.11713962627148672,0.4944399026634434,0.7788827745761349,0.9795582938416577,1.1338997989074657,1.2528911024040088,1.3285152836182574,1.330977172656117,1.2032745694871478,0.9795582938416577,0.7499082343613267,0.5208263031205017,0.13822349649315538,0.0,0.0,0.0,0.0,0.0,0.0,0.0,0.0,0.0,0.0,0.0,0.0,0.0,0.0,0.0,0.0,0.0,0.0,0.0,0.0,0.0,0.0,0.0,0.0,0.0,0.0,0.0,0.0,0.0,0.0,0.0,0.0,0.0,0.0,0.0,0.0,0.0,0.0,0.0,0.0,0.0,0.0,0.0,0.0,0.0,0.0,0.0,0.0,0.0,0.0,0.0,0.0,0.0,0.0,0.0,0.0,0.0,0.0,0.0,0.0,0.0,0.0,0.0,0.0,0.0,0.0,0.0,0.0,0.0,0.0,0.0,0.0
1844,0.04370878170908111,-0.3500128188703688,-0.7377458722896776,-1.0543268653825635,-1.2893012158186106,-1.4504844851457996,-1.5447787277181917,-1.581014513077012,-1.3067593533024118,-0.8032138878539326,-0.19258507911818348,0.3026373207856928,0.6999114493414976,0.9575204780268918,1.0699833636783562,1.0954600643087873,1.1695556478156184,1.259891359214358,1.3013036853387239,1.2038629179872746,0.8957064912383161,0.5213715433298316,0.1595211937382516,-0.3702114779359297,0.0,0.0,0.0,0.0,0.0,0.0,0.0,0.0,0.0,0.0,0.0,0.0,0.0,0.0,0.0,0.0,0.0,0.0,0.0,0.0,0.0,0.0,0.0,0.0,0.0,0.0,0.0,0.0,0.0,0.0,0.0,0.0,0.0,0.0,0.0,0.0,0.0,0.0,0.0,0.0,0.0,0.0,0.0,0.0,0.0,0.0,0.0,0.0,0.0,0.0,0.0,0.0,0.0,0.0,0.0,0.0,0.0,0.0,0.0,0.0,0.0,0.0,0.0,0.0,0.0,0.0,0.0,0.0,0.0,0.0,0.0,0.0
1845,-0.6850192672286468,-0.9828158250365912,-1.224415893140251,-1.3896425403958004,-1.4654181262470565,-1.4306689670549124,-1.3002662083661136,-1.1352637492343844,-0.7634103811911396,-0.35366922022226666,0.035670821478960425,0.4161927969765896,0.7667482932569075,1.0392863224477664,1.2248393595963551,1.2678087499952428,1.263100799395017,1.225138277094782,1.1469713512561097,0.9992313776585423,0.7355114146712812,0.5151344889559418,0.24939683285429812,-0.15444070752064065,0.0,0.0,0.0,0.0,0.0,0.0,0.0,0.0,0.0,0.0,0.0,0.0,0.0,0.0,0.0,0.0,0.0,0.0,0.0,0.0,0.0,0.0,0.0,0.0,0.0,0.0,0.0,0.0,0.0,0.0,0.0,0.0,0.0,0.0,0.0,0.0,0.0,0.0,0.0,0.0,0.0,0.0,0.0,0.0,0.0,0.0,0.0,0.0,0.0,0.0,0.0,0.0,0.0,0.0,0.0,0.0,0.0,0.0,0.0,0.0,0.0,0.0,0.0,0.0,0.0,0.0,0.0,0.0,0.0,0.0,0.0,0.0
1846,-0.5718060291788651,-0.8987145645301328,-1.188109005660763,-1.3558505983901838,-1.462268130975257,-1.4272804961613157,-1.3156569260109297,-1.086744391889082,-0.8125087071986274,-0.4846814593358341,-0.1051766326997139,0.2734094814248805,0.6199937763979925,0.939629171033014,1.1983998617794507,1.301219103694381,1.3375082478996505,1.3172200132701222,1.2265737121329088,1.0408406660527743,0.7881947253831764,0.5624211256757083,0.2705767845143426,-0.16718972722770611,0.0,0.0,0.0,0.0,0.0,0.0,0.0,0.0,0.0,0.0,0.0,0.0,0.0,0.0,0.0,0.0,0.0,0.0,0.0,0.0,0.0,0.0,0.0,0.0,0.0,0.0,0.0,0.0,0.0,0.0,0.0,0.0,0.0,0.0,0.0,0.0,0.0,0.0,0.0,0.0,0.0,0.0,0.0,0.0,0.0,0.0,0.0,0.0,0.0,0.0,0.0,0.0,0.0,0.0,0.0,0.0,0.0,0.0,0.0,0.0,0.0,0.0,0.0,0.0,0.0,0.0,0.0,0.0,0.0,0.0,0.0,0.0
1847,-0.561250315825637,-0.8862032991859806,-1.1680275112994136,-1.3608428627532743,-1.4622698351339398,-1.4552799997939232,-1.303362621074202,-1.0623620217444827,-0.796971358675131,-0.4669618986858393,-0.13316008122483647,0.20666489222064874,0.5473078251208168,0.848911784047488,1.0896149435755045,1.2566273922316447,1.363185201191684,1.3836341875587537,1.3180487112832793,1.1331898745249693,0.8370141919793748,0.5531822612044477,0.2741093672567658,-0.15479882679871745,0.0,0.0,0.0,0.0,0.0,0.0,0.0,0.0,0.0,0.0,0.0,0.0,0.0,0.0,0.0,0.0,0.0,0.0,0.0,0.0,0.0,0.0,0.0,0.0,0.0,0.0,0.0,0.0,0.0,0.0,0.0,0.0,0.0,0.0,0.0,0.0,0.0,0.0,0.0,0.0,0.0,0.0,0.0,0.0,0.0,0.0,0.0,0.0,0.0,0.0,0.0,0.0,0.0,0.0,0.0,0.0,0.0,0.0,0.0,0.0,0.0,0.0,0.0,0.0,0.0,0.0,0.0,0.0,0.0,0.0,0.0,0.0
1848,-0.5265349174635109,-0.9039087657522773,-1.170746818386214,-1.4085728511632396,-1.4920549383015003,-1.4674672514727685,-1.287882848558491,-1.0548437990578554,-0.8120131928555125,-0.4886017015006001,-0.12377555179994755,0.2366987949221684,0.5678710015888044,0.8500854247469037,1.0631061805462707,1.188945816675621,1.2768522368420607,1.3465536145482888,1.3182668951878007,1.1745848668464502,0.8922253835890666,0.6010897643249673,0.3325109904996161,-0.11238833400611009,0.0,0.0,0.0,0.0,0.0,0.0,0.0,0.0,0.0,0.0,0.0,0.0,0.0,0.0,0.0,0.0,0.0,0.0,0.0,0.0,0.0,0.0,0.0,0.0,0.0,0.0,0.0,0.0,0.0,0.0,0.0,0.0,0.0,0.0,0.0,0.0,0.0,0.0,0.0,0.0,0.0,0.0,0.0,0.0,0.0,0.0,0.0,0.0,0.0,0.0,0.0,0.0,0.0,0.0,0.0,0.0,0.0,0.0,0.0,0.0,0.0,0.0,0.0,0.0,0.0,0.0,0.0,0.0,0.0,0.0,0.0,0.0
1849,-0.5972838092387786,-0.9064178168832308,-1.1503391083477033,-1.337309315380854,-1.4310314329230054,-1.4231083926394565,-1.3469253129899474,-1.1500005168825944,-0.8846125265302157,-0.4945551587247295,-0.09982522870074001,0.2747923682957791,0.6123680590093813,0.8770111481385203,1.0840259699061194,1.2153317400753623,1.3022143100223134,1.3347190906727706,1.2756010208647515,1.1288554798865418,0.8615036590365314,0.5943549930655863,0.334249029568907,-0.07361824930130889,0.0,0.0,0.0,0.0,0.0,0.0,0.0,0.0,0.0,0.0,0.0,0.0,0.0,0.0,0.0,0.0,0.0,0.0,0.0,0.0,0.0,0.0,0.0,0.0,0.0,0.0,0.0,0.0,0.0,0.0,0.0,0.0,0.0,0.0,0.0,0.0,0.0,0.0,0.0,0.0,0.0,0.0,0.0,0.0,0.0,0.0,0.0,0.0,0.0,0.0,0.0,0.0,0.0,0.0,0.0,0.0,0.0,0.0,0.0,0.0,0.0,0.0,0.0,0.0,0.0,0.0,0.0,0.0,0.0,0.0,0.0,0.0
1850,-0.36694402580777136,-0.6737166272186523,-0.960013941046993,-1.1699034743843912,-1.3086645696737316,-1.3655245146329111,-1.3853577200264517,-1.3496864873042562,-1.1733992551911663,-0.7882212842568997,-0.336766162924794,0.10891021870631609,0.49102046362647384,0.794725339023246,1.0029739956554231,1.1550761319828646,1.2901274190690966,1.356832624259602,1.367962048868927,1.2265612823581442,0.9623801328175646,0.70055328463665,0.4104748201397565,0.010600301323945405,0.0,0.0,0.0,0.0,0.0,0.0,0.0,0.0,0.0,0.0,0.0,0.0,0.0,0.0,0.0,0.0,0.0,0.0,0.0,0.0,0.0,0.0,0.0,0.0,0.0,0.0,0.0,0.0,0.0,0.0,0.0,0.0,0.0,0.0,0.0,0.0,0.0,0.0,0.0,0.0,0.0,0.0,0.0,0.0,0.0,0.0,0.0,0.0,0.0,0.0,0.0,0.0,0.0,0.0,0.0,0.0,0.0,0.0,0.0,0.0,0.0,0.0,0.0,0.0,0.0,0.0,0.0,0.0,0.0,0.0,0.0,0.0
1851,-0.37374781136069973,-0.6756864171569751,-0.9330664157699202,-1.1324993055106471,-1.2748218677347114,-1.3613590062550758,-1.3997114850513694,-1.3955275782735919,-1.2184088580143448,-0.8353721925088159,-0.3547807673014418,0.10168346215408212,0.4897408157929441,0.7897966635392196,0.986161354976243,1.1339927277910475,1.2462608929947434,1.3479298276947365,1.3587382535373282,1.2218547701243747,0.9593843515984671,0.7482365228799632,0.47558526452813027,0.09561679732630476,0.0,0.0,0.0,0.0,0.0,0.0,0.0,0.0,0.0,0.0,0.0,0.0,0.0,0.0,0.0,0.0,0.0,0.0,0.0,0.0,0.0,0.0,0.0,0.0,0.0,0.0,0.0,0.0,0.0,0.0,0.0,0.0,0.0,0.0,0.0,0.0,0.0,0.0,0.0,0.0,0.0,0.0,0.0,0.0,0.0,0.0,0.0,0.0,0.0,0.0,0.0,0.0,0.0,0.0,0.0,0.0,0.0,0.0,0.0,0.0,0.0,0.0,0.0,0.0,0.0,0.0,0.0,0.0,0.0,0.0,0.0,0.0
1852,-0.5102252670692651,-0.8970261786395833,-1.2031720642835264,-1.4049812355376055,-1.5135223076619295,-1.4786862007192612,-1.2836554837717604,-1.0661443234277592,-0.6995929715581054,-0.3185408756655182,0.07443786767788414,0.43790030366099597,0.7601771944902141,1.0357771341450195,1.238787550466087,1.3341149268535368,1.3076017321607178,1.2504567882596902,1.177095035954317,1.0073762686326468,0.696768615597032,0.41130130574910634,0.05255804681487812,-0.40880586212780184,0.0,0.0,0.0,0.0,0.0,0.0,0.0,0.0,0.0,0.0,0.0,0.0,0.0,0.0,0.0,0.0,0.0,0.0,0.0,0.0,0.0,0.0,0.0,0.0,0.0,0.0,0.0,0.0,0.0,0.0,0.0,0.0,0.0,0.0,0.0,0.0,0.0,0.0,0.0,0.0,0.0,0.0,0.0,0.0,0.0,0.0,0.0,0.0,0.0,0.0,0.0,0.0,0.0,0.0,0.0,0.0,0.0,0.0,0.0,0.0,0.0,0.0,0.0,0.0,0.0,0.0,0.0,0.0,0.0,0.0,0.0,0.0
1853,-0.600809922169573,-0.9456276266619759,-1.1956292677740368,-1.3712432692652645,-1.45105500760845,-1.408296203394581,-1.2710031071625703,-1.0907398781950401,-0.8479234068190826,-0.48859447717337323,-0.08087131606979245,0.2653552452336111,0.608059664509513,0.8600337051569747,1.065797242403616,1.2121774650665809,1.3076275140118732,1.3379179354483866,1.3148831265885264,1.162937919522109,0.8686277317040786,0.5954503960510574,0.28810828273127115,-0.13518274613386652,0.0,0.0,0.0,0.0,0.0,0.0,0.0,0.0,0.0,0.0,0.0,0.0,0.0,0.0,0.0,0.0,0.0,0.0,0.0,0.0,0.0,0.0,0.0,0.0,0.0,0.0,0.0,0.0,0.0,0.0,0.0,0.0,0.0,0.0,0.0,0.0,0.0,0.0,0.0,0.0,0.0,0.0,0.0,0.0,0.0,0.0,0.0,0.0,0.0,0.0,0.0,0.0,0.0,0.0,0.0,0.0,0.0,0.0,0.0,0.0,0.0,0.0,0.0,0.0,0.0,0.0,0.0,0.0,0.0,0.0,0.0,0.0
1854,-0.6028052836616299,-0.9420681737209657,-1.178628344328827,-1.348563244537439,-1.4480965432310544,-1.425640859989202,-1.3203081956535467,-1.147136440202866,-0.8195397159118198,-0.436646714568765,-0.04370597507845499,0.364272654390633,0.7295652553549388,1.021893744404277,1.1966164929917822,1.2889343018749528,1.2964195296222367,1.2829326327802835,1.206799100107457,1.0160269442780272,0.7332741519864758,0.5110100920310852,0.21955825127647385,-0.1541636602140527,0.0,0.0,0.0,0.0,0.0,0.0,0.0,0.0,0.0,0.0,0.0,0.0,0.0,0.0,0.0,0.0,0.0,0.0,0.0,0.0,0.0,0.0,0.0,0.0,0.0,0.0,0.0,0.0,0.0,0.0,0.0,0.0,0.0,0.0,0.0,0.0,0.0,0.0,0.0,0.0,0.0,0.0,0.0,0.0,0.0,0.0,0.0,0.0,0.0,0.0,0.0,0.0,0.0,0.0,0.0,0.0,0.0,0.0,0.0,0.0,0.0,0.0,0.0,0.0,0.0,0.0,0.0,0.0,0.0,0.0,0.0,0.0
1855,-0.3914328204563342,-0.829834628359029,-1.154652122946062,-1.3824404613413839,-1.502576013305026,-1.476813709973103,-1.3345455950095264,-1.084447633110271,-0.781497110767173,-0.42135604563224516,-0.049971638493350796,0.2848497745696524,0.6468499749965747,0.9322715074437249,1.1389896458631095,1.2767427179746993,1.349426054866483,1.3761621909704034,1.2794871557866911,1.0569221022593538,0.744144721944285,0.5003324079370108,0.1787020024219684,-0.35531247764044177,0.0,0.0,0.0,0.0,0.0,0.0,0.0,0.0,0.0,0.0,0.0,0.0,0.0,0.0,0.0,0.0,0.0,0.0,0.0,0.0,0.0,0.0,0.0,0.0,0.0,0.0,0.0,0.0,0.0,0.0,0.0,0.0,0.0,0.0,0.0,0.0,0.0,0.0,0.0,0.0,0.0,0.0,0.0,0.0,0.0,0.0,0.0,0.0,0.0,0.0,0.0,0.0,0.0,0.0,0.0,0.0,0.0,0.0,0.0,0.0,0.0,0.0,0.0,0.0,0.0,0.0,0.0,0.0,0.0,0.0,0.0,0.0
1856,-0.43785766146015404,-0.7916705119482961,-1.1190567175047608,-1.3576570008806974,-1.4838014534862225,-1.4672610354354605,-1.278567185833375,-1.1152543225505624,-0.7988000024874178,-0.4175148484551937,-0.01541158204873456,0.3728129427749012,0.7098001955907163,1.0070524211351601,1.2213173768042285,1.3367200636641436,1.399174400786849,1.374078594089141,1.2274012087309456,1.0022994274424124,0.6531445107731632,0.36758464971287863,0.04114904289496359,-0.4296825123086279,0.0,0.0,0.0,0.0,0.0,0.0,0.0,0.0,0.0,0.0,0.0,0.0,0.0,0.0,0.0,0.0,0.0,0.0,0.0,0.0,0.0,0.0,0.0,0.0,0.0,0.0,0.0,0.0,0.0,0.0,0.0,0.0,0.0,0.0,0.0,0.0,0.0,0.0,0.0,0.0,0.0,0.0,0.0,0.0,0.0,0.0,0.0,0.0,0.0,0.0,0.0,0.0,0.0,0.0,0.0,0.0,0.0,0.0,0.0,0.0,0.0,0.0,0.0,0.0,0.0,0.0,0.0,0.0,0.0,0.0,0.0,0.0
1857,-0.20236587020351587,-0.6303273300366989,-0.9235413574125086,-1.1799342087773346,-1.34551655243409,-1.4188200592780424,-1.4342939890740694,-1.3580538240206521,-1.182757918594128,-0.7817911246094882,-0.28741600988532817,0.15940783152403368,0.5720083099538615,0.8587842789473826,1.041082984719554,1.1606953325589155,1.2526353241937034,1.334635857273379,1.3458177481478801,1.1797836109204378,0.9026082553040137,0.6719676374683421,0.3804478359826083,-0.11505676266826899,0.0,0.0,0.0,0.0,0.0,0.0,0.0,0.0,0.0,0.0,0.0,0.0,0.0,0.0,0.0,0.0,0.0,0.0,0.0,0.0,0.0,0.0,0.0,0.0,0.0,0.0,0.0,0.0,0.0,0.0,0.0,0.0,0.0,0.0,0.0,0.0,0.0,0.0,0.0,0.0,0.0,0.0,0.0,0.0,0.0,0.0,0.0,0.0,0.0,0.0,0.0,0.0,0.0,0.0,0.0,0.0,0.0,0.0,0.0,0.0,0.0,0.0,0.0,0.0,0.0,0.0,0.0,0.0,0.0,0.0,0.0,0.0
1858,-0.33861567215692573,-0.6612070253759333,-0.9041628562521733,-1.106818870737037,-1.2458435961828853,-1.3012799464820275,-1.3353130450135007,-1.405596696088413,-1.2844080137822886,-0.8784211075045717,-0.42577125593157694,0.02388985327746408,0.4267916061472287,0.7633625607460199,0.9853971950745837,1.1196977793645053,1.2566014618423864,1.3737408803005737,1.3963010645962246,1.2610363698663178,0.9823120416666314,0.7775349842138006,0.4810710239183887,0.03970126449321938,0.0,0.0,0.0,0.0,0.0,0.0,0.0,0.0,0.0,0.0,0.0,0.0,0.0,0.0,0.0,0.0,0.0,0.0,0.0,0.0,0.0,0.0,0.0,0.0,0.0,0.0,0.0,0.0,0.0,0.0,0.0,0.0,0.0,0.0,0.0,0.0,0.0,0.0,0.0,0.0,0.0,0.0,0.0,0.0,0.0,0.0,0.0,0.0,0.0,0.0,0.0,0.0,0.0,0.0,0.0,0.0,0.0,0.0,0.0,0.0,0.0,0.0,0.0,0.0,0.0,0.0,0.0,0.0,0.0,0.0,0.0,0.0
1859,-0.7987930650860158,-1.0623015943937153,-1.281934633047207,-1.4267663497698353,-1.4840174754390154,-1.383998395772918,-1.1945244322487265,-0.9658607100819417,-0.688124594484431,-0.33209415672921716,0.02683291536044927,0.38039269441863005,0.7233030825413235,1.0237011020495512,1.219649895262519,1.307315681443451,1.314898047789518,1.2647181177015014,1.183356770954378,0.9964386612547036,0.7140168136455785,0.5049479708000904,0.19458212137624636,-0.23573846754492742,0.0,0.0,0.0,0.0,0.0,0.0,0.0,0.0,0.0,0.0,0.0,0.0,0.0,0.0,0.0,0.0,0.0,0.0,0.0,0.0,0.0,0.0,0.0,0.0,0.0,0.0,0.0,0.0,0.0,0.0,0.0,0.0,0.0,0.0,0.0,0.0,0.0,0.0,0.0,0.0,0.0,0.0,0.0,0.0,0.0,0.0,0.0,0.0,0.0,0.0,0.0,0.0,0.0,0.0,0.0,0.0,0.0,0.0,0.0,0.0,0.0,0.0,0.0,0.0,0.0,0.0,0.0,0.0,0.0,0.0,0.0,0.0
1860,-0.5495662065988284,-0.9127377385834904,-1.1953880099234575,-1.3959685348371011,-1.4869162664114295,-1.4657536273958367,-1.193633059370945,-1.075122280883625,-0.7677994694230397,-0.4103057186376831,-0.06458045979270505,0.2804221723541796,0.6061203484234259,0.9105526530916375,1.124966317654498,1.2657752913972717,1.3514581713140625,1.3579618115969032,1.281776311140769,1.1151592410375157,0.7874996496448731,0.5580140568074928,0.20950152355558305,-0.331436176160059,0.0,0.0,0.0,0.0,0.0,0.0,0.0,0.0,0.0,0.0,0.0,0.0,0.0,0.0,0.0,0.0,0.0,0.0,0.0,0.0,0.0,0.0,0.0,0.0,0.0,0.0,0.0,0.0,0.0,0.0,0.0,0.0,0.0,0.0,0.0,0.0,0.0,0.0,0.0,0.0,0.0,0.0,0.0,0.0,0.0,0.0,0.0,0.0,0.0,0.0,0.0,0.0,0.0,0.0,0.0,0.0,0.0,0.0,0.0,0.0,0.0,0.0,0.0,0.0,0.0,0.0,0.0,0.0,0.0,0.0,0.0,0.0
1861,-0.6911369762981905,-0.9960500117587344,-1.2466058014018826,-1.4072982654681236,-1.4771207882941724,-1.402356697666542,-1.2493511168472056,-1.0231371241525882,-0.7191391938404853,-0.42767820406202417,-0.10684233901860667,0.2440089748936759,0.5692373446496103,0.8495340516170911,1.0731857498960735,1.2228054416661784,1.309557409738386,1.3470767208244674,1.3145904880548116,1.134497794841621,0.8233620443716783,0.6410730988022294,0.3521744034394031,-0.13438700398668102,0.0,0.0,0.0,0.0,0.0,0.0,0.0,0.0,0.0,0.0,0.0,0.0,0.0,0.0,0.0,0.0,0.0,0.0,0.0,0.0,0.0,0.0,0.0,0.0,0.0,0.0,0.0,0.0,0.0,0.0,0.0,0.0,0.0,0.0,0.0,0.0,0.0,0.0,0.0,0.0,0.0,0.0,0.0,0.0,0.0,0.0,0.0,0.0,0.0,0.0,0.0,0.0,0.0,0.0,0.0,0.0,0.0,0.0,0.0,0.0,0.0,0.0,0.0,0.0,0.0,0.0,0.0,0.0,0.0,0.0,0.0,0.0
1862,-0.7227207071850302,-0.9966485609338364,-1.216538437007485,-1.3710139190533113,-1.4335029488761626,-1.3990486593509492,-1.231977859200387,-0.9977862025691028,-0.7841533554894199,-0.48129690015812343,-0.18290975125108813,0.16130810353382513,0.4965873454702161,0.7787224710163018,1.0333104169655778,1.2052568241244248,1.3126014384234972,1.3746029075455202,1.3584321443013752,1.197780893378388,0.9002063456394003,0.6853545968076461,0.37811009516889327,-0.06467628130017955,0.0,0.0,0.0,0.0,0.0,0.0,0.0,0.0,0.0,0.0,0.0,0.0,0.0,0.0,0.0,0.0,0.0,0.0,0.0,0.0,0.0,0.0,0.0,0.0,0.0,0.0,0.0,0.0,0.0,0.0,0.0,0.0,0.0,0.0,0.0,0.0,0.0,0.0,0.0,0.0,0.0,0.0,0.0,0.0,0.0,0.0,0.0,0.0,0.0,0.0,0.0,0.0,0.0,0.0,0.0,0.0,0.0,0.0,0.0,0.0,0.0,0.0,0.0,0.0,0.0,0.0,0.0,0.0,0.0,0.0,0.0,0.0
1863,-0.653369999599075,-0.9339174244073769,-1.1694584626625555,-1.3276281155742935,-1.4244946531302543,-1.3826866899869976,-1.2215470724803834,-1.1025961828086768,-0.8705581797166855,-0.5290884042442573,-0.17573877039232452,0.17014787550325283,0.488467157723313,0.7875197465458432,1.0456782074850786,1.217555389296245,1.3339170790647263,1.3914887004423258,1.3770196421595957,1.2029340251368548,0.8856047311150866,0.6444283754234764,0.3475842218125208,-0.10126119670543006,0.0,0.0,0.0,0.0,0.0,0.0,0.0,0.0,0.0,0.0,0.0,0.0,0.0,0.0,0.0,0.0,0.0,0.0,0.0,0.0,0.0,0.0,0.0,0.0,0.0,0.0,0.0,0.0,0.0,0.0,0.0,0.0,0.0,0.0,0.0,0.0,0.0,0.0,0.0,0.0,0.0,0.0,0.0,0.0,0.0,0.0,0.0,0.0,0.0,0.0,0.0,0.0,0.0,0.0,0.0,0.0,0.0,0.0,0.0,0.0,0.0,0.0,0.0,0.0,0.0,0.0,0.0,0.0,0.0,0.0,0.0,0.0
1864,-0.4388686648470817,-0.7206351092477188,-1.0021017223693982,-1.180951080267754,-1.289190171971537,-1.3405362784930683,-1.3115276022538966,-1.2743485236631236,-1.1514926571101456,-0.8346459530714403,-0.3932193526257495,0.023995872044095225,0.406655541814048,0.7502621874997412,0.9867541087777433,1.1659782557747966,1.2834371593065332,1.390851714993182,1.3925007870274504,1.265372324749323,0.9662906239888702,0.7497374827615649,0.47119422460972465,0.08448683257384094,0.0,0.0,0.0,0.0,0.0,0.0,0.0,0.0,0.0,0.0,0.0,0.0,0.0,0.0,0.0,0.0,0.0,0.0,0.0,0.0,0.0,0.0,0.0,0.0,0.0,0.0,0.0,0.0,0.0,0.0,0.0,0.0,0.0,0.0,0.0,0.0,0.0,0.0,0.0,0.0,0.0,0.0,0.0,0.0,0.0,0.0,0.0,0.0,0.0,0.0,0.0,0.0,0.0,0.0,0.0,0.0,0.0,0.0,0.0,0.0,0.0,0.0,0.0,0.0,0.0,0.0,0.0,0.0,0.0,0.0,0.0,0.0
1865,-0.4174423987003061,-0.7214346656851153,-0.9688531854822648,-1.131977488327248,-1.2498561205710286,-1.3216894532780923,-1.3586056558010173,-1.3716662617477562,-1.206342979330108,-0.8505081030261007,-0.4373664863435454,-0.009964820310979427,0.4052425044549886,0.7290255875937847,0.9445922214596019,1.1057174519657984,1.2157997020883116,1.3184187488126882,1.3424076168781267,1.267442404173631,1.042546766060143,0.8791559202366551,0.5812275060128319,0.21413118886699367,0.0,0.0,0.0,0.0,0.0,0.0,0.0,0.0,0.0,0.0,0.0,0.0,0.0,0.0,0.0,0.0,0.0,0.0,0.0,0.0,0.0,0.0,0.0,0.0,0.0,0.0,0.0,0.0,0.0,0.0,0.0,0.0,0.0,0.0,0.0,0.0,0.0,0.0,0.0,0.0,0.0,0.0,0.0,0.0,0.0,0.0,0.0,0.0,0.0,0.0,0.0,0.0,0.0,0.0,0.0,0.0,0.0,0.0,0.0,0.0,0.0,0.0,0.0,0.0,0.0,0.0,0.0,0.0,0.0,0.0,0.0,0.0
1866,-0.6139941201365068,-0.9537617581803757,-1.195320335406435,-1.3723109191930036,-1.428807913452558,-1.3858816257787374,-1.1893920793716146,-1.044328368447272,-0.7336306124054747,-0.31301013301923475,0.09975362150158047,0.5224454192614324,0.8422855460557239,1.1083428199076077,1.3008325791105144,1.3759000139610726,1.3931133838935033,1.315903205897829,1.16905387568589,0.8862832053021026,0.5471583902017685,0.2848866292395893,-0.08737927983853648,-0.5281415447888653,0.0,0.0,0.0,0.0,0.0,0.0,0.0,0.0,0.0,0.0,0.0,0.0,0.0,0.0,0.0,0.0,0.0,0.0,0.0,0.0,0.0,0.0,0.0,0.0,0.0,0.0,0.0,0.0,0.0,0.0,0.0,0.0,0.0,0.0,0.0,0.0,0.0,0.0,0.0,0.0,0.0,0.0,0.0,0.0,0.0,0.0,0.0,0.0,0.0,0.0,0.0,0.0,0.0,0.0,0.0,0.0,0.0,0.0,0.0,0.0,0.0,0.0,0.0,0.0,0.0,0.0,0.0,0.0,0.0,0.0,0.0,0.0
1867,-0.64878646097098,-0.9148612506008994,-1.163172946733179,-1.3571548464354386,-1.4565241184285118,-1.4209236088662964,-1.2173540980293274,-0.9946836874898752,-0.7628716012173282,-0.5451808026625701,-0.19898628587593192,0.14587042470586306,0.5463947379225211,0.8504483592565993,1.107307150586488,1.2740869907902699,1.356362072388125,1.3922598722180832,1.3444704616784078,1.1622315275519939,0.8479213919807845,0.6049609206678777,0.2494017604473373,-0.20121596288400387,0.0,0.0,0.0,0.0,0.0,0.0,0.0,0.0,0.0,0.0,0.0,0.0,0.0,0.0,0.0,0.0,0.0,0.0,0.0,0.0,0.0,0.0,0.0,0.0,0.0,0.0,0.0,0.0,0.0,0.0,0.0,0.0,0.0,0.0,0.0,0.0,0.0,0.0,0.0,0.0,0.0,0.0,0.0,0.0,0.0,0.0,0.0,0.0,0.0,0.0,0.0,0.0,0.0,0.0,0.0,0.0,0.0,0.0,0.0,0.0,0.0,0.0,0.0,0.0,0.0,0.0,0.0,0.0,0.0,0.0,0.0,0.0
1868,-0.5520859584326069,-0.9268005236910491,-1.1891082181625383,-1.3748532608171633,-1.4577148967208213,-1.422245617279708,-1.2657458578851974,-1.0744517102017301,-0.8336655446934536,-0.5066432875207365,-0.13102886739275224,0.23086276597471672,0.5497113414157606,0.8458385814008694,1.0781511135542923,1.2186034611086374,1.3109885610482814,1.3599556635325245,1.3458579372430333,1.1624375196680585,0.8407394038067982,0.6355724935512252,0.2862788283573441,-0.13065392786377641,0.0,0.0,0.0,0.0,0.0,0.0,0.0,0.0,0.0,0.0,0.0,0.0,0.0,0.0,0.0,0.0,0.0,0.0,0.0,0.0,0.0,0.0,0.0,0.0,0.0,0.0,0.0,0.0,0.0,0.0,0.0,0.0,0.0,0.0,0.0,0.0,0.0,0.0,0.0,0.0,0.0,0.0,0.0,0.0,0.0,0.0,0.0,0.0,0.0,0.0,0.0,0.0,0.0,0.0,0.0,0.0,0.0,0.0,0.0,0.0,0.0,0.0,0.0,0.0,0.0,0.0,0.0,0.0,0.0,0.0,0.0,0.0
1869,-0.6746600692956494,-1.0114223780686513,-1.2349622798871647,-1.377441301467034,-1.4426634943552945,-1.4114011070960222,-1.2349622798871647,-1.0095549345819248,-0.8279287643543826,-0.4881232143437525,-0.13815047201650066,0.24128637865687952,0.6139451011191785,0.9137735275991462,1.1263162622180485,1.2423744166894177,1.3042767100457202,1.322881980339402,1.2566223188474046,1.1006562054189555,0.8331276348019969,0.6412651076842505,0.32386887951433774,-0.06912422758120473,0.0,0.0,0.0,0.0,0.0,0.0,0.0,0.0,0.0,0.0,0.0,0.0,0.0,0.0,0.0,0.0,0.0,0.0,0.0,0.0,0.0,0.0,0.0,0.0,0.0,0.0,0.0,0.0,0.0,0.0,0.0,0.0,0.0,0.0,0.0,0.0,0.0,0.0,0.0,0.0,0.0,0.0,0.0,0.0,0.0,0.0,0.0,0.0,0.0,0.0,0.0,0.0,0.0,0.0,0.0,0.0,0.0,0.0,0.0,0.0,0.0,0.0,0.0,0.0,0.0,0.0,0.0,0.0,0.0,0.0,0.0,0.0
1870,-0.4605455583180083,-0.8491122330260003,-1.1511792698165406,-1.3368277921770255,-1.4284022775029441,-1.4561245782715846,-1.290169493615598,-1.0637707040050353,-0.8297975152773573,-0.49303973053043104,-0.11583465449811138,0.28977441822338895,0.631985770334638,0.9230699284053618,1.1703740595791616,1.3176203784158744,1.37404965183838,1.3965456172162112,1.3055770838196619,1.0780421343415316,0.7466621729677568,0.47375657277810873,0.10427738384524624,-0.33693136472669394,0.0,0.0,0.0,0.0,0.0,0.0,0.0,0.0,0.0,0.0,0.0,0.0,0.0,0.0,0.0,0.0,0.0,0.0,0.0,0.0,0.0,0.0,0.0,0.0,0.0,0.0,0.0,0.0,0.0,0.0,0.0,0.0,0.0,0.0,0.0,0.0,0.0,0.0,0.0,0.0,0.0,0.0,0.0,0.0,0.0,0.0,0.0,0.0,0.0,0.0,0.0,0.0,0.0,0.0,0.0,0.0,0.0,0.0,0.0,0.0,0.0,0.0,0.0,0.0,0.0,0.0,0.0,0.0,0.0,0.0,0.0,0.0
1871,-0.3388492070564901,-0.6627547520732233,-0.9468784043615931,-1.1412064600116605,-1.2657444005874012,-1.3230120004842776,-1.3181251652930777,-1.291552998940927,-1.181599207138924,-0.8511269773340157,-0.38275436697742865,0.07553914579730803,0.4770231994743433,0.8291807604402023,1.0920772223667965,1.2798385932286889,1.378109794651729,1.4352246809488802,1.3712376826641035,1.1869887245958863,0.858196344387953,0.6208794104152969,0.26788192465095045,-0.1685735433631107,0.0,0.0,0.0,0.0,0.0,0.0,0.0,0.0,0.0,0.0,0.0,0.0,0.0,0.0,0.0,0.0,0.0,0.0,0.0,0.0,0.0,0.0,0.0,0.0,0.0,0.0,0.0,0.0,0.0,0.0,0.0,0.0,0.0,0.0,0.0,0.0,0.0,0.0,0.0,0.0,0.0,0.0,0.0,0.0,0.0,0.0,0.0,0.0,0.0,0.0,0.0,0.0,0.0,0.0,0.0,0.0,0.0,0.0,0.0,0.0,0.0,0.0,0.0,0.0,0.0,0.0,0.0,0.0,0.0,0.0,0.0,0.0
1872,-0.31888761177980324,-0.5984627749576186,-0.8516135013842653,-1.0600815067739506,-1.2090752696799565,-1.2960524973536278,-1.3026008271607687,-1.3382699648161362,-1.1852701648516442,-0.92526295192105,-0.54415015714545,-0.11465676097120898,0.2636826235331313,0.6060447136852976,0.8923993241928588,1.1296799807339641,1.3231253471543263,1.4616417823689065,1.508327521935111,1.3883004885289285,1.0455532025057541,0.7918632018596956,0.4085162710322476,-0.07475046873475037,0.0,0.0,0.0,0.0,0.0,0.0,0.0,0.0,0.0,0.0,0.0,0.0,0.0,0.0,0.0,0.0,0.0,0.0,0.0,0.0,0.0,0.0,0.0,0.0,0.0,0.0,0.0,0.0,0.0,0.0,0.0,0.0,0.0,0.0,0.0,0.0,0.0,0.0,0.0,0.0,0.0,0.0,0.0,0.0,0.0,0.0,0.0,0.0,0.0,0.0,0.0,0.0,0.0,0.0,0.0,0.0,0.0,0.0,0.0,0.0,0.0,0.0,0.0,0.0,0.0,0.0,0.0,0.0,0.0,0.0,0.0,0.0
1873,-0.6925608692717377,-0.985754650656371,-1.201048367859336,-1.3427161836941401,-1.4088278310837152,-1.360295401717437,-1.1880190650891278,-1.0604146236729612,-0.7952786530157074,-0.4793352953656311,-0.16215105173743966,0.1910188852560889,0.5324693435674195,0.8413810140081771,1.1030700791706667,1.2656261423037412,1.3649659586628422,1.3922654501813738,1.3565555092556179,1.1822110293304502,0.8422082713269206,0.592031870516943,0.22748714539069295,-0.21488870580733022,0.0,0.0,0.0,0.0,0.0,0.0,0.0,0.0,0.0,0.0,0.0,0.0,0.0,0.0,0.0,0.0,0.0,0.0,0.0,0.0,0.0,0.0,0.0,0.0,0.0,0.0,0.0,0.0,0.0,0.0,0.0,0.0,0.0,0.0,0.0,0.0,0.0,0.0,0.0,0.0,0.0,0.0,0.0,0.0,0.0,0.0,0.0,0.0,0.0,0.0,0.0,0.0,0.0,0.0,0.0,0.0,0.0,0.0,0.0,0.0,0.0,0.0,0.0,0.0,0.0,0.0,0.0,0.0,0.0,0.0,0.0,0.0
1874,-0.5285923493788549,-0.866500912547772,-1.153428578013418,-1.3420664390293737,-1.4453091615138876,-1.4069667443132698,-1.2798133830399525,-1.0679480443434441,-0.8088591940390484,-0.47120681628572575,-0.1215991191380012,0.23390084256839289,0.5735173085079387,0.8893085307972122,1.1524963477511172,1.2832363048427553,1.3489051663734344,1.3822092704006967,1.3471972636028056,1.1457501318071333,0.7950322978584999,0.5658317460401089,0.12775468537381016,-0.3528491542811468,0.0,0.0,0.0,0.0,0.0,0.0,0.0,0.0,0.0,0.0,0.0,0.0,0.0,0.0,0.0,0.0,0.0,0.0,0.0,0.0,0.0,0.0,0.0,0.0,0.0,0.0,0.0,0.0,0.0,0.0,0.0,0.0,0.0,0.0,0.0,0.0,0.0,0.0,0.0,0.0,0.0,0.0,0.0,0.0,0.0,0.0,0.0,0.0,0.0,0.0,0.0,0.0,0.0,0.0,0.0,0.0,0.0,0.0,0.0,0.0,0.0,0.0,0.0,0.0,0.0,0.0,0.0,0.0,0.0,0.0,0.0,0.0
1875,-0.6048284186385166,-0.9131196844094771,-1.1738250951735745,-1.3334207319658238,-1.4290805020309028,-1.3699438924753649,-1.228243790899372,-1.0750742781165965,-0.8292546989187488,-0.510876858753171,-0.18452737108216996,0.11741911402120887,0.46272160035306314,0.744901653376668,1.0220384192029643,1.207419895375001,1.341473722813139,1.4286737853214424,1.4085819798741002,1.2433736524912977,0.9155599846662393,0.6780374263413832,0.2871013252080753,-0.2051072365808647,0.0,0.0,0.0,0.0,0.0,0.0,0.0,0.0,0.0,0.0,0.0,0.0,0.0,0.0,0.0,0.0,0.0,0.0,0.0,0.0,0.0,0.0,0.0,0.0,0.0,0.0,0.0,0.0,0.0,0.0,0.0,0.0,0.0,0.0,0.0,0.0,0.0,0.0,0.0,0.0,0.0,0.0,0.0,0.0,0.0,0.0,0.0,0.0,0.0,0.0,0.0,0.0,0.0,0.0,0.0,0.0,0.0,0.0,0.0,0.0,0.0,0.0,0.0,0.0,0.0,0.0,0.0,0.0,0.0,0.0,0.0,0.0
1876,-0.6497920143200302,-0.9467287240392156,-1.2072585411014918,-1.355577381001508,-1.4209901758162833,-1.3854803729168337,-1.1902885931895444,-0.9411966705348803,-0.7898875314433317,-0.5714461755018765,-0.26411817609211535,0.08283128760545254,0.43239726309561144,0.7333708767233659,1.0066094653496556,1.2036701820716527,1.3449618188715673,1.4432679047932009,1.4128416105193569,1.24149746684454,0.9303568359655747,0.7152048091348054,0.32145716308975264,-0.1457023281074251,0.0,0.0,0.0,0.0,0.0,0.0,0.0,0.0,0.0,0.0,0.0,0.0,0.0,0.0,0.0,0.0,0.0,0.0,0.0,0.0,0.0,0.0,0.0,0.0,0.0,0.0,0.0,0.0,0.0,0.0,0.0,0.0,0.0,0.0,0.0,0.0,0.0,0.0,0.0,0.0,0.0,0.0,0.0,0.0,0.0,0.0,0.0,0.0,0.0,0.0,0.0,0.0,0.0,0.0,0.0,0.0,0.0,0.0,0.0,0.0,0.0,0.0,0.0,0.0,0.0,0.0,0.0,0.0,0.0,0.0,0.0,0.0
1877,-0.6148232310821501,-0.8988757227365639,-1.1459140536922328,-1.3088734016374566,-1.3980816878158926,-1.3668206644542185,-1.199633107140786,-1.061765755774112,-0.8452952991033619,-0.569768541093041,-0.24281012158746015,0.11776602814076358,0.47134137219375655,0.7995474600374973,1.0806194106618623,1.2776123782757824,1.4024485269994524,1.4626138668618318,1.3981510027235682,1.1874336833898886,0.8338583393368958,0.5997125812088796,0.23310603451288284,-0.21154909822578602,0.0,0.0,0.0,0.0,0.0,0.0,0.0,0.0,0.0,0.0,0.0,0.0,0.0,0.0,0.0,0.0,0.0,0.0,0.0,0.0,0.0,0.0,0.0,0.0,0.0,0.0,0.0,0.0,0.0,0.0,0.0,0.0,0.0,0.0,0.0,0.0,0.0,0.0,0.0,0.0,0.0,0.0,0.0,0.0,0.0,0.0,0.0,0.0,0.0,0.0,0.0,0.0,0.0,0.0,0.0,0.0,0.0,0.0,0.0,0.0,0.0,0.0,0.0,0.0,0.0,0.0,0.0,0.0,0.0,0.0,0.0,0.0
1878,-0.39923208370312346,-0.7059093825482272,-0.9607752715743066,-1.150533656769227,-1.2787253457775245,-1.3241777541124844,-1.31189331942736,-1.2663686497118993,-1.1099950223083168,-0.8133620553528147,-0.4404210705885403,0.0010237028904273777,0.4129858331250967,0.7380897839978869,0.9931724571654685,1.196082413611522,1.3616332363386976,1.4516709164426087,1.4390974362354816,1.2676934416877468,0.9463470826009946,0.7073786972850761,0.34274777127838585,-0.09652916078555991,0.0,0.0,0.0,0.0,0.0,0.0,0.0,0.0,0.0,0.0,0.0,0.0,0.0,0.0,0.0,0.0,0.0,0.0,0.0,0.0,0.0,0.0,0.0,0.0,0.0,0.0,0.0,0.0,0.0,0.0,0.0,0.0,0.0,0.0,0.0,0.0,0.0,0.0,0.0,0.0,0.0,0.0,0.0,0.0,0.0,0.0,0.0,0.0,0.0,0.0,0.0,0.0,0.0,0.0,0.0,0.0,0.0,0.0,0.0,0.0,0.0,0.0,0.0,0.0,0.0,0.0,0.0,0.0,0.0,0.0,0.0,0.0
1879,-0.5213967669360916,-0.7369496515966082,-0.9557666227962697,-1.1091171035976086,-1.2210814305441284,-1.284269219018897,-1.2906126324817635,-1.2850698440190647,-1.171996959380005,-0.8932562862447199,-0.5037214303939292,-0.06079104568580491,0.35387111786255454,0.6880396756248296,0.9382657814464521,1.136943954564974,1.3001482815222223,1.4027514546206281,1.4326825123192026,1.297992752675617,1.0128470795389908,0.8354162621941486,0.4943500121227369,0.14072010820254086,0.0,0.0,0.0,0.0,0.0,0.0,0.0,0.0,0.0,0.0,0.0,0.0,0.0,0.0,0.0,0.0,0.0,0.0,0.0,0.0,0.0,0.0,0.0,0.0,0.0,0.0,0.0,0.0,0.0,0.0,0.0,0.0,0.0,0.0,0.0,0.0,0.0,0.0,0.0,0.0,0.0,0.0,0.0,0.0,0.0,0.0,0.0,0.0,0.0,0.0,0.0,0.0,0.0,0.0,0.0,0.0,0.0,0.0,0.0,0.0,0.0,0.0,0.0,0.0,0.0,0.0,0.0,0.0,0.0,0.0,0.0,0.0
1880,-0.7366464716299571,-1.0108053234744554,-1.2092296858591474,-1.348917744196123,-1.4113566232840966,-1.3696185046484701,-1.2167470351833058,-1.0322353790104895,-0.8544556774563222,-0.5395124005471729,-0.1775015409292996,0.19511214721294656,0.5611060799801875,0.8829496103734524,1.1033089248905772,1.238733411969075,1.3101482305485812,1.3366272520486022,1.3033601763081095,1.1352857093291622,0.8685320075651782,0.6669099667366277,0.33524900252449896,-0.030296133268165312,0.0,0.0,0.0,0.0,0.0,0.0,0.0,0.0,0.0,0.0,0.0,0.0,0.0,0.0,0.0,0.0,0.0,0.0,0.0,0.0,0.0,0.0,0.0,0.0,0.0,0.0,0.0,0.0,0.0,0.0,0.0,0.0,0.0,0.0,0.0,0.0,0.0,0.0,0.0,0.0,0.0,0.0,0.0,0.0,0.0,0.0,0.0,0.0,0.0,0.0,0.0,0.0,0.0,0.0,0.0,0.0,0.0,0.0,0.0,0.0,0.0,0.0,0.0,0.0,0.0,0.0,0.0,0.0,0.0,0.0,0.0,0.0
1881,-0.4810021146888507,-0.8633656890775685,-1.1472641186873433,-1.3499781774944222,-1.4602929958570776,-1.4387801956009332,-1.2544049173400758,-1.0245353565703226,-0.8717592078660313,-0.5661363766861173,-0.21128097311673175,0.1837081463403462,0.5877961222992033,0.8960992367897189,1.1409924908531073,1.289395545734838,1.3530170074759602,1.370015646366881,1.3106967446769875,1.1019167815353892,0.8167487440416453,0.6155158944325304,0.22659267930997182,-0.22369491687109705,0.0,0.0,0.0,0.0,0.0,0.0,0.0,0.0,0.0,0.0,0.0,0.0,0.0,0.0,0.0,0.0,0.0,0.0,0.0,0.0,0.0,0.0,0.0,0.0,0.0,0.0,0.0,0.0,0.0,0.0,0.0,0.0,0.0,0.0,0.0,0.0,0.0,0.0,0.0,0.0,0.0,0.0,0.0,0.0,0.0,0.0,0.0,0.0,0.0,0.0,0.0,0.0,0.0,0.0,0.0,0.0,0.0,0.0,0.0,0.0,0.0,0.0,0.0,0.0,0.0,0.0,0.0,0.0,0.0,0.0,0.0,0.0
1882,-0.5823197262218284,-0.904868714392419,-1.1642622542714862,-1.343321493671381,-1.4252239881261897,-1.4198778723001577,-1.267976901296505,-1.0646106552742518,-0.838862004327012,-0.5411189935892092,-0.1999655223440276,0.18581019566243356,0.5871965718809078,0.945814021491127,1.1804728654817533,1.3041463449239579,1.354898804499087,1.341497874161834,1.2687906989278002,1.0656382975385883,0.7943407397535568,0.6234788779535776,0.2543830413243359,-0.1540602077845004,0.0,0.0,0.0,0.0,0.0,0.0,0.0,0.0,0.0,0.0,0.0,0.0,0.0,0.0,0.0,0.0,0.0,0.0,0.0,0.0,0.0,0.0,0.0,0.0,0.0,0.0,0.0,0.0,0.0,0.0,0.0,0.0,0.0,0.0,0.0,0.0,0.0,0.0,0.0,0.0,0.0,0.0,0.0,0.0,0.0,0.0,0.0,0.0,0.0,0.0,0.0,0.0,0.0,0.0,0.0,0.0,0.0,0.0,0.0,0.0,0.0,0.0,0.0,0.0,0.0,0.0,0.0,0.0,0.0,0.0,0.0,0.0
1883,-0.42263293776327265,-0.8278670728914588,-1.1730365039906447,-1.4076220422148504,-1.5181158830598025,-1.5181158830598025,-1.3225228738379313,-1.0417406442091126,-0.7580767496193823,-0.3864320216918214,-0.02235166428665331,0.359198786944041,0.7104017040551356,0.9794771697802512,1.1673257044196725,1.2423390454334011,1.2906069335286696,1.2984414601411478,1.2398175885926037,1.040082185989422,0.787576293789548,0.5760440752526348,0.12362267638952217,-0.4164193476913072,0.0,0.0,0.0,0.0,0.0,0.0,0.0,0.0,0.0,0.0,0.0,0.0,0.0,0.0,0.0,0.0,0.0,0.0,0.0,0.0,0.0,0.0,0.0,0.0,0.0,0.0,0.0,0.0,0.0,0.0,0.0,0.0,0.0,0.0,0.0,0.0,0.0,0.0,0.0,0.0,0.0,0.0,0.0,0.0,0.0,0.0,0.0,0.0,0.0,0.0,0.0,0.0,0.0,0.0,0.0,0.0,0.0,0.0,0.0,0.0,0.0,0.0,0.0,0.0,0.0,0.0,0.0,0.0,0.0,0.0,0.0,0.0
1884,-0.5218418603382905,-0.8522710290266593,-1.1711045105307785,-1.405126560976543,-1.5069002782465684,-1.4537134485998038,-1.22802879307164,-0.8983662813871887,-0.6900272405726545,-0.392564323052731,-0.0100024780979839,0.37974677626848813,0.7154467118587885,0.9584769821005817,1.16279107364455,1.3189016060672158,1.4192378414548963,1.4453041795880854,1.2902478005458058,0.9933598757788202,0.6478850633885739,0.40293815063698735,-0.037410465988028406,-0.5669787914439233,0.0,0.0,0.0,0.0,0.0,0.0,0.0,0.0,0.0,0.0,0.0,0.0,0.0,0.0,0.0,0.0,0.0,0.0,0.0,0.0,0.0,0.0,0.0,0.0,0.0,0.0,0.0,0.0,0.0,0.0,0.0,0.0,0.0,0.0,0.0,0.0,0.0,0.0,0.0,0.0,0.0,0.0,0.0,0.0,0.0,0.0,0.0,0.0,0.0,0.0,0.0,0.0,0.0,0.0,0.0,0.0,0.0,0.0,0.0,0.0,0.0,0.0,0.0,0.0,0.0,0.0,0.0,0.0,0.0,0.0,0.0,0.0
1885,-0.007304494931443067,-0.4764965526944694,-0.8172512412462885,-1.1121093533122068,-1.2931390860298042,-1.3721493728715801,-1.3688623501524306,-1.386027913241322,-1.2032937983730545,-0.7505368542057751,-0.2129260272515654,0.2944928873193463,0.721684099226575,0.9945069849159736,1.1945284044553228,1.3117655481049841,1.3642361700291834,1.4175589830287179,1.322600548919958,1.0382122129224411,0.659108925980546,0.4007732885718429,-0.07158405032814205,-0.6477869588368093,0.0,0.0,0.0,0.0,0.0,0.0,0.0,0.0,0.0,0.0,0.0,0.0,0.0,0.0,0.0,0.0,0.0,0.0,0.0,0.0,0.0,0.0,0.0,0.0,0.0,0.0,0.0,0.0,0.0,0.0,0.0,0.0,0.0,0.0,0.0,0.0,0.0,0.0,0.0,0.0,0.0,0.0,0.0,0.0,0.0,0.0,0.0,0.0,0.0,0.0,0.0,0.0,0.0,0.0,0.0,0.0,0.0,0.0,0.0,0.0,0.0,0.0,0.0,0.0,0.0,0.0,0.0,0.0,0.0,0.0,0.0,0.0
1886,-0.3807371709084449,-0.673662484898574,-0.9048473467119686,-1.0920671165153546,-1.2159687394526517,-1.3084216482488182,-1.298429581882907,-1.2832837128651051,-1.1395031368419428,-0.9414498635049902,-0.5553353831969958,-0.16974680111878626,0.22351989511428128,0.5706127267722441,0.8386104646705741,1.0326669114611624,1.2289321308168468,1.4167829784959745,1.4756835802318713,1.3380034236742127,1.1467868273244624,1.018993557486758,0.5953299435721293,0.07753054652602298,0.0,0.0,0.0,0.0,0.0,0.0,0.0,0.0,0.0,0.0,0.0,0.0,0.0,0.0,0.0,0.0,0.0,0.0,0.0,0.0,0.0,0.0,0.0,0.0,0.0,0.0,0.0,0.0,0.0,0.0,0.0,0.0,0.0,0.0,0.0,0.0,0.0,0.0,0.0,0.0,0.0,0.0,0.0,0.0,0.0,0.0,0.0,0.0,0.0,0.0,0.0,0.0,0.0,0.0,0.0,0.0,0.0,0.0,0.0,0.0,0.0,0.0,0.0,0.0,0.0,0.0,0.0,0.0,0.0,0.0,0.0,0.0
1887,-0.9150450893285523,-1.178416160229321,-1.3585810011772033,-1.5026782767504974,-1.5729105623240356,-1.461248147699112,-1.1600796521731755,-0.8073613509799622,-0.5063658413790837,-0.20554331770326317,0.0710611764644407,0.373354080503254,0.664143420525712,0.8874682497755592,1.0324304549741432,1.1293025730066097,1.1915775060274811,1.228942465840004,1.221417578099982,1.0723037107000066,0.888419672363378,0.7470036786284825,0.3235341340865569,-0.16272930125141408,0.0,0.0,0.0,0.0,0.0,0.0,0.0,0.0,0.0,0.0,0.0,0.0,0.0,0.0,0.0,0.0,0.0,0.0,0.0,0.0,0.0,0.0,0.0,0.0,0.0,0.0,0.0,0.0,0.0,0.0,0.0,0.0,0.0,0.0,0.0,0.0,0.0,0.0,0.0,0.0,0.0,0.0,0.0,0.0,0.0,0.0,0.0,0.0,0.0,0.0,0.0,0.0,0.0,0.0,0.0,0.0,0.0,0.0,0.0,0.0,0.0,0.0,0.0,0.0,0.0,0.0,0.0,0.0,0.0,0.0,0.0,0.0
1888,-0.8022381322490579,-1.1400810037433455,-1.3562377873595108,-1.5139500058403272,-1.581694794908437,-1.46989631352725,-1.2111542940084434,-0.8220133452429281,-0.5200008101632767,-0.23208545662381,0.060822648711138814,0.38946319336669466,0.7086077199014317,0.9787058023276094,1.1797864334632995,1.2474333254373804,1.2370562334703,1.1882055835497987,1.0970633890087436,0.9454207903577289,0.8158050378632529,0.6610297322033083,0.27100770959153153,-0.13105565558581964,0.0,0.0,0.0,0.0,0.0,0.0,0.0,0.0,0.0,0.0,0.0,0.0,0.0,0.0,0.0,0.0,0.0,0.0,0.0,0.0,0.0,0.0,0.0,0.0,0.0,0.0,0.0,0.0,0.0,0.0,0.0,0.0,0.0,0.0,0.0,0.0,0.0,0.0,0.0,0.0,0.0,0.0,0.0,0.0,0.0,0.0,0.0,0.0,0.0,0.0,0.0,0.0,0.0,0.0,0.0,0.0,0.0,0.0,0.0,0.0,0.0,0.0,0.0,0.0,0.0,0.0,0.0,0.0,0.0,0.0,0.0,0.0
1889,-0.7532268603632811,-1.072395482869468,-1.2832379375491274,-1.4258611446702125,-1.487801972467215,-1.4221128343647964,-1.1937470290073164,-0.8896653554804297,-0.6070427584520505,-0.302773669409893,-0.027835108507616984,0.2824312770232064,0.5955088952830919,0.8931247335331357,1.1325480542915936,1.2647697003151488,1.3013157257929566,1.3513556683702623,1.281918219962428,1.087474622868964,0.8347448005262789,0.6254016699687859,0.15705029730703554,-0.34194351210149193,0.0,0.0,0.0,0.0,0.0,0.0,0.0,0.0,0.0,0.0,0.0,0.0,0.0,0.0,0.0,0.0,0.0,0.0,0.0,0.0,0.0,0.0,0.0,0.0,0.0,0.0,0.0,0.0,0.0,0.0,0.0,0.0,0.0,0.0,0.0,0.0,0.0,0.0,0.0,0.0,0.0,0.0,0.0,0.0,0.0,0.0,0.0,0.0,0.0,0.0,0.0,0.0,0.0,0.0,0.0,0.0,0.0,0.0,0.0,0.0,0.0,0.0,0.0,0.0,0.0,0.0,0.0,0.0,0.0,0.0,0.0,0.0
1890,-0.6689800880176395,-0.9851259089646408,-1.2064192091112789,-1.3687477599722149,-1.4499997805653102,-1.4410497739773018,-1.2267760868408666,-0.9308993984608254,-0.6884595141209519,-0.38723037082063133,-0.05546591092592926,0.28823189108611724,0.6333336157002043,0.9363176622530756,1.1804247046828722,1.3319606005406215,1.4035606532446885,1.379430733522117,1.2562365251930607,1.0199388022371145,0.7593356692333416,0.5511163983182059,0.08036360082149173,-0.4110970550553203,0.0,0.0,0.0,0.0,0.0,0.0,0.0,0.0,0.0,0.0,0.0,0.0,0.0,0.0,0.0,0.0,0.0,0.0,0.0,0.0,0.0,0.0,0.0,0.0,0.0,0.0,0.0,0.0,0.0,0.0,0.0,0.0,0.0,0.0,0.0,0.0,0.0,0.0,0.0,0.0,0.0,0.0,0.0,0.0,0.0,0.0,0.0,0.0,0.0,0.0,0.0,0.0,0.0,0.0,0.0,0.0,0.0,0.0,0.0,0.0,0.0,0.0,0.0,0.0,0.0,0.0,0.0,0.0,0.0,0.0,0.0,0.0
1891,-0.4077926731216296,-0.8274843961543621,-1.1230701406750305,-1.3541563623130852,-1.476371837568245,-1.465473642322562,-1.3092291084431267,-0.9988529560890311,-0.7024887690508138,-0.35363531511502105,0.027134282040272052,0.3875531676653611,0.7165007343666919,1.006414969116648,1.2326081235015387,1.3392547484057227,1.393968136782009,1.4017525619574969,1.2736431647837534,0.9704954072354681,0.6205298925603199,0.37465326308883834,-0.09352430817979016,-0.6324289424714228,0.0,0.0,0.0,0.0,0.0,0.0,0.0,0.0,0.0,0.0,0.0,0.0,0.0,0.0,0.0,0.0,0.0,0.0,0.0,0.0,0.0,0.0,0.0,0.0,0.0,0.0,0.0,0.0,0.0,0.0,0.0,0.0,0.0,0.0,0.0,0.0,0.0,0.0,0.0,0.0,0.0,0.0,0.0,0.0,0.0,0.0,0.0,0.0,0.0,0.0,0.0,0.0,0.0,0.0,0.0,0.0,0.0,0.0,0.0,0.0,0.0,0.0,0.0,0.0,0.0,0.0,0.0,0.0,0.0,0.0,0.0,0.0
1892,-0.41751456104071294,-0.6937825776087383,-0.9513753770447104,-1.1276944661685635,-1.2459012874569217,-1.2650981586988086,-1.2244091381317657,-1.2150193641547558,-1.1851807490722575,-0.8453752619264652,-0.4413019884491381,-0.0488094362101233,0.3174960797152305,0.6536499880921858,0.9352388765805166,1.1927273451945222,1.4157866425594912,1.551521041938268,1.5169875398672648,1.2696191609840366,0.9660164690607158,0.7261599093590957,0.28776179545469904,-0.17150248284305297,0.0,0.0,0.0,0.0,0.0,0.0,0.0,0.0,0.0,0.0,0.0,0.0,0.0,0.0,0.0,0.0,0.0,0.0,0.0,0.0,0.0,0.0,0.0,0.0,0.0,0.0,0.0,0.0,0.0,0.0,0.0,0.0,0.0,0.0,0.0,0.0,0.0,0.0,0.0,0.0,0.0,0.0,0.0,0.0,0.0,0.0,0.0,0.0,0.0,0.0,0.0,0.0,0.0,0.0,0.0,0.0,0.0,0.0,0.0,0.0,0.0,0.0,0.0,0.0,0.0,0.0,0.0,0.0,0.0,0.0,0.0,0.0
1893,-0.5297940549642336,-0.7348833641974953,-0.926440809789255,-1.0939096186858586,-1.2025484104743716,-1.2593630436358554,-1.2359462015895681,-1.2760619391934538,-1.1567704036871624,-0.8916994293763206,-0.529314201643613,-0.13420297744457763,0.25898883347197516,0.6120649067846424,0.8857732408666558,1.1270434904747137,1.3213840853260732,1.4873173635966908,1.493555456764759,1.291249296791097,1.0618794095344308,0.8743527318358845,0.5075528535534669,0.049772785681375935,0.0,0.0,0.0,0.0,0.0,0.0,0.0,0.0,0.0,0.0,0.0,0.0,0.0,0.0,0.0,0.0,0.0,0.0,0.0,0.0,0.0,0.0,0.0,0.0,0.0,0.0,0.0,0.0,0.0,0.0,0.0,0.0,0.0,0.0,0.0,0.0,0.0,0.0,0.0,0.0,0.0,0.0,0.0,0.0,0.0,0.0,0.0,0.0,0.0,0.0,0.0,0.0,0.0,0.0,0.0,0.0,0.0,0.0,0.0,0.0,0.0,0.0,0.0,0.0,0.0,0.0,0.0,0.0,0.0,0.0,0.0,0.0
1894,-0.5309770772615261,-0.7770292063867387,-1.016361424422397,-1.1885806842687907,-1.2865363113049835,-1.3176374382707403,-1.2540567410388053,-1.2011589793851356,-1.1307722183573699,-0.8381976278429364,-0.3949419540511932,0.04857217785937909,0.4576252272594174,0.7878485504166092,1.0240792710263196,1.2133567667154275,1.3550779685399985,1.406166523361865,1.3611948106856182,1.170797329814918,0.9914273953475886,0.7912946586676626,0.3526050783085651,-0.02379609541274226,0.0,0.0,0.0,0.0,0.0,0.0,0.0,0.0,0.0,0.0,0.0,0.0,0.0,0.0,0.0,0.0,0.0,0.0,0.0,0.0,0.0,0.0,0.0,0.0,0.0,0.0,0.0,0.0,0.0,0.0,0.0,0.0,0.0,0.0,0.0,0.0,0.0,0.0,0.0,0.0,0.0,0.0,0.0,0.0,0.0,0.0,0.0,0.0,0.0,0.0,0.0,0.0,0.0,0.0,0.0,0.0,0.0,0.0,0.0,0.0,0.0,0.0,0.0,0.0,0.0,0.0,0.0,0.0,0.0,0.0,0.0,0.0
1895,-0.7690464669280459,-1.096016067970821,-1.3335471876141518,-1.46679413088033,-1.5129706177128335,-1.4594168223331254,-1.2800844701177427,-0.8363530226858762,-0.5513703258438585,-0.24571294949300798,0.06859682577123076,0.42644182925230695,0.7459430438645787,1.0334759214389633,1.214903064970219,1.2688211718831224,1.2560702682212872,1.213445818837438,1.1231876364883042,0.955331097568573,0.7964912690954254,0.5590512273353935,0.14683272752491985,-0.2572798406719585,0.0,0.0,0.0,0.0,0.0,0.0,0.0,0.0,0.0,0.0,0.0,0.0,0.0,0.0,0.0,0.0,0.0,0.0,0.0,0.0,0.0,0.0,0.0,0.0,0.0,0.0,0.0,0.0,0.0,0.0,0.0,0.0,0.0,0.0,0.0,0.0,0.0,0.0,0.0,0.0,0.0,0.0,0.0,0.0,0.0,0.0,0.0,0.0,0.0,0.0,0.0,0.0,0.0,0.0,0.0,0.0,0.0,0.0,0.0,0.0,0.0,0.0,0.0,0.0,0.0,0.0,0.0,0.0,0.0,0.0,0.0,0.0
1896,-0.7401659359915478,-1.0370736452337372,-1.2648120698439047,-1.4500662959544597,-1.5635501640554652,-1.5082532707702554,-1.2305164356809521,-0.8496036899497331,-0.5779360260746603,-0.29422635582214635,0.01578305635869909,0.3347517212843608,0.6657623925874636,0.9483160302277432,1.1421441648790362,1.2360718146230774,1.260926515786116,1.2755695955410844,1.2188276614905817,1.0217241011046245,0.8721142138712955,0.6244342267000855,0.1832151130306411,-0.28343671810795906,0.0,0.0,0.0,0.0,0.0,0.0,0.0,0.0,0.0,0.0,0.0,0.0,0.0,0.0,0.0,0.0,0.0,0.0,0.0,0.0,0.0,0.0,0.0,0.0,0.0,0.0,0.0,0.0,0.0,0.0,0.0,0.0,0.0,0.0,0.0,0.0,0.0,0.0,0.0,0.0,0.0,0.0,0.0,0.0,0.0,0.0,0.0,0.0,0.0,0.0,0.0,0.0,0.0,0.0,0.0,0.0,0.0,0.0,0.0,0.0,0.0,0.0,0.0,0.0,0.0,0.0,0.0,0.0,0.0,0.0,0.0,0.0
1897,-0.7062381142776256,-1.044300215079028,-1.3125044647923179,-1.4783034555241696,-1.5460066001663826,-1.4828396796208003,-1.3148859824430488,-0.8225922623562029,-0.5328409481839174,-0.23424399702320195,0.04541421853408028,0.372589381503569,0.6795783472430512,0.9518651986433085,1.149984786063654,1.236740071911716,1.2573798915513859,1.2384411559479527,1.1658615704018616,0.9956397611757948,0.8756566338199129,0.6534950586874247,0.18921252239727326,-0.3371028784143029,0.0,0.0,0.0,0.0,0.0,0.0,0.0,0.0,0.0,0.0,0.0,0.0,0.0,0.0,0.0,0.0,0.0,0.0,0.0,0.0,0.0,0.0,0.0,0.0,0.0,0.0,0.0,0.0,0.0,0.0,0.0,0.0,0.0,0.0,0.0,0.0,0.0,0.0,0.0,0.0,0.0,0.0,0.0,0.0,0.0,0.0,0.0,0.0,0.0,0.0,0.0,0.0,0.0,0.0,0.0,0.0,0.0,0.0,0.0,0.0,0.0,0.0,0.0,0.0,0.0,0.0,0.0,0.0,0.0,0.0,0.0,0.0
1898,-0.6728948674759666,-1.0178715465017258,-1.2785592132718209,-1.4733301414443347,-1.5578674276683513,-1.5520329894120681,-1.2978004458191374,-0.7643838248138524,-0.4102210089590518,-0.15102298599907155,0.1261748996664629,0.3945590594554846,0.7263772181585627,0.9884303917545963,1.2275182232780264,1.303738331562235,1.3295588242708922,1.291076359176259,1.1383878686394893,0.8775760648852179,0.7423908891172971,0.4833170031414931,0.03754109296463056,-0.4906617747052525,0.0,0.0,0.0,0.0,0.0,0.0,0.0,0.0,0.0,0.0,0.0,0.0,0.0,0.0,0.0,0.0,0.0,0.0,0.0,0.0,0.0,0.0,0.0,0.0,0.0,0.0,0.0,0.0,0.0,0.0,0.0,0.0,0.0,0.0,0.0,0.0,0.0,0.0,0.0,0.0,0.0,0.0,0.0,0.0,0.0,0.0,0.0,0.0,0.0,0.0,0.0,0.0,0.0,0.0,0.0,0.0,0.0,0.0,0.0,0.0,0.0,0.0,0.0,0.0,0.0,0.0,0.0,0.0,0.0,0.0,0.0,0.0
1899,-0.5542314319389501,-0.8121872657958984,-1.0965697676473658,-1.262492429384098,-1.361493827393416,-1.3881834473082788,-1.314556909612106,-1.178479290834358,-1.0406924845743775,-0.6481052675015704,-0.17728985412657974,0.24067222325937263,0.6378610989381905,0.9800930232652223,1.1783587712042018,1.249750217577455,1.2748621259702568,1.2991851786020283,1.2220087899812186,1.026766989126189,0.9417020428950751,0.7363365931068216,0.2861629054787937,-0.2394779832878114,0.0,0.0,0.0,0.0,0.0,0.0,0.0,0.0,0.0,0.0,0.0,0.0,0.0,0.0,0.0,0.0,0.0,0.0,0.0,0.0,0.0,0.0,0.0,0.0,0.0,0.0,0.0,0.0,0.0,0.0,0.0,0.0,0.0,0.0,0.0,0.0,0.0,0.0,0.0,0.0,0.0,0.0,0.0,0.0,0.0,0.0,0.0,0.0,0.0,0.0,0.0,0.0,0.0,0.0,0.0,0.0,0.0,0.0,0.0,0.0,0.0,0.0,0.0,0.0,0.0,0.0,0.0,0.0,0.0,0.0,0.0,0.0
1900,-0.5019154762820242,-0.774838042314312,-0.9769194031634364,-1.0877496973695915,-1.2398743624362842,-1.284609930868533,-1.2541138006640558,-1.2493673212547984,-1.197037385767738,-0.8574267840353869,-0.42027603044280065,-0.014689364921774618,0.37380997472592553,0.7174550839561453,0.9688998306615445,1.1318227363842972,1.29142310652057,1.4162555149840337,1.4086611479292221,1.2190392955293978,1.1369252017492486,0.9179938389972612,0.4141550497046116,-0.13762318162153558,0.0,0.0,0.0,0.0,0.0,0.0,0.0,0.0,0.0,0.0,0.0,0.0,0.0,0.0,0.0,0.0,0.0,0.0,0.0,0.0,0.0,0.0,0.0,0.0,0.0,0.0,0.0,0.0,0.0,0.0,0.0,0.0,0.0,0.0,0.0,0.0,0.0,0.0,0.0,0.0,0.0,0.0,0.0,0.0,0.0,0.0,0.0,0.0,0.0,0.0,0.0,0.0,0.0,0.0,0.0,0.0,0.0,0.0,0.0,0.0,0.0,0.0,0.0,0.0,0.0,0.0,0.0,0.0,0.0,0.0,0.0,0.0
1901,-0.8951637438961748,-1.1577728368107985,-1.3567829352906058,-1.4812432191017866,-1.519781682616924,-1.4152224086537237,-1.1340811584203454,-0.787340283132512,-0.500828919130631,-0.2490653501014147,0.004067071457027805,0.2779428736506671,0.5528716393283266,0.8503338235640171,1.0904094979206098,1.237087311244616,1.3060564194479354,1.3315381357612228,1.2260311946624043,1.0270210961825972,0.9312014191367641,0.6720671057194069,0.2307701095665647,-0.2401151604872435,0.0,0.0,0.0,0.0,0.0,0.0,0.0,0.0,0.0,0.0,0.0,0.0,0.0,0.0,0.0,0.0,0.0,0.0,0.0,0.0,0.0,0.0,0.0,0.0,0.0,0.0,0.0,0.0,0.0,0.0,0.0,0.0,0.0,0.0,0.0,0.0,0.0,0.0,0.0,0.0,0.0,0.0,0.0,0.0,0.0,0.0,0.0,0.0,0.0,0.0,0.0,0.0,0.0,0.0,0.0,0.0,0.0,0.0,0.0,0.0,0.0,0.0,0.0,0.0,0.0,0.0,0.0,0.0,0.0,0.0,0.0,0.0
1902,-0.7239617672613573,-1.0762314885387392,-1.3169454642273435,-1.4895598279638245,-1.5660206200586966,-1.4600756664078163,-1.2006590509262216,-0.7846903388244787,-0.5107516736212679,-0.33186642477772554,-0.08191114472082002,0.21458070376217311,0.501721232348671,0.7993132361136048,1.046628143493853,1.2218828799069914,1.3117655664415389,1.345210287012533,1.2698496501996017,1.048388391944958,0.9630163420663669,0.7399048508888121,0.2638676603931122,-0.18345547724393788,0.0,0.0,0.0,0.0,0.0,0.0,0.0,0.0,0.0,0.0,0.0,0.0,0.0,0.0,0.0,0.0,0.0,0.0,0.0,0.0,0.0,0.0,0.0,0.0,0.0,0.0,0.0,0.0,0.0,0.0,0.0,0.0,0.0,0.0,0.0,0.0,0.0,0.0,0.0,0.0,0.0,0.0,0.0,0.0,0.0,0.0,0.0,0.0,0.0,0.0,0.0,0.0,0.0,0.0,0.0,0.0,0.0,0.0,0.0,0.0,0.0,0.0,0.0,0.0,0.0,0.0,0.0,0.0,0.0,0.0,0.0,0.0
1903,-0.6320096419481464,-0.9928815913817536,-1.2613112976050682,-1.4384922637581292,-1.5222544841317747,-1.5842081471283442,-1.3010224020827292,-0.7999680838372696,-0.5226413542063916,-0.27981771535118616,-0.03341356707586377,0.22503411288530661,0.49802083109786105,0.7881505944127937,1.0639583200472584,1.2448282959058945,1.321537997724764,1.3340155305524446,1.2589333330154462,1.062113815194471,0.9756390876843732,0.7111153917375498,0.20474455950464376,-0.3200713212561376,0.0,0.0,0.0,0.0,0.0,0.0,0.0,0.0,0.0,0.0,0.0,0.0,0.0,0.0,0.0,0.0,0.0,0.0,0.0,0.0,0.0,0.0,0.0,0.0,0.0,0.0,0.0,0.0,0.0,0.0,0.0,0.0,0.0,0.0,0.0,0.0,0.0,0.0,0.0,0.0,0.0,0.0,0.0,0.0,0.0,0.0,0.0,0.0,0.0,0.0,0.0,0.0,0.0,0.0,0.0,0.0,0.0,0.0,0.0,0.0,0.0,0.0,0.0,0.0,0.0,0.0,0.0,0.0,0.0,0.0,0.0,0.0
1904,-0.6602602844577893,-1.0015415178337128,-1.3167285552114016,-1.5059436119079588,-1.5753567441200111,-1.4619819615069924,-1.312358098738791,-0.7484406709345816,-0.4630755718405891,-0.23195555014194116,0.02435886769293314,0.33671796264716813,0.6422642872176276,0.9674776659148353,1.2201928843016772,1.3312538958409608,1.3226415257331692,1.2843357601791108,1.1156875574713097,0.8877811067084049,0.8475471985929006,0.5923896662948939,0.09878517056474469,-0.3937909824659666,0.0,0.0,0.0,0.0,0.0,0.0,0.0,0.0,0.0,0.0,0.0,0.0,0.0,0.0,0.0,0.0,0.0,0.0,0.0,0.0,0.0,0.0,0.0,0.0,0.0,0.0,0.0,0.0,0.0,0.0,0.0,0.0,0.0,0.0,0.0,0.0,0.0,0.0,0.0,0.0,0.0,0.0,0.0,0.0,0.0,0.0,0.0,0.0,0.0,0.0,0.0,0.0,0.0,0.0,0.0,0.0,0.0,0.0,0.0,0.0,0.0,0.0,0.0,0.0,0.0,0.0,0.0,0.0,0.0,0.0,0.0,0.0
1905,-0.3568841958869626,-0.9246083341062847,-1.37722895116604,-1.6250212536623299,-1.7265361646850035,-1.5554795429617583,-1.2877039902641547,-0.528340482614234,-0.057335275369270196,0.1976509971994926,0.4284575370246658,0.6602632393599047,0.8850748041246839,1.087904793668018,1.2311846976114371,1.2131997724302548,1.168237459477299,1.1432583967256569,0.9460237172386907,0.6710541944686141,0.6406796541626173,0.3657101313925408,-0.249574142305908,-0.9499870618619531,0.0,0.0,0.0,0.0,0.0,0.0,0.0,0.0,0.0,0.0,0.0,0.0,0.0,0.0,0.0,0.0,0.0,0.0,0.0,0.0,0.0,0.0,0.0,0.0,0.0,0.0,0.0,0.0,0.0,0.0,0.0,0.0,0.0,0.0,0.0,0.0,0.0,0.0,0.0,0.0,0.0,0.0,0.0,0.0,0.0,0.0,0.0,0.0,0.0,0.0,0.0,0.0,0.0,0.0,0.0,0.0,0.0,0.0,0.0,0.0,0.0,0.0,0.0,0.0,0.0,0.0,0.0,0.0,0.0,0.0,0.0,0.0
1906,-0.10115016235368207,-0.5927180063995363,-1.20888464424868,-1.5156268802653887,-1.7026469875983103,-1.5953603549692548,-1.3417737687551237,-1.137441500247968,-0.7992447742104681,-0.27280877456017083,0.1543870899082501,0.39212451448399804,0.5593941280829345,0.6537575981453083,0.7059379149239854,0.8412653719901804,1.0421839749136843,1.1784867650037798,1.2977212271756164,1.1684896015087995,1.2772392336737057,1.0287731458350522,0.3645713565588088,-0.3966760685955349,-1.0,-1.0,-1.0,-1.0,-1.0,-1.0,-1.0,-1.0,-1.0,-1.0,-1.0,-1.0,-1.0,-1.0,-1.0,-1.0,-1.0,-1.0,-1.0,-1.0,-1.0,-1.0,-1.0,-1.0,-1.0,-1.0,-1.0,-1.0,-1.0,-1.0,-1.0,-1.0,-1.0,-1.0,-1.0,-1.0,-1.0,-1.0,-1.0,-1.0,-1.0,-1.0,-1.0,-1.0,-1.0,-1.0,-1.0,-1.0,-1.0,-1.0,-1.0,-1.0,-1.0,-1.0,-1.0,-1.0,-1.0,-1.0,-1.0,-1.0,-1.0,-1.0,-1.0,-1.0,-1.0,-1.0,-1.0,-1.0,-1.0,-1.0,-1.0,-1.0
1907,-0.57235892990088,-0.8700914919533819,-1.1303898429875867,-1.3029354388905279,-1.4044430901633984,-1.3755403970050852,-1.268809367450592,-1.1401401491132825,-0.9656793145070798,-0.5549476689621372,-0.18321724791997848,0.06437088262894411,0.29663710355177303,0.4773659920959233,0.6156114039495411,0.7641294597570172,0.9424207717697434,1.1675483757076879,1.3313883411412575,1.338526958126142,1.5462433011253436,1.348625489470613,0.7540309284125464,0.12165393111740791,0.0,0.0,0.0,0.0,0.0,0.0,0.0,0.0,0.0,0.0,0.0,0.0,0.0,0.0,0.0,0.0,0.0,0.0,0.0,0.0,0.0,0.0,0.0,0.0,0.0,0.0,0.0,0.0,0.0,0.0,0.0,0.0,0.0,0.0,0.0,0.0,0.0,0.0,0.0,0.0,0.0,0.0,0.0,0.0,0.0,0.0,0.0,0.0,0.0,0.0,0.0,0.0,0.0,0.0,0.0,0.0,0.0,0.0,0.0,0.0,0.0,0.0,0.0,0.0,0.0,0.0,0.0,0.0,0.0,0.0,0.0,0.0
1908,-1.178192637707786,-1.3877497170283501,-1.5502211316126888,-1.6392182122130272,-1.6248596715929144,-1.426815296012801,-1.0462492914689123,-0.46298208736000873,-0.11177994516535956,0.09842391526421868,0.27150254003638835,0.43164554262827626,0.6251624504452911,0.747792148714362,0.9103929195205034,1.0052110301019686,1.0468637335224757,1.1024869088976872,1.1024869088976872,1.016853090064222,1.0823073382964477,0.8268288002358833,0.3152249430057406,-0.1551142794693034,0.0,0.0,0.0,0.0,0.0,0.0,0.0,0.0,0.0,0.0,0.0,0.0,0.0,0.0,0.0,0.0,0.0,0.0,0.0,0.0,0.0,0.0,0.0,0.0,0.0,0.0,0.0,0.0,0.0,0.0,0.0,0.0,0.0,0.0,0.0,0.0,0.0,0.0,0.0,0.0,0.0,0.0,0.0,0.0,0.0,0.0,0.0,0.0,0.0,0.0,0.0,0.0,0.0,0.0,0.0,0.0,0.0,0.0,0.0,0.0,0.0,0.0,0.0,0.0,0.0,0.0,0.0,0.0,0.0,0.0,0.0,0.0
1909,-0.8462284429910738,-1.2267768790632219,-1.52257252121412,-1.6463451658020842,-1.6562749485882373,-1.5001955459213805,-1.1357305608408887,-0.5820402784411702,-0.23393845654349413,-0.020937622975731714,0.1758399035047947,0.3790508103819837,0.5730312149509177,0.7514875929105138,0.9408527463253202,1.0215497134747615,1.0842052442944317,1.1423853800555537,1.131616460695923,1.0724573322657434,1.128259914402012,0.8622536206095734,0.32101053071644103,-0.21296004220655101,0.0,0.0,0.0,0.0,0.0,0.0,0.0,0.0,0.0,0.0,0.0,0.0,0.0,0.0,0.0,0.0,0.0,0.0,0.0,0.0,0.0,0.0,0.0,0.0,0.0,0.0,0.0,0.0,0.0,0.0,0.0,0.0,0.0,0.0,0.0,0.0,0.0,0.0,0.0,0.0,0.0,0.0,0.0,0.0,0.0,0.0,0.0,0.0,0.0,0.0,0.0,0.0,0.0,0.0,0.0,0.0,0.0,0.0,0.0,0.0,0.0,0.0,0.0,0.0,0.0,0.0,0.0,0.0,0.0,0.0,0.0,0.0
1910,-0.7892585126663848,-1.162693505185942,-1.438008223554212,-1.5782926315777388,-1.6308336083655766,-1.5000065761638606,-1.2746057857440365,-0.694290697122368,-0.31376267273645275,-0.08271372731193609,0.15910611835408736,0.4271964524140297,0.6175261408279721,0.8258511137917489,0.9939822395128298,1.0915771038962385,1.1625074225598195,1.1920617220029783,1.1099664457719818,1.0173629741834176,1.0515146090955123,0.7843437421293571,0.27377680019354333,-0.2423069443049934,0.0,0.0,0.0,0.0,0.0,0.0,0.0,0.0,0.0,0.0,0.0,0.0,0.0,0.0,0.0,0.0,0.0,0.0,0.0,0.0,0.0,0.0,0.0,0.0,0.0,0.0,0.0,0.0,0.0,0.0,0.0,0.0,0.0,0.0,0.0,0.0,0.0,0.0,0.0,0.0,0.0,0.0,0.0,0.0,0.0,0.0,0.0,0.0,0.0,0.0,0.0,0.0,0.0,0.0,0.0,0.0,0.0,0.0,0.0,0.0,0.0,0.0,0.0,0.0,0.0,0.0,0.0,0.0,0.0,0.0,0.0,0.0
1911,-0.7117262871995274,-1.138701063122683,-1.4423913575271863,-1.629399133334874,-1.7107755023931697,-1.5761528671609277,-1.1718543986649514,-0.6645079002150843,-0.27642729715753384,-0.02756199919089459,0.1605939440814607,0.411899097910518,0.6310555627288906,0.8378692273020896,1.015978705258606,1.1098413954951585,1.1516059870224318,1.1840417178992833,1.100943097643987,0.9783762207907516,1.0452569756076224,0.7013808199397633,0.2517297365894283,-0.23107468230317513,0.0,0.0,0.0,0.0,0.0,0.0,0.0,0.0,0.0,0.0,0.0,0.0,0.0,0.0,0.0,0.0,0.0,0.0,0.0,0.0,0.0,0.0,0.0,0.0,0.0,0.0,0.0,0.0,0.0,0.0,0.0,0.0,0.0,0.0,0.0,0.0,0.0,0.0,0.0,0.0,0.0,0.0,0.0,0.0,0.0,0.0,0.0,0.0,0.0,0.0,0.0,0.0,0.0,0.0,0.0,0.0,0.0,0.0,0.0,0.0,0.0,0.0,0.0,0.0,0.0,0.0,0.0,0.0,0.0,0.0,0.0,0.0
1912,-0.7386470301158913,-1.1123842443361194,-1.3777547320587016,-1.5124512818673617,-1.5638919551879542,-1.4628390684989232,-1.169919784163891,-0.7407192847283322,-0.4342693967473623,-0.18584263791473835,0.08635410029588447,0.3327086045160675,0.5574872813008361,0.809205268047337,1.0832304662101135,1.249498424525962,1.341165216793937,1.3829760010331862,1.2525458577795514,0.9864439860761078,0.8922173498751175,0.5604128172242822,0.10085988258297096,-0.33638584064206445,0.0,0.0,0.0,0.0,0.0,0.0,0.0,0.0,0.0,0.0,0.0,0.0,0.0,0.0,0.0,0.0,0.0,0.0,0.0,0.0,0.0,0.0,0.0,0.0,0.0,0.0,0.0,0.0,0.0,0.0,0.0,0.0,0.0,0.0,0.0,0.0,0.0,0.0,0.0,0.0,0.0,0.0,0.0,0.0,0.0,0.0,0.0,0.0,0.0,0.0,0.0,0.0,0.0,0.0,0.0,0.0,0.0,0.0,0.0,0.0,0.0,0.0,0.0,0.0,0.0,0.0,0.0,0.0,0.0,0.0,0.0,0.0
1913,-0.4180734960529948,-0.808190432905756,-1.0858892188377112,-1.3187846590806935,-1.4437696020849922,-1.444042793217242,-1.2997978753893302,-1.0906700636520832,-0.8762150248359644,-0.6556131855442244,-0.2616715728399655,0.0956624281428158,0.4217160444829912,0.7091131156098154,0.9313541016950543,1.154278065610918,1.3266616700605625,1.4198198461577554,1.394549666424646,1.1781822896827783,1.1142555647363175,0.7753619651803998,0.2923600433626954,-0.11059687670580798,0.0,0.0,0.0,0.0,0.0,0.0,0.0,0.0,0.0,0.0,0.0,0.0,0.0,0.0,0.0,0.0,0.0,0.0,0.0,0.0,0.0,0.0,0.0,0.0,0.0,0.0,0.0,0.0,0.0,0.0,0.0,0.0,0.0,0.0,0.0,0.0,0.0,0.0,0.0,0.0,0.0,0.0,0.0,0.0,0.0,0.0,0.0,0.0,0.0,0.0,0.0,0.0,0.0,0.0,0.0,0.0,0.0,0.0,0.0,0.0,0.0,0.0,0.0,0.0,0.0,0.0,0.0,0.0,0.0,0.0,0.0,0.0
1914,-0.36998591645892104,-0.6886942917072532,-0.933740684755332,-1.1426347146800035,-1.2603458219145791,-1.3660883993779243,-1.3580682505621513,-1.2773732147849894,-1.141277458726565,-0.7807409227313553,-0.42970517841021516,-0.05090738049601477,0.32036381622184484,0.6891672748425436,0.9417402690869632,1.1423673763861455,1.2808074836368728,1.3953105313451393,1.3880307039585147,1.2507010788515096,1.211093882392077,0.8477194475851323,0.38181049484115165,-0.04955012454257627,0.0,0.0,0.0,0.0,0.0,0.0,0.0,0.0,0.0,0.0,0.0,0.0,0.0,0.0,0.0,0.0,0.0,0.0,0.0,0.0,0.0,0.0,0.0,0.0,0.0,0.0,0.0,0.0,0.0,0.0,0.0,0.0,0.0,0.0,0.0,0.0,0.0,0.0,0.0,0.0,0.0,0.0,0.0,0.0,0.0,0.0,0.0,0.0,0.0,0.0,0.0,0.0,0.0,0.0,0.0,0.0,0.0,0.0,0.0,0.0,0.0,0.0,0.0,0.0,0.0,0.0,0.0,0.0,0.0,0.0,0.0,0.0
1915,-0.8092949718496983,-1.2534127274135478,-1.5327331423671737,-1.6925882669715062,-1.705881123814937,-1.4974559453596077,-1.0357848019127667,-0.3063818879399057,0.23317176291011243,0.4828388818283931,0.7492072824217533,0.9796168010412177,1.1525943612473986,1.1931546167440201,1.1399831893702976,0.9675168928888642,0.7659085640968328,0.7355735830951577,0.6726881449512359,0.6430348489158906,0.7541494984276441,0.39421983620552215,-0.20191366684986745,-0.8282117296653496,0.0,0.0,0.0,0.0,0.0,0.0,0.0,0.0,0.0,0.0,0.0,0.0,0.0,0.0,0.0,0.0,0.0,0.0,0.0,0.0,0.0,0.0,0.0,0.0,0.0,0.0,0.0,0.0,0.0,0.0,0.0,0.0,0.0,0.0,0.0,0.0,0.0,0.0,0.0,0.0,0.0,0.0,0.0,0.0,0.0,0.0,0.0,0.0,0.0,0.0,0.0,0.0,0.0,0.0,0.0,0.0,0.0,0.0,0.0,0.0,0.0,0.0,0.0,0.0,0.0,0.0,0.0,0.0,0.0,0.0,0.0,0.0
1916,-0.9359526675282391,-1.3201313830341666,-1.566989654858565,-1.7320927140787539,-1.7632375569755956,-1.5397379173238284,-1.1383941463577099,-0.3121710129182003,0.17482107601423277,0.4108848284255212,0.5628928968822654,0.6757929523833164,0.803911510663506,0.8713330171617825,0.9279600042469491,0.9191120375148918,0.8723947731696293,0.8435504016231226,0.8709790984925001,0.9161037288259923,1.116067776970487,0.6938428045167132,0.05802791515107657,-0.40896776896690706,1.0,1.0,1.0,1.0,1.0,1.0,1.0,1.0,1.0,1.0,1.0,1.0,1.0,1.0,1.0,1.0,1.0,1.0,1.0,1.0,1.0,1.0,1.0,1.0,1.0,1.0,1.0,1.0,1.0,1.0,1.0,1.0,1.0,1.0,1.0,1.0,1.0,1.0,1.0,1.0,1.0,1.0,1.0,1.0,1.0,1.0,1.0,1.0,1.0,1.0,1.0,1.0,1.0,1.0,1.0,1.0,1.0,1.0,1.0,1.0,1.0,1.0,1.0,1.0,1.0,1.0,1.0,1.0,1.0,1.0,1.0,1.0
1917,-1.0458718736233283,-1.2842233560893137,-1.5283163781719926,-1.6408195193099089,-1.6699927476325684,-1.5812316486934126,-1.1718753916977946,-0.3581285335912668,0.04796901173001152,0.23526734463134238,0.34885672299403847,0.4866536737946862,0.6644862251657925,0.7928173944362155,0.9147863171043564,0.9687878248505561,1.0074268347034405,1.0753942496253817,1.0407898351788225,1.0161167325016796,1.081911672974061,0.7566612125256852,0.1800244229139656,-0.33749002632044905,0.0,0.0,0.0,0.0,0.0,0.0,0.0,0.0,0.0,0.0,0.0,0.0,0.0,0.0,0.0,0.0,0.0,0.0,0.0,0.0,0.0,0.0,0.0,0.0,0.0,0.0,0.0,0.0,0.0,0.0,0.0,0.0,0.0,0.0,0.0,0.0,0.0,0.0,0.0,0.0,0.0,0.0,0.0,0.0,0.0,0.0,0.0,0.0,0.0,0.0,0.0,0.0,0.0,0.0,0.0,0.0,0.0,0.0,0.0,0.0,0.0,0.0,0.0,0.0,0.0,0.0,0.0,0.0,0.0,0.0,0.0,0.0
1918,-0.849289296073092,-1.3127841405730052,-1.5651714449942244,-1.7262096131137339,-1.7431609992315769,-1.6634267015661668,-1.1181571147755476,-0.30245013649378366,0.09873266829516938,0.3012075580360729,0.48861454900556034,0.6272078262468145,0.7312705021369067,0.8510289059138907,0.9599572574489195,0.945517187792979,0.8902682256311201,0.898116089574566,0.8664107192430447,0.9117713728361618,1.0743791137443603,0.7874612079719792,0.24391815124891802,-0.39521188830531384,-1.0,-1.0,-1.0,-1.0,-1.0,-1.0,-1.0,-1.0,-1.0,-1.0,-1.0,-1.0,-1.0,-1.0,-1.0,-1.0,-1.0,-1.0,-1.0,-1.0,-1.0,-1.0,-1.0,-1.0,-1.0,-1.0,-1.0,-1.0,-1.0,-1.0,-1.0,-1.0,-1.0,-1.0,-1.0,-1.0,-1.0,-1.0,-1.0,-1.0,-1.0,-1.0,-1.0,-1.0,-1.0,-1.0,-1.0,-1.0,-1.0,-1.0,-1.0,-1.0,-1.0,-1.0,-1.0,-1.0,-1.0,-1.0,-1.0,-1.0,-1.0,-1.0,-1.0,-1.0,-1.0,-1.0,-1.0,-1.0,-1.0,-1.0,-1.0,-1.0
1919,-0.9611188805490634,-1.3620491204073053,-1.620426386093728,-1.7534334021736844,-1.7981933390044194,-1.5631506375425506,-0.941178434757172,0.03250929061284422,0.6010241280837906,0.8029741748272013,0.8642804390171652,0.8693716166661588,0.8725536026967798,0.889736327262133,0.8912212540764228,0.8190962373823475,0.7200304056290148,0.711120844743276,0.651935904573726,0.7145149631759384,0.8521888921008056,0.4854119689712287,-0.06867786516090256,-0.7097419841300069,1.0,1.0,1.0,1.0,1.0,1.0,1.0,1.0,1.0,1.0,1.0,1.0,1.0,1.0,1.0,1.0,1.0,1.0,1.0,1.0,1.0,1.0,1.0,1.0,1.0,1.0,1.0,1.0,1.0,1.0,1.0,1.0,1.0,1.0,1.0,1.0,1.0,1.0,1.0,1.0,1.0,1.0,1.0,1.0,1.0,1.0,1.0,1.0,1.0,1.0,1.0,1.0,1.0,1.0,1.0,1.0,1.0,1.0,1.0,1.0,1.0,1.0,1.0,1.0,1.0,1.0,1.0,1.0,1.0,1.0,1.0,1.0
1920,-0.4286021493278568,-0.9910718018473306,-1.3726301626207749,-1.6094594899973953,-1.716635724956028,-1.6075407338728163,-1.3665997862292405,-0.9052759922768651,-0.33321255913449577,0.23007941743836904,0.5932725410194133,0.71936222920604,0.702367532102625,0.6028663216423088,0.5924502169660222,0.6302771234220103,0.7741838327654429,0.9899068427716933,1.1261385276168094,1.266755940746678,1.3402168895162778,0.9564656646004575,0.30408858224356294,-0.49740326179490746,0.0,0.0,0.0,0.0,0.0,0.0,0.0,0.0,0.0,0.0,0.0,0.0,0.0,0.0,0.0,0.0,0.0,0.0,0.0,0.0,0.0,0.0,0.0,0.0,0.0,0.0,0.0,0.0,0.0,0.0,0.0,0.0,0.0,0.0,0.0,0.0,0.0,0.0,0.0,0.0,0.0,0.0,0.0,0.0,0.0,0.0,0.0,0.0,0.0,0.0,0.0,0.0,0.0,0.0,0.0,0.0,0.0,0.0,0.0,0.0,0.0,0.0,0.0,0.0,0.0,0.0,0.0,0.0,0.0,0.0,0.0,0.0
1921,-0.7375935328424448,-0.9824644609743632,-1.1281204440873147,-1.2932441350881487,-1.4030138614921122,-1.3809660959323418,-1.2151387528391746,-1.1834744086841853,-0.8506469690106294,-0.3383882457921333,0.03806562360607472,0.2076457778583516,0.3504871526019707,0.47550267433981797,0.4872302092120363,0.5224128138286912,0.6417991188278737,0.8761152655747957,1.1749328541189183,1.4702321822013757,1.8382422264915865,1.5180805244800264,0.794960724259045,0.11734375934227055,0.0,0.0,0.0,0.0,0.0,0.0,0.0,0.0,0.0,0.0,0.0,0.0,0.0,0.0,0.0,0.0,0.0,0.0,0.0,0.0,0.0,0.0,0.0,0.0,0.0,0.0,0.0,0.0,0.0,0.0,0.0,0.0,0.0,0.0,0.0,0.0,0.0,0.0,0.0,0.0,0.0,0.0,0.0,0.0,0.0,0.0,0.0,0.0,0.0,0.0,0.0,0.0,0.0,0.0,0.0,0.0,0.0,0.0,0.0,0.0,0.0,0.0,0.0,0.0,0.0,0.0,0.0,0.0,0.0,0.0,0.0,0.0
1922,-1.4027072724376484,-1.5780381690282068,-1.6370160208977913,-1.648875697632436,-1.6950322773564586,-1.5102456925585486,-0.8739900623350417,0.03664079180348847,0.5198424857893506,0.6632804679178238,0.682352110234347,0.6392405826448954,0.692769393852616,0.7432531529257658,0.7852428192024808,0.7115205043655002,0.7451763437476001,0.7914931893734423,0.8381305668029235,0.8993521412979812,1.0698750608339538,0.713283429285515,0.15331436832810127,-0.3388622161596542,0.0,0.0,0.0,0.0,0.0,0.0,0.0,0.0,0.0,0.0,0.0,0.0,0.0,0.0,0.0,0.0,0.0,0.0,0.0,0.0,0.0,0.0,0.0,0.0,0.0,0.0,0.0,0.0,0.0,0.0,0.0,0.0,0.0,0.0,0.0,0.0,0.0,0.0,0.0,0.0,0.0,0.0,0.0,0.0,0.0,0.0,0.0,0.0,0.0,0.0,0.0,0.0,0.0,0.0,0.0,0.0,0.0,0.0,0.0,0.0,0.0,0.0,0.0,0.0,0.0,0.0,0.0,0.0,0.0,0.0,0.0,0.0
1923,-1.002922518656112,-1.3200995581919799,-1.5385266328414229,-1.6734086213038408,-1.6662149152525119,-1.5875746286459385,-1.1314282676639429,-0.2577199690661709,0.19957084515126336,0.31908446159493314,0.35734189832245533,0.4503695970316867,0.5326067366639246,0.6542457662591235,0.8242788183814443,0.9011206784751855,0.9588338202051656,1.0397630132826163,1.0629790646300872,1.0987841015673836,1.2053817457825309,0.8311455377940765,0.22540278960830826,-0.48301376312824607,0.0,0.0,0.0,0.0,0.0,0.0,0.0,0.0,0.0,0.0,0.0,0.0,0.0,0.0,0.0,0.0,0.0,0.0,0.0,0.0,0.0,0.0,0.0,0.0,0.0,0.0,0.0,0.0,0.0,0.0,0.0,0.0,0.0,0.0,0.0,0.0,0.0,0.0,0.0,0.0,0.0,0.0,0.0,0.0,0.0,0.0,0.0,0.0,0.0,0.0,0.0,0.0,0.0,0.0,0.0,0.0,0.0,0.0,0.0,0.0,0.0,0.0,0.0,0.0,0.0,0.0,0.0,0.0,0.0,0.0,0.0,0.0
1924,-0.9828321947234993,-1.2426454854733517,-1.4710977253836468,-1.5656767047930635,-1.5582393014319036,-1.377014572864974,-1.157983043878815,-0.5736510531370187,-0.2472730023047851,-0.11823405398866083,0.02109330231040132,0.21806053465845268,0.45333039431647754,0.7059541951505421,0.943951102707659,1.093194996821601,1.1883937598444478,1.2561980871536889,1.242314934212857,1.1829396640462637,1.1812042699286598,0.7440089090151437,0.23591030272523644,-0.1719073149116981,0.0,0.0,0.0,0.0,0.0,0.0,0.0,0.0,0.0,0.0,0.0,0.0,0.0,0.0,0.0,0.0,0.0,0.0,0.0,0.0,0.0,0.0,0.0,0.0,0.0,0.0,0.0,0.0,0.0,0.0,0.0,0.0,0.0,0.0,0.0,0.0,0.0,0.0,0.0,0.0,0.0,0.0,0.0,0.0,0.0,0.0,0.0,0.0,0.0,0.0,0.0,0.0,0.0,0.0,0.0,0.0,0.0,0.0,0.0,0.0,0.0,0.0,0.0,0.0,0.0,0.0,0.0,0.0,0.0,0.0,0.0,0.0
1925,-0.7585239191445409,-1.1561710127273774,-1.4730903854876871,-1.661665295846558,-1.7061286108308404,-1.5746307218347715,-1.2685906708259351,-0.531950218320379,-0.09078583773164922,0.08202193965407197,0.23054833226114255,0.41896557129028195,0.6343446077035074,0.8743203715548465,1.02000868022675,1.096006261157332,1.0685714497840513,1.0477588342594937,1.0100753864536658,1.0207970368754076,1.0572191140433835,0.7806636016943371,0.2448964232667088,-0.36466093747526024,0.0,0.0,0.0,0.0,0.0,0.0,0.0,0.0,0.0,0.0,0.0,0.0,0.0,0.0,0.0,0.0,0.0,0.0,0.0,0.0,0.0,0.0,0.0,0.0,0.0,0.0,0.0,0.0,0.0,0.0,0.0,0.0,0.0,0.0,0.0,0.0,0.0,0.0,0.0,0.0,0.0,0.0,0.0,0.0,0.0,0.0,0.0,0.0,0.0,0.0,0.0,0.0,0.0,0.0,0.0,0.0,0.0,0.0,0.0,0.0,0.0,0.0,0.0,0.0,0.0,0.0,0.0,0.0,0.0,0.0,0.0,0.0
1926,-0.7797646576797402,-1.1653143806428254,-1.4013109007506115,-1.5641751216610944,-1.6171059934570011,-1.5337946804527927,-1.1784687984855953,-0.5473699424574744,-0.09730093197985178,0.12350536752378354,0.3435286659653492,0.5668405688676074,0.8020540879133238,0.9570882982031104,1.1575365700929352,1.1930848183108964,1.1999752276571092,1.1979394248957282,1.0701536515659646,0.926081456145153,0.8031502894002213,0.3922313320260801,-0.15571281121024608,-0.6928515397900115,0.0,0.0,0.0,0.0,0.0,0.0,0.0,0.0,0.0,0.0,0.0,0.0,0.0,0.0,0.0,0.0,0.0,0.0,0.0,0.0,0.0,0.0,0.0,0.0,0.0,0.0,0.0,0.0,0.0,0.0,0.0,0.0,0.0,0.0,0.0,0.0,0.0,0.0,0.0,0.0,0.0,0.0,0.0,0.0,0.0,0.0,0.0,0.0,0.0,0.0,0.0,0.0,0.0,0.0,0.0,0.0,0.0,0.0,0.0,0.0,0.0,0.0,0.0,0.0,0.0,0.0,0.0,0.0,0.0,0.0,0.0,0.0
1927,-0.25733437074877297,-0.6493734191780784,-0.9970238236088917,-1.28918842304159,-1.4883915590184296,-1.497851433968928,-1.4390910568725634,-1.2753624519600923,-0.95081597288915,-0.5620514965580939,-0.14108706126091858,0.18582438654764846,0.43614723139160405,0.6933830617763085,0.8698461137375272,0.9955532981758799,1.129446912859856,1.2578829073800832,1.3200997772468224,1.3290138901809456,1.288081738952828,0.8916765943925232,0.37029194808236576,-0.21967679161890463,1.0,1.0,1.0,1.0,1.0,1.0,1.0,1.0,1.0,1.0,1.0,1.0,1.0,1.0,1.0,1.0,1.0,1.0,1.0,1.0,1.0,1.0,1.0,1.0,1.0,1.0,1.0,1.0,1.0,1.0,1.0,1.0,1.0,1.0,1.0,1.0,1.0,1.0,1.0,1.0,1.0,1.0,1.0,1.0,1.0,1.0,1.0,1.0,1.0,1.0,1.0,1.0,1.0,1.0,1.0,1.0,1.0,1.0,1.0,1.0,1.0,1.0,1.0,1.0,1.0,1.0,1.0,1.0,1.0,1.0,1.0,1.0
1928,-0.5768791176354502,-0.7966506012069444,-1.0271457220365197,-1.1646605998166166,-1.2325349156383525,-1.2544868319078357,-1.3663911407068687,-1.2484311308679783,-1.0752128490403885,-0.7230990656603422,-0.3774194646351445,-0.07551753571058317,0.22802447891227287,0.5352251462467095,0.7263582103172112,0.9330090083023476,1.1301977734127067,1.3199430726615742,1.4308380979539643,1.4281887287490267,1.4021996784529718,1.0413808248281302,0.6013332159318203,0.14173073909430384,-1.0,-1.0,-1.0,-1.0,-1.0,-1.0,-1.0,-1.0,-1.0,-1.0,-1.0,-1.0,-1.0,-1.0,-1.0,-1.0,-1.0,-1.0,-1.0,-1.0,-1.0,-1.0,-1.0,-1.0,-1.0,-1.0,-1.0,-1.0,-1.0,-1.0,-1.0,-1.0,-1.0,-1.0,-1.0,-1.0,-1.0,-1.0,-1.0,-1.0,-1.0,-1.0,-1.0,-1.0,-1.0,-1.0,-1.0,-1.0,-1.0,-1.0,-1.0,-1.0,-1.0,-1.0,-1.0,-1.0,-1.0,-1.0,-1.0,-1.0,-1.0,-1.0,-1.0,-1.0,-1.0,-1.0,-1.0,-1.0,-1.0,-1.0,-1.0,-1.0
1929,-0.9723071470991607,-1.2215709959727137,-1.4486950236599483,-1.6490985775016256,-1.6772186952152832,-1.5126969205376395,-1.1126532549641577,-0.4876486476814151,-0.08913186632767939,0.16356747204030245,0.3836932803870338,0.6166703642499617,0.8116025829708822,0.9463501153634768,1.0836424547889816,1.131739307710984,1.1018378250742893,1.090258953074548,1.029819786042931,0.9394791363746192,0.8748410377387005,0.4805231879892666,0.019913115032522233,-0.5029174898788762,1.0,1.0,1.0,1.0,1.0,1.0,1.0,1.0,1.0,1.0,1.0,1.0,1.0,1.0,1.0,1.0,1.0,1.0,1.0,1.0,1.0,1.0,1.0,1.0,1.0,1.0,1.0,1.0,1.0,1.0,1.0,1.0,1.0,1.0,1.0,1.0,1.0,1.0,1.0,1.0,1.0,1.0,1.0,1.0,1.0,1.0,1.0,1.0,1.0,1.0,1.0,1.0,1.0,1.0,1.0,1.0,1.0,1.0,1.0,1.0,1.0,1.0,1.0,1.0,1.0,1.0,1.0,1.0,1.0,1.0,1.0,1.0
1930,-0.9068037613616468,-1.2231847555771007,-1.4605918750216385,-1.6174068025892983,-1.718875285133078,-1.594103036263454,-1.170265786212163,-0.36952248218246153,0.1017314590734986,0.2566044061140047,0.3422133810193629,0.4673092933101792,0.6370707577255302,0.7963131609521321,0.9395342248297162,1.041002707373496,1.0605843443556289,1.0798423179165697,1.0761201885728584,1.083888110681473,1.0570240467225138,0.6624783362891242,0.03457129917610044,-0.5755342497713479,0.0,0.0,0.0,0.0,0.0,0.0,0.0,0.0,0.0,0.0,0.0,0.0,0.0,0.0,0.0,0.0,0.0,0.0,0.0,0.0,0.0,0.0,0.0,0.0,0.0,0.0,0.0,0.0,0.0,0.0,0.0,0.0,0.0,0.0,0.0,0.0,0.0,0.0,0.0,0.0,0.0,0.0,0.0,0.0,0.0,0.0,0.0,0.0,0.0,0.0,0.0,0.0,0.0,0.0,0.0,0.0,0.0,0.0,0.0,0.0,0.0,0.0,0.0,0.0,0.0,0.0,0.0,0.0,0.0,0.0,0.0,0.0
1931,-0.9475346002418517,-1.236427051207785,-1.4820539485608486,-1.6194410574017155,-1.6622511841344496,-1.5535559687421174,-1.1621924697457033,-0.4329022256887702,0.0317850010094547,0.18693375817560492,0.2881903345257245,0.3997699201589147,0.5327545691584721,0.6901804607252996,0.8907200969449517,0.9989598854571485,1.0927778227650553,1.1460627677409054,1.1644316519063693,1.1527423619828923,1.124354086454448,0.7023251775289122,0.17342276073158597,-0.47905214954249786,0.0,0.0,0.0,0.0,0.0,0.0,0.0,0.0,0.0,0.0,0.0,0.0,0.0,0.0,0.0,0.0,0.0,0.0,0.0,0.0,0.0,0.0,0.0,0.0,0.0,0.0,0.0,0.0,0.0,0.0,0.0,0.0,0.0,0.0,0.0,0.0,0.0,0.0,0.0,0.0,0.0,0.0,0.0,0.0,0.0,0.0,0.0,0.0,0.0,0.0,0.0,0.0,0.0,0.0,0.0,0.0,0.0,0.0,0.0,0.0,0.0,0.0,0.0,0.0,0.0,0.0,0.0,0.0,0.0,0.0,0.0,0.0
1932,-0.9606913447261816,-1.3181075158193498,-1.578046549341654,-1.7244889467155566,-1.7660489666101111,-1.5940660479191913,-1.10108864829724,-0.3385000650684339,0.1111037865181096,0.27069426291319865,0.4132073493152526,0.5572317091680176,0.6813072594713965,0.7754595954506962,0.8913742691202353,0.9049757301766349,0.8764126619581957,0.872634478331418,0.9146478802611858,1.0932804021352343,1.1213900883184602,0.8146015778241129,0.3213219235120195,-0.23860488997643212,1.0,1.0,1.0,1.0,1.0,1.0,1.0,1.0,1.0,1.0,1.0,1.0,1.0,1.0,1.0,1.0,1.0,1.0,1.0,1.0,1.0,1.0,1.0,1.0,1.0,1.0,1.0,1.0,1.0,1.0,1.0,1.0,1.0,1.0,1.0,1.0,1.0,1.0,1.0,1.0,1.0,1.0,1.0,1.0,1.0,1.0,1.0,1.0,1.0,1.0,1.0,1.0,1.0,1.0,1.0,1.0,1.0,1.0,1.0,1.0,1.0,1.0,1.0,1.0,1.0,1.0,1.0,1.0,1.0,1.0,1.0,1.0
1933,-0.7977636154147458,-1.3325445883663587,-1.6382299744172386,-1.831388998666876,-1.811848492725343,-1.5084091418401566,-0.6886063063620437,0.4602406808901611,1.139890922029002,1.261176820976449,1.2295077251401711,1.0601566736468844,0.8914794327033054,0.7701935337558586,0.6518274805238132,0.44519224528001494,0.24304908036760356,0.2165458654124207,0.2735951586210346,0.5761360954399437,0.7400966625355663,0.4355342940675331,-0.06847599711407937,-0.7173555564829199,-1.0,-1.0,-1.0,-1.0,-1.0,-1.0,-1.0,-1.0,-1.0,-1.0,-1.0,-1.0,-1.0,-1.0,-1.0,-1.0,-1.0,-1.0,-1.0,-1.0,-1.0,-1.0,-1.0,-1.0,-1.0,-1.0,-1.0,-1.0,-1.0,-1.0,-1.0,-1.0,-1.0,-1.0,-1.0,-1.0,-1.0,-1.0,-1.0,-1.0,-1.0,-1.0,-1.0,-1.0,-1.0,-1.0,-1.0,-1.0,-1.0,-1.0,-1.0,-1.0,-1.0,-1.0,-1.0,-1.0,-1.0,-1.0,-1.0,-1.0,-1.0,-1.0,-1.0,-1.0,-1.0,-1.0,-1.0,-1.0,-1.0,-1.0,-1.0,-1.0
1934,-0.5391287850069548,-1.1270062143608053,-1.509583442997301,-1.7197572389839106,-1.8495167130278176,-1.6393429170412077,-1.156552385680662,-0.46297885892484986,0.22633027197036454,0.789535125273613,0.9713811487576798,0.9351337839425978,0.7846615300043583,0.5976373115467085,0.4039118995938334,0.34908395281471777,0.45051565435608165,0.6043385050419338,0.8321790838795918,1.256486472009081,1.3436019874470089,0.8723862448509433,0.18124951572975836,-0.5945659311947273,0.0,0.0,0.0,0.0,0.0,0.0,0.0,0.0,0.0,0.0,0.0,0.0,0.0,0.0,0.0,0.0,0.0,0.0,0.0,0.0,0.0,0.0,0.0,0.0,0.0,0.0,0.0,0.0,0.0,0.0,0.0,0.0,0.0,0.0,0.0,0.0,0.0,0.0,0.0,0.0,0.0,0.0,0.0,0.0,0.0,0.0,0.0,0.0,0.0,0.0,0.0,0.0,0.0,0.0,0.0,0.0,0.0,0.0,0.0,0.0,0.0,0.0,0.0,0.0,0.0,0.0,0.0,0.0,0.0,0.0,0.0,0.0
1935,-0.7170289846986394,-1.0679787247317796,-1.2792714989277618,-1.4120277676294366,-1.4692049724662966,-1.4623042753308133,-1.2994806833959625,-1.0283818673591265,-0.6789108481407328,-0.32894692198409026,0.0032723543955957505,0.22540908123305148,0.4468885988195088,0.57290847269845,0.6568669545134944,0.7018857882068841,0.8538654275002617,1.0234254142578463,1.2646212093742553,1.4731208442534944,1.4905368894049518,1.1448448233797988,0.6971210211371457,0.18876966548989127,0.0,0.0,0.0,0.0,0.0,0.0,0.0,0.0,0.0,0.0,0.0,0.0,0.0,0.0,0.0,0.0,0.0,0.0,0.0,0.0,0.0,0.0,0.0,0.0,0.0,0.0,0.0,0.0,0.0,0.0,0.0,0.0,0.0,0.0,0.0,0.0,0.0,0.0,0.0,0.0,0.0,0.0,0.0,0.0,0.0,0.0,0.0,0.0,0.0,0.0,0.0,0.0,0.0,0.0,0.0,0.0,0.0,0.0,0.0,0.0,0.0,0.0,0.0,0.0,0.0,0.0,0.0,0.0,0.0,0.0,0.0,0.0
1936,-1.2528534058711418,-1.507290348795629,-1.6338900533733287,-1.6854952115442972,-1.6706448063152415,-1.438359717857429,-0.9282482982393665,-0.2607225831933138,0.2227818603893572,0.39838790222294057,0.5597623057120122,0.6658189497228515,0.7703905532107852,0.8353610760879039,0.9118406630175405,0.90057910571884,0.8873374943895987,0.9134494569173549,0.973841104848848,1.0256937697736341,0.9301561628000425,0.5784490656252407,0.1450647396906325,-0.3414097849378497,0.0,0.0,0.0,0.0,0.0,0.0,0.0,0.0,0.0,0.0,0.0,0.0,0.0,0.0,0.0,0.0,0.0,0.0,0.0,0.0,0.0,0.0,0.0,0.0,0.0,0.0,0.0,0.0,0.0,0.0,0.0,0.0,0.0,0.0,0.0,0.0,0.0,0.0,0.0,0.0,0.0,0.0,0.0,0.0,0.0,0.0,0.0,0.0,0.0,0.0,0.0,0.0,0.0,0.0,0.0,0.0,0.0,0.0,0.0,0.0,0.0,0.0,0.0,0.0,0.0,0.0,0.0,0.0,0.0,0.0,0.0,0.0
1937,-1.0277945433348503,-1.355505396897471,-1.552771061409013,-1.7005024169379073,-1.70471501212998,-1.5058514666835139,-1.0418849479428176,-0.20009221904415334,0.219569419228192,0.35785875105071635,0.4746493212033524,0.6100334149623783,0.7435291039801303,0.8471008409438486,0.9498010064885174,0.9653440301282339,0.9679587443853824,0.9894575060552707,1.0267898151712254,1.069351552801477,0.9445715779742203,0.5222952254447264,-0.009944387788182395,-0.5892488576497654,1.0,1.0,1.0,1.0,1.0,1.0,1.0,1.0,1.0,1.0,1.0,1.0,1.0,1.0,1.0,1.0,1.0,1.0,1.0,1.0,1.0,1.0,1.0,1.0,1.0,1.0,1.0,1.0,1.0,1.0,1.0,1.0,1.0,1.0,1.0,1.0,1.0,1.0,1.0,1.0,1.0,1.0,1.0,1.0,1.0,1.0,1.0,1.0,1.0,1.0,1.0,1.0,1.0,1.0,1.0,1.0,1.0,1.0,1.0,1.0,1.0,1.0,1.0,1.0,1.0,1.0,1.0,1.0,1.0,1.0,1.0,1.0
1938,-0.9961235501890247,-1.3010863816276783,-1.5555800120888084,-1.673162512238571,-1.6963837137521656,-1.5388016872957486,-1.0746461102205442,-0.3824395425580719,0.05258886267638087,0.2324525044579812,0.4041283237405684,0.5775490888016338,0.7505671740676657,0.876203270118097,0.9686853963774422,0.9935173170711706,1.0123090408393975,1.0131144004294643,1.0002286469883945,1.0729794632911016,0.9780812582615557,0.6119110979778201,0.11218547234132904,-0.43827780746937467,0.0,0.0,0.0,0.0,0.0,0.0,0.0,0.0,0.0,0.0,0.0,0.0,0.0,0.0,0.0,0.0,0.0,0.0,0.0,0.0,0.0,0.0,0.0,0.0,0.0,0.0,0.0,0.0,0.0,0.0,0.0,0.0,0.0,0.0,0.0,0.0,0.0,0.0,0.0,0.0,0.0,0.0,0.0,0.0,0.0,0.0,0.0,0.0,0.0,0.0,0.0,0.0,0.0,0.0,0.0,0.0,0.0,0.0,0.0,0.0,0.0,0.0,0.0,0.0,0.0,0.0,0.0,0.0,0.0,0.0,0.0,0.0
1939,-0.9892665579739549,-1.3143841919273709,-1.5302319549284347,-1.6371769350094605,-1.6603034810452888,-1.489485183341499,-1.077367685729491,-0.45331803079444316,-0.07766461105903195,0.05705669680047544,0.2609129174125911,0.47088727189661894,0.6911400912854594,0.8615913009569343,1.0198062428845847,1.0863715394109896,1.0955487402188582,1.1063166558334236,1.0678947751178147,1.0827006590878423,0.9926417284932944,0.6023047874652937,0.13194265539268119,-0.2979174304478724,0.0,0.0,0.0,0.0,0.0,0.0,0.0,0.0,0.0,0.0,0.0,0.0,0.0,0.0,0.0,0.0,0.0,0.0,0.0,0.0,0.0,0.0,0.0,0.0,0.0,0.0,0.0,0.0,0.0,0.0,0.0,0.0,0.0,0.0,0.0,0.0,0.0,0.0,0.0,0.0,0.0,0.0,0.0,0.0,0.0,0.0,0.0,0.0,0.0,0.0,0.0,0.0,0.0,0.0,0.0,0.0,0.0,0.0,0.0,0.0,0.0,0.0,0.0,0.0,0.0,0.0,0.0,0.0,0.0,0.0,0.0,0.0
1940,-0.7335925999452386,-1.1806369649194406,-1.486380368458533,-1.6899027944735279,-1.7312816009675405,-1.6140416492345049,-1.0899101003103464,-0.32869331565938276,0.18195180744450504,0.43221695931384746,0.6838614047329903,0.943015337256602,1.0909062567629801,1.2047746020409478,1.25642148273903,1.0844695535305782,0.8806406178378497,0.7371940886586064,0.6731335660123203,0.7195697821889344,0.5652421594501543,0.2342117074980542,-0.17160710582100192,-0.6615628256778835,0.0,0.0,0.0,0.0,0.0,0.0,0.0,0.0,0.0,0.0,0.0,0.0,0.0,0.0,0.0,0.0,0.0,0.0,0.0,0.0,0.0,0.0,0.0,0.0,0.0,0.0,0.0,0.0,0.0,0.0,0.0,0.0,0.0,0.0,0.0,0.0,0.0,0.0,0.0,0.0,0.0,0.0,0.0,0.0,0.0,0.0,0.0,0.0,0.0,0.0,0.0,0.0,0.0,0.0,0.0,0.0,0.0,0.0,0.0,0.0,0.0,0.0,0.0,0.0,0.0,0.0,0.0,0.0,0.0,0.0,0.0,0.0
1941,-0.4403473634615332,-1.0588120536516046,-1.4799426556514454,-1.736754195709996,-1.8158894494669977,-1.672740328021211,-1.2828605905623518,-0.6724606396086626,-0.053491903216317305,0.5075115199145299,0.9094883662279627,1.0234028079418633,0.9601450095564894,0.7726398223105997,0.5750537110192321,0.44047337501210165,0.4167832035052285,0.5269172987020749,0.7524779742196438,1.2300617508741611,1.2318259125821198,0.9147808513518386,0.30790922381406677,-0.3561716476817924,0.0,0.0,0.0,0.0,0.0,0.0,0.0,0.0,0.0,0.0,0.0,0.0,0.0,0.0,0.0,0.0,0.0,0.0,0.0,0.0,0.0,0.0,0.0,0.0,0.0,0.0,0.0,0.0,0.0,0.0,0.0,0.0,0.0,0.0,0.0,0.0,0.0,0.0,0.0,0.0,0.0,0.0,0.0,0.0,0.0,0.0,0.0,0.0,0.0,0.0,0.0,0.0,0.0,0.0,0.0,0.0,0.0,0.0,0.0,0.0,0.0,0.0,0.0,0.0,0.0,0.0,0.0,0.0,0.0,0.0,0.0,0.0
1942,-0.6697017362268525,-1.1062942534410984,-1.358190028349963,-1.525382831025096,-1.532022256402087,-1.491380925306567,-1.3072877671263665,-0.9523803015199472,-0.5383215916457913,-0.14076084785991563,0.2549891435504171,0.4559826572356852,0.613115724491135,0.6314244429549583,0.5835401023572668,0.5785102346474252,0.6593905074216773,0.9036408834115827,1.1841063069123472,1.5355934624760743,1.5088345662597173,1.1362219663146558,0.5974225372364295,-0.021049996365686864,0.0,0.0,0.0,0.0,0.0,0.0,0.0,0.0,0.0,0.0,0.0,0.0,0.0,0.0,0.0,0.0,0.0,0.0,0.0,0.0,0.0,0.0,0.0,0.0,0.0,0.0,0.0,0.0,0.0,0.0,0.0,0.0,0.0,0.0,0.0,0.0,0.0,0.0,0.0,0.0,0.0,0.0,0.0,0.0,0.0,0.0,0.0,0.0,0.0,0.0,0.0,0.0,0.0,0.0,0.0,0.0,0.0,0.0,0.0,0.0,0.0,0.0,0.0,0.0,0.0,0.0,0.0,0.0,0.0,0.0,0.0,0.0
1943,-1.3329244313705004,-1.556940862084416,-1.670741208887085,-1.7347459033767751,-1.6587083263230233,-1.4245791538797368,-0.9084452975148756,-0.179815855444243,0.3100760761798453,0.4864730141934313,0.6266432951258527,0.7177859800791715,0.7570848624958412,0.7578529188297175,0.7831987778476348,0.7632293131668515,0.7527325432705423,0.8198094630957375,0.932713744175551,1.0664835556590033,0.9753408707056845,0.6742627878261822,0.2697531186513405,-0.2265392824217168,0.0,0.0,0.0,0.0,0.0,0.0,0.0,0.0,0.0,0.0,0.0,0.0,0.0,0.0,0.0,0.0,0.0,0.0,0.0,0.0,0.0,0.0,0.0,0.0,0.0,0.0,0.0,0.0,0.0,0.0,0.0,0.0,0.0,0.0,0.0,0.0,0.0,0.0,0.0,0.0,0.0,0.0,0.0,0.0,0.0,0.0,0.0,0.0,0.0,0.0,0.0,0.0,0.0,0.0,0.0,0.0,0.0,0.0,0.0,0.0,0.0,0.0,0.0,0.0,0.0,0.0,0.0,0.0,0.0,0.0,0.0,0.0
1944,-1.0729119591036531,-1.4490507298262512,-1.6672305390424842,-1.790731582340529,-1.7891213992466823,-1.522153042286893,-0.8495795639871104,-0.014377593208807282,0.5358219699586232,0.665763745632055,0.7804087819139427,0.831129549370115,0.8184091029287258,0.807459857890568,0.7966716311617948,0.676068917432674,0.6003903120218774,0.6388736879648145,0.7910359903333313,1.0489873219675787,0.9800714855509383,0.5908902317681817,0.1063861388296981,-0.5132123156825268,0.0,0.0,0.0,0.0,0.0,0.0,0.0,0.0,0.0,0.0,0.0,0.0,0.0,0.0,0.0,0.0,0.0,0.0,0.0,0.0,0.0,0.0,0.0,0.0,0.0,0.0,0.0,0.0,0.0,0.0,0.0,0.0,0.0,0.0,0.0,0.0,0.0,0.0,0.0,0.0,0.0,0.0,0.0,0.0,0.0,0.0,0.0,0.0,0.0,0.0,0.0,0.0,0.0,0.0,0.0,0.0,0.0,0.0,0.0,0.0,0.0,0.0,0.0,0.0,0.0,0.0,0.0,0.0,0.0,0.0,0.0,0.0
1945,-0.8858520131664935,-1.3381235754563625,-1.5935445220840458,-1.742491588910212,-1.7657645681018004,-1.4542945299210417,-0.6977287647011535,0.32550655375568566,0.9218766455401398,0.998095652392592,1.037271834031766,1.0549205099187204,1.00876243452207,0.8925914800573911,0.7863115417491371,0.5859699792082131,0.4356653219292043,0.47387179610206204,0.6342614110307592,0.8375120959706317,0.6462857836130799,0.24715419047733783,-0.36938581660649306,-1.0388718513511876,0.0,0.0,0.0,0.0,0.0,0.0,0.0,0.0,0.0,0.0,0.0,0.0,0.0,0.0,0.0,0.0,0.0,0.0,0.0,0.0,0.0,0.0,0.0,0.0,0.0,0.0,0.0,0.0,0.0,0.0,0.0,0.0,0.0,0.0,0.0,0.0,0.0,0.0,0.0,0.0,0.0,0.0,0.0,0.0,0.0,0.0,0.0,0.0,0.0,0.0,0.0,0.0,0.0,0.0,0.0,0.0,0.0,0.0,0.0,0.0,0.0,0.0,0.0,0.0,0.0,0.0,0.0,0.0,0.0,0.0,0.0,0.0
1946,-1.1184415593430719,-1.452365939223229,-1.6601046443476903,-1.788587587564478,-1.7813676009724748,-1.5516407548632758,-0.9338396294338941,-0.06694896658039515,0.52935628967734,0.7282341021661609,0.8437538876382152,0.8875660790033268,0.8813306360375057,0.7996135150643763,0.731023642440344,0.5813730112606372,0.4660173163929466,0.5136035916584235,0.6475015248192139,0.9904508879393752,1.0198231061204799,0.7416895317239854,0.2763285777484937,-0.2843690173623157,0.0,0.0,0.0,0.0,0.0,0.0,0.0,0.0,0.0,0.0,0.0,0.0,0.0,0.0,0.0,0.0,0.0,0.0,0.0,0.0,0.0,0.0,0.0,0.0,0.0,0.0,0.0,0.0,0.0,0.0,0.0,0.0,0.0,0.0,0.0,0.0,0.0,0.0,0.0,0.0,0.0,0.0,0.0,0.0,0.0,0.0,0.0,0.0,0.0,0.0,0.0,0.0,0.0,0.0,0.0,0.0,0.0,0.0,0.0,0.0,0.0,0.0,0.0,0.0,0.0,0.0,0.0,0.0,0.0,0.0,0.0,0.0
1947,-0.9271738168856657,-1.406441037764287,-1.579195276611174,-1.6791998541960833,-1.6146266678309846,-1.2139793978838957,-0.48606347885914813,0.6489989593896952,1.4366660411224075,1.591180451353179,1.4968365102353403,1.2888605333711265,0.9519478369791998,0.6427093633151726,0.3481466138250313,0.06553409687648296,-0.1552307253392599,-0.1982096318484976,-0.013505160460017577,0.5087409669278414,0.5982628843885462,0.3494045330399358,-0.051033083704669024,-0.6026306594403001,-1.0,-1.0,-1.0,-1.0,-1.0,-1.0,-1.0,-1.0,-1.0,-1.0,-1.0,-1.0,-1.0,-1.0,-1.0,-1.0,-1.0,-1.0,-1.0,-1.0,-1.0,-1.0,-1.0,-1.0,-1.0,-1.0,-1.0,-1.0,-1.0,-1.0,-1.0,-1.0,-1.0,-1.0,-1.0,-1.0,-1.0,-1.0,-1.0,-1.0,-1.0,-1.0,-1.0,-1.0,-1.0,-1.0,-1.0,-1.0,-1.0,-1.0,-1.0,-1.0,-1.0,-1.0,-1.0,-1.0,-1.0,-1.0,-1.0,-1.0,-1.0,-1.0,-1.0,-1.0,-1.0,-1.0,-1.0,-1.0,-1.0,-1.0,-1.0,-1.0
1948,-0.09716394312897617,-0.7705350351019961,-1.1862968473371536,-1.4129277959672983,-1.3941777534547324,-1.0876553193362632,-0.5280073112981541,0.5093591711905479,1.515339712951694,2.0440093898820852,1.9425145945423263,1.4452308583394908,0.8916969945989575,0.2839510514199183,-0.11224549906299659,-0.45789845668595114,-0.46971913566126444,-0.2512403794278875,-0.06700083126093533,0.4955004441160426,0.5146580962484469,0.07117882986427881,-0.5357518940750836,-1.3428189413550953,0.0,0.0,0.0,0.0,0.0,0.0,0.0,0.0,0.0,0.0,0.0,0.0,0.0,0.0,0.0,0.0,0.0,0.0,0.0,0.0,0.0,0.0,0.0,0.0,0.0,0.0,0.0,0.0,0.0,0.0,0.0,0.0,0.0,0.0,0.0,0.0,0.0,0.0,0.0,0.0,0.0,0.0,0.0,0.0,0.0,0.0,0.0,0.0,0.0,0.0,0.0,0.0,0.0,0.0,0.0,0.0,0.0,0.0,0.0,0.0,0.0,0.0,0.0,0.0,0.0,0.0,0.0,0.0,0.0,0.0,0.0,0.0
1949,-0.8165546416609128,-1.1042392044485088,-1.278044855975313,-1.3774399629422043,-1.4313921339369833,-1.3919237672361047,-1.2717081915967317,-0.9766006791085118,-0.48795333174304834,-0.11065022988694385,0.2101660352229492,0.3506589368737827,0.31553571146107434,0.322415518500677,0.32169132828598196,0.2623077306809905,0.20871765479355914,0.3584439816817542,0.8135975316175731,1.5041129013292729,1.7117744453930694,1.5826875396236824,1.3565591450851628,0.9278385379857121,0.0,0.0,0.0,0.0,0.0,0.0,0.0,0.0,0.0,0.0,0.0,0.0,0.0,0.0,0.0,0.0,0.0,0.0,0.0,0.0,0.0,0.0,0.0,0.0,0.0,0.0,0.0,0.0,0.0,0.0,0.0,0.0,0.0,0.0,0.0,0.0,0.0,0.0,0.0,0.0,0.0,0.0,0.0,0.0,0.0,0.0,0.0,0.0,0.0,0.0,0.0,0.0,0.0,0.0,0.0,0.0,0.0,0.0,0.0,0.0,0.0,0.0,0.0,0.0,0.0,0.0,0.0,0.0,0.0,0.0,0.0,0.0
1950,-1.3924915556519482,-1.6414981672570124,-1.701275910188966,-1.6196873691602183,-1.423794089957532,-1.0847169602860782,-0.2391446303668542,0.9634785424702558,1.4986509031786255,1.3936359493792472,1.1341278423942454,0.8065619672738772,0.5418031125989063,0.2653310515386203,0.09589346262000815,-0.0794007294912616,-0.1525072934823672,0.15365168720966615,0.8358449832371653,1.08929453519528,0.7984838939046942,0.43396083312031414,-0.04789624335144815,-0.6283058149272422,-0.2085144140570773,-0.2085144140570773,-0.2085144140570773,-0.2085144140570773,-0.2085144140570773,-0.2085144140570773,-0.2085144140570773,-0.2085144140570773,-0.2085144140570773,-0.2085144140570773,-0.2085144140570773,-0.2085144140570773,-0.2085144140570773,-0.2085144140570773,-0.2085144140570773,-0.2085144140570773,-0.2085144140570773,-0.2085144140570773,-0.2085144140570773,-0.2085144140570773,-0.2085144140570773,-0.2085144140570773,-0.2085144140570773,4.7958315233127164,-0.2085144140570773,-0.2085144140570773,-0.2085144140570773,-0.2085144140570773,-0.2085144140570773,-0.2085144140570773,-0.2085144140570773,-0.2085144140570773,-0.2085144140570773,-0.2085144140570773,-0.2085144140570773,-0.2085144140570773,-0.2085144140570773,-0.2085144140570773,-0.2085144140570773,-0.2085144140570773,-0.2085144140570773,-0.2085144140570773,-0.2085144140570773,-0.2085144140570773,-0.2085144140570773,-0.2085144140570773,-0.2085144140570773,4.7958315233127164,-0.2085144140570773,-0.2085144140570773,-0.2085144140570773,-0.2085144140570773,-0.2085144140570773,-0.2085144140570773,-0.2085144140570773,-0.2085144140570773,-0.2085144140570773,-0.2085144140570773,-0.2085144140570773,-0.2085144140570773,-0.2085144140570773,-0.2085144140570773,-0.2085144140570773,-0.2085144140570773,-0.2085144140570773,-0.2085144140570773,-0.2085144140570773,-0.2085144140570773,-0.2085144140570773,-0.2085144140570773,-0.2085144140570773,4.7958315233127164
1951,-0.8376699349610749,-1.3485784408831523,-1.5656947940960413,-1.6178659566399152,-1.4695206813257689,-1.2178870438035492,-0.09146421615172827,1.2768430923853258,1.757713656236688,1.4900070847994364,0.9996508550310064,0.6186432740287764,0.4125935310524667,0.2373722023066279,0.1670201800883738,0.03369387580958517,-0.02875342481111227,0.20206444583754157,0.9195496761757658,1.1195391325939488,0.6152178946698352,0.061623892120951956,-0.5881442231982037,-1.145954077265784,-0.20851441405706853,-0.20851441405706853,-0.20851441405706853,-0.20851441405706853,-0.20851441405706853,-0.20851441405706853,-0.20851441405706853,-0.20851441405706853,-0.20851441405706853,-0.20851441405706853,-0.20851441405706853,-0.20851441405706853,-0.20851441405706853,-0.20851441405706853,-0.20851441405706853,-0.20851441405706853,-0.20851441405706853,-0.20851441405706853,-0.20851441405706853,-0.20851441405706853,-0.20851441405706853,-0.20851441405706853,-0.20851441405706853,4.795831523312725,-0.20851441405706853,-0.20851441405706853,-0.20851441405706853,-0.20851441405706853,-0.20851441405706853,-0.20851441405706853,-0.20851441405706853,-0.20851441405706853,-0.20851441405706853,-0.20851441405706853,-0.20851441405706853,-0.20851441405706853,-0.20851441405706853,-0.20851441405706853,-0.20851441405706853,-0.20851441405706853,-0.20851441405706853,-0.20851441405706853,-0.20851441405706853,-0.20851441405706853,-0.20851441405706853,-0.20851441405706853,-0.20851441405706853,4.795831523312725,-0.20851441405706853,-0.20851441405706853,-0.20851441405706853,-0.20851441405706853,-0.20851441405706853,-0.20851441405706853,-0.20851441405706853,-0.20851441405706853,-0.20851441405706853,-0.20851441405706853,-0.20851441405706853,-0.20851441405706853,-0.20851441405706853,-0.20851441405706853,-0.20851441405706853,-0.20851441405706853,-0.20851441405706853,-0.20851441405706853,-0.20851441405706853,-0.20851441405706853,-0.20851441405706853,-0.20851441405706853,-0.20851441405706853,4.795831523312725
1952,-1.1099802638993608,-1.4440905604899936,-1.6686282097804057,-1.7335521602476625,-1.6848052738503203,-1.4490515268047672,-0.6352373569942721,0.5159225222208387,0.9861358511863514,0.9214275949066937,0.7505977983283973,0.6364955730886008,0.5801993901252986,0.5426686014830971,0.5437470724210914,0.5150597454704432,0.5025494825897094,0.6526726371585153,1.1936336596564538,1.2538123379965356,0.870308072445764,0.3412102302657628,-0.24957614956751212,-0.8315190677092338,0.20851441405707882,0.20851441405707882,0.20851441405707882,0.20851441405707882,0.20851441405707882,0.20851441405707882,0.20851441405707882,0.20851441405707882,0.20851441405707882,0.20851441405707882,0.20851441405707882,0.20851441405707882,0.20851441405707882,0.20851441405707882,0.20851441405707882,0.20851441405707882,0.20851441405707882,0.20851441405707882,0.20851441405707882,0.20851441405707882,0.20851441405707882,0.20851441405707882,0.20851441405707882,-4.795831523312716,0.20851441405707882,0.20851441405707882,0.20851441405707882,0.20851441405707882,0.20851441405707882,0.20851441405707882,0.20851441405707882,0.20851441405707882,0.20851441405707882,0.20851441405707882,0.20851441405707882,0.20851441405707882,0.20851441405707882,0.20851441405707882,0.20851441405707882,0.20851441405707882,0.20851441405707882,0.20851441405707882,0.20851441405707882,0.20851441405707882,0.20851441405707882,0.20851441405707882,0.20851441405707882,-4.795831523312716,0.20851441405707882,0.20851441405707882,0.20851441405707882,0.20851441405707882,0.20851441405707882,0.20851441405707882,0.20851441405707882,0.20851441405707882,0.20851441405707882,0.20851441405707882,0.20851441405707882,0.20851441405707882,0.20851441405707882,0.20851441405707882,0.20851441405707882,0.20851441405707882,0.20851441405707882,0.20851441405707882,0.20851441405707882,0.20851441405707882,0.20851441405707882,0.20851441405707882,0.20851441405707882,-4.795831523312716
1953,-1.1129433093842185,-1.4761752593772184,-1.6751231142210998,-1.7698953082801872,-1.71826843213905,-1.4614247233368933,-0.7982037466237868,0.2247459277727423,0.6803531097182764,0.7614810579400632,0.6866220875354145,0.6622837030688785,0.6692902076880328,0.6967630810631379,0.6949192640580972,0.6158195145418552,0.5986720163949776,0.7345613296664704,1.1816869533888177,1.2213290189971908,0.8962640810085316,0.3916113667289173,-0.09847519321087622,-0.6058936329980514,-0.20851441405706203,-0.20851441405706203,-0.20851441405706203,-0.20851441405706203,-0.20851441405706203,-0.20851441405706203,-0.20851441405706203,-0.20851441405706203,-0.20851441405706203,-0.20851441405706203,-0.20851441405706203,-0.20851441405706203,-0.20851441405706203,-0.20851441405706203,-0.20851441405706203,-0.20851441405706203,-0.20851441405706203,-0.20851441405706203,-0.20851441405706203,-0.20851441405706203,-0.20851441405706203,-0.20851441405706203,-0.20851441405706203,4.7958315233127315,-0.20851441405706203,-0.20851441405706203,-0.20851441405706203,-0.20851441405706203,-0.20851441405706203,-0.20851441405706203,-0.20851441405706203,-0.20851441405706203,-0.20851441405706203,-0.20851441405706203,-0.20851441405706203,-0.20851441405706203,-0.20851441405706203,-0.20851441405706203,-0.20851441405706203,-0.20851441405706203,-0.20851441405706203,-0.20851441405706203,-0.20851441405706203,-0.20851441405706203,-0.20851441405706203,-0.20851441405706203,-0.20851441405706203,4.7958315233127315,-0.20851441405706203,-0.20851441405706203,-0.20851441405706203,-0.20851441405706203,-0.20851441405706203,-0.20851441405706203,-0.20851441405706203,-0.20851441405706203,-0.20851441405706203,-0.20851441405706203,-0.20851441405706203,-0.20851441405706203,-0.20851441405706203,-0.20851441405706203,-0.20851441405706203,-0.20851441405706203,-0.20851441405706203,-0.20851441405706203,-0.20851441405706203,-0.20851441405706203,-0.20851441405706203,-0.20851441405706203,-0.20851441405706203,4.7958315233127315
1954,-1.0460070769066578,-1.423189238031585,-1.6172946776748223,-1.7179567961674929,-1.694696226954047,-1.4787338731361064,-0.7458254207641721,0.1663498322700083,0.6209335426741601,0.6879079402370127,0.7284134142121511,0.7795465620520535,0.8130337608334798,0.871385706015486,0.9395632364686892,0.868778918086393,0.7807496949424041,0.7785439513100946,1.1150201163114914,0.9967120487603448,0.5808291129958053,0.12163339317864266,-0.26477278677230603,-0.8609251339410504,-0.20851441405708424,-0.20851441405708424,-0.20851441405708424,-0.20851441405708424,-0.20851441405708424,-0.20851441405708424,-0.20851441405708424,-0.20851441405708424,-0.20851441405708424,-0.20851441405708424,-0.20851441405708424,-0.20851441405708424,-0.20851441405708424,-0.20851441405708424,-0.20851441405708424,-0.20851441405708424,-0.20851441405708424,-0.20851441405708424,-0.20851441405708424,-0.20851441405708424,-0.20851441405708424,-0.20851441405708424,-0.20851441405708424,4.795831523312709,-0.20851441405708424,-0.20851441405708424,-0.20851441405708424,-0.20851441405708424,-0.20851441405708424,-0.20851441405708424,-0.20851441405708424,-0.20851441405708424,-0.20851441405708424,-0.20851441405708424,-0.20851441405708424,-0.20851441405708424,-0.20851441405708424,-0.20851441405708424,-0.20851441405708424,-0.20851441405708424,-0.20851441405708424,-0.20851441405708424,-0.20851441405708424,-0.20851441405708424,-0.20851441405708424,-0.20851441405708424,-0.20851441405708424,4.795831523312709,-0.20851441405708424,-0.20851441405708424,-0.20851441405708424,-0.20851441405708424,-0.20851441405708424,-0.20851441405708424,-0.20851441405708424,-0.20851441405708424,-0.20851441405708424,-0.20851441405708424,-0.20851441405708424,-0.20851441405708424,-0.20851441405708424,-0.20851441405708424,-0.20851441405708424,-0.20851441405708424,-0.20851441405708424,-0.20851441405708424,-0.20851441405708424,-0.20851441405708424,-0.20851441405708424,-0.20851441405708424,-0.20851441405708424,4.795831523312709
1955,-0.5608734136648517,-1.0728854624582862,-1.409925651835416,-1.6220596760835022,-1.660254123271722,-1.4326358636770602,-1.1740491333892469,-0.7428131789871154,-0.2560920479264211,0.1720470594063954,0.4688282368824285,0.629348143308596,0.6894785905711314,0.7238019789227074,0.6946400023533232,0.6634134610710624,0.7485767554772284,1.02729299171559,1.6097583113359437,1.5576280523358057,1.0750360507008647,0.5645724254420879,-0.03363520011395105,-0.659198308115607,-0.20851441405708168,-0.20851441405708168,-0.20851441405708168,-0.20851441405708168,-0.20851441405708168,-0.20851441405708168,-0.20851441405708168,-0.20851441405708168,-0.20851441405708168,-0.20851441405708168,-0.20851441405708168,-0.20851441405708168,-0.20851441405708168,-0.20851441405708168,-0.20851441405708168,-0.20851441405708168,-0.20851441405708168,-0.20851441405708168,-0.20851441405708168,-0.20851441405708168,-0.20851441405708168,-0.20851441405708168,-0.20851441405708168,4.795831523312712,-0.20851441405708168,-0.20851441405708168,-0.20851441405708168,-0.20851441405708168,-0.20851441405708168,-0.20851441405708168,-0.20851441405708168,-0.20851441405708168,-0.20851441405708168,-0.20851441405708168,-0.20851441405708168,-0.20851441405708168,-0.20851441405708168,-0.20851441405708168,-0.20851441405708168,-0.20851441405708168,-0.20851441405708168,-0.20851441405708168,-0.20851441405708168,-0.20851441405708168,-0.20851441405708168,-0.20851441405708168,-0.20851441405708168,4.795831523312712,-0.20851441405708168,-0.20851441405708168,-0.20851441405708168,-0.20851441405708168,-0.20851441405708168,-0.20851441405708168,-0.20851441405708168,-0.20851441405708168,-0.20851441405708168,-0.20851441405708168,-0.20851441405708168,-0.20851441405708168,-0.20851441405708168,-0.20851441405708168,-0.20851441405708168,-0.20851441405708168,-0.20851441405708168,-0.20851441405708168,-0.20851441405708168,-0.20851441405708168,-0.20851441405708168,-0.20851441405708168,-0.20851441405708168,4.795831523312712
1956,-0.6581646598452975,-1.0001493237935886,-1.2336145823704494,-1.3587351850209226,-1.4153540052147122,-1.37288989006937,-1.2271488529038745,-1.042089190603803,-0.7944692269784948,-0.4091467006596488,-0.03693038271899488,0.19146714195163173,0.39277850264066144,0.570323938803903,0.647038945177587,0.6802413397356735,0.8326228558127863,1.1096007262052447,1.6686242008963958,1.6679252031162255,1.3832583571418944,0.9514524784417274,0.46005703898204725,-0.00669872872663191,-0.2085144140570917,-0.2085144140570917,-0.2085144140570917,-0.2085144140570917,-0.2085144140570917,-0.2085144140570917,-0.2085144140570917,-0.2085144140570917,-0.2085144140570917,-0.2085144140570917,-0.2085144140570917,-0.2085144140570917,-0.2085144140570917,-0.2085144140570917,-0.2085144140570917,-0.2085144140570917,-0.2085144140570917,-0.2085144140570917,-0.2085144140570917,-0.2085144140570917,-0.2085144140570917,-0.2085144140570917,-0.2085144140570917,4.795831523312702,-0.2085144140570917,-0.2085144140570917,-0.2085144140570917,-0.2085144140570917,-0.2085144140570917,-0.2085144140570917,-0.2085144140570917,-0.2085144140570917,-0.2085144140570917,-0.2085144140570917,-0.2085144140570917,-0.2085144140570917,-0.2085144140570917,-0.2085144140570917,-0.2085144140570917,-0.2085144140570917,-0.2085144140570917,-0.2085144140570917,-0.2085144140570917,-0.2085144140570917,-0.2085144140570917,-0.2085144140570917,-0.2085144140570917,4.795831523312702,-0.2085144140570917,-0.2085144140570917,-0.2085144140570917,-0.2085144140570917,-0.2085144140570917,-0.2085144140570917,-0.2085144140570917,-0.2085144140570917,-0.2085144140570917,-0.2085144140570917,-0.2085144140570917,-0.2085144140570917,-0.2085144140570917,-0.2085144140570917,-0.2085144140570917,-0.2085144140570917,-0.2085144140570917,-0.2085144140570917,-0.2085144140570917,-0.2085144140570917,-0.2085144140570917,-0.2085144140570917,-0.2085144140570917,4.795831523312702
1957,-1.2074249810078483,-1.4504470189834668,-1.5662697731381816,-1.6535301762160803,-1.6227893407351008,-1.4385863816719078,-0.9861877870738688,-0.3927928407618876,0.0017548902144653737,0.2560324309449309,0.47956913619441677,0.6797476475548118,0.8467647852073784,0.9291841118315797,1.017654784022903,0.9890924329460873,0.9093356983714196,0.9284579503635251,1.1477587137160254,1.0681230060527003,0.7839518182206522,0.45512170010324393,0.11902996730528931,-0.29355077346108716,0.20851441405707444,0.20851441405707444,0.20851441405707444,0.20851441405707444,0.20851441405707444,0.20851441405707444,0.20851441405707444,0.20851441405707444,0.20851441405707444,0.20851441405707444,0.20851441405707444,0.20851441405707444,0.20851441405707444,0.20851441405707444,0.20851441405707444,0.20851441405707444,0.20851441405707444,0.20851441405707444,0.20851441405707444,0.20851441405707444,0.20851441405707444,0.20851441405707444,0.20851441405707444,-4.79583152331272,0.20851441405707444,0.20851441405707444,0.20851441405707444,0.20851441405707444,0.20851441405707444,0.20851441405707444,0.20851441405707444,0.20851441405707444,0.20851441405707444,0.20851441405707444,0.20851441405707444,0.20851441405707444,0.20851441405707444,0.20851441405707444,0.20851441405707444,0.20851441405707444,0.20851441405707444,0.20851441405707444,0.20851441405707444,0.20851441405707444,0.20851441405707444,0.20851441405707444,0.20851441405707444,-4.79583152331272,0.20851441405707444,0.20851441405707444,0.20851441405707444,0.20851441405707444,0.20851441405707444,0.20851441405707444,0.20851441405707444,0.20851441405707444,0.20851441405707444,0.20851441405707444,0.20851441405707444,0.20851441405707444,0.20851441405707444,0.20851441405707444,0.20851441405707444,0.20851441405707444,0.20851441405707444,0.20851441405707444,0.20851441405707444,0.20851441405707444,0.20851441405707444,0.20851441405707444,0.20851441405707444,-4.79583152331272
1958,-1.0055672453168063,-1.3316495642692339,-1.5307941462634458,-1.6325339973366793,-1.654209598097954,-1.5563984496627017,-1.048376556820324,-0.41991960724811345,0.004380277653840288,0.2682807169223607,0.4840884170018027,0.6826911089769828,0.851896267419684,0.9604097437308159,1.0064703953485248,0.9509266683977582,0.8758749007618443,0.9529587559691277,1.1939643419335517,1.1099713889836118,0.8165379436778546,0.44033079796497926,0.06751046487105307,-0.48684302459854933,0.20851441405709328,0.20851441405709328,0.20851441405709328,0.20851441405709328,0.20851441405709328,0.20851441405709328,0.20851441405709328,0.20851441405709328,0.20851441405709328,0.20851441405709328,0.20851441405709328,0.20851441405709328,0.20851441405709328,0.20851441405709328,0.20851441405709328,0.20851441405709328,0.20851441405709328,0.20851441405709328,0.20851441405709328,0.20851441405709328,0.20851441405709328,0.20851441405709328,0.20851441405709328,-4.795831523312701,0.20851441405709328,0.20851441405709328,0.20851441405709328,0.20851441405709328,0.20851441405709328,0.20851441405709328,0.20851441405709328,0.20851441405709328,0.20851441405709328,0.20851441405709328,0.20851441405709328,0.20851441405709328,0.20851441405709328,0.20851441405709328,0.20851441405709328,0.20851441405709328,0.20851441405709328,0.20851441405709328,0.20851441405709328,0.20851441405709328,0.20851441405709328,0.20851441405709328,0.20851441405709328,-4.795831523312701,0.20851441405709328,0.20851441405709328,0.20851441405709328,0.20851441405709328,0.20851441405709328,0.20851441405709328,0.20851441405709328,0.20851441405709328,0.20851441405709328,0.20851441405709328,0.20851441405709328,0.20851441405709328,0.20851441405709328,0.20851441405709328,0.20851441405709328,0.20851441405709328,0.20851441405709328,0.20851441405709328,0.20851441405709328,0.20851441405709328,0.20851441405709328,0.20851441405709328,0.20851441405709328,-4.795831523312701
1959,-0.9696230320799104,-1.3949213947330732,-1.5958594617257271,-1.7027564000820294,-1.7210715262583973,-1.6532703380093425,-1.0508083509963113,-0.16446190824957455,0.33638634988110677,0.5406704495405971,0.619742484667417,0.6438691412651326,0.6398186806684358,0.6213274475096027,0.6440452482475977,0.5482430497865954,0.5760679530160777,0.809761918747236,1.3039181115442444,1.3298058379666107,1.0253168652844913,0.6949401661800052,0.216985815769784,-0.2981271079405686,0.2085144140570627,0.2085144140570627,0.2085144140570627,0.2085144140570627,0.2085144140570627,0.2085144140570627,0.2085144140570627,0.2085144140570627,0.2085144140570627,0.2085144140570627,0.2085144140570627,0.2085144140570627,0.2085144140570627,0.2085144140570627,0.2085144140570627,0.2085144140570627,0.2085144140570627,0.2085144140570627,0.2085144140570627,0.2085144140570627,0.2085144140570627,0.2085144140570627,0.2085144140570627,-4.795831523312731,0.2085144140570627,0.2085144140570627,0.2085144140570627,0.2085144140570627,0.2085144140570627,0.2085144140570627,0.2085144140570627,0.2085144140570627,0.2085144140570627,0.2085144140570627,0.2085144140570627,0.2085144140570627,0.2085144140570627,0.2085144140570627,0.2085144140570627,0.2085144140570627,0.2085144140570627,0.2085144140570627,0.2085144140570627,0.2085144140570627,0.2085144140570627,0.2085144140570627,0.2085144140570627,-4.795831523312731,0.2085144140570627,0.2085144140570627,0.2085144140570627,0.2085144140570627,0.2085144140570627,0.2085144140570627,0.2085144140570627,0.2085144140570627,0.2085144140570627,0.2085144140570627,0.2085144140570627,0.2085144140570627,0.2085144140570627,0.2085144140570627,0.2085144140570627,0.2085144140570627,0.2085144140570627,0.2085144140570627,0.2085144140570627,0.2085144140570627,0.2085144140570627,0.2085144140570627,0.2085144140570627,-4.795831523312731
1960,-1.0848359657698485,-1.4589568228685734,-1.6521705549886387,-1.7305226204555866,-1.7619044686661705,-1.5135161145288043,-0.6461054211787451,0.4005715161977863,0.9293454030401728,0.9090395012568537,0.7882296411520572,0.6464985489068714,0.584350182842774,0.5215864864216063,0.534508423920082,0.4303124834561827,0.4651812036901648,0.7117235667563201,1.2312674982426526,1.1881943732477336,0.9010402066149402,0.45123371559657194,-0.13948342719088846,-0.705587355695538,0.20851441405707646,0.20851441405707646,0.20851441405707646,0.20851441405707646,0.20851441405707646,0.20851441405707646,0.20851441405707646,0.20851441405707646,0.20851441405707646,0.20851441405707646,0.20851441405707646,0.20851441405707646,0.20851441405707646,0.20851441405707646,0.20851441405707646,0.20851441405707646,0.20851441405707646,0.20851441405707646,0.20851441405707646,0.20851441405707646,0.20851441405707646,0.20851441405707646,0.20851441405707646,-4.795831523312717,0.20851441405707646,0.20851441405707646,0.20851441405707646,0.20851441405707646,0.20851441405707646,0.20851441405707646,0.20851441405707646,0.20851441405707646,0.20851441405707646,0.20851441405707646,0.20851441405707646,0.20851441405707646,0.20851441405707646,0.20851441405707646,0.20851441405707646,0.20851441405707646,0.20851441405707646,0.20851441405707646,0.20851441405707646,0.20851441405707646,0.20851441405707646,0.20851441405707646,0.20851441405707646,-4.795831523312717,0.20851441405707646,0.20851441405707646,0.20851441405707646,0.20851441405707646,0.20851441405707646,0.20851441405707646,0.20851441405707646,0.20851441405707646,0.20851441405707646,0.20851441405707646,0.20851441405707646,0.20851441405707646,0.20851441405707646,0.20851441405707646,0.20851441405707646,0.20851441405707646,0.20851441405707646,0.20851441405707646,0.20851441405707646,0.20851441405707646,0.20851441405707646,0.20851441405707646,0.20851441405707646,-4.795831523312717
1961,-1.0633585596432629,-1.466558518799386,-1.7123404824494743,-1.749071348067549,-1.7270328286967043,-1.5244883411456065,-0.6859751517501296,0.35991001039196346,0.8667959559213945,0.9459247349957611,0.905835618806891,0.7874572861863531,0.6946856141681301,0.5590962473722658,0.4747202017810313,0.33241433384357616,0.38971448420777266,0.6533371540152118,1.2047199196076819,1.1568648489738473,0.8277562930358979,0.43924868012700485,-0.07813179843616178,-0.5915243544465089,-0.20851441405707333,-0.20851441405707333,-0.20851441405707333,-0.20851441405707333,-0.20851441405707333,-0.20851441405707333,-0.20851441405707333,-0.20851441405707333,-0.20851441405707333,-0.20851441405707333,-0.20851441405707333,-0.20851441405707333,-0.20851441405707333,-0.20851441405707333,-0.20851441405707333,-0.20851441405707333,-0.20851441405707333,-0.20851441405707333,-0.20851441405707333,-0.20851441405707333,-0.20851441405707333,-0.20851441405707333,-0.20851441405707333,4.795831523312721,-0.20851441405707333,-0.20851441405707333,-0.20851441405707333,-0.20851441405707333,-0.20851441405707333,-0.20851441405707333,-0.20851441405707333,-0.20851441405707333,-0.20851441405707333,-0.20851441405707333,-0.20851441405707333,-0.20851441405707333,-0.20851441405707333,-0.20851441405707333,-0.20851441405707333,-0.20851441405707333,-0.20851441405707333,-0.20851441405707333,-0.20851441405707333,-0.20851441405707333,-0.20851441405707333,-0.20851441405707333,-0.20851441405707333,4.795831523312721,-0.20851441405707333,-0.20851441405707333,-0.20851441405707333,-0.20851441405707333,-0.20851441405707333,-0.20851441405707333,-0.20851441405707333,-0.20851441405707333,-0.20851441405707333,-0.20851441405707333,-0.20851441405707333,-0.20851441405707333,-0.20851441405707333,-0.20851441405707333,-0.20851441405707333,-0.20851441405707333,-0.20851441405707333,-0.20851441405707333,-0.20851441405707333,-0.20851441405707333,-0.20851441405707333,-0.20851441405707333,-0.20851441405707333,4.795831523312721
1962,-0.5588787260607936,-0.9367825735945163,-1.301368223858328,-1.4955919340445292,-1.5735588805621328,-1.49919894580513,-1.2028690565496118,-0.6293541866140723,-0.11271911751877742,0.42999742123009305,0.7493566932648322,0.8473009356873022,0.8589543582984743,0.8448037736991939,0.7451947566179851,0.6677827349866278,0.7657269774090978,1.2010655506693113,1.538459881507055,1.3187096265535245,0.7807099493377476,0.1960965816772823,-0.4523331479015062,-1.1815044484291297,0.20851441405707624,0.20851441405707624,0.20851441405707624,0.20851441405707624,0.20851441405707624,0.20851441405707624,0.20851441405707624,0.20851441405707624,0.20851441405707624,0.20851441405707624,0.20851441405707624,0.20851441405707624,0.20851441405707624,0.20851441405707624,0.20851441405707624,0.20851441405707624,0.20851441405707624,0.20851441405707624,0.20851441405707624,0.20851441405707624,0.20851441405707624,0.20851441405707624,0.20851441405707624,-4.795831523312718,0.20851441405707624,0.20851441405707624,0.20851441405707624,0.20851441405707624,0.20851441405707624,0.20851441405707624,0.20851441405707624,0.20851441405707624,0.20851441405707624,0.20851441405707624,0.20851441405707624,0.20851441405707624,0.20851441405707624,0.20851441405707624,0.20851441405707624,0.20851441405707624,0.20851441405707624,0.20851441405707624,0.20851441405707624,0.20851441405707624,0.20851441405707624,0.20851441405707624,0.20851441405707624,-4.795831523312718,0.20851441405707624,0.20851441405707624,0.20851441405707624,0.20851441405707624,0.20851441405707624,0.20851441405707624,0.20851441405707624,0.20851441405707624,0.20851441405707624,0.20851441405707624,0.20851441405707624,0.20851441405707624,0.20851441405707624,0.20851441405707624,0.20851441405707624,0.20851441405707624,0.20851441405707624,0.20851441405707624,0.20851441405707624,0.20851441405707624,0.20851441405707624,0.20851441405707624,0.20851441405707624,-4.795831523312718
1963,-0.6588941238313213,-1.0007919654803676,-1.2565315510338542,-1.410678635068767,-1.5181322424441817,-1.454246188604617,-1.2850555995371462,-1.0246271292981868,-0.7421218269984606,-0.2663954016182162,0.14974311421748016,0.40001233430458205,0.5649047790770364,0.5735010676670695,0.5217279659316425,0.43576508003131087,0.5744779186432096,0.9558405397283173,1.5880584914862108,1.6169732803799588,1.4219938255423885,1.073258027060361,0.6270325011595488,0.11418573868597935,0.0,0.0,0.0,0.0,0.0,0.0,0.0,0.0,0.0,0.0,0.0,0.0,0.0,0.0,0.0,0.0,0.0,0.0,0.0,0.0,0.0,0.0,0.0,0.0,0.0,0.0,0.0,0.0,0.0,0.0,0.0,0.0,0.0,0.0,0.0,0.0,0.0,0.0,0.0,0.0,0.0,0.0,0.0,0.0,0.0,0.0,0.0,0.0,0.0,0.0,0.0,0.0,0.0,0.0,0.0,0.0,0.0,0.0,0.0,0.0,0.0,0.0,0.0,0.0,0.0,0.0,0.0,0.0,0.0,0.0,0.0,0.0
1964,-1.4763164982663852,-1.5965070757897684,-1.6776112866388806,-1.6615858763024296,-1.5849765976208585,-1.2394531162203033,-0.3824845268869127,0.7689998353371096,1.2890439439382846,1.2290463710932786,0.9992185350485655,0.7277637184957537,0.5112252471202926,0.3294736420849327,0.15084894638351445,0.04218884702904121,0.02616343669259012,0.3937707152641084,1.0562846303930011,1.1151096122377788,0.886063503526551,0.487187131615616,0.12016614854421176,-0.5136192870790918,-0.20851441405707272,-0.20851441405707272,-0.20851441405707272,-0.20851441405707272,-0.20851441405707272,-0.20851441405707272,-0.20851441405707272,-0.20851441405707272,-0.20851441405707272,-0.20851441405707272,-0.20851441405707272,-0.20851441405707272,-0.20851441405707272,-0.20851441405707272,-0.20851441405707272,-0.20851441405707272,-0.20851441405707272,-0.20851441405707272,-0.20851441405707272,-0.20851441405707272,-0.20851441405707272,-0.20851441405707272,-0.20851441405707272,4.795831523312722,-0.20851441405707272,-0.20851441405707272,-0.20851441405707272,-0.20851441405707272,-0.20851441405707272,-0.20851441405707272,-0.20851441405707272,-0.20851441405707272,-0.20851441405707272,-0.20851441405707272,-0.20851441405707272,-0.20851441405707272,-0.20851441405707272,-0.20851441405707272,-0.20851441405707272,-0.20851441405707272,-0.20851441405707272,-0.20851441405707272,-0.20851441405707272,-0.20851441405707272,-0.20851441405707272,-0.20851441405707272,-0.20851441405707272,4.795831523312722,-0.20851441405707272,-0.20851441405707272,-0.20851441405707272,-0.20851441405707272,-0.20851441405707272,-0.20851441405707272,-0.20851441405707272,-0.20851441405707272,-0.20851441405707272,-0.20851441405707272,-0.20851441405707272,-0.20851441405707272,-0.20851441405707272,-0.20851441405707272,-0.20851441405707272,-0.20851441405707272,-0.20851441405707272,-0.20851441405707272,-0.20851441405707272,-0.20851441405707272,-0.20851441405707272,-0.20851441405707272,-0.20851441405707272,4.795831523312722
1965,-1.240854790391087,-1.569169751481466,-1.7476986020867153,-1.765106177089041,-1.6161297212551824,-1.2811351092918177,-0.4405111676097314,0.6885522435876387,1.170094347431049,1.0267854741560871,0.8033207904052988,0.5697354235136235,0.4073996659337937,0.32319558220161265,0.21955978683892824,0.06106988885263554,0.07220264030761141,0.4928182316428812,1.2219122451123912,1.2947811637267788,1.0502654590429452,0.6634529493982385,0.06997609001661623,-0.47451666296311223,-0.20851441405707638,-0.20851441405707638,-0.20851441405707638,-0.20851441405707638,-0.20851441405707638,-0.20851441405707638,-0.20851441405707638,-0.20851441405707638,-0.20851441405707638,-0.20851441405707638,-0.20851441405707638,-0.20851441405707638,-0.20851441405707638,-0.20851441405707638,-0.20851441405707638,-0.20851441405707638,-0.20851441405707638,-0.20851441405707638,-0.20851441405707638,-0.20851441405707638,-0.20851441405707638,-0.20851441405707638,-0.20851441405707638,4.795831523312718,-0.20851441405707638,-0.20851441405707638,-0.20851441405707638,-0.20851441405707638,-0.20851441405707638,-0.20851441405707638,-0.20851441405707638,-0.20851441405707638,-0.20851441405707638,-0.20851441405707638,-0.20851441405707638,-0.20851441405707638,-0.20851441405707638,-0.20851441405707638,-0.20851441405707638,-0.20851441405707638,-0.20851441405707638,-0.20851441405707638,-0.20851441405707638,-0.20851441405707638,-0.20851441405707638,-0.20851441405707638,-0.20851441405707638,4.795831523312718,-0.20851441405707638,-0.20851441405707638,-0.20851441405707638,-0.20851441405707638,-0.20851441405707638,-0.20851441405707638,-0.20851441405707638,-0.20851441405707638,-0.20851441405707638,-0.20851441405707638,-0.20851441405707638,-0.20851441405707638,-0.20851441405707638,-0.20851441405707638,-0.20851441405707638,-0.20851441405707638,-0.20851441405707638,-0.20851441405707638,-0.20851441405707638,-0.20851441405707638,-0.20851441405707638,-0.20851441405707638,-0.20851441405707638,4.795831523312718
1966,-1.031359787525388,-1.4678719516362166,-1.5910534357973911,-1.6306474842777687,-1.521886054810065,-1.1516083792065346,-0.2582982113313505,1.0544155811878324,1.5508076334325653,1.3890097316176893,1.0456169037477485,0.7066234145978497,0.4944775252091603,0.1672156059793733,-0.04053094468927415,-0.20208443879748117,-0.1998847694374602,0.32681383843422834,1.168798387908923,1.1648878646022192,0.849113107585875,0.3466108626744171,-0.32575473837199365,-0.8434102610969293,-0.20851441405707474,-0.20851441405707474,-0.20851441405707474,-0.20851441405707474,-0.20851441405707474,-0.20851441405707474,-0.20851441405707474,-0.20851441405707474,-0.20851441405707474,-0.20851441405707474,-0.20851441405707474,-0.20851441405707474,-0.20851441405707474,-0.20851441405707474,-0.20851441405707474,-0.20851441405707474,-0.20851441405707474,-0.20851441405707474,-0.20851441405707474,-0.20851441405707474,-0.20851441405707474,-0.20851441405707474,-0.20851441405707474,4.795831523312719,-0.20851441405707474,-0.20851441405707474,-0.20851441405707474,-0.20851441405707474,-0.20851441405707474,-0.20851441405707474,-0.20851441405707474,-0.20851441405707474,-0.20851441405707474,-0.20851441405707474,-0.20851441405707474,-0.20851441405707474,-0.20851441405707474,-0.20851441405707474,-0.20851441405707474,-0.20851441405707474,-0.20851441405707474,-0.20851441405707474,-0.20851441405707474,-0.20851441405707474,-0.20851441405707474,-0.20851441405707474,-0.20851441405707474,4.795831523312719,-0.20851441405707474,-0.20851441405707474,-0.20851441405707474,-0.20851441405707474,-0.20851441405707474,-0.20851441405707474,-0.20851441405707474,-0.20851441405707474,-0.20851441405707474,-0.20851441405707474,-0.20851441405707474,-0.20851441405707474,-0.20851441405707474,-0.20851441405707474,-0.20851441405707474,-0.20851441405707474,-0.20851441405707474,-0.20851441405707474,-0.20851441405707474,-0.20851441405707474,-0.20851441405707474,-0.20851441405707474,-0.20851441405707474,4.795831523312719
1967,-0.8145485493393808,-1.24848449667802,-1.5278370262869012,-1.7187487998850786,-1.691439897887439,-1.5190681128014207,-0.5594984371045456,0.7458169703055639,1.2566688159311328,1.159960227205547,0.9041584938148133,0.6922013278514826,0.5381189908923238,0.39355718857454397,0.33643398072627045,0.23220918044170125,0.1593019283195627,0.5536524947808894,1.2566688159311328,1.2220942427598092,0.8119596320246174,0.35422234808253106,-0.4169409578691613,-1.1204583597900033,0.2085144140570756,0.2085144140570756,0.2085144140570756,0.2085144140570756,0.2085144140570756,0.2085144140570756,0.2085144140570756,0.2085144140570756,0.2085144140570756,0.2085144140570756,0.2085144140570756,0.2085144140570756,0.2085144140570756,0.2085144140570756,0.2085144140570756,0.2085144140570756,0.2085144140570756,0.2085144140570756,0.2085144140570756,0.2085144140570756,0.2085144140570756,0.2085144140570756,0.2085144140570756,-4.795831523312719,0.2085144140570756,0.2085144140570756,0.2085144140570756,0.2085144140570756,0.2085144140570756,0.2085144140570756,0.2085144140570756,0.2085144140570756,0.2085144140570756,0.2085144140570756,0.2085144140570756,0.2085144140570756,0.2085144140570756,0.2085144140570756,0.2085144140570756,0.2085144140570756,0.2085144140570756,0.2085144140570756,0.2085144140570756,0.2085144140570756,0.2085144140570756,0.2085144140570756,0.2085144140570756,-4.795831523312719,0.2085144140570756,0.2085144140570756,0.2085144140570756,0.2085144140570756,0.2085144140570756,0.2085144140570756,0.2085144140570756,0.2085144140570756,0.2085144140570756,0.2085144140570756,0.2085144140570756,0.2085144140570756,0.2085144140570756,0.2085144140570756,0.2085144140570756,0.2085144140570756,0.2085144140570756,0.2085144140570756,0.2085144140570756,0.2085144140570756,0.2085144140570756,0.2085144140570756,0.2085144140570756,-4.795831523312719
1968,-0.9893900974515866,-1.3623256376211756,-1.6281148867398136,-1.7786595786234174,-1.741075317615235,-1.4277347106464655,-0.9501446536364127,0.09826934542609021,0.5962088918217887,0.780600183397844,0.8090479389675732,0.8350039203268151,0.8260750627392359,0.7988731942747503,0.7145681668199323,0.5872800342342095,0.5588322786644803,0.864697563001788,1.2039941513297994,1.1032849436559404,0.7417700352844179,0.28183004559864966,-0.24518019991939993,-0.6777106732898086,0.20851441405706325,0.20851441405706325,0.20851441405706325,0.20851441405706325,0.20851441405706325,0.20851441405706325,0.20851441405706325,0.20851441405706325,0.20851441405706325,0.20851441405706325,0.20851441405706325,0.20851441405706325,0.20851441405706325,0.20851441405706325,0.20851441405706325,0.20851441405706325,0.20851441405706325,0.20851441405706325,0.20851441405706325,0.20851441405706325,0.20851441405706325,0.20851441405706325,0.20851441405706325,-4.7958315233127315,0.20851441405706325,0.20851441405706325,0.20851441405706325,0.20851441405706325,0.20851441405706325,0.20851441405706325,0.20851441405706325,0.20851441405706325,0.20851441405706325,0.20851441405706325,0.20851441405706325,0.20851441405706325,0.20851441405706325,0.20851441405706325,0.20851441405706325,0.20851441405706325,0.20851441405706325,0.20851441405706325,0.20851441405706325,0.20851441405706325,0.20851441405706325,0.20851441405706325,0.20851441405706325,-4.7958315233127315,0.20851441405706325,0.20851441405706325,0.20851441405706325,0.20851441405706325,0.20851441405706325,0.20851441405706325,0.20851441405706325,0.20851441405706325,0.20851441405706325,0.20851441405706325,0.20851441405706325,0.20851441405706325,0.20851441405706325,0.20851441405706325,0.20851441405706325,0.20851441405706325,0.20851441405706325,0.20851441405706325,0.20851441405706325,0.20851441405706325,0.20851441405706325,0.20851441405706325,0.20851441405706325,-4.7958315233127315
1969,-0.6743641921119607,-1.0249282645469917,-1.3513407411775216,-1.472098720200027,-1.5245491555330344,-1.5016173372944173,-1.3271891453730205,-0.8117111460304871,-0.30501554516231777,0.20558334391668,0.46368827685771186,0.49613436011022344,0.5683451920105499,0.47759374110878827,0.38391482404890526,0.35098082977004014,0.5029651144791732,1.1321263829620856,1.7925139571316253,1.6663889568192307,1.2875260448556936,0.8093732390292073,0.2714513324744103,-0.4157713481445753,0.20851441405707163,0.20851441405707163,0.20851441405707163,0.20851441405707163,0.20851441405707163,0.20851441405707163,0.20851441405707163,0.20851441405707163,0.20851441405707163,0.20851441405707163,0.20851441405707163,0.20851441405707163,0.20851441405707163,0.20851441405707163,0.20851441405707163,0.20851441405707163,0.20851441405707163,0.20851441405707163,0.20851441405707163,0.20851441405707163,0.20851441405707163,0.20851441405707163,0.20851441405707163,-4.795831523312723,0.20851441405707163,0.20851441405707163,0.20851441405707163,0.20851441405707163,0.20851441405707163,0.20851441405707163,0.20851441405707163,0.20851441405707163,0.20851441405707163,0.20851441405707163,0.20851441405707163,0.20851441405707163,0.20851441405707163,0.20851441405707163,0.20851441405707163,0.20851441405707163,0.20851441405707163,0.20851441405707163,0.20851441405707163,0.20851441405707163,0.20851441405707163,0.20851441405707163,0.20851441405707163,-4.795831523312723,0.20851441405707163,0.20851441405707163,0.20851441405707163,0.20851441405707163,0.20851441405707163,0.20851441405707163,0.20851441405707163,0.20851441405707163,0.20851441405707163,0.20851441405707163,0.20851441405707163,0.20851441405707163,0.20851441405707163,0.20851441405707163,0.20851441405707163,0.20851441405707163,0.20851441405707163,0.20851441405707163,0.20851441405707163,0.20851441405707163,0.20851441405707163,0.20851441405707163,0.20851441405707163,-4.795831523312723
1970,-1.0235281282607327,-1.1294990008383188,-1.2726870005688464,-1.3365437555786304,-1.3549564395385068,-1.2969760730265558,-1.320873386251076,-1.0200022951620331,-0.6452845886168903,-0.17399823109069398,0.20032771622125992,0.3854339539029954,0.4900336691644205,0.5323436663488171,0.529993110949684,0.5010029276937085,0.6226441695988489,1.0698373342839305,1.6915592373546482,1.6373005835579915,1.3724713419223233,1.0163621989536513,0.5343024625147614,-0.009263473534779158,0.20851441405707002,0.20851441405707002,0.20851441405707002,0.20851441405707002,0.20851441405707002,0.20851441405707002,0.20851441405707002,0.20851441405707002,0.20851441405707002,0.20851441405707002,0.20851441405707002,0.20851441405707002,0.20851441405707002,0.20851441405707002,0.20851441405707002,0.20851441405707002,0.20851441405707002,0.20851441405707002,0.20851441405707002,0.20851441405707002,0.20851441405707002,0.20851441405707002,0.20851441405707002,-4.795831523312724,0.20851441405707002,0.20851441405707002,0.20851441405707002,0.20851441405707002,0.20851441405707002,0.20851441405707002,0.20851441405707002,0.20851441405707002,0.20851441405707002,0.20851441405707002,0.20851441405707002,0.20851441405707002,0.20851441405707002,0.20851441405707002,0.20851441405707002,0.20851441405707002,0.20851441405707002,0.20851441405707002,0.20851441405707002,0.20851441405707002,0.20851441405707002,0.20851441405707002,0.20851441405707002,-4.795831523312724,0.20851441405707002,0.20851441405707002,0.20851441405707002,0.20851441405707002,0.20851441405707002,0.20851441405707002,0.20851441405707002,0.20851441405707002,0.20851441405707002,0.20851441405707002,0.20851441405707002,0.20851441405707002,0.20851441405707002,0.20851441405707002,0.20851441405707002,0.20851441405707002,0.20851441405707002,0.20851441405707002,0.20851441405707002,0.20851441405707002,0.20851441405707002,0.20851441405707002,0.20851441405707002,-4.795831523312724
1971,-1.5146437201573082,-1.6550372584333604,-1.694675732548614,-1.7062005752429166,-1.6218596809800645,-1.3344370889373012,-0.5847984573215155,0.3916700327775931,0.9024301067296483,0.9820562926175584,0.802373517883656,0.653249038172526,0.5503985480673087,0.37822438296757316,0.2874225920427634,0.2254329078537105,0.28707335438536025,0.7007453595793496,1.209410007586986,1.1945674071473538,0.9516726164234874,0.6088958556823304,0.22613138316851675,-0.24010088946464134,-0.208514414057075,-0.208514414057075,-0.208514414057075,-0.208514414057075,-0.208514414057075,-0.208514414057075,-0.208514414057075,-0.208514414057075,-0.208514414057075,-0.208514414057075,-0.208514414057075,-0.208514414057075,-0.208514414057075,-0.208514414057075,-0.208514414057075,-0.208514414057075,-0.208514414057075,-0.208514414057075,-0.208514414057075,-0.208514414057075,-0.208514414057075,-0.208514414057075,-0.208514414057075,4.79583152331272,-0.208514414057075,-0.208514414057075,-0.208514414057075,-0.208514414057075,-0.208514414057075,-0.208514414057075,-0.208514414057075,-0.208514414057075,-0.208514414057075,-0.208514414057075,-0.208514414057075,-0.208514414057075,-0.208514414057075,-0.208514414057075,-0.208514414057075,-0.208514414057075,-0.208514414057075,-0.208514414057075,-0.208514414057075,-0.208514414057075,-0.208514414057075,-0.208514414057075,-0.208514414057075,4.79583152331272,-0.208514414057075,-0.208514414057075,-0.208514414057075,-0.208514414057075,-0.208514414057075,-0.208514414057075,-0.208514414057075,-0.208514414057075,-0.208514414057075,-0.208514414057075,-0.208514414057075,-0.208514414057075,-0.208514414057075,-0.208514414057075,-0.208514414057075,-0.208514414057075,-0.208514414057075,-0.208514414057075,-0.208514414057075,-0.208514414057075,-0.208514414057075,-0.208514414057075,-0.208514414057075,4.79583152331272
1972,-1.0841173654002993,-1.4158354791750742,-1.6667097173173142,-1.7624511130295546,-1.6869703446257136,-1.3554508644520014,-0.7212137762586742,0.1436369227684935,0.7504625740151626,0.9526715798970314,0.9626032599501684,0.9115544244770444,0.8620946578124222,0.7174893962387479,0.5929461283724102,0.5089241151228714,0.48290311338365255,0.8352791216689524,1.1761343810926133,1.0188165690509237,0.6521389414891066,0.2497072657359964,-0.2949460683780353,-0.82966772243893,0.2085144140570624,0.2085144140570624,0.2085144140570624,0.2085144140570624,0.2085144140570624,0.2085144140570624,0.2085144140570624,0.2085144140570624,0.2085144140570624,0.2085144140570624,0.2085144140570624,0.2085144140570624,0.2085144140570624,0.2085144140570624,0.2085144140570624,0.2085144140570624,0.2085144140570624,0.2085144140570624,0.2085144140570624,0.2085144140570624,0.2085144140570624,0.2085144140570624,0.2085144140570624,-4.7958315233127315,0.2085144140570624,0.2085144140570624,0.2085144140570624,0.2085144140570624,0.2085144140570624,0.2085144140570624,0.2085144140570624,0.2085144140570624,0.2085144140570624,0.2085144140570624,0.2085144140570624,0.2085144140570624,0.2085144140570624,0.2085144140570624,0.2085144140570624,0.2085144140570624,0.2085144140570624,0.2085144140570624,0.2085144140570624,0.2085144140570624,0.2085144140570624,0.2085144140570624,0.2085144140570624,-4.7958315233127315,0.2085144140570624,0.2085144140570624,0.2085144140570624,0.2085144140570624,0.2085144140570624,0.2085144140570624,0.2085144140570624,0.2085144140570624,0.2085144140570624,0.2085144140570624,0.2085144140570624,0.2085144140570624,0.2085144140570624,0.2085144140570624,0.2085144140570624,0.2085144140570624,0.2085144140570624,0.2085144140570624,0.2085144140570624,0.2085144140570624,0.2085144140570624,0.2085144140570624,0.2085144140570624,-4.7958315233127315
1973,-0.8473837431446122,-1.1524092825707477,-1.455385169624441,-1.5679297180748906,-1.7402868493938737,-1.5647620734992986,-1.0747088244518115,-0.3366476383388471,0.2106095451031565,0.5730253509576669,0.8258779209034616,0.958546329010614,1.0105329664570963,1.0198495681500144,0.9490433952838376,0.8119030183640845,0.7053210949971026,0.9073050196995649,1.1405927260902318,0.9889184505295266,0.6356329143340759,0.24545363543466983,-0.30478486054906756,-0.9383137756674919,0.20851441405706853,0.20851441405706853,0.20851441405706853,0.20851441405706853,0.20851441405706853,0.20851441405706853,0.20851441405706853,0.20851441405706853,0.20851441405706853,0.20851441405706853,0.20851441405706853,0.20851441405706853,0.20851441405706853,0.20851441405706853,0.20851441405706853,0.20851441405706853,0.20851441405706853,0.20851441405706853,0.20851441405706853,0.20851441405706853,0.20851441405706853,0.20851441405706853,0.20851441405706853,-4.795831523312725,0.20851441405706853,0.20851441405706853,0.20851441405706853,0.20851441405706853,0.20851441405706853,0.20851441405706853,0.20851441405706853,0.20851441405706853,0.20851441405706853,0.20851441405706853,0.20851441405706853,0.20851441405706853,0.20851441405706853,0.20851441405706853,0.20851441405706853,0.20851441405706853,0.20851441405706853,0.20851441405706853,0.20851441405706853,0.20851441405706853,0.20851441405706853,0.20851441405706853,0.20851441405706853,-4.795831523312725,0.20851441405706853,0.20851441405706853,0.20851441405706853,0.20851441405706853,0.20851441405706853,0.20851441405706853,0.20851441405706853,0.20851441405706853,0.20851441405706853,0.20851441405706853,0.20851441405706853,0.20851441405706853,0.20851441405706853,0.20851441405706853,0.20851441405706853,0.20851441405706853,0.20851441405706853,0.20851441405706853,0.20851441405706853,0.20851441405706853,0.20851441405706853,0.20851441405706853,0.20851441405706853,-4.795831523312725
1974,-0.19595361188976898,-0.730078107709515,-1.1529021297586632,-1.3174972748321132,-1.4523534044271758,-1.4573589812898746,-1.3342806796070446,-0.8225340568205404,-0.07258086450913306,0.7592282317922905,1.5368593196974443,1.9293554348725939,1.873999643685101,1.2488914272433587,0.5925719668342,0.21420924515372944,-0.07876422416305515,0.15797011687281903,0.5657774083338709,0.4951104408604757,0.31814857647918166,0.07758644137183189,-0.28811511530298867,-0.8672898028870241,0.20851441405707927,0.20851441405707927,0.20851441405707927,0.20851441405707927,0.20851441405707927,0.20851441405707927,0.20851441405707927,0.20851441405707927,0.20851441405707927,0.20851441405707927,0.20851441405707927,0.20851441405707927,0.20851441405707927,0.20851441405707927,0.20851441405707927,0.20851441405707927,0.20851441405707927,0.20851441405707927,0.20851441405707927,0.20851441405707927,0.20851441405707927,0.20851441405707927,0.20851441405707927,-4.795831523312716,0.20851441405707927,0.20851441405707927,0.20851441405707927,0.20851441405707927,0.20851441405707927,0.20851441405707927,0.20851441405707927,0.20851441405707927,0.20851441405707927,0.20851441405707927,0.20851441405707927,0.20851441405707927,0.20851441405707927,0.20851441405707927,0.20851441405707927,0.20851441405707927,0.20851441405707927,0.20851441405707927,0.20851441405707927,0.20851441405707927,0.20851441405707927,0.20851441405707927,0.20851441405707927,-4.795831523312716,0.20851441405707927,0.20851441405707927,0.20851441405707927,0.20851441405707927,0.20851441405707927,0.20851441405707927,0.20851441405707927,0.20851441405707927,0.20851441405707927,0.20851441405707927,0.20851441405707927,0.20851441405707927,0.20851441405707927,0.20851441405707927,0.20851441405707927,0.20851441405707927,0.20851441405707927,0.20851441405707927,0.20851441405707927,0.20851441405707927,0.20851441405707927,0.20851441405707927,0.20851441405707927,-4.795831523312716
1975,-1.297416983405368,-1.5044747680915267,-1.4365036962494584,-1.4444860641170323,-1.4677074979136107,-1.3627272659582452,-1.0223881268771406,-0.4147606092000016,-0.05120003632231849,0.31985912455217647,0.46813765494074583,0.47974837183903507,0.44854457017488264,0.3367914200288483,0.2189910214982883,0.13287820450264282,0.2780121657312588,0.877173535670062,1.6589618068215402,1.6422714012802493,1.3984463464161745,1.0624612261719284,0.5936785314034987,0.08570966710334262,-0.20851441405707044,-0.20851441405707044,-0.20851441405707044,-0.20851441405707044,-0.20851441405707044,-0.20851441405707044,-0.20851441405707044,-0.20851441405707044,-0.20851441405707044,-0.20851441405707044,-0.20851441405707044,-0.20851441405707044,-0.20851441405707044,-0.20851441405707044,-0.20851441405707044,-0.20851441405707044,-0.20851441405707044,-0.20851441405707044,-0.20851441405707044,-0.20851441405707044,-0.20851441405707044,-0.20851441405707044,-0.20851441405707044,4.7958315233127236,-0.20851441405707044,-0.20851441405707044,-0.20851441405707044,-0.20851441405707044,-0.20851441405707044,-0.20851441405707044,-0.20851441405707044,-0.20851441405707044,-0.20851441405707044,-0.20851441405707044,-0.20851441405707044,-0.20851441405707044,-0.20851441405707044,-0.20851441405707044,-0.20851441405707044,-0.20851441405707044,-0.20851441405707044,-0.20851441405707044,-0.20851441405707044,-0.20851441405707044,-0.20851441405707044,-0.20851441405707044,-0.20851441405707044,4.7958315233127236,-0.20851441405707044,-0.20851441405707044,-0.20851441405707044,-0.20851441405707044,-0.20851441405707044,-0.20851441405707044,-0.20851441405707044,-0.20851441405707044,-0.20851441405707044,-0.20851441405707044,-0.20851441405707044,-0.20851441405707044,-0.20851441405707044,-0.20851441405707044,-0.20851441405707044,-0.20851441405707044,-0.20851441405707044,-0.20851441405707044,-0.20851441405707044,-0.20851441405707044,-0.20851441405707044,-0.20851441405707044,-0.20851441405707044,4.7958315233127236
1976,-0.9178865342812195,-1.2357913713864022,-1.299066661079453,-1.2932587842477237,-1.234874338202445,-1.1926908117404111,-0.8940436714983307,-0.16805906753216837,0.29809946764610434,0.613558882927401,0.5313315740992336,0.375130255098514,0.1183609635904818,-0.2123823380901025,-0.5192827769877981,-0.6687591859728311,-0.46028697548654784,0.5068773558603733,1.8433003826140837,1.8747851885966162,1.7237803909716545,1.3554387287488225,0.7984939083587813,0.057225417993331286,0.20851441405707477,0.20851441405707477,0.20851441405707477,0.20851441405707477,0.20851441405707477,0.20851441405707477,0.20851441405707477,0.20851441405707477,0.20851441405707477,0.20851441405707477,0.20851441405707477,0.20851441405707477,0.20851441405707477,0.20851441405707477,0.20851441405707477,0.20851441405707477,0.20851441405707477,0.20851441405707477,0.20851441405707477,0.20851441405707477,0.20851441405707477,0.20851441405707477,0.20851441405707477,-4.79583152331272,0.20851441405707477,0.20851441405707477,0.20851441405707477,0.20851441405707477,0.20851441405707477,0.20851441405707477,0.20851441405707477,0.20851441405707477,0.20851441405707477,0.20851441405707477,0.20851441405707477,0.20851441405707477,0.20851441405707477,0.20851441405707477,0.20851441405707477,0.20851441405707477,0.20851441405707477,0.20851441405707477,0.20851441405707477,0.20851441405707477,0.20851441405707477,0.20851441405707477,0.20851441405707477,-4.79583152331272,0.20851441405707477,0.20851441405707477,0.20851441405707477,0.20851441405707477,0.20851441405707477,0.20851441405707477,0.20851441405707477,0.20851441405707477,0.20851441405707477,0.20851441405707477,0.20851441405707477,0.20851441405707477,0.20851441405707477,0.20851441405707477,0.20851441405707477,0.20851441405707477,0.20851441405707477,0.20851441405707477,0.20851441405707477,0.20851441405707477,0.20851441405707477,0.20851441405707477,0.20851441405707477,-4.79583152331272
1977,-0.7808855911550859,-1.068783234073417,-1.3316462993466756,-1.398131571125392,-1.433426221575822,-1.3521664449573907,-1.076991292317703,-0.6700768048572251,-0.43019630266796716,-0.10043756270377764,0.11912799533087251,0.14211055841487327,0.23198879618980484,0.151344623939695,0.03827862162465554,0.053258327920477466,0.3050405145639501,0.9891821692251871,1.7738725373789275,1.8485658674019299,1.6427488069264589,1.2893918995099471,0.8129141184291455,0.24491648792455525,0.2085144140570798,0.2085144140570798,0.2085144140570798,0.2085144140570798,0.2085144140570798,0.2085144140570798,0.2085144140570798,0.2085144140570798,0.2085144140570798,0.2085144140570798,0.2085144140570798,0.2085144140570798,0.2085144140570798,0.2085144140570798,0.2085144140570798,0.2085144140570798,0.2085144140570798,0.2085144140570798,0.2085144140570798,0.2085144140570798,0.2085144140570798,0.2085144140570798,0.2085144140570798,-4.795831523312714,0.2085144140570798,0.2085144140570798,0.2085144140570798,0.2085144140570798,0.2085144140570798,0.2085144140570798,0.2085144140570798,0.2085144140570798,0.2085144140570798,0.2085144140570798,0.2085144140570798,0.2085144140570798,0.2085144140570798,0.2085144140570798,0.2085144140570798,0.2085144140570798,0.2085144140570798,0.2085144140570798,0.2085144140570798,0.2085144140570798,0.2085144140570798,0.2085144140570798,0.2085144140570798,-4.795831523312714,0.2085144140570798,0.2085144140570798,0.2085144140570798,0.2085144140570798,0.2085144140570798,0.2085144140570798,0.2085144140570798,0.2085144140570798,0.2085144140570798,0.2085144140570798,0.2085144140570798,0.2085144140570798,0.2085144140570798,0.2085144140570798,0.2085144140570798,0.2085144140570798,0.2085144140570798,0.2085144140570798,0.2085144140570798,0.2085144140570798,0.2085144140570798,0.2085144140570798,0.2085144140570798,-4.795831523312714
1978,-1.5809828887404989,-1.6422588062307129,-1.6857609788911083,-1.6703487805771395,-1.624733645244668,-1.354647298984556,-0.7556845274118548,0.009953711411104153,0.5050084362864037,0.6476955626125006,0.6854803068661012,0.6440910968777821,0.5682730245268073,0.46187913939166886,0.37325899908634913,0.30589277742367965,0.3482763227870935,0.6777742077091169,1.1480948401289346,1.2211784901983986,1.1236093315172262,0.9022454186367571,0.5595725899947283,0.13213267062587178,-0.20851441405707347,-0.20851441405707347,-0.20851441405707347,-0.20851441405707347,-0.20851441405707347,-0.20851441405707347,-0.20851441405707347,-0.20851441405707347,-0.20851441405707347,-0.20851441405707347,-0.20851441405707347,-0.20851441405707347,-0.20851441405707347,-0.20851441405707347,-0.20851441405707347,-0.20851441405707347,-0.20851441405707347,-0.20851441405707347,-0.20851441405707347,-0.20851441405707347,-0.20851441405707347,-0.20851441405707347,-0.20851441405707347,4.795831523312721,-0.20851441405707347,-0.20851441405707347,-0.20851441405707347,-0.20851441405707347,-0.20851441405707347,-0.20851441405707347,-0.20851441405707347,-0.20851441405707347,-0.20851441405707347,-0.20851441405707347,-0.20851441405707347,-0.20851441405707347,-0.20851441405707347,-0.20851441405707347,-0.20851441405707347,-0.20851441405707347,-0.20851441405707347,-0.20851441405707347,-0.20851441405707347,-0.20851441405707347,-0.20851441405707347,-0.20851441405707347,-0.20851441405707347,4.795831523312721,-0.20851441405707347,-0.20851441405707347,-0.20851441405707347,-0.20851441405707347,-0.20851441405707347,-0.20851441405707347,-0.20851441405707347,-0.20851441405707347,-0.20851441405707347,-0.20851441405707347,-0.20851441405707347,-0.20851441405707347,-0.20851441405707347,-0.20851441405707347,-0.20851441405707347,-0.20851441405707347,-0.20851441405707347,-0.20851441405707347,-0.20851441405707347,-0.20851441405707347,-0.20851441405707347,-0.20851441405707347,-0.20851441405707347,4.795831523312721
1979,-1.2001395180586594,-1.2306056121666535,-1.247947850351204,-1.29599053721381,-1.1195215459575059,-0.8760271476636146,-0.06586339896103323,1.3001893899274095,1.92029158231012,1.635550779685406,1.0824739943402826,0.61587404534785,0.1912235643964246,-0.29693700504166537,-0.6468283781434744,-0.9039153415009322,-0.9130551697333305,-0.20249211330688366,0.897802593131826,1.1743409858043878,0.979592338083287,0.6737596241530387,0.10638721003416413,-0.578162489115457,-0.20851441405707347,-0.20851441405707347,-0.20851441405707347,-0.20851441405707347,-0.20851441405707347,-0.20851441405707347,-0.20851441405707347,-0.20851441405707347,-0.20851441405707347,-0.20851441405707347,-0.20851441405707347,-0.20851441405707347,-0.20851441405707347,-0.20851441405707347,-0.20851441405707347,-0.20851441405707347,-0.20851441405707347,-0.20851441405707347,-0.20851441405707347,-0.20851441405707347,-0.20851441405707347,-0.20851441405707347,-0.20851441405707347,4.795831523312721,-0.20851441405707347,-0.20851441405707347,-0.20851441405707347,-0.20851441405707347,-0.20851441405707347,-0.20851441405707347,-0.20851441405707347,-0.20851441405707347,-0.20851441405707347,-0.20851441405707347,-0.20851441405707347,-0.20851441405707347,-0.20851441405707347,-0.20851441405707347,-0.20851441405707347,-0.20851441405707347,-0.20851441405707347,-0.20851441405707347,-0.20851441405707347,-0.20851441405707347,-0.20851441405707347,-0.20851441405707347,-0.20851441405707347,4.795831523312721,-0.20851441405707347,-0.20851441405707347,-0.20851441405707347,-0.20851441405707347,-0.20851441405707347,-0.20851441405707347,-0.20851441405707347,-0.20851441405707347,-0.20851441405707347,-0.20851441405707347,-0.20851441405707347,-0.20851441405707347,-0.20851441405707347,-0.20851441405707347,-0.20851441405707347,-0.20851441405707347,-0.20851441405707347,-0.20851441405707347,-0.20851441405707347,-0.20851441405707347,-0.20851441405707347,-0.20851441405707347,-0.20851441405707347,4.795831523312721
1980,-0.5767069591290391,-0.9522575737761527,-1.1517452242124464,-1.1635835064984386,-1.0137158903247079,-0.846720546588265,0.102357063063193,1.5332779495891837,2.1010117426237875,1.701028928365158,0.988968842780054,0.36103612492944764,-0.12811162399388876,-0.5034103602944918,-0.7988636607512754,-1.0210203623735115,-0.8779534615555635,-0.03869481098267124,1.0854382494935648,1.1715806440001462,0.916931635678059,0.4638024903057201,-0.2802461452862138,-1.0724035450616478,-0.20851441405708218,-0.20851441405708218,-0.20851441405708218,-0.20851441405708218,-0.20851441405708218,-0.20851441405708218,-0.20851441405708218,-0.20851441405708218,-0.20851441405708218,-0.20851441405708218,-0.20851441405708218,-0.20851441405708218,-0.20851441405708218,-0.20851441405708218,-0.20851441405708218,-0.20851441405708218,-0.20851441405708218,-0.20851441405708218,-0.20851441405708218,-0.20851441405708218,-0.20851441405708218,-0.20851441405708218,-0.20851441405708218,4.795831523312712,-0.20851441405708218,-0.20851441405708218,-0.20851441405708218,-0.20851441405708218,-0.20851441405708218,-0.20851441405708218,-0.20851441405708218,-0.20851441405708218,-0.20851441405708218,-0.20851441405708218,-0.20851441405708218,-0.20851441405708218,-0.20851441405708218,-0.20851441405708218,-0.20851441405708218,-0.20851441405708218,-0.20851441405708218,-0.20851441405708218,-0.20851441405708218,-0.20851441405708218,-0.20851441405708218,-0.20851441405708218,-0.20851441405708218,4.795831523312712,-0.20851441405708218,-0.20851441405708218,-0.20851441405708218,-0.20851441405708218,-0.20851441405708218,-0.20851441405708218,-0.20851441405708218,-0.20851441405708218,-0.20851441405708218,-0.20851441405708218,-0.20851441405708218,-0.20851441405708218,-0.20851441405708218,-0.20851441405708218,-0.20851441405708218,-0.20851441405708218,-0.20851441405708218,-0.20851441405708218,-0.20851441405708218,-0.20851441405708218,-0.20851441405708218,-0.20851441405708218,-0.20851441405708218,4.795831523312712
1981,-0.8710900496204189,-1.2512805760819936,-1.5244359931811045,-1.6301075979657025,-1.5446613110861136,-1.4519429997912408,-0.6826991671119639,0.5230933812473397,1.1466694748579558,1.251432076590643,1.0907657871654588,0.8748775623367105,0.5410461915225725,0.24266593973294456,0.0072341492881201125,-0.09321068794799224,-0.027080715921501984,0.556044741879096,1.3184710516690439,1.3341513543145003,1.0012289865522728,0.4933235312972702,-0.24046918235749634,-1.0640259473884266,0.20851441405706853,0.20851441405706853,0.20851441405706853,0.20851441405706853,0.20851441405706853,0.20851441405706853,0.20851441405706853,0.20851441405706853,0.20851441405706853,0.20851441405706853,0.20851441405706853,0.20851441405706853,0.20851441405706853,0.20851441405706853,0.20851441405706853,0.20851441405706853,0.20851441405706853,0.20851441405706853,0.20851441405706853,0.20851441405706853,0.20851441405706853,0.20851441405706853,0.20851441405706853,-4.795831523312725,0.20851441405706853,0.20851441405706853,0.20851441405706853,0.20851441405706853,0.20851441405706853,0.20851441405706853,0.20851441405706853,0.20851441405706853,0.20851441405706853,0.20851441405706853,0.20851441405706853,0.20851441405706853,0.20851441405706853,0.20851441405706853,0.20851441405706853,0.20851441405706853,0.20851441405706853,0.20851441405706853,0.20851441405706853,0.20851441405706853,0.20851441405706853,0.20851441405706853,0.20851441405706853,-4.795831523312725,0.20851441405706853,0.20851441405706853,0.20851441405706853,0.20851441405706853,0.20851441405706853,0.20851441405706853,0.20851441405706853,0.20851441405706853,0.20851441405706853,0.20851441405706853,0.20851441405706853,0.20851441405706853,0.20851441405706853,0.20851441405706853,0.20851441405706853,0.20851441405706853,0.20851441405706853,0.20851441405706853,0.20851441405706853,0.20851441405706853,0.20851441405706853,0.20851441405706853,0.20851441405706853,-4.795831523312725
1982,-1.0368303044873244,-1.4603513216626565,-1.6775527477371586,-1.789635647965985,-1.6688472797582206,-1.2192098586460747,-0.48272726762792273,0.5686756275283102,1.2194093589539232,1.273600897122812,1.042470722282009,0.7665073873496755,0.49663788000259856,0.2524495031933886,-0.04549513838576333,-0.3201526531212562,-0.3260288440070393,0.26071969777337967,1.1195141138956102,1.2239797296428656,1.034200527702018,0.7617193799612596,0.2981532100828129,-0.29120697209128743,-0.20851441405700563,-0.20851441405700563,-0.20851441405700563,-0.20851441405700563,-0.20851441405700563,-0.20851441405700563,-0.20851441405700563,-0.20851441405700563,-0.20851441405700563,-0.20851441405700563,-0.20851441405700563,-0.20851441405700563,-0.20851441405700563,-0.20851441405700563,-0.20851441405700563,-0.20851441405700563,-0.20851441405700563,-0.20851441405700563,-0.20851441405700563,-0.20851441405700563,-0.20851441405700563,-0.20851441405700563,-0.20851441405700563,4.795831523312788,-0.20851441405700563,-0.20851441405700563,-0.20851441405700563,-0.20851441405700563,-0.20851441405700563,-0.20851441405700563,-0.20851441405700563,-0.20851441405700563,-0.20851441405700563,-0.20851441405700563,-0.20851441405700563,-0.20851441405700563,-0.20851441405700563,-0.20851441405700563,-0.20851441405700563,-0.20851441405700563,-0.20851441405700563,-0.20851441405700563,-0.20851441405700563,-0.20851441405700563,-0.20851441405700563,-0.20851441405700563,-0.20851441405700563,4.795831523312788,-0.20851441405700563,-0.20851441405700563,-0.20851441405700563,-0.20851441405700563,-0.20851441405700563,-0.20851441405700563,-0.20851441405700563,-0.20851441405700563,-0.20851441405700563,-0.20851441405700563,-0.20851441405700563,-0.20851441405700563,-0.20851441405700563,-0.20851441405700563,-0.20851441405700563,-0.20851441405700563,-0.20851441405700563,-0.20851441405700563,-0.20851441405700563,-0.20851441405700563,-0.20851441405700563,-0.20851441405700563,-0.20851441405700563,4.795831523312788
1983,-0.3590788046011808,-0.7476885930519064,-0.9423410810057582,-1.0014320148488918,-1.1317796630322747,-0.7045869707192678,-0.2930359961882668,0.7062959732176688,1.4338096469451898,1.6277669474420635,1.1790234439627374,0.5759483250342858,-0.060148198100622705,-0.6830361595529485,-1.2068599083859033,-1.4863252660910762,-1.2412716875063163,-0.019479731867407243,1.3629005263334295,1.4977668929871697,1.2342908467924918,0.8397719649574529,0.1876861303120493,-0.7681966230327586,-0.20851441405705992,-0.20851441405705992,-0.20851441405705992,-0.20851441405705992,-0.20851441405705992,-0.20851441405705992,-0.20851441405705992,-0.20851441405705992,-0.20851441405705992,-0.20851441405705992,-0.20851441405705992,-0.20851441405705992,-0.20851441405705992,-0.20851441405705992,-0.20851441405705992,-0.20851441405705992,-0.20851441405705992,-0.20851441405705992,-0.20851441405705992,-0.20851441405705992,-0.20851441405705992,-0.20851441405705992,-0.20851441405705992,4.795831523312733,-0.20851441405705992,-0.20851441405705992,-0.20851441405705992,-0.20851441405705992,-0.20851441405705992,-0.20851441405705992,-0.20851441405705992,-0.20851441405705992,-0.20851441405705992,-0.20851441405705992,-0.20851441405705992,-0.20851441405705992,-0.20851441405705992,-0.20851441405705992,-0.20851441405705992,-0.20851441405705992,-0.20851441405705992,-0.20851441405705992,-0.20851441405705992,-0.20851441405705992,-0.20851441405705992,-0.20851441405705992,-0.20851441405705992,4.795831523312733,-0.20851441405705992,-0.20851441405705992,-0.20851441405705992,-0.20851441405705992,-0.20851441405705992,-0.20851441405705992,-0.20851441405705992,-0.20851441405705992,-0.20851441405705992,-0.20851441405705992,-0.20851441405705992,-0.20851441405705992,-0.20851441405705992,-0.20851441405705992,-0.20851441405705992,-0.20851441405705992,-0.20851441405705992,-0.20851441405705992,-0.20851441405705992,-0.20851441405705992,-0.20851441405705992,-0.20851441405705992,-0.20851441405705992,4.795831523312733
1984,-0.9514764270982126,-1.0748123877450007,-1.1623577460329086,-1.268184635022115,-1.4942576484832424,-1.3165920684283703,-1.0312971949489522,-0.5539175059319477,-0.03559748759795085,0.32230853599084974,0.3601590291329747,0.29424252406913803,0.18378088081763053,0.027744153986829685,-0.18262219225205525,-0.28381432697896075,-0.07190306265264214,0.849640576501543,1.8121245449727204,1.9442150414482993,1.7577949255646363,1.355343763788165,0.6603881107909182,-0.14090940389134612,0.20851441405711924,0.20851441405711924,0.20851441405711924,0.20851441405711924,0.20851441405711924,0.20851441405711924,0.20851441405711924,0.20851441405711924,0.20851441405711924,0.20851441405711924,0.20851441405711924,0.20851441405711924,0.20851441405711924,0.20851441405711924,0.20851441405711924,0.20851441405711924,0.20851441405711924,0.20851441405711924,0.20851441405711924,0.20851441405711924,0.20851441405711924,0.20851441405711924,0.20851441405711924,-4.795831523312676,0.20851441405711924,0.20851441405711924,0.20851441405711924,0.20851441405711924,0.20851441405711924,0.20851441405711924,0.20851441405711924,0.20851441405711924,0.20851441405711924,0.20851441405711924,0.20851441405711924,0.20851441405711924,0.20851441405711924,0.20851441405711924,0.20851441405711924,0.20851441405711924,0.20851441405711924,0.20851441405711924,0.20851441405711924,0.20851441405711924,0.20851441405711924,0.20851441405711924,0.20851441405711924,-4.795831523312676,0.20851441405711924,0.20851441405711924,0.20851441405711924,0.20851441405711924,0.20851441405711924,0.20851441405711924,0.20851441405711924,0.20851441405711924,0.20851441405711924,0.20851441405711924,0.20851441405711924,0.20851441405711924,0.20851441405711924,0.20851441405711924,0.20851441405711924,0.20851441405711924,0.20851441405711924,0.20851441405711924,0.20851441405711924,0.20851441405711924,0.20851441405711924,0.20851441405711924,0.20851441405711924,-4.795831523312676
1985,-1.513554730101993,-1.6589625173146112,-1.7047849940585194,-1.6647523609465131,-1.5711223182134733,-1.3334078810979644,-0.5924733203183089,0.4162828644627447,0.9555654427484506,1.044894458783506,0.937865063645208,0.7952694861966564,0.6316650475694898,0.42455406965117576,0.25549063559964463,0.09056280414232908,0.08576550513303906,0.5087549384694041,1.0923711765651005,1.1403441666580008,0.9734312459554617,0.7160313404914868,0.22836108258159074,-0.2581512066019249,-0.20851441405706755,-0.20851441405706755,-0.20851441405706755,-0.20851441405706755,-0.20851441405706755,-0.20851441405706755,-0.20851441405706755,-0.20851441405706755,-0.20851441405706755,-0.20851441405706755,-0.20851441405706755,-0.20851441405706755,-0.20851441405706755,-0.20851441405706755,-0.20851441405706755,-0.20851441405706755,-0.20851441405706755,-0.20851441405706755,-0.20851441405706755,-0.20851441405706755,-0.20851441405706755,-0.20851441405706755,-0.20851441405706755,4.795831523312727,-0.20851441405706755,-0.20851441405706755,-0.20851441405706755,-0.20851441405706755,-0.20851441405706755,-0.20851441405706755,-0.20851441405706755,-0.20851441405706755,-0.20851441405706755,-0.20851441405706755,-0.20851441405706755,-0.20851441405706755,-0.20851441405706755,-0.20851441405706755,-0.20851441405706755,-0.20851441405706755,-0.20851441405706755,-0.20851441405706755,-0.20851441405706755,-0.20851441405706755,-0.20851441405706755,-0.20851441405706755,-0.20851441405706755,4.795831523312727,-0.20851441405706755,-0.20851441405706755,-0.20851441405706755,-0.20851441405706755,-0.20851441405706755,-0.20851441405706755,-0.20851441405706755,-0.20851441405706755,-0.20851441405706755,-0.20851441405706755,-0.20851441405706755,-0.20851441405706755,-0.20851441405706755,-0.20851441405706755,-0.20851441405706755,-0.20851441405706755,-0.20851441405706755,-0.20851441405706755,-0.20851441405706755,-0.20851441405706755,-0.20851441405706755,-0.20851441405706755,-0.20851441405706755,4.795831523312727
1986,-0.874409696951795,-1.2400818581412703,-1.4770121219385277,-1.5244433472935552,-1.5684866279803666,-1.3073890255498335,-0.3556024367589447,0.9898633224786737,1.6566108331836342,1.5570052599380761,1.199915891908082,0.8301781971167472,0.4121058250588604,0.062469935298942104,-0.2040483786007372,-0.452949380225692,-0.43081480839334574,0.15055649667256493,0.9889598705671494,1.1018913595076916,0.9065198836405537,0.5146476170168727,-0.09789277899662766,-0.8375940315571784,-0.20851441405707302,-0.20851441405707302,-0.20851441405707302,-0.20851441405707302,-0.20851441405707302,-0.20851441405707302,-0.20851441405707302,-0.20851441405707302,-0.20851441405707302,-0.20851441405707302,-0.20851441405707302,-0.20851441405707302,-0.20851441405707302,-0.20851441405707302,-0.20851441405707302,-0.20851441405707302,-0.20851441405707302,-0.20851441405707302,-0.20851441405707302,-0.20851441405707302,-0.20851441405707302,-0.20851441405707302,-0.20851441405707302,4.795831523312722,-0.20851441405707302,-0.20851441405707302,-0.20851441405707302,-0.20851441405707302,-0.20851441405707302,-0.20851441405707302,-0.20851441405707302,-0.20851441405707302,-0.20851441405707302,-0.20851441405707302,-0.20851441405707302,-0.20851441405707302,-0.20851441405707302,-0.20851441405707302,-0.20851441405707302,-0.20851441405707302,-0.20851441405707302,-0.20851441405707302,-0.20851441405707302,-0.20851441405707302,-0.20851441405707302,-0.20851441405707302,-0.20851441405707302,4.795831523312722,-0.20851441405707302,-0.20851441405707302,-0.20851441405707302,-0.20851441405707302,-0.20851441405707302,-0.20851441405707302,-0.20851441405707302,-0.20851441405707302,-0.20851441405707302,-0.20851441405707302,-0.20851441405707302,-0.20851441405707302,-0.20851441405707302,-0.20851441405707302,-0.20851441405707302,-0.20851441405707302,-0.20851441405707302,-0.20851441405707302,-0.20851441405707302,-0.20851441405707302,-0.20851441405707302,-0.20851441405707302,-0.20851441405707302,4.795831523312722
1987,-0.548653449100218,-0.936846281877501,-1.2214093387037583,-1.3475361098958842,-1.6002683117533507,-1.1206515195920221,-0.047257650907611456,1.3305636427414749,2.020311943644144,1.750348000750941,1.1189961555804895,0.5374248956243874,0.13104300286493836,-0.25260256491680305,-0.45890479787242444,-0.6877040260691462,-0.6838747502834269,-0.06568604062638506,0.9316009718168566,1.04576125617861,0.8574087534685474,0.4682586017448346,-0.19731739576048224,-1.0230049870561828,-0.20851441405712415,-0.20851441405712415,-0.20851441405712415,-0.20851441405712415,-0.20851441405712415,-0.20851441405712415,-0.20851441405712415,-0.20851441405712415,-0.20851441405712415,-0.20851441405712415,-0.20851441405712415,-0.20851441405712415,-0.20851441405712415,-0.20851441405712415,-0.20851441405712415,-0.20851441405712415,-0.20851441405712415,-0.20851441405712415,-0.20851441405712415,-0.20851441405712415,-0.20851441405712415,-0.20851441405712415,-0.20851441405712415,4.79583152331267,-0.20851441405712415,-0.20851441405712415,-0.20851441405712415,-0.20851441405712415,-0.20851441405712415,-0.20851441405712415,-0.20851441405712415,-0.20851441405712415,-0.20851441405712415,-0.20851441405712415,-0.20851441405712415,-0.20851441405712415,-0.20851441405712415,-0.20851441405712415,-0.20851441405712415,-0.20851441405712415,-0.20851441405712415,-0.20851441405712415,-0.20851441405712415,-0.20851441405712415,-0.20851441405712415,-0.20851441405712415,-0.20851441405712415,4.79583152331267,-0.20851441405712415,-0.20851441405712415,-0.20851441405712415,-0.20851441405712415,-0.20851441405712415,-0.20851441405712415,-0.20851441405712415,-0.20851441405712415,-0.20851441405712415,-0.20851441405712415,-0.20851441405712415,-0.20851441405712415,-0.20851441405712415,-0.20851441405712415,-0.20851441405712415,-0.20851441405712415,-0.20851441405712415,-0.20851441405712415,-0.20851441405712415,-0.20851441405712415,-0.20851441405712415,-0.20851441405712415,-0.20851441405712415,4.79583152331267
1988,-1.0331945334101276,-1.3348787111322102,-1.378462881277161,-1.4290840788934325,-1.5244244510855127,-1.1074238231882472,-0.11883496391084296,1.1653090491620102,1.8385936775470346,1.671748026210894,1.1264918976266631,0.5837327787903203,0.17240717304734524,-0.10180989744797148,-0.31882274462804,-0.4475322470873484,-0.39827305478810693,0.17467718190906142,1.0216174882153748,1.0969817824243526,0.8736129104314788,0.4840793897609792,-0.18534622355912755,-0.8311637447173859,0.20851441405707002,0.20851441405707002,0.20851441405707002,0.20851441405707002,0.20851441405707002,0.20851441405707002,0.20851441405707002,0.20851441405707002,0.20851441405707002,0.20851441405707002,0.20851441405707002,0.20851441405707002,0.20851441405707002,0.20851441405707002,0.20851441405707002,0.20851441405707002,0.20851441405707002,0.20851441405707002,0.20851441405707002,0.20851441405707002,0.20851441405707002,0.20851441405707002,0.20851441405707002,-4.795831523312724,0.20851441405707002,0.20851441405707002,0.20851441405707002,0.20851441405707002,0.20851441405707002,0.20851441405707002,0.20851441405707002,0.20851441405707002,0.20851441405707002,0.20851441405707002,0.20851441405707002,0.20851441405707002,0.20851441405707002,0.20851441405707002,0.20851441405707002,0.20851441405707002,0.20851441405707002,0.20851441405707002,0.20851441405707002,0.20851441405707002,0.20851441405707002,0.20851441405707002,0.20851441405707002,-4.795831523312724,0.20851441405707002,0.20851441405707002,0.20851441405707002,0.20851441405707002,0.20851441405707002,0.20851441405707002,0.20851441405707002,0.20851441405707002,0.20851441405707002,0.20851441405707002,0.20851441405707002,0.20851441405707002,0.20851441405707002,0.20851441405707002,0.20851441405707002,0.20851441405707002,0.20851441405707002,0.20851441405707002,0.20851441405707002,0.20851441405707002,0.20851441405707002,0.20851441405707002,0.20851441405707002,-4.795831523312724
1989,-0.9093594622174552,-1.3081404628448667,-1.6331242867109466,-1.7617760494071724,-1.846820389471702,-1.5044725240147208,-0.724274564350799,0.3870240974669063,0.9549071849511669,1.035610514617971,0.912089036937239,0.8406596840292118,0.6918814185798954,0.5772392803490561,0.4941681268289471,0.36630563875048955,0.3698573745304467,0.8187573133861427,1.2161570834324598,1.032058778838014,0.6897109133810326,0.3181598870666259,-0.20493186585928616,-0.8116867282686334,0.2085144140570721,0.2085144140570721,0.2085144140570721,0.2085144140570721,0.2085144140570721,0.2085144140570721,0.2085144140570721,0.2085144140570721,0.2085144140570721,0.2085144140570721,0.2085144140570721,0.2085144140570721,0.2085144140570721,0.2085144140570721,0.2085144140570721,0.2085144140570721,0.2085144140570721,0.2085144140570721,0.2085144140570721,0.2085144140570721,0.2085144140570721,0.2085144140570721,0.2085144140570721,-4.795831523312723,0.2085144140570721,0.2085144140570721,0.2085144140570721,0.2085144140570721,0.2085144140570721,0.2085144140570721,0.2085144140570721,0.2085144140570721,0.2085144140570721,0.2085144140570721,0.2085144140570721,0.2085144140570721,0.2085144140570721,0.2085144140570721,0.2085144140570721,0.2085144140570721,0.2085144140570721,0.2085144140570721,0.2085144140570721,0.2085144140570721,0.2085144140570721,0.2085144140570721,0.2085144140570721,-4.795831523312723,0.2085144140570721,0.2085144140570721,0.2085144140570721,0.2085144140570721,0.2085144140570721,0.2085144140570721,0.2085144140570721,0.2085144140570721,0.2085144140570721,0.2085144140570721,0.2085144140570721,0.2085144140570721,0.2085144140570721,0.2085144140570721,0.2085144140570721,0.2085144140570721,0.2085144140570721,0.2085144140570721,0.2085144140570721,0.2085144140570721,0.2085144140570721,0.2085144140570721,0.2085144140570721,-4.795831523312723
1990,-0.8562894126397879,-1.1952928882492613,-1.4183908121261475,-1.5478727134497896,-1.59062808305744,-1.5047120796752422,-1.2757378253783473,-0.810899825947306,-0.30269856065826867,0.18422633586866785,0.5728746719230433,0.6954670824094339,0.7094486961673859,0.5438982839898965,0.3913163251531161,0.3205977280295618,0.40854005224624534,0.9392334787980751,1.5376060212217304,1.4893795853609684,1.2504763589750931,0.9410571675491123,0.5268771889802157,-0.00847677549093126,0.20851441405707752,0.20851441405707752,0.20851441405707752,0.20851441405707752,0.20851441405707752,0.20851441405707752,0.20851441405707752,0.20851441405707752,0.20851441405707752,0.20851441405707752,0.20851441405707752,0.20851441405707752,0.20851441405707752,0.20851441405707752,0.20851441405707752,0.20851441405707752,0.20851441405707752,0.20851441405707752,0.20851441405707752,0.20851441405707752,0.20851441405707752,0.20851441405707752,0.20851441405707752,-4.7958315233127164,0.20851441405707752,0.20851441405707752,0.20851441405707752,0.20851441405707752,0.20851441405707752,0.20851441405707752,0.20851441405707752,0.20851441405707752,0.20851441405707752,0.20851441405707752,0.20851441405707752,0.20851441405707752,0.20851441405707752,0.20851441405707752,0.20851441405707752,0.20851441405707752,0.20851441405707752,0.20851441405707752,0.20851441405707752,0.20851441405707752,0.20851441405707752,0.20851441405707752,0.20851441405707752,-4.7958315233127164,0.20851441405707752,0.20851441405707752,0.20851441405707752,0.20851441405707752,0.20851441405707752,0.20851441405707752,0.20851441405707752,0.20851441405707752,0.20851441405707752,0.20851441405707752,0.20851441405707752,0.20851441405707752,0.20851441405707752,0.20851441405707752,0.20851441405707752,0.20851441405707752,0.20851441405707752,0.20851441405707752,0.20851441405707752,0.20851441405707752,0.20851441405707752,0.20851441405707752,0.20851441405707752,-4.7958315233127164
1991,-0.9517635506383889,-1.289150388255461,-1.3991639401922014,-1.3862633282387073,-1.3959387872038278,-1.2766081266340084,-1.2069089870519367,-0.8670136971105743,-0.48698316998056385,-0.09620213288930847,0.19657008838859677,0.3185883764487274,0.34886897950623413,0.4228683230728038,0.3918710193512141,0.37861205706567863,0.5721212363680884,1.1089300337662549,1.6899950971715467,1.5991532879990265,1.4335954345958537,1.1521112487772556,0.6482706819269071,0.09444024375676936,0.20851441405707308,0.20851441405707308,0.20851441405707308,0.20851441405707308,0.20851441405707308,0.20851441405707308,0.20851441405707308,0.20851441405707308,0.20851441405707308,0.20851441405707308,0.20851441405707308,0.20851441405707308,0.20851441405707308,0.20851441405707308,0.20851441405707308,0.20851441405707308,0.20851441405707308,0.20851441405707308,0.20851441405707308,0.20851441405707308,0.20851441405707308,0.20851441405707308,0.20851441405707308,-4.795831523312722,0.20851441405707308,0.20851441405707308,0.20851441405707308,0.20851441405707308,0.20851441405707308,0.20851441405707308,0.20851441405707308,0.20851441405707308,0.20851441405707308,0.20851441405707308,0.20851441405707308,0.20851441405707308,0.20851441405707308,0.20851441405707308,0.20851441405707308,0.20851441405707308,0.20851441405707308,0.20851441405707308,0.20851441405707308,0.20851441405707308,0.20851441405707308,0.20851441405707308,0.20851441405707308,-4.795831523312722,0.20851441405707308,0.20851441405707308,0.20851441405707308,0.20851441405707308,0.20851441405707308,0.20851441405707308,0.20851441405707308,0.20851441405707308,0.20851441405707308,0.20851441405707308,0.20851441405707308,0.20851441405707308,0.20851441405707308,0.20851441405707308,0.20851441405707308,0.20851441405707308,0.20851441405707308,0.20851441405707308,0.20851441405707308,0.20851441405707308,0.20851441405707308,0.20851441405707308,0.20851441405707308,-4.795831523312722
1992,-1.4906736900626523,-1.6496077298795082,-1.6817560450008706,-1.6199124990445148,-1.634889224161294,-1.3968109386842165,-0.7597836824239668,0.07581429133289104,0.6197534544104006,0.7258816272206814,0.705998733531164,0.6471247106583076,0.5435787318336784,0.38980907998812564,0.2426240228059844,0.17187190759913057,0.2091846106917962,0.6484158076511334,1.2048786115590533,1.2612995501455406,1.1379997873306769,0.9336191333663526,0.5855393841005169,0.13004036503157465,-0.20851441405707666,-0.20851441405707666,-0.20851441405707666,-0.20851441405707666,-0.20851441405707666,-0.20851441405707666,-0.20851441405707666,-0.20851441405707666,-0.20851441405707666,-0.20851441405707666,-0.20851441405707666,-0.20851441405707666,-0.20851441405707666,-0.20851441405707666,-0.20851441405707666,-0.20851441405707666,-0.20851441405707666,-0.20851441405707666,-0.20851441405707666,-0.20851441405707666,-0.20851441405707666,-0.20851441405707666,-0.20851441405707666,4.795831523312717,-0.20851441405707666,-0.20851441405707666,-0.20851441405707666,-0.20851441405707666,-0.20851441405707666,-0.20851441405707666,-0.20851441405707666,-0.20851441405707666,-0.20851441405707666,-0.20851441405707666,-0.20851441405707666,-0.20851441405707666,-0.20851441405707666,-0.20851441405707666,-0.20851441405707666,-0.20851441405707666,-0.20851441405707666,-0.20851441405707666,-0.20851441405707666,-0.20851441405707666,-0.20851441405707666,-0.20851441405707666,-0.20851441405707666,4.795831523312717,-0.20851441405707666,-0.20851441405707666,-0.20851441405707666,-0.20851441405707666,-0.20851441405707666,-0.20851441405707666,-0.20851441405707666,-0.20851441405707666,-0.20851441405707666,-0.20851441405707666,-0.20851441405707666,-0.20851441405707666,-0.20851441405707666,-0.20851441405707666,-0.20851441405707666,-0.20851441405707666,-0.20851441405707666,-0.20851441405707666,-0.20851441405707666,-0.20851441405707666,-0.20851441405707666,-0.20851441405707666,-0.20851441405707666,4.795831523312717
1993,-1.155167445912506,-1.4346653526328952,-1.6212707048820176,-1.6985786365280826,-1.5814889045124245,-1.1980251586818103,-0.653178542279702,0.45620052988266374,1.0451352240139602,1.078355077930837,0.9497819396229251,0.7785561493723567,0.5657030113123686,0.3370601896005317,0.14942953321817223,0.05079527560077892,0.14471313420528234,0.7270858818838625,1.3822552230222651,1.3092535687357951,0.9959206256185873,0.5134125005172848,-0.2393657941052742,-0.9019173250029828,-0.20851441405707452,-0.20851441405707452,-0.20851441405707452,-0.20851441405707452,-0.20851441405707452,-0.20851441405707452,-0.20851441405707452,-0.20851441405707452,-0.20851441405707452,-0.20851441405707452,-0.20851441405707452,-0.20851441405707452,-0.20851441405707452,-0.20851441405707452,-0.20851441405707452,-0.20851441405707452,-0.20851441405707452,-0.20851441405707452,-0.20851441405707452,-0.20851441405707452,-0.20851441405707452,-0.20851441405707452,-0.20851441405707452,4.79583152331272,-0.20851441405707452,-0.20851441405707452,-0.20851441405707452,-0.20851441405707452,-0.20851441405707452,-0.20851441405707452,-0.20851441405707452,-0.20851441405707452,-0.20851441405707452,-0.20851441405707452,-0.20851441405707452,-0.20851441405707452,-0.20851441405707452,-0.20851441405707452,-0.20851441405707452,-0.20851441405707452,-0.20851441405707452,-0.20851441405707452,-0.20851441405707452,-0.20851441405707452,-0.20851441405707452,-0.20851441405707452,-0.20851441405707452,4.79583152331272,-0.20851441405707452,-0.20851441405707452,-0.20851441405707452,-0.20851441405707452,-0.20851441405707452,-0.20851441405707452,-0.20851441405707452,-0.20851441405707452,-0.20851441405707452,-0.20851441405707452,-0.20851441405707452,-0.20851441405707452,-0.20851441405707452,-0.20851441405707452,-0.20851441405707452,-0.20851441405707452,-0.20851441405707452,-0.20851441405707452,-0.20851441405707452,-0.20851441405707452,-0.20851441405707452,-0.20851441405707452,-0.20851441405707452,4.79583152331272
1994,-1.0770609272319545,-1.424768228687332,-1.6288495203337239,-1.7458251248356873,-1.6749958597244068,-1.476280421495536,-0.9178739425121573,-0.0119390238539848,0.5269715210457335,0.6561097266274118,0.6732804575634799,0.6196219233882673,0.5001422539581273,0.3774430724774745,0.2776381989115791,0.1846300730078773,0.2806788491815078,0.7822072819391614,1.437199122437923,1.4046462783716274,1.2143373438302068,0.9206463001112098,0.34721543155877144,-0.2451747857355755,0.20851441405707385,0.20851441405707385,0.20851441405707385,0.20851441405707385,0.20851441405707385,0.20851441405707385,0.20851441405707385,0.20851441405707385,0.20851441405707385,0.20851441405707385,0.20851441405707385,0.20851441405707385,0.20851441405707385,0.20851441405707385,0.20851441405707385,0.20851441405707385,0.20851441405707385,0.20851441405707385,0.20851441405707385,0.20851441405707385,0.20851441405707385,0.20851441405707385,0.20851441405707385,-4.795831523312721,0.20851441405707385,0.20851441405707385,0.20851441405707385,0.20851441405707385,0.20851441405707385,0.20851441405707385,0.20851441405707385,0.20851441405707385,0.20851441405707385,0.20851441405707385,0.20851441405707385,0.20851441405707385,0.20851441405707385,0.20851441405707385,0.20851441405707385,0.20851441405707385,0.20851441405707385,0.20851441405707385,0.20851441405707385,0.20851441405707385,0.20851441405707385,0.20851441405707385,0.20851441405707385,-4.795831523312721,0.20851441405707385,0.20851441405707385,0.20851441405707385,0.20851441405707385,0.20851441405707385,0.20851441405707385,0.20851441405707385,0.20851441405707385,0.20851441405707385,0.20851441405707385,0.20851441405707385,0.20851441405707385,0.20851441405707385,0.20851441405707385,0.20851441405707385,0.20851441405707385,0.20851441405707385,0.20851441405707385,0.20851441405707385,0.20851441405707385,0.20851441405707385,0.20851441405707385,0.20851441405707385,-4.795831523312721
1995,-0.9477977692176532,-1.318118906829132,-1.5482514730835015,-1.7076694502462317,-1.7000190414848557,-1.3503746843095288,-0.4265361344222664,0.7020025417828988,1.3649001225659254,1.4105958073298208,1.17074515427046,0.895743974469641,0.5022648427696724,0.15386109242051457,-0.10356482400957533,-0.3593365980047731,-0.46044605433755537,0.14786482609403054,0.9809323098665865,1.136008163137725,0.997887269824231,0.7326041768284034,0.15034603974636876,-0.42364138516120514,-0.20851441405707585,-0.20851441405707585,-0.20851441405707585,-0.20851441405707585,-0.20851441405707585,-0.20851441405707585,-0.20851441405707585,-0.20851441405707585,-0.20851441405707585,-0.20851441405707585,-0.20851441405707585,-0.20851441405707585,-0.20851441405707585,-0.20851441405707585,-0.20851441405707585,-0.20851441405707585,-0.20851441405707585,-0.20851441405707585,-0.20851441405707585,-0.20851441405707585,-0.20851441405707585,-0.20851441405707585,-0.20851441405707585,4.795831523312718,-0.20851441405707585,-0.20851441405707585,-0.20851441405707585,-0.20851441405707585,-0.20851441405707585,-0.20851441405707585,-0.20851441405707585,-0.20851441405707585,-0.20851441405707585,-0.20851441405707585,-0.20851441405707585,-0.20851441405707585,-0.20851441405707585,-0.20851441405707585,-0.20851441405707585,-0.20851441405707585,-0.20851441405707585,-0.20851441405707585,-0.20851441405707585,-0.20851441405707585,-0.20851441405707585,-0.20851441405707585,-0.20851441405707585,4.795831523312718,-0.20851441405707585,-0.20851441405707585,-0.20851441405707585,-0.20851441405707585,-0.20851441405707585,-0.20851441405707585,-0.20851441405707585,-0.20851441405707585,-0.20851441405707585,-0.20851441405707585,-0.20851441405707585,-0.20851441405707585,-0.20851441405707585,-0.20851441405707585,-0.20851441405707585,-0.20851441405707585,-0.20851441405707585,-0.20851441405707585,-0.20851441405707585,-0.20851441405707585,-0.20851441405707585,-0.20851441405707585,-0.20851441405707585,4.795831523312718
1996,-0.5580427131077823,-0.8769359986904425,-1.0910923087146556,-1.1278118601457348,-1.129536939743168,-0.7761420622118428,0.12533524741827387,1.418652065608228,2.1229774212459738,2.0699928336105238,1.5081097647322663,0.9639703717133222,0.3525528743944815,-0.16916048385783042,-0.3369860846938363,-0.5570569533378205,-0.8298659696747639,-0.2945984145854765,0.5546336272366619,0.5489655085593812,0.27393853274002355,-0.07847058502133972,-0.6829877639504475,-1.4304401095240242,0.20851441405707163,0.20851441405707163,0.20851441405707163,0.20851441405707163,0.20851441405707163,0.20851441405707163,0.20851441405707163,0.20851441405707163,0.20851441405707163,0.20851441405707163,0.20851441405707163,0.20851441405707163,0.20851441405707163,0.20851441405707163,0.20851441405707163,0.20851441405707163,0.20851441405707163,0.20851441405707163,0.20851441405707163,0.20851441405707163,0.20851441405707163,0.20851441405707163,0.20851441405707163,-4.795831523312723,0.20851441405707163,0.20851441405707163,0.20851441405707163,0.20851441405707163,0.20851441405707163,0.20851441405707163,0.20851441405707163,0.20851441405707163,0.20851441405707163,0.20851441405707163,0.20851441405707163,0.20851441405707163,0.20851441405707163,0.20851441405707163,0.20851441405707163,0.20851441405707163,0.20851441405707163,0.20851441405707163,0.20851441405707163,0.20851441405707163,0.20851441405707163,0.20851441405707163,0.20851441405707163,-4.795831523312723,0.20851441405707163,0.20851441405707163,0.20851441405707163,0.20851441405707163,0.20851441405707163,0.20851441405707163,0.20851441405707163,0.20851441405707163,0.20851441405707163,0.20851441405707163,0.20851441405707163,0.20851441405707163,0.20851441405707163,0.20851441405707163,0.20851441405707163,0.20851441405707163,0.20851441405707163,0.20851441405707163,0.20851441405707163,0.20851441405707163,0.20851441405707163,0.20851441405707163,0.20851441405707163,-4.795831523312723
1997,-0.13344565936758768,-0.7283557945464457,-1.2260395160472055,-1.517397877828437,-1.7416924757194951,-1.7230814790418394,-1.1859296094143268,-0.35709849875251976,0.4011391762354206,0.9241723587281598,1.148466956619218,1.0489943881696786,0.7088623799228666,0.2548182368386789,-0.14467643322479373,-0.22842591827424463,-0.09461926974696103,0.7537854753516908,1.603473737462595,1.4651747793924288,1.1298559599415623,0.6713195073144921,-0.023384075566968327,-1.0059163484459668,-0.20851441405707477,-0.20851441405707477,-0.20851441405707477,-0.20851441405707477,-0.20851441405707477,-0.20851441405707477,-0.20851441405707477,-0.20851441405707477,-0.20851441405707477,-0.20851441405707477,-0.20851441405707477,-0.20851441405707477,-0.20851441405707477,-0.20851441405707477,-0.20851441405707477,-0.20851441405707477,-0.20851441405707477,-0.20851441405707477,-0.20851441405707477,-0.20851441405707477,-0.20851441405707477,-0.20851441405707477,-0.20851441405707477,4.79583152331272,-0.20851441405707477,-0.20851441405707477,-0.20851441405707477,-0.20851441405707477,-0.20851441405707477,-0.20851441405707477,-0.20851441405707477,-0.20851441405707477,-0.20851441405707477,-0.20851441405707477,-0.20851441405707477,-0.20851441405707477,-0.20851441405707477,-0.20851441405707477,-0.20851441405707477,-0.20851441405707477,-0.20851441405707477,-0.20851441405707477,-0.20851441405707477,-0.20851441405707477,-0.20851441405707477,-0.20851441405707477,-0.20851441405707477,4.79583152331272,-0.20851441405707477,-0.20851441405707477,-0.20851441405707477,-0.20851441405707477,-0.20851441405707477,-0.20851441405707477,-0.20851441405707477,-0.20851441405707477,-0.20851441405707477,-0.20851441405707477,-0.20851441405707477,-0.20851441405707477,-0.20851441405707477,-0.20851441405707477,-0.20851441405707477,-0.20851441405707477,-0.20851441405707477,-0.20851441405707477,-0.20851441405707477,-0.20851441405707477,-0.20851441405707477,-0.20851441405707477,-0.20851441405707477,4.79583152331272
1998,-0.573747504963759,-0.8089628064132205,-1.177218436736812,-1.3568228807168872,-1.3879543176734335,-1.2016978572496517,-0.94359961923384,-0.8001821447075279,-0.22970521449525927,0.30538298823649085,0.5488467900761484,0.3692423460960732,0.09597751058861054,-0.07484627168577217,-0.38616064125123595,-0.5883819411399133,-0.4319265143839366,0.5326158699535046,1.7603120248039745,1.9247498712923992,1.8153907209578644,1.5461170953166257,0.8990089356728581,0.16356199765666848,0.20851441405710808,0.20851441405710808,0.20851441405710808,0.20851441405710808,0.20851441405710808,0.20851441405710808,0.20851441405710808,0.20851441405710808,0.20851441405710808,0.20851441405710808,0.20851441405710808,0.20851441405710808,0.20851441405710808,0.20851441405710808,0.20851441405710808,0.20851441405710808,0.20851441405710808,0.20851441405710808,0.20851441405710808,0.20851441405710808,0.20851441405710808,0.20851441405710808,0.20851441405710808,-4.795831523312686,0.20851441405710808,0.20851441405710808,0.20851441405710808,0.20851441405710808,0.20851441405710808,0.20851441405710808,0.20851441405710808,0.20851441405710808,0.20851441405710808,0.20851441405710808,0.20851441405710808,0.20851441405710808,0.20851441405710808,0.20851441405710808,0.20851441405710808,0.20851441405710808,0.20851441405710808,0.20851441405710808,0.20851441405710808,0.20851441405710808,0.20851441405710808,0.20851441405710808,0.20851441405710808,-4.795831523312686,0.20851441405710808,0.20851441405710808,0.20851441405710808,0.20851441405710808,0.20851441405710808,0.20851441405710808,0.20851441405710808,0.20851441405710808,0.20851441405710808,0.20851441405710808,0.20851441405710808,0.20851441405710808,0.20851441405710808,0.20851441405710808,0.20851441405710808,0.20851441405710808,0.20851441405710808,0.20851441405710808,0.20851441405710808,0.20851441405710808,0.20851441405710808,0.20851441405710808,0.20851441405710808,-4.795831523312686
1999,-1.1946264095146177,-1.4582511254377977,-1.633867893047486,-1.7490166145370203,-1.7400362116478885,-1.2956060508901885,-0.49076238751533274,0.5769077337481135,1.270394401297735,1.3336563505389525,1.1454670188844795,0.8068060477098874,0.5369948320186388,0.3466102907690449,0.09396162282147055,-0.10560288582590258,-0.12895193333764524,0.3316429526204919,0.9784315251466282,1.0726259732281884,0.9229525917426585,0.632785796169378,0.1336749600422978,-0.3861905849841092,-0.20851441405707427,-0.20851441405707427,-0.20851441405707427,-0.20851441405707427,-0.20851441405707427,-0.20851441405707427,-0.20851441405707427,-0.20851441405707427,-0.20851441405707427,-0.20851441405707427,-0.20851441405707427,-0.20851441405707427,-0.20851441405707427,-0.20851441405707427,-0.20851441405707427,-0.20851441405707427,-0.20851441405707427,-0.20851441405707427,-0.20851441405707427,-0.20851441405707427,-0.20851441405707427,-0.20851441405707427,-0.20851441405707427,4.795831523312719,-0.20851441405707427,-0.20851441405707427,-0.20851441405707427,-0.20851441405707427,-0.20851441405707427,-0.20851441405707427,-0.20851441405707427,-0.20851441405707427,-0.20851441405707427,-0.20851441405707427,-0.20851441405707427,-0.20851441405707427,-0.20851441405707427,-0.20851441405707427,-0.20851441405707427,-0.20851441405707427,-0.20851441405707427,-0.20851441405707427,-0.20851441405707427,-0.20851441405707427,-0.20851441405707427,-0.20851441405707427,-0.20851441405707427,4.795831523312719,-0.20851441405707427,-0.20851441405707427,-0.20851441405707427,-0.20851441405707427,-0.20851441405707427,-0.20851441405707427,-0.20851441405707427,-0.20851441405707427,-0.20851441405707427,-0.20851441405707427,-0.20851441405707427,-0.20851441405707427,-0.20851441405707427,-0.20851441405707427,-0.20851441405707427,-0.20851441405707427,-0.20851441405707427,-0.20851441405707427,-0.20851441405707427,-0.20851441405707427,-0.20851441405707427,-0.20851441405707427,-0.20851441405707427,4.795831523312719
2000,-0.8913764658765334,-1.285408111169664,-1.5021789079027414,-1.7520526341861902,-1.6824296984866993,-1.2038254073745551,-0.2718177650660336,0.8415085042635545,1.570200088946569,1.5740443001201605,1.2188819011377887,0.8468476864490984,0.4500396664194849,0.16086955925043397,-0.12082569285885565,-0.37155368829199137,-0.4369052782430472,0.07843258630563807,0.8887068747837615,1.0277391788953214,0.9192469968850719,0.5736951258366787,0.01671164024075202,-0.6485504600780024,0.20851441405707485,0.20851441405707485,0.20851441405707485,0.20851441405707485,0.20851441405707485,0.20851441405707485,0.20851441405707485,0.20851441405707485,0.20851441405707485,0.20851441405707485,0.20851441405707485,0.20851441405707485,0.20851441405707485,0.20851441405707485,0.20851441405707485,0.20851441405707485,0.20851441405707485,0.20851441405707485,0.20851441405707485,0.20851441405707485,0.20851441405707485,0.20851441405707485,0.20851441405707485,-4.795831523312719,0.20851441405707485,0.20851441405707485,0.20851441405707485,0.20851441405707485,0.20851441405707485,0.20851441405707485,0.20851441405707485,0.20851441405707485,0.20851441405707485,0.20851441405707485,0.20851441405707485,0.20851441405707485,0.20851441405707485,0.20851441405707485,0.20851441405707485,0.20851441405707485,0.20851441405707485,0.20851441405707485,0.20851441405707485,0.20851441405707485,0.20851441405707485,0.20851441405707485,0.20851441405707485,-4.795831523312719,0.20851441405707485,0.20851441405707485,0.20851441405707485,0.20851441405707485,0.20851441405707485,0.20851441405707485,0.20851441405707485,0.20851441405707485,0.20851441405707485,0.20851441405707485,0.20851441405707485,0.20851441405707485,0.20851441405707485,0.20851441405707485,0.20851441405707485,0.20851441405707485,0.20851441405707485,0.20851441405707485,0.20851441405707485,0.20851441405707485,0.20851441405707485,0.20851441405707485,0.20851441405707485,-4.795831523312719
2001,-0.7927699068927869,-1.145543540429941,-1.435675126890404,-1.818780699012061,-1.9939586341703859,-1.707343794212474,-1.005313273640717,-0.020624252926418216,0.5754642792559878,0.7851502894705952,0.8286700274396646,0.7928431724449256,0.693055490435039,0.5132618254921157,0.39545081765665496,0.25895709402639167,0.28906923595448514,0.7117382062298416,1.2691425268841858,1.2766156132021067,1.0075845057569501,0.6996493901273223,0.2334606818828964,-0.41010392808394897,0.20851441405707516,0.20851441405707516,0.20851441405707516,0.20851441405707516,0.20851441405707516,0.20851441405707516,0.20851441405707516,0.20851441405707516,0.20851441405707516,0.20851441405707516,0.20851441405707516,0.20851441405707516,0.20851441405707516,0.20851441405707516,0.20851441405707516,0.20851441405707516,0.20851441405707516,0.20851441405707516,0.20851441405707516,0.20851441405707516,0.20851441405707516,0.20851441405707516,0.20851441405707516,-4.795831523312719,0.20851441405707516,0.20851441405707516,0.20851441405707516,0.20851441405707516,0.20851441405707516,0.20851441405707516,0.20851441405707516,0.20851441405707516,0.20851441405707516,0.20851441405707516,0.20851441405707516,0.20851441405707516,0.20851441405707516,0.20851441405707516,0.20851441405707516,0.20851441405707516,0.20851441405707516,0.20851441405707516,0.20851441405707516,0.20851441405707516,0.20851441405707516,0.20851441405707516,0.20851441405707516,-4.795831523312719,0.20851441405707516,0.20851441405707516,0.20851441405707516,0.20851441405707516,0.20851441405707516,0.20851441405707516,0.20851441405707516,0.20851441405707516,0.20851441405707516,0.20851441405707516,0.20851441405707516,0.20851441405707516,0.20851441405707516,0.20851441405707516,0.20851441405707516,0.20851441405707516,0.20851441405707516,0.20851441405707516,0.20851441405707516,0.20851441405707516,0.20851441405707516,0.20851441405707516,0.20851441405707516,-4.795831523312719
2002,-1.212003993400674,-1.501473804956012,-1.6476124693910448,-1.708047973692287,-1.6328360624714258,-1.407052564739646,-1.011488151501443,-0.45840724050010045,0.08373912938072396,0.4711765188131365,0.7177947503015791,0.7600552740916897,0.6699191918820132,0.4850663413175785,0.28366391500317023,0.23002555788495296,0.3130689647732122,0.7445400468260897,1.2077804037561481,1.19374281718251,1.0804077761090316,0.9883507609998047,0.8071920121652746,0.5423988001657005,-0.2085144140570751,-0.2085144140570751,-0.2085144140570751,-0.2085144140570751,-0.2085144140570751,-0.2085144140570751,-0.2085144140570751,-0.2085144140570751,-0.2085144140570751,-0.2085144140570751,-0.2085144140570751,-0.2085144140570751,-0.2085144140570751,-0.2085144140570751,-0.2085144140570751,-0.2085144140570751,-0.2085144140570751,-0.2085144140570751,-0.2085144140570751,-0.2085144140570751,-0.2085144140570751,-0.2085144140570751,-0.2085144140570751,4.795831523312719,-0.2085144140570751,-0.2085144140570751,-0.2085144140570751,-0.2085144140570751,-0.2085144140570751,-0.2085144140570751,-0.2085144140570751,-0.2085144140570751,-0.2085144140570751,-0.2085144140570751,-0.2085144140570751,-0.2085144140570751,-0.2085144140570751,-0.2085144140570751,-0.2085144140570751,-0.2085144140570751,-0.2085144140570751,-0.2085144140570751,-0.2085144140570751,-0.2085144140570751,-0.2085144140570751,-0.2085144140570751,-0.2085144140570751,4.795831523312719,-0.2085144140570751,-0.2085144140570751,-0.2085144140570751,-0.2085144140570751,-0.2085144140570751,-0.2085144140570751,-0.2085144140570751,-0.2085144140570751,-0.2085144140570751,-0.2085144140570751,-0.2085144140570751,-0.2085144140570751,-0.2085144140570751,-0.2085144140570751,-0.2085144140570751,-0.2085144140570751,-0.2085144140570751,-0.2085144140570751,-0.2085144140570751,-0.2085144140570751,-0.2085144140570751,-0.2085144140570751,-0.2085144140570751,4.795831523312719
2003,-0.03711232389085589,-0.49757903182668056,-0.8305217692563668,-0.9508149991667963,-0.9324094776504465,-0.7283053908352094,-0.15773422382836313,0.6747869547593912,1.5096088235366893,1.8405795408039096,1.5174969041865536,0.9903101807539606,0.35170431814203534,-0.47522946998539856,-1.3090653286814637,-1.7340356736928992,-1.712014781878695,-0.7858226455738028,0.5209693820870387,0.8594995099770454,0.9045273036866871,0.81217102607786,0.40560620258277424,-0.23661503032700548,-0.2085144140570746,-0.2085144140570746,-0.2085144140570746,-0.2085144140570746,-0.2085144140570746,-0.2085144140570746,-0.2085144140570746,-0.2085144140570746,-0.2085144140570746,-0.2085144140570746,-0.2085144140570746,-0.2085144140570746,-0.2085144140570746,-0.2085144140570746,-0.2085144140570746,-0.2085144140570746,-0.2085144140570746,-0.2085144140570746,-0.2085144140570746,-0.2085144140570746,-0.2085144140570746,-0.2085144140570746,-0.2085144140570746,4.79583152331272,-0.2085144140570746,-0.2085144140570746,-0.2085144140570746,-0.2085144140570746,-0.2085144140570746,-0.2085144140570746,-0.2085144140570746,-0.2085144140570746,-0.2085144140570746,-0.2085144140570746,-0.2085144140570746,-0.2085144140570746,-0.2085144140570746,-0.2085144140570746,-0.2085144140570746,-0.2085144140570746,-0.2085144140570746,-0.2085144140570746,-0.2085144140570746,-0.2085144140570746,-0.2085144140570746,-0.2085144140570746,-0.2085144140570746,4.79583152331272,-0.2085144140570746,-0.2085144140570746,-0.2085144140570746,-0.2085144140570746,-0.2085144140570746,-0.2085144140570746,-0.2085144140570746,-0.2085144140570746,-0.2085144140570746,-0.2085144140570746,-0.2085144140570746,-0.2085144140570746,-0.2085144140570746,-0.2085144140570746,-0.2085144140570746,-0.2085144140570746,-0.2085144140570746,-0.2085144140570746,-0.2085144140570746,-0.2085144140570746,-0.2085144140570746,-0.2085144140570746,-0.2085144140570746,4.79583152331272
2004,0.26927953823121165,-0.3326047188382592,-0.654230795526156,-0.6810640255626897,-0.6851635468182712,-0.45186351900063115,0.15151147307086937,0.9874411254589952,1.6564084576198002,1.8457318028775658,1.4272079510577418,0.7876826351870222,-0.015078163405943914,-0.8599522258062476,-1.3895358352772804,-1.669421331908347,-1.642960785622321,-0.9657944109503527,0.6337642462274609,1.0042118942318288,0.9192399991161387,0.5946324524241826,-0.06762657222748905,-0.8618156445587847,-0.20851441405705992,-0.20851441405705992,-0.20851441405705992,-0.20851441405705992,-0.20851441405705992,-0.20851441405705992,-0.20851441405705992,-0.20851441405705992,-0.20851441405705992,-0.20851441405705992,-0.20851441405705992,-0.20851441405705992,-0.20851441405705992,-0.20851441405705992,-0.20851441405705992,-0.20851441405705992,-0.20851441405705992,-0.20851441405705992,-0.20851441405705992,-0.20851441405705992,-0.20851441405705992,-0.20851441405705992,-0.20851441405705992,4.795831523312733,-0.20851441405705992,-0.20851441405705992,-0.20851441405705992,-0.20851441405705992,-0.20851441405705992,-0.20851441405705992,-0.20851441405705992,-0.20851441405705992,-0.20851441405705992,-0.20851441405705992,-0.20851441405705992,-0.20851441405705992,-0.20851441405705992,-0.20851441405705992,-0.20851441405705992,-0.20851441405705992,-0.20851441405705992,-0.20851441405705992,-0.20851441405705992,-0.20851441405705992,-0.20851441405705992,-0.20851441405705992,-0.20851441405705992,4.795831523312733,-0.20851441405705992,-0.20851441405705992,-0.20851441405705992,-0.20851441405705992,-0.20851441405705992,-0.20851441405705992,-0.20851441405705992,-0.20851441405705992,-0.20851441405705992,-0.20851441405705992,-0.20851441405705992,-0.20851441405705992,-0.20851441405705992,-0.20851441405705992,-0.20851441405705992,-0.20851441405705992,-0.20851441405705992,-0.20851441405705992,-0.20851441405705992,-0.20851441405705992,-0.20851441405705992,-0.20851441405705992,-0.20851441405705992,4.795831523312733
2005,-0.02536338249506084,-0.7463374935991021,-1.1529121347343556,-1.329961473410538,-1.1241644328359035,-0.9229305195467375,-0.7582016245413205,0.16628796349462102,0.8690095654567878,1.1040106206584215,1.0031655076495651,0.47064855343537765,0.24294850189049375,-0.1681892665302285,-0.7043567225727908,-0.970843356044158,-1.0301640107552499,0.1507733307240277,1.7405668769812934,2.0202865795805196,1.5434397782490492,0.8708348163709753,0.0015590684892039903,-1.2501067459148372,0.20851441405707777,0.20851441405707777,0.20851441405707777,0.20851441405707777,0.20851441405707777,0.20851441405707777,0.20851441405707777,0.20851441405707777,0.20851441405707777,0.20851441405707777,0.20851441405707777,0.20851441405707777,0.20851441405707777,0.20851441405707777,0.20851441405707777,0.20851441405707777,0.20851441405707777,0.20851441405707777,0.20851441405707777,0.20851441405707777,0.20851441405707777,0.20851441405707777,0.20851441405707777,-4.7958315233127164,0.20851441405707777,0.20851441405707777,0.20851441405707777,0.20851441405707777,0.20851441405707777,0.20851441405707777,0.20851441405707777,0.20851441405707777,0.20851441405707777,0.20851441405707777,0.20851441405707777,0.20851441405707777,0.20851441405707777,0.20851441405707777,0.20851441405707777,0.20851441405707777,0.20851441405707777,0.20851441405707777,0.20851441405707777,0.20851441405707777,0.20851441405707777,0.20851441405707777,0.20851441405707777,-4.7958315233127164,0.20851441405707777,0.20851441405707777,0.20851441405707777,0.20851441405707777,0.20851441405707777,0.20851441405707777,0.20851441405707777,0.20851441405707777,0.20851441405707777,0.20851441405707777,0.20851441405707777,0.20851441405707777,0.20851441405707777,0.20851441405707777,0.20851441405707777,0.20851441405707777,0.20851441405707777,0.20851441405707777,0.20851441405707777,0.20851441405707777,0.20851441405707777,0.20851441405707777,0.20851441405707777,-4.7958315233127164
2006,-1.3721557858512827,-1.4981659767795974,-1.6532182091510574,-1.6441829073687455,-1.6449896307421663,-1.4620247696503497,-0.9224881775065799,-0.12463876119349943,0.42054489456421523,0.6470728178207501,0.7195165767539297,0.7138695131399847,0.6352946565688078,0.4862121771606609,0.37068939008681545,0.24661533525471052,0.27952964889027543,0.6283568355573896,1.2488884543925984,1.361023003298077,1.1699909084720532,0.8900578978950674,0.46636678217451144,0.03783532621343122,-0.20851441405707435,-0.20851441405707435,-0.20851441405707435,-0.20851441405707435,-0.20851441405707435,-0.20851441405707435,-0.20851441405707435,-0.20851441405707435,-0.20851441405707435,-0.20851441405707435,-0.20851441405707435,-0.20851441405707435,-0.20851441405707435,-0.20851441405707435,-0.20851441405707435,-0.20851441405707435,-0.20851441405707435,-0.20851441405707435,-0.20851441405707435,-0.20851441405707435,-0.20851441405707435,-0.20851441405707435,-0.20851441405707435,4.795831523312719,-0.20851441405707435,-0.20851441405707435,-0.20851441405707435,-0.20851441405707435,-0.20851441405707435,-0.20851441405707435,-0.20851441405707435,-0.20851441405707435,-0.20851441405707435,-0.20851441405707435,-0.20851441405707435,-0.20851441405707435,-0.20851441405707435,-0.20851441405707435,-0.20851441405707435,-0.20851441405707435,-0.20851441405707435,-0.20851441405707435,-0.20851441405707435,-0.20851441405707435,-0.20851441405707435,-0.20851441405707435,-0.20851441405707435,4.795831523312719,-0.20851441405707435,-0.20851441405707435,-0.20851441405707435,-0.20851441405707435,-0.20851441405707435,-0.20851441405707435,-0.20851441405707435,-0.20851441405707435,-0.20851441405707435,-0.20851441405707435,-0.20851441405707435,-0.20851441405707435,-0.20851441405707435,-0.20851441405707435,-0.20851441405707435,-0.20851441405707435,-0.20851441405707435,-0.20851441405707435,-0.20851441405707435,-0.20851441405707435,-0.20851441405707435,-0.20851441405707435,-0.20851441405707435,4.795831523312719
2007,-1.1197710311787192,-1.3261874029026663,-1.510796187237368,-1.6358119604885872,-1.631493626352103,-1.5090688535827743,-0.7704177995371433,0.14895553812035361,0.7701479036536131,0.9452563528880494,0.9292785165830577,0.8981865108003712,0.7686364867058436,0.5978463716078914,0.5132070225328002,0.3255754043025595,0.31477956896134884,0.747692566143895,1.2797113317587547,1.2186069037275025,0.906175428952867,0.44929567731283326,-0.24379695159288897,-1.0660077711794902,0.20851441405707397,0.20851441405707397,0.20851441405707397,0.20851441405707397,0.20851441405707397,0.20851441405707397,0.20851441405707397,0.20851441405707397,0.20851441405707397,0.20851441405707397,0.20851441405707397,0.20851441405707397,0.20851441405707397,0.20851441405707397,0.20851441405707397,0.20851441405707397,0.20851441405707397,0.20851441405707397,0.20851441405707397,0.20851441405707397,0.20851441405707397,0.20851441405707397,0.20851441405707397,-4.79583152331272,0.20851441405707397,0.20851441405707397,0.20851441405707397,0.20851441405707397,0.20851441405707397,0.20851441405707397,0.20851441405707397,0.20851441405707397,0.20851441405707397,0.20851441405707397,0.20851441405707397,0.20851441405707397,0.20851441405707397,0.20851441405707397,0.20851441405707397,0.20851441405707397,0.20851441405707397,0.20851441405707397,0.20851441405707397,0.20851441405707397,0.20851441405707397,0.20851441405707397,0.20851441405707397,-4.79583152331272,0.20851441405707397,0.20851441405707397,0.20851441405707397,0.20851441405707397,0.20851441405707397,0.20851441405707397,0.20851441405707397,0.20851441405707397,0.20851441405707397,0.20851441405707397,0.20851441405707397,0.20851441405707397,0.20851441405707397,0.20851441405707397,0.20851441405707397,0.20851441405707397,0.20851441405707397,0.20851441405707397,0.20851441405707397,0.20851441405707397,0.20851441405707397,0.20851441405707397,0.20851441405707397,-4.79583152331272
2008,-0.8286206457906281,-1.2311710148614217,-1.4544375595885841,-1.642399588850939,-1.7163615625900608,-1.6289878176129116,-1.1873855264078617,-0.4962848437895074,0.02361852361402623,0.2825840476659381,0.5050616646732164,0.6303039402047961,0.6837537932269347,0.6691586304090814,0.6206395756362175,0.5064422881830134,0.5561447345357033,0.9089926572538071,1.445857970634846,1.4034531056910828,1.1744668349947616,0.8273386382458167,0.2725252192374175,-0.32469306471474474,-0.20851441405707308,-0.20851441405707308,-0.20851441405707308,-0.20851441405707308,-0.20851441405707308,-0.20851441405707308,-0.20851441405707308,-0.20851441405707308,-0.20851441405707308,-0.20851441405707308,-0.20851441405707308,-0.20851441405707308,-0.20851441405707308,-0.20851441405707308,-0.20851441405707308,-0.20851441405707308,-0.20851441405707308,-0.20851441405707308,-0.20851441405707308,-0.20851441405707308,-0.20851441405707308,-0.20851441405707308,-0.20851441405707308,4.795831523312722,-0.20851441405707308,-0.20851441405707308,-0.20851441405707308,-0.20851441405707308,-0.20851441405707308,-0.20851441405707308,-0.20851441405707308,-0.20851441405707308,-0.20851441405707308,-0.20851441405707308,-0.20851441405707308,-0.20851441405707308,-0.20851441405707308,-0.20851441405707308,-0.20851441405707308,-0.20851441405707308,-0.20851441405707308,-0.20851441405707308,-0.20851441405707308,-0.20851441405707308,-0.20851441405707308,-0.20851441405707308,-0.20851441405707308,4.795831523312722,-0.20851441405707308,-0.20851441405707308,-0.20851441405707308,-0.20851441405707308,-0.20851441405707308,-0.20851441405707308,-0.20851441405707308,-0.20851441405707308,-0.20851441405707308,-0.20851441405707308,-0.20851441405707308,-0.20851441405707308,-0.20851441405707308,-0.20851441405707308,-0.20851441405707308,-0.20851441405707308,-0.20851441405707308,-0.20851441405707308,-0.20851441405707308,-0.20851441405707308,-0.20851441405707308,-0.20851441405707308,-0.20851441405707308,4.795831523312722
2009,-0.8974133632852219,-1.2432569541313492,-1.4834734384136345,-1.6851445471151634,-1.760957551019856,-1.5810081456842788,-1.0283824571093403,-0.2698265023101376,0.2887620067966307,0.6471701123348278,0.8790812394477789,0.9578756536183868,0.8198789498817547,0.5839216231222049,0.39417615548433577,0.29728032184210185,0.3833153038013601,0.8880254702455236,1.5445746023752098,1.3399220834077663,0.9242283091887759,0.4699891593890287,0.01724071472223894,-0.4859787465889671,-0.20851441405707194,-0.20851441405707194,-0.20851441405707194,-0.20851441405707194,-0.20851441405707194,-0.20851441405707194,-0.20851441405707194,-0.20851441405707194,-0.20851441405707194,-0.20851441405707194,-0.20851441405707194,-0.20851441405707194,-0.20851441405707194,-0.20851441405707194,-0.20851441405707194,-0.20851441405707194,-0.20851441405707194,-0.20851441405707194,-0.20851441405707194,-0.20851441405707194,-0.20851441405707194,-0.20851441405707194,-0.20851441405707194,4.795831523312723,-0.20851441405707194,-0.20851441405707194,-0.20851441405707194,-0.20851441405707194,-0.20851441405707194,-0.20851441405707194,-0.20851441405707194,-0.20851441405707194,-0.20851441405707194,-0.20851441405707194,-0.20851441405707194,-0.20851441405707194,-0.20851441405707194,-0.20851441405707194,-0.20851441405707194,-0.20851441405707194,-0.20851441405707194,-0.20851441405707194,-0.20851441405707194,-0.20851441405707194,-0.20851441405707194,-0.20851441405707194,-0.20851441405707194,4.795831523312723,-0.20851441405707194,-0.20851441405707194,-0.20851441405707194,-0.20851441405707194,-0.20851441405707194,-0.20851441405707194,-0.20851441405707194,-0.20851441405707194,-0.20851441405707194,-0.20851441405707194,-0.20851441405707194,-0.20851441405707194,-0.20851441405707194,-0.20851441405707194,-0.20851441405707194,-0.20851441405707194,-0.20851441405707194,-0.20851441405707194,-0.20851441405707194,-0.20851441405707194,-0.20851441405707194,-0.20851441405707194,-0.20851441405707194,4.795831523312723
2010,-0.3368344824671319,-0.7961130182084408,-1.1159264996650593,-1.4617866461062892,-1.7275285698733351,-1.5445425057409399,-1.1581286910325308,-0.9204116599704462,-0.4489340532869776,0.022873258016549394,0.5856790444561863,0.8243851893784461,0.8613121068249834,0.6440367622065178,0.3130133236679147,0.05386549230203614,0.1043102991709667,0.809218776855761,1.8105317079730296,1.7040371156941763,1.346967012170962,0.8705438361866178,0.17552649710357454,-0.616094295656571,0.2085144140570624,0.2085144140570624,0.2085144140570624,0.2085144140570624,0.2085144140570624,0.2085144140570624,0.2085144140570624,0.2085144140570624,0.2085144140570624,0.2085144140570624,0.2085144140570624,0.2085144140570624,0.2085144140570624,0.2085144140570624,0.2085144140570624,0.2085144140570624,0.2085144140570624,0.2085144140570624,0.2085144140570624,0.2085144140570624,0.2085144140570624,0.2085144140570624,0.2085144140570624,-4.7958315233127315,0.2085144140570624,0.2085144140570624,0.2085144140570624,0.2085144140570624,0.2085144140570624,0.2085144140570624,0.2085144140570624,0.2085144140570624,0.2085144140570624,0.2085144140570624,0.2085144140570624,0.2085144140570624,0.2085144140570624,0.2085144140570624,0.2085144140570624,0.2085144140570624,0.2085144140570624,0.2085144140570624,0.2085144140570624,0.2085144140570624,0.2085144140570624,0.2085144140570624,0.2085144140570624,-4.7958315233127315,0.2085144140570624,0.2085144140570624,0.2085144140570624,0.2085144140570624,0.2085144140570624,0.2085144140570624,0.2085144140570624,0.2085144140570624,0.2085144140570624,0.2085144140570624,0.2085144140570624,0.2085144140570624,0.2085144140570624,0.2085144140570624,0.2085144140570624,0.2085144140570624,0.2085144140570624,0.2085144140570624,0.2085144140570624,0.2085144140570624,0.2085144140570624,0.2085144140570624,0.2085144140570624,-4.7958315233127315
2011,-1.0499520496243697,-1.4023169897011383,-1.4069672768527213,-1.4422671838670107,-1.4773557141925917,-1.4758760773716335,-1.17191639900907,-0.7216840520603495,-0.21543688260392416,0.21640569242717267,0.6370453029567286,0.7429450239995966,0.6573374650727272,0.4148884031242847,0.22718590355129695,0.12234306595197046,0.19019498302734103,0.7336444496964305,1.4789586540819653,1.5639320829427097,1.3652379955568894,1.1418128355921955,0.6998241795030994,0.17201658779842555,0.20851441405707613,0.20851441405707613,0.20851441405707613,0.20851441405707613,0.20851441405707613,0.20851441405707613,0.20851441405707613,0.20851441405707613,0.20851441405707613,0.20851441405707613,0.20851441405707613,0.20851441405707613,0.20851441405707613,0.20851441405707613,0.20851441405707613,0.20851441405707613,0.20851441405707613,0.20851441405707613,0.20851441405707613,0.20851441405707613,0.20851441405707613,0.20851441405707613,0.20851441405707613,-4.795831523312718,0.20851441405707613,0.20851441405707613,0.20851441405707613,0.20851441405707613,0.20851441405707613,0.20851441405707613,0.20851441405707613,0.20851441405707613,0.20851441405707613,0.20851441405707613,0.20851441405707613,0.20851441405707613,0.20851441405707613,0.20851441405707613,0.20851441405707613,0.20851441405707613,0.20851441405707613,0.20851441405707613,0.20851441405707613,0.20851441405707613,0.20851441405707613,0.20851441405707613,0.20851441405707613,-4.795831523312718,0.20851441405707613,0.20851441405707613,0.20851441405707613,0.20851441405707613,0.20851441405707613,0.20851441405707613,0.20851441405707613,0.20851441405707613,0.20851441405707613,0.20851441405707613,0.20851441405707613,0.20851441405707613,0.20851441405707613,0.20851441405707613,0.20851441405707613,0.20851441405707613,0.20851441405707613,0.20851441405707613,0.20851441405707613,0.20851441405707613,0.20851441405707613,0.20851441405707613,0.20851441405707613,-4.795831523312718
2012,-0.5440228459499225,-0.9613476832802298,-1.4650253533010011,-1.5610044034061397,-1.5278788905379945,-1.2880728272959523,-0.8195025384345827,-0.26967564963169455,0.36140783911271196,0.7461734116580904,0.7807145447342759,0.5176923100803712,0.2249420510576182,-0.07998254175428211,-0.41095454639412565,-0.6014970263963624,-0.46701310663252515,0.3956658481472894,1.5598719072397074,1.8271410025177333,1.7147407579993261,1.3146864872071116,0.6878498590868262,-0.1349086058262493,-0.20851441405707624,-0.20851441405707624,-0.20851441405707624,-0.20851441405707624,-0.20851441405707624,-0.20851441405707624,-0.20851441405707624,-0.20851441405707624,-0.20851441405707624,-0.20851441405707624,-0.20851441405707624,-0.20851441405707624,-0.20851441405707624,-0.20851441405707624,-0.20851441405707624,-0.20851441405707624,-0.20851441405707624,-0.20851441405707624,-0.20851441405707624,-0.20851441405707624,-0.20851441405707624,-0.20851441405707624,-0.20851441405707624,4.795831523312718,-0.20851441405707624,-0.20851441405707624,-0.20851441405707624,-0.20851441405707624,-0.20851441405707624,-0.20851441405707624,-0.20851441405707624,-0.20851441405707624,-0.20851441405707624,-0.20851441405707624,-0.20851441405707624,-0.20851441405707624,-0.20851441405707624,-0.20851441405707624,-0.20851441405707624,-0.20851441405707624,-0.20851441405707624,-0.20851441405707624,-0.20851441405707624,-0.20851441405707624,-0.20851441405707624,-0.20851441405707624,-0.20851441405707624,4.795831523312718,-0.20851441405707624,-0.20851441405707624,-0.20851441405707624,-0.20851441405707624,-0.20851441405707624,-0.20851441405707624,-0.20851441405707624,-0.20851441405707624,-0.20851441405707624,-0.20851441405707624,-0.20851441405707624,-0.20851441405707624,-0.20851441405707624,-0.20851441405707624,-0.20851441405707624,-0.20851441405707624,-0.20851441405707624,-0.20851441405707624,-0.20851441405707624,-0.20851441405707624,-0.20851441405707624,-0.20851441405707624,-0.20851441405707624,4.795831523312718
2013,-1.3429962955886061,-1.5959715973475148,-1.6795029062555977,-1.6584368963336031,-1.48771062461796,-1.0321352622179556,-0.20799631753053321,0.8407246111948488,1.4635457741059927,1.5459779868442323,1.268089838568878,0.926454112442618,0.5516623185260885,0.2897110647134603,0.06586181145539624,-0.16494838421167474,-0.24738059694991438,0.13931807213991645,0.7832052449730549,0.9255381989677487,0.7632383312209036,0.44028723998197805,-0.03617094964504704,-0.5503647744366885,-0.20851441405708757,-0.20851441405708757,-0.20851441405708757,-0.20851441405708757,-0.20851441405708757,-0.20851441405708757,-0.20851441405708757,-0.20851441405708757,-0.20851441405708757,-0.20851441405708757,-0.20851441405708757,-0.20851441405708757,-0.20851441405708757,-0.20851441405708757,-0.20851441405708757,-0.20851441405708757,-0.20851441405708757,-0.20851441405708757,-0.20851441405708757,-0.20851441405708757,-0.20851441405708757,-0.20851441405708757,-0.20851441405708757,4.795831523312707,-0.20851441405708757,-0.20851441405708757,-0.20851441405708757,-0.20851441405708757,-0.20851441405708757,-0.20851441405708757,-0.20851441405708757,-0.20851441405708757,-0.20851441405708757,-0.20851441405708757,-0.20851441405708757,-0.20851441405708757,-0.20851441405708757,-0.20851441405708757,-0.20851441405708757,-0.20851441405708757,-0.20851441405708757,-0.20851441405708757,-0.20851441405708757,-0.20851441405708757,-0.20851441405708757,-0.20851441405708757,-0.20851441405708757,4.795831523312707,-0.20851441405708757,-0.20851441405708757,-0.20851441405708757,-0.20851441405708757,-0.20851441405708757,-0.20851441405708757,-0.20851441405708757,-0.20851441405708757,-0.20851441405708757,-0.20851441405708757,-0.20851441405708757,-0.20851441405708757,-0.20851441405708757,-0.20851441405708757,-0.20851441405708757,-0.20851441405708757,-0.20851441405708757,-0.20851441405708757,-0.20851441405708757,-0.20851441405708757,-0.20851441405708757,-0.20851441405708757,-0.20851441405708757,4.795831523312707
2014,-1.1908645380285188,-1.4356280114044953,-1.5800120984332404,-1.5550693418257464,-1.6152969736340854,-1.1914728979457747,-0.42493940220327986,0.7656209558666109,1.5656142470581829,1.5380352641425798,1.2255410533121078,0.8564693701768326,0.4494765855326031,0.2022796724876028,-0.04998690653453042,-0.23837569424478908,-0.25317911889801714,0.1406325342056667,0.8753285276117669,1.0527668368114185,0.878573113837132,0.575812661682755,0.03558905515947297,-0.6269148947322547,-0.20851441405707385,-0.20851441405707385,-0.20851441405707385,-0.20851441405707385,-0.20851441405707385,-0.20851441405707385,-0.20851441405707385,-0.20851441405707385,-0.20851441405707385,-0.20851441405707385,-0.20851441405707385,-0.20851441405707385,-0.20851441405707385,-0.20851441405707385,-0.20851441405707385,-0.20851441405707385,-0.20851441405707385,-0.20851441405707385,-0.20851441405707385,-0.20851441405707385,-0.20851441405707385,-0.20851441405707385,-0.20851441405707385,4.795831523312721,-0.20851441405707385,-0.20851441405707385,-0.20851441405707385,-0.20851441405707385,-0.20851441405707385,-0.20851441405707385,-0.20851441405707385,-0.20851441405707385,-0.20851441405707385,-0.20851441405707385,-0.20851441405707385,-0.20851441405707385,-0.20851441405707385,-0.20851441405707385,-0.20851441405707385,-0.20851441405707385,-0.20851441405707385,-0.20851441405707385,-0.20851441405707385,-0.20851441405707385,-0.20851441405707385,-0.20851441405707385,-0.20851441405707385,4.795831523312721,-0.20851441405707385,-0.20851441405707385,-0.20851441405707385,-0.20851441405707385,-0.20851441405707385,-0.20851441405707385,-0.20851441405707385,-0.20851441405707385,-0.20851441405707385,-0.20851441405707385,-0.20851441405707385,-0.20851441405707385,-0.20851441405707385,-0.20851441405707385,-0.20851441405707385,-0.20851441405707385,-0.20851441405707385,-0.20851441405707385,-0.20851441405707385,-0.20851441405707385,-0.20851441405707385,-0.20851441405707385,-0.20851441405707385,4.795831523312721
2015,-1.2999897180250297,-1.5192355630051704,-1.5459728611734802,-1.5642776268425538,-1.632354901409558,-1.3289894029614273,-0.5902172874185896,0.5790253286340363,1.2030327335775133,1.2669965776570853,1.169096932056197,0.9475887003079687,0.6691094563088033,0.3861054387734623,0.16912198056140948,-0.03120208417654262,-0.05012386441873111,0.37068007444559126,1.1207641238288677,1.1150053211464626,0.8527741275726546,0.49511134669041773,-0.08323697984256098,-0.6988118522868019,0.20851441405706325,0.20851441405706325,0.20851441405706325,0.20851441405706325,0.20851441405706325,0.20851441405706325,0.20851441405706325,0.20851441405706325,0.20851441405706325,0.20851441405706325,0.20851441405706325,0.20851441405706325,0.20851441405706325,0.20851441405706325,0.20851441405706325,0.20851441405706325,0.20851441405706325,0.20851441405706325,0.20851441405706325,0.20851441405706325,0.20851441405706325,0.20851441405706325,0.20851441405706325,-4.7958315233127315,0.20851441405706325,0.20851441405706325,0.20851441405706325,0.20851441405706325,0.20851441405706325,0.20851441405706325,0.20851441405706325,0.20851441405706325,0.20851441405706325,0.20851441405706325,0.20851441405706325,0.20851441405706325,0.20851441405706325,0.20851441405706325,0.20851441405706325,0.20851441405706325,0.20851441405706325,0.20851441405706325,0.20851441405706325,0.20851441405706325,0.20851441405706325,0.20851441405706325,0.20851441405706325,-4.7958315233127315,0.20851441405706325,0.20851441405706325,0.20851441405706325,0.20851441405706325,0.20851441405706325,0.20851441405706325,0.20851441405706325,0.20851441405706325,0.20851441405706325,0.20851441405706325,0.20851441405706325,0.20851441405706325,0.20851441405706325,0.20851441405706325,0.20851441405706325,0.20851441405706325,0.20851441405706325,0.20851441405706325,0.20851441405706325,0.20851441405706325,0.20851441405706325,0.20851441405706325,0.20851441405706325,-4.7958315233127315
2016,-1.1830488416222378,-1.4638185617633195,-1.660524490695494,-1.7295470468968432,-1.65517649602614,-1.6083815426692931,-0.9236711001585717,0.029441824820350352,0.5426821882449111,0.6932616631539079,0.7447361118464395,0.7449032366798568,0.6765491798121768,0.5844633965992387,0.5376684432423917,0.4517662788658941,0.44407853652869783,0.7517553548499666,1.2161952669166727,1.227225505922215,1.0139742184817269,0.6817300496481135,0.16999380972430853,-0.28625698550494927,0.20851441405707724,0.20851441405707724,0.20851441405707724,0.20851441405707724,0.20851441405707724,0.20851441405707724,0.20851441405707724,0.20851441405707724,0.20851441405707724,0.20851441405707724,0.20851441405707724,0.20851441405707724,0.20851441405707724,0.20851441405707724,0.20851441405707724,0.20851441405707724,0.20851441405707724,0.20851441405707724,0.20851441405707724,0.20851441405707724,0.20851441405707724,0.20851441405707724,0.20851441405707724,-4.795831523312717,0.20851441405707724,0.20851441405707724,0.20851441405707724,0.20851441405707724,0.20851441405707724,0.20851441405707724,0.20851441405707724,0.20851441405707724,0.20851441405707724,0.20851441405707724,0.20851441405707724,0.20851441405707724,0.20851441405707724,0.20851441405707724,0.20851441405707724,0.20851441405707724,0.20851441405707724,0.20851441405707724,0.20851441405707724,0.20851441405707724,0.20851441405707724,0.20851441405707724,0.20851441405707724,-4.795831523312717,0.20851441405707724,0.20851441405707724,0.20851441405707724,0.20851441405707724,0.20851441405707724,0.20851441405707724,0.20851441405707724,0.20851441405707724,0.20851441405707724,0.20851441405707724,0.20851441405707724,0.20851441405707724,0.20851441405707724,0.20851441405707724,0.20851441405707724,0.20851441405707724,0.20851441405707724,0.20851441405707724,0.20851441405707724,0.20851441405707724,0.20851441405707724,0.20851441405707724,0.20851441405707724,-4.795831523312717
2017,-1.0992782643940833,-1.3591633607524483,-1.590686831895758,-1.6620732354982786,-1.738283044749618,-1.5901080232178997,-0.8237653337335447,0.20689998530608894,0.8542010233775923,1.031509415028177,1.090547900169721,1.020319113922917,0.8873860542414667,0.6938710196108503,0.5248588856762343,0.34851517515541336,0.24568016672259332,0.5264023754838563,1.0423138436815313,1.0239849022160195,0.7592764002088354,0.3975209765474139,-0.10237678489618225,-0.6875523582108974,0.20851441405707666,0.20851441405707666,0.20851441405707666,0.20851441405707666,0.20851441405707666,0.20851441405707666,0.20851441405707666,0.20851441405707666,0.20851441405707666,0.20851441405707666,0.20851441405707666,0.20851441405707666,0.20851441405707666,0.20851441405707666,0.20851441405707666,0.20851441405707666,0.20851441405707666,0.20851441405707666,0.20851441405707666,0.20851441405707666,0.20851441405707666,0.20851441405707666,0.20851441405707666,-4.795831523312717,0.20851441405707666,0.20851441405707666,0.20851441405707666,0.20851441405707666,0.20851441405707666,0.20851441405707666,0.20851441405707666,0.20851441405707666,0.20851441405707666,0.20851441405707666,0.20851441405707666,0.20851441405707666,0.20851441405707666,0.20851441405707666,0.20851441405707666,0.20851441405707666,0.20851441405707666,0.20851441405707666,0.20851441405707666,0.20851441405707666,0.20851441405707666,0.20851441405707666,0.20851441405707666,-4.795831523312717,0.20851441405707666,0.20851441405707666,0.20851441405707666,0.20851441405707666,0.20851441405707666,0.20851441405707666,0.20851441405707666,0.20851441405707666,0.20851441405707666,0.20851441405707666,0.20851441405707666,0.20851441405707666,0.20851441405707666,0.20851441405707666,0.20851441405707666,0.20851441405707666,0.20851441405707666,0.20851441405707666,0.20851441405707666,0.20851441405707666,0.20851441405707666,0.20851441405707666,0.20851441405707666,-4.795831523312717
2018,-0.822091639566842,-1.139121287123104,-1.3667950880708444,-1.5393865178215507,-1.5736599932330384,-1.304062387540889,-0.934092461000811,-0.19170450253412014,0.5858749708640091,1.1152777607021687,1.2737925844802997,1.1195619451286047,0.7495920185885266,0.249872506562102,-0.25260112402417434,-0.604210260165241,-0.6066583655517759,0.06504054987872143,1.2566558467745559,1.5299256105465076,1.31755246826461,0.9503366602843837,0.41236550159335217,-0.29146479703541495,0.20851441405707963,0.20851441405707963,0.20851441405707963,0.20851441405707963,0.20851441405707963,0.20851441405707963,0.20851441405707963,0.20851441405707963,0.20851441405707963,0.20851441405707963,0.20851441405707963,0.20851441405707963,0.20851441405707963,0.20851441405707963,0.20851441405707963,0.20851441405707963,0.20851441405707963,0.20851441405707963,0.20851441405707963,0.20851441405707963,0.20851441405707963,0.20851441405707963,0.20851441405707963,-4.795831523312715,0.20851441405707963,0.20851441405707963,0.20851441405707963,0.20851441405707963,0.20851441405707963,0.20851441405707963,0.20851441405707963,0.20851441405707963,0.20851441405707963,0.20851441405707963,0.20851441405707963,0.20851441405707963,0.20851441405707963,0.20851441405707963,0.20851441405707963,0.20851441405707963,0.20851441405707963,0.20851441405707963,0.20851441405707963,0.20851441405707963,0.20851441405707963,0.20851441405707963,0.20851441405707963,-4.795831523312715,0.20851441405707963,0.20851441405707963,0.20851441405707963,0.20851441405707963,0.20851441405707963,0.20851441405707963,0.20851441405707963,0.20851441405707963,0.20851441405707963,0.20851441405707963,0.20851441405707963,0.20851441405707963,0.20851441405707963,0.20851441405707963,0.20851441405707963,0.20851441405707963,0.20851441405707963,0.20851441405707963,0.20851441405707963,0.20851441405707963,0.20851441405707963,0.20851441405707963,0.20851441405707963,-4.795831523312715
2019,-0.8995563919557413,-1.1262327783221964,-1.3456132543616512,-1.469643729920655,-1.452284495004689,-1.3486322517383411,-1.042204018004332,-0.7533866023010128,-0.23839596646068698,0.17747092217832552,0.5286809503332326,0.5354736944307845,0.429054036902471,0.2763430862649147,0.07432184514142587,-0.04040005517278448,0.10275073710525431,0.7754839858776194,1.7322545711735446,1.831378318374858,1.6494837264293007,1.2129870223829085,0.5216366231209566,-0.13096997647347686,-0.2085144140570766,-0.2085144140570766,-0.2085144140570766,-0.2085144140570766,-0.2085144140570766,-0.2085144140570766,-0.2085144140570766,-0.2085144140570766,-0.2085144140570766,-0.2085144140570766,-0.2085144140570766,-0.2085144140570766,-0.2085144140570766,-0.2085144140570766,-0.2085144140570766,-0.2085144140570766,-0.2085144140570766,-0.2085144140570766,-0.2085144140570766,-0.2085144140570766,-0.2085144140570766,-0.2085144140570766,-0.2085144140570766,4.795831523312717,-0.2085144140570766,-0.2085144140570766,-0.2085144140570766,-0.2085144140570766,-0.2085144140570766,-0.2085144140570766,-0.2085144140570766,-0.2085144140570766,-0.2085144140570766,-0.2085144140570766,-0.2085144140570766,-0.2085144140570766,-0.2085144140570766,-0.2085144140570766,-0.2085144140570766,-0.2085144140570766,-0.2085144140570766,-0.2085144140570766,-0.2085144140570766,-0.2085144140570766,-0.2085144140570766,-0.2085144140570766,-0.2085144140570766,4.795831523312717,-0.2085144140570766,-0.2085144140570766,-0.2085144140570766,-0.2085144140570766,-0.2085144140570766,-0.2085144140570766,-0.2085144140570766,-0.2085144140570766,-0.2085144140570766,-0.2085144140570766,-0.2085144140570766,-0.2085144140570766,-0.2085144140570766,-0.2085144140570766,-0.2085144140570766,-0.2085144140570766,-0.2085144140570766,-0.2085144140570766,-0.2085144140570766,-0.2085144140570766,-0.2085144140570766,-0.2085144140570766,-0.2085144140570766,4.795831523312717
2020,-1.3695714729244755,-1.5905535852122545,-1.7452577165727265,-1.7390961957327509,-1.6245252136272559,-1.2526691045552059,-0.7341021884556251,0.23442227655245496,0.8284261910441713,0.9852951810781484,1.0004491917926834,0.9320063521918717,0.7846294348032625,0.61710267899203,0.42476331223062475,0.18846066163804126,0.10552992168377305,0.4152712395852567,1.0197663922639586,1.1464938884591356,0.955653270010157,0.6067779683953138,0.17513845441647208,-0.36441093805708014,-0.2085144140570721,-0.2085144140570721,-0.2085144140570721,-0.2085144140570721,-0.2085144140570721,-0.2085144140570721,-0.2085144140570721,-0.2085144140570721,-0.2085144140570721,-0.2085144140570721,-0.2085144140570721,-0.2085144140570721,-0.2085144140570721,-0.2085144140570721,-0.2085144140570721,-0.2085144140570721,-0.2085144140570721,-0.2085144140570721,-0.2085144140570721,-0.2085144140570721,-0.2085144140570721,-0.2085144140570721,-0.2085144140570721,4.795831523312723,-0.2085144140570721,-0.2085144140570721,-0.2085144140570721,-0.2085144140570721,-0.2085144140570721,-0.2085144140570721,-0.2085144140570721,-0.2085144140570721,-0.2085144140570721,-0.2085144140570721,-0.2085144140570721,-0.2085144140570721,-0.2085144140570721,-0.2085144140570721,-0.2085144140570721,-0.2085144140570721,-0.2085144140570721,-0.2085144140570721,-0.2085144140570721,-0.2085144140570721,-0.2085144140570721,-0.2085144140570721,-0.2085144140570721,4.795831523312723,-0.2085144140570721,-0.2085144140570721,-0.2085144140570721,-0.2085144140570721,-0.2085144140570721,-0.2085144140570721,-0.2085144140570721,-0.2085144140570721,-0.2085144140570721,-0.2085144140570721,-0.2085144140570721,-0.2085144140570721,-0.2085144140570721,-0.2085144140570721,-0.2085144140570721,-0.2085144140570721,-0.2085144140570721,-0.2085144140570721,-0.2085144140570721,-0.2085144140570721,-0.2085144140570721,-0.2085144140570721,-0.2085144140570721,4.795831523312723
2021,-0.5602089346835393,-0.9354422661659703,-1.118310540720092,-1.1660153079950804,-1.0330603547564554,-0.7497028713591871,0.14984118934001325,1.3899442830856579,2.0790131437243775,1.9648308998300767,1.5138441647581968,0.9263687899828781,0.38350620682583547,-0.14566334128005307,-0.617410484332715,-0.9955149360678074,-1.083636242284105,-0.6668820948401103,0.3505987516222556,0.6986668684064294,0.5966316717349267,0.29251378035687636,-0.27574717426601647,-0.9981652009164178,-0.20851441405707724,-0.20851441405707724,-0.20851441405707724,-0.20851441405707724,-0.20851441405707724,-0.20851441405707724,-0.20851441405707724,-0.20851441405707724,-0.20851441405707724,-0.20851441405707724,-0.20851441405707724,-0.20851441405707724,-0.20851441405707724,-0.20851441405707724,-0.20851441405707724,-0.20851441405707724,-0.20851441405707724,-0.20851441405707724,-0.20851441405707724,-0.20851441405707724,-0.20851441405707724,-0.20851441405707724,-0.20851441405707724,4.795831523312717,-0.20851441405707724,-0.20851441405707724,-0.20851441405707724,-0.20851441405707724,-0.20851441405707724,-0.20851441405707724,-0.20851441405707724,-0.20851441405707724,-0.20851441405707724,-0.20851441405707724,-0.20851441405707724,-0.20851441405707724,-0.20851441405707724,-0.20851441405707724,-0.20851441405707724,-0.20851441405707724,-0.20851441405707724,-0.20851441405707724,-0.20851441405707724,-0.20851441405707724,-0.20851441405707724,-0.20851441405707724,-0.20851441405707724,4.795831523312717,-0.20851441405707724,-0.20851441405707724,-0.20851441405707724,-0.20851441405707724,-0.20851441405707724,-0.20851441405707724,-0.20851441405707724,-0.20851441405707724,-0.20851441405707724,-0.20851441405707724,-0.20851441405707724,-0.20851441405707724,-0.20851441405707724,-0.20851441405707724,-0.20851441405707724,-0.20851441405707724,-0.20851441405707724,-0.20851441405707724,-0.20851441405707724,-0.20851441405707724,-0.20851441405707724,-0.20851441405707724,-0.20851441405707724,4.795831523312717
2022,-0.41349601115339063,-0.7863998821794629,-0.9777461809997162,-1.1250432100550147,-1.1826102451446647,-0.8903468362279806,0.10880247320250183,1.4726983814803611,2.1434592194885087,1.9875387884157323,1.4547523826872315,0.8063657769406483,0.2216058941878887,-0.24499007443348425,-0.6432980216732077,-0.9539735592218042,-1.0348470862505836,-0.558229326095385,0.42693608817161977,0.7485656769316071,0.5931113756976132,0.27218098169579974,-0.32120230307443776,-1.103834302390407,0.20851441405707302,0.20851441405707302,0.20851441405707302,0.20851441405707302,0.20851441405707302,0.20851441405707302,0.20851441405707302,0.20851441405707302,0.20851441405707302,0.20851441405707302,0.20851441405707302,0.20851441405707302,0.20851441405707302,0.20851441405707302,0.20851441405707302,0.20851441405707302,0.20851441405707302,0.20851441405707302,0.20851441405707302,0.20851441405707302,0.20851441405707302,0.20851441405707302,0.20851441405707302,-4.795831523312722,0.20851441405707302,0.20851441405707302,0.20851441405707302,0.20851441405707302,0.20851441405707302,0.20851441405707302,0.20851441405707302,0.20851441405707302,0.20851441405707302,0.20851441405707302,0.20851441405707302,0.20851441405707302,0.20851441405707302,0.20851441405707302,0.20851441405707302,0.20851441405707302,0.20851441405707302,0.20851441405707302,0.20851441405707302,0.20851441405707302,0.20851441405707302,0.20851441405707302,0.20851441405707302,-4.795831523312722,0.20851441405707302,0.20851441405707302,0.20851441405707302,0.20851441405707302,0.20851441405707302,0.20851441405707302,0.20851441405707302,0.20851441405707302,0.20851441405707302,0.20851441405707302,0.20851441405707302,0.20851441405707302,0.20851441405707302,0.20851441405707302,0.20851441405707302,0.20851441405707302,0.20851441405707302,0.20851441405707302,0.20851441405707302,0.20851441405707302,0.20851441405707302,0.20851441405707302,0.20851441405707302,-4.795831523312722
2023,-1.1806599129302224,-1.4565012379148654,-1.4729177928865436,-1.4694616760504007,-1.3616740322231988,-1.112617612718662,-0.1418807963670674,1.118953826918259,1.7706478578334262,1.6842449369298576,1.2941357490502448,0.9381557149275416,0.5162934536158673,0.18990641990263646,-0.001692057201027173,-0.21381122801928837,-0.2794774479060006,0.0644061772902029,0.7273325879228338,0.8670893124843563,0.6433057473441133,0.23699601179508142,-0.39979351526422,-0.9609804865328989,0.20851441405707646,0.20851441405707646,0.20851441405707646,0.20851441405707646,0.20851441405707646,0.20851441405707646,0.20851441405707646,0.20851441405707646,0.20851441405707646,0.20851441405707646,0.20851441405707646,0.20851441405707646,0.20851441405707646,0.20851441405707646,0.20851441405707646,0.20851441405707646,0.20851441405707646,0.20851441405707646,0.20851441405707646,0.20851441405707646,0.20851441405707646,0.20851441405707646,0.20851441405707646,-4.795831523312717,0.20851441405707646,0.20851441405707646,0.20851441405707646,0.20851441405707646,0.20851441405707646,0.20851441405707646,0.20851441405707646,0.20851441405707646,0.20851441405707646,0.20851441405707646,0.20851441405707646,0.20851441405707646,0.20851441405707646,0.20851441405707646,0.20851441405707646,0.20851441405707646,0.20851441405707646,0.20851441405707646,0.20851441405707646,0.20851441405707646,0.20851441405707646,0.20851441405707646,0.20851441405707646,-4.795831523312717,0.20851441405707646,0.20851441405707646,0.20851441405707646,0.20851441405707646,0.20851441405707646,0.20851441405707646,0.20851441405707646,0.20851441405707646,0.20851441405707646,0.20851441405707646,0.20851441405707646,0.20851441405707646,0.20851441405707646,0.20851441405707646,0.20851441405707646,0.20851441405707646,0.20851441405707646,0.20851441405707646,0.20851441405707646,0.20851441405707646,0.20851441405707646,0.20851441405707646,0.20851441405707646,-4.795831523312717
2024,-1.3233469236249422,-1.5685348114127728,-1.7339883703373167,-1.7434483754566896,-1.620275247575874,-1.396324105974391,-0.659409013308132,0.4752124170297264,1.0540102812721799,1.1447491058865737,0.9904931040421041,0.8020652469705115,0.7039900918553793,0.5290765278114624,0.39161686158710385,0.2143865615955854,0.1695963332752888,0.411309117141717,0.9522669609066785,1.074667843471627,0.847820781935642,0.5645998123413528,0.13291468077159763,-0.4134488802044342,0.20851441405712168,0.20851441405712168,0.20851441405712168,0.20851441405712168,0.20851441405712168,0.20851441405712168,0.20851441405712168,0.20851441405712168,0.20851441405712168,0.20851441405712168,0.20851441405712168,0.20851441405712168,0.20851441405712168,0.20851441405712168,0.20851441405712168,0.20851441405712168,0.20851441405712168,0.20851441405712168,0.20851441405712168,0.20851441405712168,0.20851441405712168,0.20851441405712168,0.20851441405712168,-4.795831523312673,0.20851441405712168,0.20851441405712168,0.20851441405712168,0.20851441405712168,0.20851441405712168,0.20851441405712168,0.20851441405712168,0.20851441405712168,0.20851441405712168,0.20851441405712168,0.20851441405712168,0.20851441405712168,0.20851441405712168,0.20851441405712168,0.20851441405712168,0.20851441405712168,0.20851441405712168,0.20851441405712168,0.20851441405712168,0.20851441405712168,0.20851441405712168,0.20851441405712168,0.20851441405712168,-4.795831523312673,0.20851441405712168,0.20851441405712168,0.20851441405712168,0.20851441405712168,0.20851441405712168,0.20851441405712168,0.20851441405712168,0.20851441405712168,0.20851441405712168,0.20851441405712168,0.20851441405712168,0.20851441405712168,0.20851441405712168,0.20851441405712168,0.20851441405712168,0.20851441405712168,0.20851441405712168,0.20851441405712168,0.20851441405712168,0.20851441405712168,0.20851441405712168,0.20851441405712168,0.20851441405712168,-4.795831523312673
2025,-0.9258855173707984,-1.1947703863192012,-1.4178189390723182,-1.546935322721011,-1.5198208821547854,-1.4168505661949529,-1.0511284095100304,-0.18895375769588393,0.6273845779229766,1.1480463949863304,1.3668986652708648,1.2374594906630503,0.9685746217146475,0.466634680280354,0.04797480629946744,-0.2409231021144828,-0.2228468084036658,0.13383720142584818,1.1222231182565918,1.3539870269059955,1.1490147678636957,0.7222851199047658,0.0989757778407011,-0.7173625577781594,0.20851441405707835,0.20851441405707835,0.20851441405707835,0.20851441405707835,0.20851441405707835,0.20851441405707835,0.20851441405707835,0.20851441405707835,0.20851441405707835,0.20851441405707835,0.20851441405707835,0.20851441405707835,0.20851441405707835,0.20851441405707835,0.20851441405707835,0.20851441405707835,0.20851441405707835,0.20851441405707835,0.20851441405707835,0.20851441405707835,0.20851441405707835,0.20851441405707835,0.20851441405707835,-4.795831523312716,0.20851441405707835,0.20851441405707835,0.20851441405707835,0.20851441405707835,0.20851441405707835,0.20851441405707835,0.20851441405707835,0.20851441405707835,0.20851441405707835,0.20851441405707835,0.20851441405707835,0.20851441405707835,0.20851441405707835,0.20851441405707835,0.20851441405707835,0.20851441405707835,0.20851441405707835,0.20851441405707835,0.20851441405707835,0.20851441405707835,0.20851441405707835,0.20851441405707835,0.20851441405707835,-4.795831523312716,0.20851441405707835,0.20851441405707835,0.20851441405707835,0.20851441405707835,0.20851441405707835,0.20851441405707835,0.20851441405707835,0.20851441405707835,0.20851441405707835,0.20851441405707835,0.20851441405707835,0.20851441405707835,0.20851441405707835,0.20851441405707835,0.20851441405707835,0.20851441405707835,0.20851441405707835,0.20851441405707835,0.20851441405707835,0.20851441405707835,0.20851441405707835,0.20851441405707835,0.20851441405707835,-4.795831523312716
2026,-0.6449936832760016,-1.1021312636972305,-1.4679651296809084,-1.5877432228583055,-1.5589593400017216,-1.3618052176399595,-0.9195238348221288,-0.2314961833147547,0.5274079109254978,1.0934909404383126,1.1210368068279466,0.7994620295377254,0.4744827069633921,-0.0012251204620842787,-0.3311565089042169,-0.48033749317167274,-0.3141337824836566,0.3110645333260131,1.3986619995414484,1.7106421492128083,1.4630388558228402,1.026638051223021,0.4243430400519236,-0.3487982435582521,0.20851441405707308,0.20851441405707308,0.20851441405707308,0.20851441405707308,0.20851441405707308,0.20851441405707308,0.20851441405707308,0.20851441405707308,0.20851441405707308,0.20851441405707308,0.20851441405707308,0.20851441405707308,0.20851441405707308,0.20851441405707308,0.20851441405707308,0.20851441405707308,0.20851441405707308,0.20851441405707308,0.20851441405707308,0.20851441405707308,0.20851441405707308,0.20851441405707308,0.20851441405707308,-4.795831523312722,0.20851441405707308,0.20851441405707308,0.20851441405707308,0.20851441405707308,0.20851441405707308,0.20851441405707308,0.20851441405707308,0.20851441405707308,0.20851441405707308,0.20851441405707308,0.20851441405707308,0.20851441405707308,0.20851441405707308,0.20851441405707308,0.20851441405707308,0.20851441405707308,0.20851441405707308,0.20851441405707308,0.20851441405707308,0.20851441405707308,0.20851441405707308,0.20851441405707308,0.20851441405707308,-4.795831523312722,0.20851441405707308,0.20851441405707308,0.20851441405707308,0.20851441405707308,0.20851441405707308,0.20851441405707308,0.20851441405707308,0.20851441405707308,0.20851441405707308,0.20851441405707308,0.20851441405707308,0.20851441405707308,0.20851441405707308,0.20851441405707308,0.20851441405707308,0.20851441405707308,0.20851441405707308,0.20851441405707308,0.20851441405707308,0.20851441405707308,0.20851441405707308,0.20851441405707308,0.20851441405707308,-4.795831523312722
2027,-1.4030902600560766,-1.6061984592689846,-1.708485801471875,-1.6489098405114102,-1.4819138391729993,-1.0511338137665613,-0.27316341894744506,0.6774856073324647,1.3027582314436819,1.43895804373176,1.2921262137953526,1.0347580624461445,0.6992995745764503,0.3942706544588703,0.14331837582848145,-0.05649023170046217,-0.09278574022406844,0.18951265940398035,0.7608919526771155,0.9596006963114043,0.7764733578513909,0.4333158227191134,-0.10470093241616141,-0.6758969150401875,0.20851441405706256,0.20851441405706256,0.20851441405706256,0.20851441405706256,0.20851441405706256,0.20851441405706256,0.20851441405706256,0.20851441405706256,0.20851441405706256,0.20851441405706256,0.20851441405706256,0.20851441405706256,0.20851441405706256,0.20851441405706256,0.20851441405706256,0.20851441405706256,0.20851441405706256,0.20851441405706256,0.20851441405706256,0.20851441405706256,0.20851441405706256,0.20851441405706256,0.20851441405706256,-4.7958315233127315,0.20851441405706256,0.20851441405706256,0.20851441405706256,0.20851441405706256,0.20851441405706256,0.20851441405706256,0.20851441405706256,0.20851441405706256,0.20851441405706256,0.20851441405706256,0.20851441405706256,0.20851441405706256,0.20851441405706256,0.20851441405706256,0.20851441405706256,0.20851441405706256,0.20851441405706256,0.20851441405706256,0.20851441405706256,0.20851441405706256,0.20851441405706256,0.20851441405706256,0.20851441405706256,-4.7958315233127315,0.20851441405706256,0.20851441405706256,0.20851441405706256,0.20851441405706256,0.20851441405706256,0.20851441405706256,0.20851441405706256,0.20851441405706256,0.20851441405706256,0.20851441405706256,0.20851441405706256,0.20851441405706256,0.20851441405706256,0.20851441405706256,0.20851441405706256,0.20851441405706256,0.20851441405706256,0.20851441405706256,0.20851441405706256,0.20851441405706256,0.20851441405706256,0.20851441405706256,0.20851441405706256,-4.7958315233127315
2028,-1.094208400631006,-1.3594369691039367,-1.5713246569539332,-1.6434297208790065,-1.72565479377602,-1.384736991533787,-0.42333613919947544,0.8163649598631896,1.4922972257806904,1.3917296366220353,1.1220735642238808,0.8572666627914476,0.5022230146925483,0.2658786384936967,0.08097764123554069,-0.09823085097589898,-0.12015753708176925,0.20832108746578723,0.8882591902680143,1.0982493764357717,0.8941625288349793,0.5140296918264784,-0.058172482128636,-0.6531446762706157,-0.20851441405707383,-0.20851441405707383,-0.20851441405707383,-0.20851441405707383,-0.20851441405707383,-0.20851441405707383,-0.20851441405707383,-0.20851441405707383,-0.20851441405707383,-0.20851441405707383,-0.20851441405707383,-0.20851441405707383,-0.20851441405707383,-0.20851441405707383,-0.20851441405707383,-0.20851441405707383,-0.20851441405707383,-0.20851441405707383,-0.20851441405707383,-0.20851441405707383,-0.20851441405707383,-0.20851441405707383,-0.20851441405707383,4.79583152331272,-0.20851441405707383,-0.20851441405707383,-0.20851441405707383,-0.20851441405707383,-0.20851441405707383,-0.20851441405707383,-0.20851441405707383,-0.20851441405707383,-0.20851441405707383,-0.20851441405707383,-0.20851441405707383,-0.20851441405707383,-0.20851441405707383,-0.20851441405707383,-0.20851441405707383,-0.20851441405707383,-0.20851441405707383,-0.20851441405707383,-0.20851441405707383,-0.20851441405707383,-0.20851441405707383,-0.20851441405707383,-0.20851441405707383,4.79583152331272,-0.20851441405707383,-0.20851441405707383,-0.20851441405707383,-0.20851441405707383,-0.20851441405707383,-0.20851441405707383,-0.20851441405707383,-0.20851441405707383,-0.20851441405707383,-0.20851441405707383,-0.20851441405707383,-0.20851441405707383,-0.20851441405707383,-0.20851441405707383,-0.20851441405707383,-0.20851441405707383,-0.20851441405707383,-0.20851441405707383,-0.20851441405707383,-0.20851441405707383,-0.20851441405707383,-0.20851441405707383,-0.20851441405707383,4.79583152331272
2029,-1.0378448306504973,-1.347574695874713,-1.428567886437806,-1.4615178720999566,-1.5012704354471964,-1.2215144281479047,-0.27786935489444275,0.9510588200274458,1.6021930528220738,1.5666921005280148,1.2743938406218398,0.887497234782394,0.5210083619982154,0.24635428796274061,-0.03701558873175469,-0.22621228059829693,-0.2553358163125849,0.12135692299922732,0.9081175483903204,1.08243360157073,0.8094801719565277,0.3622106891619154,-0.3573744815889223,-1.1806989620373696,0.2085144140570736,0.2085144140570736,0.2085144140570736,0.2085144140570736,0.2085144140570736,0.2085144140570736,0.2085144140570736,0.2085144140570736,0.2085144140570736,0.2085144140570736,0.2085144140570736,0.2085144140570736,0.2085144140570736,0.2085144140570736,0.2085144140570736,0.2085144140570736,0.2085144140570736,0.2085144140570736,0.2085144140570736,0.2085144140570736,0.2085144140570736,0.2085144140570736,0.2085144140570736,-4.795831523312721,0.2085144140570736,0.2085144140570736,0.2085144140570736,0.2085144140570736,0.2085144140570736,0.2085144140570736,0.2085144140570736,0.2085144140570736,0.2085144140570736,0.2085144140570736,0.2085144140570736,0.2085144140570736,0.2085144140570736,0.2085144140570736,0.2085144140570736,0.2085144140570736,0.2085144140570736,0.2085144140570736,0.2085144140570736,0.2085144140570736,0.2085144140570736,0.2085144140570736,0.2085144140570736,-4.795831523312721,0.2085144140570736,0.2085144140570736,0.2085144140570736,0.2085144140570736,0.2085144140570736,0.2085144140570736,0.2085144140570736,0.2085144140570736,0.2085144140570736,0.2085144140570736,0.2085144140570736,0.2085144140570736,0.2085144140570736,0.2085144140570736,0.2085144140570736,0.2085144140570736,0.2085144140570736,0.2085144140570736,0.2085144140570736,0.2085144140570736,0.2085144140570736,0.2085144140570736,0.2085144140570736,-4.795831523312721
2030,-1.041539051267953,-1.3245599054789807,-1.5695855878050802,-1.7137945356410578,-1.7509261808922376,-1.4881982025742966,-0.6074010361509606,0.5916056948086489,1.2427047766549186,1.1880867170703344,0.9156440641227241,0.6911271393481483,0.49942422665601055,0.25245560940397715,0.08687437738272753,-0.14606193207089485,-0.1339725591984177,0.2349691950705727,1.03696955616437,1.3120027890132253,1.1500915451854061,0.8180655545091585,0.23518507672900982,-0.47916733103932796,0.20851441405707444,0.20851441405707444,0.20851441405707444,0.20851441405707444,0.20851441405707444,0.20851441405707444,0.20851441405707444,0.20851441405707444,0.20851441405707444,0.20851441405707444,0.20851441405707444,0.20851441405707444,0.20851441405707444,0.20851441405707444,0.20851441405707444,0.20851441405707444,0.20851441405707444,0.20851441405707444,0.20851441405707444,0.20851441405707444,0.20851441405707444,0.20851441405707444,0.20851441405707444,-4.79583152331272,0.20851441405707444,0.20851441405707444,0.20851441405707444,0.20851441405707444,0.20851441405707444,0.20851441405707444,0.20851441405707444,0.20851441405707444,0.20851441405707444,0.20851441405707444,0.20851441405707444,0.20851441405707444,0.20851441405707444,0.20851441405707444,0.20851441405707444,0.20851441405707444,0.20851441405707444,0.20851441405707444,0.20851441405707444,0.20851441405707444,0.20851441405707444,0.20851441405707444,0.20851441405707444,-4.79583152331272,0.20851441405707444,0.20851441405707444,0.20851441405707444,0.20851441405707444,0.20851441405707444,0.20851441405707444,0.20851441405707444,0.20851441405707444,0.20851441405707444,0.20851441405707444,0.20851441405707444,0.20851441405707444,0.20851441405707444,0.20851441405707444,0.20851441405707444,0.20851441405707444,0.20851441405707444,0.20851441405707444,0.20851441405707444,0.20851441405707444,0.20851441405707444,0.20851441405707444,0.20851441405707444,-4.79583152331272
2031,-1.2867522463139314,-1.5463670627328805,-1.7245197035405126,-1.791487483040807,-1.6995673254253345,-1.2906051870523045,-0.5033209628447355,0.529267155039254,1.1505079807597922,1.1811480332982829,1.019691469023601,0.8255766451569945,0.5854100057984049,0.3812041466646308,0.16984282615959248,-0.0602327779318295,-0.05949888445785367,0.2157111682830817,0.9395136069917417,1.1207852950637711,0.9626312514219802,0.6874211986810449,0.33606969801511744,-0.1424288470171222,-0.20851441405707383,-0.20851441405707383,-0.20851441405707383,-0.20851441405707383,-0.20851441405707383,-0.20851441405707383,-0.20851441405707383,-0.20851441405707383,-0.20851441405707383,-0.20851441405707383,-0.20851441405707383,-0.20851441405707383,-0.20851441405707383,-0.20851441405707383,-0.20851441405707383,-0.20851441405707383,-0.20851441405707383,-0.20851441405707383,-0.20851441405707383,-0.20851441405707383,-0.20851441405707383,-0.20851441405707383,-0.20851441405707383,4.79583152331272,-0.20851441405707383,-0.20851441405707383,-0.20851441405707383,-0.20851441405707383,-0.20851441405707383,-0.20851441405707383,-0.20851441405707383,-0.20851441405707383,-0.20851441405707383,-0.20851441405707383,-0.20851441405707383,-0.20851441405707383,-0.20851441405707383,-0.20851441405707383,-0.20851441405707383,-0.20851441405707383,-0.20851441405707383,-0.20851441405707383,-0.20851441405707383,-0.20851441405707383,-0.20851441405707383,-0.20851441405707383,-0.20851441405707383,4.79583152331272,-0.20851441405707383,-0.20851441405707383,-0.20851441405707383,-0.20851441405707383,-0.20851441405707383,-0.20851441405707383,-0.20851441405707383,-0.20851441405707383,-0.20851441405707383,-0.20851441405707383,-0.20851441405707383,-0.20851441405707383,-0.20851441405707383,-0.20851441405707383,-0.20851441405707383,-0.20851441405707383,-0.20851441405707383,-0.20851441405707383,-0.20851441405707383,-0.20851441405707383,-0.20851441405707383,-0.20851441405707383,-0.20851441405707383,4.79583152331272
2032,-0.5636020893157688,-1.0801547602464319,-1.450208146972082,-1.5722908838095928,-1.4758930864106232,-1.1873338902492336,-0.5680414615644056,0.35090859390340395,1.1220909730951614,1.4239682860024612,1.4398231868904494,1.1715582638656852,0.6883008847997978,0.10674312022838212,-0.3765142588375053,-0.45674005733072676,-0.2629931684795081,0.10515763013958328,1.2150006922987735,1.4556780877784379,0.9838362373519022,0.44223282301821737,-0.333071830404417,-1.17845514575196,-0.2085144140570718,-0.2085144140570718,-0.2085144140570718,-0.2085144140570718,-0.2085144140570718,-0.2085144140570718,-0.2085144140570718,-0.2085144140570718,-0.2085144140570718,-0.2085144140570718,-0.2085144140570718,-0.2085144140570718,-0.2085144140570718,-0.2085144140570718,-0.2085144140570718,-0.2085144140570718,-0.2085144140570718,-0.2085144140570718,-0.2085144140570718,-0.2085144140570718,-0.2085144140570718,-0.2085144140570718,-0.2085144140570718,4.795831523312723,-0.2085144140570718,-0.2085144140570718,-0.2085144140570718,-0.2085144140570718,-0.2085144140570718,-0.2085144140570718,-0.2085144140570718,-0.2085144140570718,-0.2085144140570718,-0.2085144140570718,-0.2085144140570718,-0.2085144140570718,-0.2085144140570718,-0.2085144140570718,-0.2085144140570718,-0.2085144140570718,-0.2085144140570718,-0.2085144140570718,-0.2085144140570718,-0.2085144140570718,-0.2085144140570718,-0.2085144140570718,-0.2085144140570718,4.795831523312723,-0.2085144140570718,-0.2085144140570718,-0.2085144140570718,-0.2085144140570718,-0.2085144140570718,-0.2085144140570718,-0.2085144140570718,-0.2085144140570718,-0.2085144140570718,-0.2085144140570718,-0.2085144140570718,-0.2085144140570718,-0.2085144140570718,-0.2085144140570718,-0.2085144140570718,-0.2085144140570718,-0.2085144140570718,-0.2085144140570718,-0.2085144140570718,-0.2085144140570718,-0.2085144140570718,-0.2085144140570718,-0.2085144140570718,4.795831523312723
2033,-0.6565009791900915,-1.1954944677099288,-1.5186141539046416,-1.3920197858317773,-1.383174764481708,-1.2969358063185341,-1.1167184963108758,-0.9561260774236832,-0.40635271913344917,0.16111068185692318,0.5762738714757927,0.7255336067582092,0.787448756208693,0.6650004918936736,0.4189983355948761,0.20975829928230336,0.19593795342282033,0.610271922290121,1.4776368284312744,1.852997421974833,1.534853060289534,1.0066394415400937,0.2774779939937701,-0.5780014147082281,0.2085144140570795,0.2085144140570795,0.2085144140570795,0.2085144140570795,0.2085144140570795,0.2085144140570795,0.2085144140570795,0.2085144140570795,0.2085144140570795,0.2085144140570795,0.2085144140570795,0.2085144140570795,0.2085144140570795,0.2085144140570795,0.2085144140570795,0.2085144140570795,0.2085144140570795,0.2085144140570795,0.2085144140570795,0.2085144140570795,0.2085144140570795,0.2085144140570795,0.2085144140570795,-4.795831523312715,0.2085144140570795,0.2085144140570795,0.2085144140570795,0.2085144140570795,0.2085144140570795,0.2085144140570795,0.2085144140570795,0.2085144140570795,0.2085144140570795,0.2085144140570795,0.2085144140570795,0.2085144140570795,0.2085144140570795,0.2085144140570795,0.2085144140570795,0.2085144140570795,0.2085144140570795,0.2085144140570795,0.2085144140570795,0.2085144140570795,0.2085144140570795,0.2085144140570795,0.2085144140570795,-4.795831523312715,0.2085144140570795,0.2085144140570795,0.2085144140570795,0.2085144140570795,0.2085144140570795,0.2085144140570795,0.2085144140570795,0.2085144140570795,0.2085144140570795,0.2085144140570795,0.2085144140570795,0.2085144140570795,0.2085144140570795,0.2085144140570795,0.2085144140570795,0.2085144140570795,0.2085144140570795,0.2085144140570795,0.2085144140570795,0.2085144140570795,0.2085144140570795,0.2085144140570795,0.2085144140570795,-4.795831523312715
2034,-1.4563263418570942,-1.5714230610552047,-1.6787671514990383,-1.6895015605434216,-1.6154043203342754,-1.3792473213578416,-0.754564350580532,0.08734131433103519,0.5675570300526852,0.7676344875188307,0.8687168393534407,0.8866075210940796,0.8614114776426798,0.7700199117509159,0.7051661904410997,0.5933494295621063,0.5340120017889872,0.7033771222670359,1.054034484383559,1.0249621265550206,0.8016267828260446,0.4368059643315157,-0.03163171924421373,-0.485756857427432,0.20851441405707427,0.20851441405707427,0.20851441405707427,0.20851441405707427,0.20851441405707427,0.20851441405707427,0.20851441405707427,0.20851441405707427,0.20851441405707427,0.20851441405707427,0.20851441405707427,0.20851441405707427,0.20851441405707427,0.20851441405707427,0.20851441405707427,0.20851441405707427,0.20851441405707427,0.20851441405707427,0.20851441405707427,0.20851441405707427,0.20851441405707427,0.20851441405707427,0.20851441405707427,-4.795831523312719,0.20851441405707427,0.20851441405707427,0.20851441405707427,0.20851441405707427,0.20851441405707427,0.20851441405707427,0.20851441405707427,0.20851441405707427,0.20851441405707427,0.20851441405707427,0.20851441405707427,0.20851441405707427,0.20851441405707427,0.20851441405707427,0.20851441405707427,0.20851441405707427,0.20851441405707427,0.20851441405707427,0.20851441405707427,0.20851441405707427,0.20851441405707427,0.20851441405707427,0.20851441405707427,-4.795831523312719,0.20851441405707427,0.20851441405707427,0.20851441405707427,0.20851441405707427,0.20851441405707427,0.20851441405707427,0.20851441405707427,0.20851441405707427,0.20851441405707427,0.20851441405707427,0.20851441405707427,0.20851441405707427,0.20851441405707427,0.20851441405707427,0.20851441405707427,0.20851441405707427,0.20851441405707427,0.20851441405707427,0.20851441405707427,0.20851441405707427,0.20851441405707427,0.20851441405707427,0.20851441405707427,-4.795831523312719
2035,-1.0917922037993844,-1.3412604073837513,-1.5759158718704223,-1.8038875394471572,-1.882828600248293,-1.5800706645441662,-0.8459368634095773,0.10948480839181066,0.6703818193472483,0.7616066150098879,0.8161608492477437,0.8031545417473277,0.6790526910141923,0.6123953650745605,0.5273124368426729,0.38026890482408154,0.36635938152502556,0.5683184341009287,1.0916416678329426,1.2448270672822859,0.994997577378463,0.7048846628552962,0.20811597360329825,-0.4172706453750351,0.208514414057072,0.208514414057072,0.208514414057072,0.208514414057072,0.208514414057072,0.208514414057072,0.208514414057072,0.208514414057072,0.208514414057072,0.208514414057072,0.208514414057072,0.208514414057072,0.208514414057072,0.208514414057072,0.208514414057072,0.208514414057072,0.208514414057072,0.208514414057072,0.208514414057072,0.208514414057072,0.208514414057072,0.208514414057072,0.208514414057072,-4.795831523312722,0.208514414057072,0.208514414057072,0.208514414057072,0.208514414057072,0.208514414057072,0.208514414057072,0.208514414057072,0.208514414057072,0.208514414057072,0.208514414057072,0.208514414057072,0.208514414057072,0.208514414057072,0.208514414057072,0.208514414057072,0.208514414057072,0.208514414057072,0.208514414057072,0.208514414057072,0.208514414057072,0.208514414057072,0.208514414057072,0.208514414057072,-4.795831523312722,0.208514414057072,0.208514414057072,0.208514414057072,0.208514414057072,0.208514414057072,0.208514414057072,0.208514414057072,0.208514414057072,0.208514414057072,0.208514414057072,0.208514414057072,0.208514414057072,0.208514414057072,0.208514414057072,0.208514414057072,0.208514414057072,0.208514414057072,0.208514414057072,0.208514414057072,0.208514414057072,0.208514414057072,0.208514414057072,0.208514414057072,-4.795831523312722
2036,-1.291771077482555,-1.5820488435097686,-1.7483605479874982,-1.8180207468503764,-1.7488454217614857,-1.3979584339858286,-0.7281861275176925,0.15945612806218276,0.6538657529381549,0.7569822422061738,0.7710435816518127,0.7215864567050827,0.6074794952266792,0.48415993204251223,0.39623615435943643,0.2915034191781256,0.274209587905903,0.49579690261821346,0.9725894470393045,1.2536546113607545,1.0993031266413844,0.8180763377286052,0.45878487120383044,0.10046315222703081,-0.20851441405707768,-0.20851441405707768,-0.20851441405707768,-0.20851441405707768,-0.20851441405707768,-0.20851441405707768,-0.20851441405707768,-0.20851441405707768,-0.20851441405707768,-0.20851441405707768,-0.20851441405707768,-0.20851441405707768,-0.20851441405707768,-0.20851441405707768,-0.20851441405707768,-0.20851441405707768,-0.20851441405707768,-0.20851441405707768,-0.20851441405707768,-0.20851441405707768,-0.20851441405707768,-0.20851441405707768,-0.20851441405707768,4.7958315233127164,-0.20851441405707768,-0.20851441405707768,-0.20851441405707768,-0.20851441405707768,-0.20851441405707768,-0.20851441405707768,-0.20851441405707768,-0.20851441405707768,-0.20851441405707768,-0.20851441405707768,-0.20851441405707768,-0.20851441405707768,-0.20851441405707768,-0.20851441405707768,-0.20851441405707768,-0.20851441405707768,-0.20851441405707768,-0.20851441405707768,-0.20851441405707768,-0.20851441405707768,-0.20851441405707768,-0.20851441405707768,-0.20851441405707768,4.7958315233127164,-0.20851441405707768,-0.20851441405707768,-0.20851441405707768,-0.20851441405707768,-0.20851441405707768,-0.20851441405707768,-0.20851441405707768,-0.20851441405707768,-0.20851441405707768,-0.20851441405707768,-0.20851441405707768,-0.20851441405707768,-0.20851441405707768,-0.20851441405707768,-0.20851441405707768,-0.20851441405707768,-0.20851441405707768,-0.20851441405707768,-0.20851441405707768,-0.20851441405707768,-0.20851441405707768,-0.20851441405707768,-0.20851441405707768,4.7958315233127164
2037,-1.046007682275504,-1.3204614214678732,-1.5042040862154162,-1.5191819612981665,-1.4499883975356016,-0.9928467735310944,-0.2363586038586612,1.0179856953249105,1.7126637607826132,1.6677301355343621,1.2962366422847373,0.845001785918498,0.4538893858703409,0.05708117417099708,-0.2745416375203205,-0.6179779844881736,-0.7040480272172179,-0.3673622718359565,0.5357403088577654,1.096461322519039,0.9734739820508214,0.6315143269925352,0.13450202142972073,-0.38930169449237956,-0.20851441405707496,-0.20851441405707496,-0.20851441405707496,-0.20851441405707496,-0.20851441405707496,-0.20851441405707496,-0.20851441405707496,-0.20851441405707496,-0.20851441405707496,-0.20851441405707496,-0.20851441405707496,-0.20851441405707496,-0.20851441405707496,-0.20851441405707496,-0.20851441405707496,-0.20851441405707496,-0.20851441405707496,-0.20851441405707496,-0.20851441405707496,-0.20851441405707496,-0.20851441405707496,-0.20851441405707496,-0.20851441405707496,4.795831523312719,-0.20851441405707496,-0.20851441405707496,-0.20851441405707496,-0.20851441405707496,-0.20851441405707496,-0.20851441405707496,-0.20851441405707496,-0.20851441405707496,-0.20851441405707496,-0.20851441405707496,-0.20851441405707496,-0.20851441405707496,-0.20851441405707496,-0.20851441405707496,-0.20851441405707496,-0.20851441405707496,-0.20851441405707496,-0.20851441405707496,-0.20851441405707496,-0.20851441405707496,-0.20851441405707496,-0.20851441405707496,-0.20851441405707496,4.795831523312719,-0.20851441405707496,-0.20851441405707496,-0.20851441405707496,-0.20851441405707496,-0.20851441405707496,-0.20851441405707496,-0.20851441405707496,-0.20851441405707496,-0.20851441405707496,-0.20851441405707496,-0.20851441405707496,-0.20851441405707496,-0.20851441405707496,-0.20851441405707496,-0.20851441405707496,-0.20851441405707496,-0.20851441405707496,-0.20851441405707496,-0.20851441405707496,-0.20851441405707496,-0.20851441405707496,-0.20851441405707496,-0.20851441405707496,4.795831523312719
2038,-0.4472949043576283,-0.726237062614167,-0.897122390673015,-0.9793929318462568,-0.9075596981352919,-0.4225318807706575,0.5051605648470167,1.673729694447043,2.270702750671785,2.065845010088663,1.5359981665624864,0.9719742574245404,0.3803221814746846,-0.12046392362711306,-0.5254723837809576,-0.736674370076444,-1.0074304048331577,-0.7753538036131173,-0.06438897765331143,0.28127008712680146,0.07088671318129758,-0.24141389833702823,-0.6627946054905228,-1.2417581900156498,0.2085144140570624,0.2085144140570624,0.2085144140570624,0.2085144140570624,0.2085144140570624,0.2085144140570624,0.2085144140570624,0.2085144140570624,0.2085144140570624,0.2085144140570624,0.2085144140570624,0.2085144140570624,0.2085144140570624,0.2085144140570624,0.2085144140570624,0.2085144140570624,0.2085144140570624,0.2085144140570624,0.2085144140570624,0.2085144140570624,0.2085144140570624,0.2085144140570624,0.2085144140570624,-4.7958315233127315,0.2085144140570624,0.2085144140570624,0.2085144140570624,0.2085144140570624,0.2085144140570624,0.2085144140570624,0.2085144140570624,0.2085144140570624,0.2085144140570624,0.2085144140570624,0.2085144140570624,0.2085144140570624,0.2085144140570624,0.2085144140570624,0.2085144140570624,0.2085144140570624,0.2085144140570624,0.2085144140570624,0.2085144140570624,0.2085144140570624,0.2085144140570624,0.2085144140570624,0.2085144140570624,-4.7958315233127315,0.2085144140570624,0.2085144140570624,0.2085144140570624,0.2085144140570624,0.2085144140570624,0.2085144140570624,0.2085144140570624,0.2085144140570624,0.2085144140570624,0.2085144140570624,0.2085144140570624,0.2085144140570624,0.2085144140570624,0.2085144140570624,0.2085144140570624,0.2085144140570624,0.2085144140570624,0.2085144140570624,0.2085144140570624,0.2085144140570624,0.2085144140570624,0.2085144140570624,0.2085144140570624,-4.7958315233127315
2039,-0.3158112482968749,-0.8747348212888318,-1.239362830088915,-1.5265964391525686,-1.6049623167099576,-1.4313916126985504,-0.931404360844795,-0.2720947463537033,0.4992586434880357,1.0338952709560085,1.2534492584928258,1.256363691955704,0.9370713148003914,0.6407705794077838,0.4853341280542848,0.28488587099633494,0.21785390135013852,0.5024969028912336,1.2890701119280028,1.316595316855185,0.803655027388638,0.06306510187727904,-0.7277178443836474,-1.659688900624002,-0.20851441405700316,-0.20851441405700316,-0.20851441405700316,-0.20851441405700316,-0.20851441405700316,-0.20851441405700316,-0.20851441405700316,-0.20851441405700316,-0.20851441405700316,-0.20851441405700316,-0.20851441405700316,-0.20851441405700316,-0.20851441405700316,-0.20851441405700316,-0.20851441405700316,-0.20851441405700316,-0.20851441405700316,-0.20851441405700316,-0.20851441405700316,-0.20851441405700316,-0.20851441405700316,-0.20851441405700316,-0.20851441405700316,4.795831523312791,-0.20851441405700316,-0.20851441405700316,-0.20851441405700316,-0.20851441405700316,-0.20851441405700316,-0.20851441405700316,-0.20851441405700316,-0.20851441405700316,-0.20851441405700316,-0.20851441405700316,-0.20851441405700316,-0.20851441405700316,-0.20851441405700316,-0.20851441405700316,-0.20851441405700316,-0.20851441405700316,-0.20851441405700316,-0.20851441405700316,-0.20851441405700316,-0.20851441405700316,-0.20851441405700316,-0.20851441405700316,-0.20851441405700316,4.795831523312791,-0.20851441405700316,-0.20851441405700316,-0.20851441405700316,-0.20851441405700316,-0.20851441405700316,-0.20851441405700316,-0.20851441405700316,-0.20851441405700316,-0.20851441405700316,-0.20851441405700316,-0.20851441405700316,-0.20851441405700316,-0.20851441405700316,-0.20851441405700316,-0.20851441405700316,-0.20851441405700316,-0.20851441405700316,-0.20851441405700316,-0.20851441405700316,-0.20851441405700316,-0.20851441405700316,-0.20851441405700316,-0.20851441405700316,4.795831523312791
2040,-0.872325654316323,-1.0457395034203674,-1.2532644283371852,-1.4089557631921348,-1.4476403910691908,-1.341114740905278,-1.1612216930435002,-0.9923813960037383,-0.7419794204842721,-0.2891977661203059,0.08240333910264615,0.30212440285755066,0.4214178858675855,0.48125519204194805,0.4460007282131039,0.4576251730431552,0.5460471796192833,0.8387545117333625,1.4660934032174435,1.7248802241880943,1.573571876728082,1.2696212291226419,0.7480457291250932,0.1959798820323279,0.20851441405707566,0.20851441405707566,0.20851441405707566,0.20851441405707566,0.20851441405707566,0.20851441405707566,0.20851441405707566,0.20851441405707566,0.20851441405707566,0.20851441405707566,0.20851441405707566,0.20851441405707566,0.20851441405707566,0.20851441405707566,0.20851441405707566,0.20851441405707566,0.20851441405707566,0.20851441405707566,0.20851441405707566,0.20851441405707566,0.20851441405707566,0.20851441405707566,0.20851441405707566,-4.795831523312719,0.20851441405707566,0.20851441405707566,0.20851441405707566,0.20851441405707566,0.20851441405707566,0.20851441405707566,0.20851441405707566,0.20851441405707566,0.20851441405707566,0.20851441405707566,0.20851441405707566,0.20851441405707566,0.20851441405707566,0.20851441405707566,0.20851441405707566,0.20851441405707566,0.20851441405707566,0.20851441405707566,0.20851441405707566,0.20851441405707566,0.20851441405707566,0.20851441405707566,0.20851441405707566,-4.795831523312719,0.20851441405707566,0.20851441405707566,0.20851441405707566,0.20851441405707566,0.20851441405707566,0.20851441405707566,0.20851441405707566,0.20851441405707566,0.20851441405707566,0.20851441405707566,0.20851441405707566,0.20851441405707566,0.20851441405707566,0.20851441405707566,0.20851441405707566,0.20851441405707566,0.20851441405707566,0.20851441405707566,0.20851441405707566,0.20851441405707566,0.20851441405707566,0.20851441405707566,0.20851441405707566,-4.795831523312719
2041,-1.5230418558798409,-1.6767409130482922,-1.758402936573213,-1.7008033877517679,-1.5989890416626862,-1.288733508454746,-0.5647538008139201,0.4070693962727058,0.9556938195119523,1.0516429373920617,0.989531674563715,0.8785435099939333,0.7135651678082279,0.4974540668776365,0.32044448734019315,0.14734505994206465,0.0941068346606246,0.2826964801491156,0.806957647751093,1.1218752854328315,0.9668227140623099,0.709655015668913,0.28344843248359924,-0.11538708572651095,0.20851441405706364,0.20851441405706364,0.20851441405706364,0.20851441405706364,0.20851441405706364,0.20851441405706364,0.20851441405706364,0.20851441405706364,0.20851441405706364,0.20851441405706364,0.20851441405706364,0.20851441405706364,0.20851441405706364,0.20851441405706364,0.20851441405706364,0.20851441405706364,0.20851441405706364,0.20851441405706364,0.20851441405706364,0.20851441405706364,0.20851441405706364,0.20851441405706364,0.20851441405706364,-4.795831523312731,0.20851441405706364,0.20851441405706364,0.20851441405706364,0.20851441405706364,0.20851441405706364,0.20851441405706364,0.20851441405706364,0.20851441405706364,0.20851441405706364,0.20851441405706364,0.20851441405706364,0.20851441405706364,0.20851441405706364,0.20851441405706364,0.20851441405706364,0.20851441405706364,0.20851441405706364,0.20851441405706364,0.20851441405706364,0.20851441405706364,0.20851441405706364,0.20851441405706364,0.20851441405706364,-4.795831523312731,0.20851441405706364,0.20851441405706364,0.20851441405706364,0.20851441405706364,0.20851441405706364,0.20851441405706364,0.20851441405706364,0.20851441405706364,0.20851441405706364,0.20851441405706364,0.20851441405706364,0.20851441405706364,0.20851441405706364,0.20851441405706364,0.20851441405706364,0.20851441405706364,0.20851441405706364,0.20851441405706364,0.20851441405706364,0.20851441405706364,0.20851441405706364,0.20851441405706364,0.20851441405706364,-4.795831523312731
2042,-0.9476530310708032,-1.1869617305204763,-1.2889015852360952,-1.3745397574278946,-1.2658618739357634,-1.0100341361952865,-0.022586886785782325,1.32936598385633,1.916661266247807,1.8168949692020306,1.405657858067806,0.9498628147018078,0.49428512710279376,-0.005198425427041331,-0.3212337106221589,-0.688130245291594,-0.8865760605482255,-0.5927110635855027,0.2282416683140565,0.8420543542776137,0.7729352203766182,0.4971107520735892,-0.09083659761884073,-0.5718449099550135,-0.20851441405707774,-0.20851441405707774,-0.20851441405707774,-0.20851441405707774,-0.20851441405707774,-0.20851441405707774,-0.20851441405707774,-0.20851441405707774,-0.20851441405707774,-0.20851441405707774,-0.20851441405707774,-0.20851441405707774,-0.20851441405707774,-0.20851441405707774,-0.20851441405707774,-0.20851441405707774,-0.20851441405707774,-0.20851441405707774,-0.20851441405707774,-0.20851441405707774,-0.20851441405707774,-0.20851441405707774,-0.20851441405707774,4.795831523312717,-0.20851441405707774,-0.20851441405707774,-0.20851441405707774,-0.20851441405707774,-0.20851441405707774,-0.20851441405707774,-0.20851441405707774,-0.20851441405707774,-0.20851441405707774,-0.20851441405707774,-0.20851441405707774,-0.20851441405707774,-0.20851441405707774,-0.20851441405707774,-0.20851441405707774,-0.20851441405707774,-0.20851441405707774,-0.20851441405707774,-0.20851441405707774,-0.20851441405707774,-0.20851441405707774,-0.20851441405707774,-0.20851441405707774,4.795831523312717,-0.20851441405707774,-0.20851441405707774,-0.20851441405707774,-0.20851441405707774,-0.20851441405707774,-0.20851441405707774,-0.20851441405707774,-0.20851441405707774,-0.20851441405707774,-0.20851441405707774,-0.20851441405707774,-0.20851441405707774,-0.20851441405707774,-0.20851441405707774,-0.20851441405707774,-0.20851441405707774,-0.20851441405707774,-0.20851441405707774,-0.20851441405707774,-0.20851441405707774,-0.20851441405707774,-0.20851441405707774,-0.20851441405707774,4.795831523312717
2043,-0.4463163346603979,-0.8172017161901909,-0.9773943977214742,-1.0009886686446865,-0.8287918843629969,-0.48812372699801965,0.5121491797729009,1.7390512677799392,2.2877215503890245,1.9493300332008485,1.3344302181757286,0.7019381836025995,0.13898715806630665,-0.37201507798115924,-0.7526279220845573,-1.1127510045967446,-1.1812571771895803,-0.8329312301389991,-9.48600073657121e-05,0.62598118861296,0.5167024601265032,0.21970440069834865,-0.32524047071233486,-0.8902611691366289,0.20851441405707394,0.20851441405707394,0.20851441405707394,0.20851441405707394,0.20851441405707394,0.20851441405707394,0.20851441405707394,0.20851441405707394,0.20851441405707394,0.20851441405707394,0.20851441405707394,0.20851441405707394,0.20851441405707394,0.20851441405707394,0.20851441405707394,0.20851441405707394,0.20851441405707394,0.20851441405707394,0.20851441405707394,0.20851441405707394,0.20851441405707394,0.20851441405707394,0.20851441405707394,-4.795831523312721,0.20851441405707394,0.20851441405707394,0.20851441405707394,0.20851441405707394,0.20851441405707394,0.20851441405707394,0.20851441405707394,0.20851441405707394,0.20851441405707394,0.20851441405707394,0.20851441405707394,0.20851441405707394,0.20851441405707394,0.20851441405707394,0.20851441405707394,0.20851441405707394,0.20851441405707394,0.20851441405707394,0.20851441405707394,0.20851441405707394,0.20851441405707394,0.20851441405707394,0.20851441405707394,-4.795831523312721,0.20851441405707394,0.20851441405707394,0.20851441405707394,0.20851441405707394,0.20851441405707394,0.20851441405707394,0.20851441405707394,0.20851441405707394,0.20851441405707394,0.20851441405707394,0.20851441405707394,0.20851441405707394,0.20851441405707394,0.20851441405707394,0.20851441405707394,0.20851441405707394,0.20851441405707394,0.20851441405707394,0.20851441405707394,0.20851441405707394,0.20851441405707394,0.20851441405707394,0.20851441405707394,-4.795831523312721
2044,-1.178301301843377,-1.538611409820358,-1.6946367289954074,-1.7651855299330115,-1.7514847483016507,-1.3707257125166683,-0.6815968453870277,0.41364772800951666,0.9428659796805878,0.9825368996281101,0.8999232312837853,0.7817284285535383,0.6647605614917714,0.5684461115160858,0.49176263223608124,0.3060863677394303,0.24842039132086696,0.43593705932023796,0.895015488609865,1.2332407545542048,1.0162776305113121,0.6261120879346491,0.021028314095893577,-0.5472473896884599,0.20851441405707558,0.20851441405707558,0.20851441405707558,0.20851441405707558,0.20851441405707558,0.20851441405707558,0.20851441405707558,0.20851441405707558,0.20851441405707558,0.20851441405707558,0.20851441405707558,0.20851441405707558,0.20851441405707558,0.20851441405707558,0.20851441405707558,0.20851441405707558,0.20851441405707558,0.20851441405707558,0.20851441405707558,0.20851441405707558,0.20851441405707558,0.20851441405707558,0.20851441405707558,-4.795831523312719,0.20851441405707558,0.20851441405707558,0.20851441405707558,0.20851441405707558,0.20851441405707558,0.20851441405707558,0.20851441405707558,0.20851441405707558,0.20851441405707558,0.20851441405707558,0.20851441405707558,0.20851441405707558,0.20851441405707558,0.20851441405707558,0.20851441405707558,0.20851441405707558,0.20851441405707558,0.20851441405707558,0.20851441405707558,0.20851441405707558,0.20851441405707558,0.20851441405707558,0.20851441405707558,-4.795831523312719,0.20851441405707558,0.20851441405707558,0.20851441405707558,0.20851441405707558,0.20851441405707558,0.20851441405707558,0.20851441405707558,0.20851441405707558,0.20851441405707558,0.20851441405707558,0.20851441405707558,0.20851441405707558,0.20851441405707558,0.20851441405707558,0.20851441405707558,0.20851441405707558,0.20851441405707558,0.20851441405707558,0.20851441405707558,0.20851441405707558,0.20851441405707558,0.20851441405707558,0.20851441405707558,-4.795831523312719
2045,-1.2787425244714126,-1.5783993543690777,-1.7056046709017951,-1.7611701757834815,-1.67643278083891,-1.230718052395098,-0.4728442554552414,0.6503727360817023,1.237581053742094,1.269928115512504,1.0681062638529508,0.8861292353654282,0.6757741097419017,0.45787795131300346,0.24712592922603627,0.14532198635351823,-0.10809640555331518,0.1296445760476139,0.7392775438924003,1.0948967751351923,0.882755615426183,0.58448792315056,0.13996388409706992,-0.39723547916980406,0.2085144140570742,0.2085144140570742,0.2085144140570742,0.2085144140570742,0.2085144140570742,0.2085144140570742,0.2085144140570742,0.2085144140570742,0.2085144140570742,0.2085144140570742,0.2085144140570742,0.2085144140570742,0.2085144140570742,0.2085144140570742,0.2085144140570742,0.2085144140570742,0.2085144140570742,0.2085144140570742,0.2085144140570742,0.2085144140570742,0.2085144140570742,0.2085144140570742,0.2085144140570742,-4.79583152331272,0.2085144140570742,0.2085144140570742,0.2085144140570742,0.2085144140570742,0.2085144140570742,0.2085144140570742,0.2085144140570742,0.2085144140570742,0.2085144140570742,0.2085144140570742,0.2085144140570742,0.2085144140570742,0.2085144140570742,0.2085144140570742,0.2085144140570742,0.2085144140570742,0.2085144140570742,0.2085144140570742,0.2085144140570742,0.2085144140570742,0.2085144140570742,0.2085144140570742,0.2085144140570742,-4.79583152331272,0.2085144140570742,0.2085144140570742,0.2085144140570742,0.2085144140570742,0.2085144140570742,0.2085144140570742,0.2085144140570742,0.2085144140570742,0.2085144140570742,0.2085144140570742,0.2085144140570742,0.2085144140570742,0.2085144140570742,0.2085144140570742,0.2085144140570742,0.2085144140570742,0.2085144140570742,0.2085144140570742,0.2085144140570742,0.2085144140570742,0.2085144140570742,0.2085144140570742,0.2085144140570742,-4.79583152331272
2046,-0.7563260417231682,-1.2400463502027665,-1.5471220960006258,-1.6641757218740674,-1.6337721826861604,-1.3370336402121894,-0.91898497637847,-0.12241224965531003,0.576869151666548,1.0946414240366018,1.1998376696267596,0.9398874095701559,0.49994819752114356,0.05636056076958235,-0.250715185028277,-0.24281026483942122,-0.07559079930593345,0.18922402702073537,1.1046745919686112,1.6370405631488605,1.4251278950091495,0.9927895677571139,0.3686049082293859,-0.29601645841825824,-0.20851441405707483,-0.20851441405707483,-0.20851441405707483,-0.20851441405707483,-0.20851441405707483,-0.20851441405707483,-0.20851441405707483,-0.20851441405707483,-0.20851441405707483,-0.20851441405707483,-0.20851441405707483,-0.20851441405707483,-0.20851441405707483,-0.20851441405707483,-0.20851441405707483,-0.20851441405707483,-0.20851441405707483,-0.20851441405707483,-0.20851441405707483,-0.20851441405707483,-0.20851441405707483,-0.20851441405707483,-0.20851441405707483,4.795831523312719,-0.20851441405707483,-0.20851441405707483,-0.20851441405707483,-0.20851441405707483,-0.20851441405707483,-0.20851441405707483,-0.20851441405707483,-0.20851441405707483,-0.20851441405707483,-0.20851441405707483,-0.20851441405707483,-0.20851441405707483,-0.20851441405707483,-0.20851441405707483,-0.20851441405707483,-0.20851441405707483,-0.20851441405707483,-0.20851441405707483,-0.20851441405707483,-0.20851441405707483,-0.20851441405707483,-0.20851441405707483,-0.20851441405707483,4.795831523312719,-0.20851441405707483,-0.20851441405707483,-0.20851441405707483,-0.20851441405707483,-0.20851441405707483,-0.20851441405707483,-0.20851441405707483,-0.20851441405707483,-0.20851441405707483,-0.20851441405707483,-0.20851441405707483,-0.20851441405707483,-0.20851441405707483,-0.20851441405707483,-0.20851441405707483,-0.20851441405707483,-0.20851441405707483,-0.20851441405707483,-0.20851441405707483,-0.20851441405707483,-0.20851441405707483,-0.20851441405707483,-0.20851441405707483,4.795831523312719
2047,-1.3242751937942556,-1.5207818720595698,-1.6749784999806778,-1.640895403870067,-1.5243077095882538,-1.3120522903614849,-0.8412354523645654,-0.32481778233000147,0.2261530954856645,0.683101639203094,0.8187288561398001,0.7799446433242776,0.5803822392007706,0.33568911471011004,0.09663733026534371,0.004965554519563116,0.13119053804644562,0.5401876913737744,1.1783642840655548,1.4141252868168828,1.3372620286915744,1.1170147110664554,0.7477419938956316,0.1718551975439329,-0.20851441405707455,-0.20851441405707455,-0.20851441405707455,-0.20851441405707455,-0.20851441405707455,-0.20851441405707455,-0.20851441405707455,-0.20851441405707455,-0.20851441405707455,-0.20851441405707455,-0.20851441405707455,-0.20851441405707455,-0.20851441405707455,-0.20851441405707455,-0.20851441405707455,-0.20851441405707455,-0.20851441405707455,-0.20851441405707455,-0.20851441405707455,-0.20851441405707455,-0.20851441405707455,-0.20851441405707455,-0.20851441405707455,4.79583152331272,-0.20851441405707455,-0.20851441405707455,-0.20851441405707455,-0.20851441405707455,-0.20851441405707455,-0.20851441405707455,-0.20851441405707455,-0.20851441405707455,-0.20851441405707455,-0.20851441405707455,-0.20851441405707455,-0.20851441405707455,-0.20851441405707455,-0.20851441405707455,-0.20851441405707455,-0.20851441405707455,-0.20851441405707455,-0.20851441405707455,-0.20851441405707455,-0.20851441405707455,-0.20851441405707455,-0.20851441405707455,-0.20851441405707455,4.79583152331272,-0.20851441405707455,-0.20851441405707455,-0.20851441405707455,-0.20851441405707455,-0.20851441405707455,-0.20851441405707455,-0.20851441405707455,-0.20851441405707455,-0.20851441405707455,-0.20851441405707455,-0.20851441405707455,-0.20851441405707455,-0.20851441405707455,-0.20851441405707455,-0.20851441405707455,-0.20851441405707455,-0.20851441405707455,-0.20851441405707455,-0.20851441405707455,-0.20851441405707455,-0.20851441405707455,-0.20851441405707455,-0.20851441405707455,4.79583152331272
2048,-1.2651080916301605,-1.4343272113562036,-1.5862446255740976,-1.5697869057004925,-1.44340005692755,-1.1311253721463232,-0.21919889402168707,0.9644909584260708,1.4974678866405158,1.5295393407531823,1.315588982396315,1.0172400605850618,0.7435777185842165,0.42033122055391975,0.18232727161255236,-0.04470486407974487,-0.1183426106936963,0.05594042283960995,0.5842754300640637,0.9334744863565841,0.6891406451561378,0.23739733426653897,-0.3443197643428137,-1.0142333617619994,-0.20851441405707272,-0.20851441405707272,-0.20851441405707272,-0.20851441405707272,-0.20851441405707272,-0.20851441405707272,-0.20851441405707272,-0.20851441405707272,-0.20851441405707272,-0.20851441405707272,-0.20851441405707272,-0.20851441405707272,-0.20851441405707272,-0.20851441405707272,-0.20851441405707272,-0.20851441405707272,-0.20851441405707272,-0.20851441405707272,-0.20851441405707272,-0.20851441405707272,-0.20851441405707272,-0.20851441405707272,-0.20851441405707272,4.795831523312722,-0.20851441405707272,-0.20851441405707272,-0.20851441405707272,-0.20851441405707272,-0.20851441405707272,-0.20851441405707272,-0.20851441405707272,-0.20851441405707272,-0.20851441405707272,-0.20851441405707272,-0.20851441405707272,-0.20851441405707272,-0.20851441405707272,-0.20851441405707272,-0.20851441405707272,-0.20851441405707272,-0.20851441405707272,-0.20851441405707272,-0.20851441405707272,-0.20851441405707272,-0.20851441405707272,-0.20851441405707272,-0.20851441405707272,4.795831523312722,-0.20851441405707272,-0.20851441405707272,-0.20851441405707272,-0.20851441405707272,-0.20851441405707272,-0.20851441405707272,-0.20851441405707272,-0.20851441405707272,-0.20851441405707272,-0.20851441405707272,-0.20851441405707272,-0.20851441405707272,-0.20851441405707272,-0.20851441405707272,-0.20851441405707272,-0.20851441405707272,-0.20851441405707272,-0.20851441405707272,-0.20851441405707272,-0.20851441405707272,-0.20851441405707272,-0.20851441405707272,-0.20851441405707272,4.795831523312722
2049,-1.1756653297972293,-1.4716794948144911,-1.685005757724699,-1.708235091048588,-1.6089243632602193,-1.4461059168432373,-0.6959476296864617,0.40712603347361515,0.9863675745225118,1.0901536784558497,0.9902036112181998,0.8627619476614521,0.6353702168670545,0.45337158697163227,0.24579937910495628,0.11260366050467652,0.0463254709291773,0.2911924800039316,0.8913191097293521,1.3384304979267712,1.1557925285820676,0.7257301923654843,0.06550565440761759,-0.5064900395494238,-0.20851441405707885,-0.20851441405707885,-0.20851441405707885,-0.20851441405707885,-0.20851441405707885,-0.20851441405707885,-0.20851441405707885,-0.20851441405707885,-0.20851441405707885,-0.20851441405707885,-0.20851441405707885,-0.20851441405707885,-0.20851441405707885,-0.20851441405707885,-0.20851441405707885,-0.20851441405707885,-0.20851441405707885,-0.20851441405707885,-0.20851441405707885,-0.20851441405707885,-0.20851441405707885,-0.20851441405707885,-0.20851441405707885,4.795831523312716,-0.20851441405707885,-0.20851441405707885,-0.20851441405707885,-0.20851441405707885,-0.20851441405707885,-0.20851441405707885,-0.20851441405707885,-0.20851441405707885,-0.20851441405707885,-0.20851441405707885,-0.20851441405707885,-0.20851441405707885,-0.20851441405707885,-0.20851441405707885,-0.20851441405707885,-0.20851441405707885,-0.20851441405707885,-0.20851441405707885,-0.20851441405707885,-0.20851441405707885,-0.20851441405707885,-0.20851441405707885,-0.20851441405707885,4.795831523312716,-0.20851441405707885,-0.20851441405707885,-0.20851441405707885,-0.20851441405707885,-0.20851441405707885,-0.20851441405707885,-0.20851441405707885,-0.20851441405707885,-0.20851441405707885,-0.20851441405707885,-0.20851441405707885,-0.20851441405707885,-0.20851441405707885,-0.20851441405707885,-0.20851441405707885,-0.20851441405707885,-0.20851441405707885,-0.20851441405707885,-0.20851441405707885,-0.20851441405707885,-0.20851441405707885,-0.20851441405707885,-0.20851441405707885,4.795831523312716
2050,-1.1546942068269863,-1.4680561353763906,-1.6860020473727726,-1.7319507581640328,-1.6290835993205361,-1.4266609004293094,-0.8825205370499278,0.18858116720579648,0.7944004306563289,0.9666046080361864,0.9726069171035132,0.8767769482010204,0.7370680302546215,0.5863893750472462,0.43571071983987086,0.3009692300871218,0.21424621287298679,0.4543385755660574,0.9463209429121167,1.2994222970107188,1.0835461467616907,0.6333729667121832,0.040593202269981435,-0.551979585997485,-0.2085144140570766,-0.2085144140570766,-0.2085144140570766,-0.2085144140570766,-0.2085144140570766,-0.2085144140570766,-0.2085144140570766,-0.2085144140570766,-0.2085144140570766,-0.2085144140570766,-0.2085144140570766,-0.2085144140570766,-0.2085144140570766,-0.2085144140570766,-0.2085144140570766,-0.2085144140570766,-0.2085144140570766,-0.2085144140570766,-0.2085144140570766,-0.2085144140570766,-0.2085144140570766,-0.2085144140570766,-0.2085144140570766,4.795831523312717,-0.2085144140570766,-0.2085144140570766,-0.2085144140570766,-0.2085144140570766,-0.2085144140570766,-0.2085144140570766,-0.2085144140570766,-0.2085144140570766,-0.2085144140570766,-0.2085144140570766,-0.2085144140570766,-0.2085144140570766,-0.2085144140570766,-0.2085144140570766,-0.2085144140570766,-0.2085144140570766,-0.2085144140570766,-0.2085144140570766,-0.2085144140570766,-0.2085144140570766,-0.2085144140570766,-0.2085144140570766,-0.2085144140570766,4.795831523312717,-0.2085144140570766,-0.2085144140570766,-0.2085144140570766,-0.2085144140570766,-0.2085144140570766,-0.2085144140570766,-0.2085144140570766,-0.2085144140570766,-0.2085144140570766,-0.2085144140570766,-0.2085144140570766,-0.2085144140570766,-0.2085144140570766,-0.2085144140570766,-0.2085144140570766,-0.2085144140570766,-0.2085144140570766,-0.2085144140570766,-0.2085144140570766,-0.2085144140570766,-0.2085144140570766,-0.2085144140570766,-0.2085144140570766,4.795831523312717
2051,-1.235196442646853,-1.5259845062334654,-1.6804248632890877,-1.735075859203698,-1.62372212350055,-1.4696548107856418,-0.9196009304027554,0.0025646798424091856,0.5636233682763605,0.7706629773726656,0.7952839038597938,0.7589120806401726,0.625921773175609,0.5128893379392478,0.42764870608608435,0.32263672417507555,0.38829252814075066,0.5750012206681394,1.0649949621960615,1.3628708682562412,1.1545256039674368,0.8072213227626438,0.3006271080729458,-0.24401762936958668,0.20851441405707477,0.20851441405707477,0.20851441405707477,0.20851441405707477,0.20851441405707477,0.20851441405707477,0.20851441405707477,0.20851441405707477,0.20851441405707477,0.20851441405707477,0.20851441405707477,0.20851441405707477,0.20851441405707477,0.20851441405707477,0.20851441405707477,0.20851441405707477,0.20851441405707477,0.20851441405707477,0.20851441405707477,0.20851441405707477,0.20851441405707477,0.20851441405707477,0.20851441405707477,-4.79583152331272,0.20851441405707477,0.20851441405707477,0.20851441405707477,0.20851441405707477,0.20851441405707477,0.20851441405707477,0.20851441405707477,0.20851441405707477,0.20851441405707477,0.20851441405707477,0.20851441405707477,0.20851441405707477,0.20851441405707477,0.20851441405707477,0.20851441405707477,0.20851441405707477,0.20851441405707477,0.20851441405707477,0.20851441405707477,0.20851441405707477,0.20851441405707477,0.20851441405707477,0.20851441405707477,-4.79583152331272,0.20851441405707477,0.20851441405707477,0.20851441405707477,0.20851441405707477,0.20851441405707477,0.20851441405707477,0.20851441405707477,0.20851441405707477,0.20851441405707477,0.20851441405707477,0.20851441405707477,0.20851441405707477,0.20851441405707477,0.20851441405707477,0.20851441405707477,0.20851441405707477,0.20851441405707477,0.20851441405707477,0.20851441405707477,0.20851441405707477,0.20851441405707477,0.20851441405707477,0.20851441405707477,-4.79583152331272
2052,-1.1678590755344156,-1.423283178585336,-1.6192276813152084,-1.7244608203447542,-1.720681180190574,-1.5171773971523408,-0.7636365074662927,0.30003380329170587,0.8976148045105254,1.141898915528072,1.1416999870989046,0.962266543989925,0.7412570591849621,0.460966902488119,0.3256955706542983,0.09891716140348136,0.08320181549925808,0.26144168803323353,0.8234145004310914,1.209335653015815,1.0076222258400884,0.6513414092013049,0.224838857066435,-0.3952210566482988,0.2085144140570744,0.2085144140570744,0.2085144140570744,0.2085144140570744,0.2085144140570744,0.2085144140570744,0.2085144140570744,0.2085144140570744,0.2085144140570744,0.2085144140570744,0.2085144140570744,0.2085144140570744,0.2085144140570744,0.2085144140570744,0.2085144140570744,0.2085144140570744,0.2085144140570744,0.2085144140570744,0.2085144140570744,0.2085144140570744,0.2085144140570744,0.2085144140570744,0.2085144140570744,-4.79583152331272,0.2085144140570744,0.2085144140570744,0.2085144140570744,0.2085144140570744,0.2085144140570744,0.2085144140570744,0.2085144140570744,0.2085144140570744,0.2085144140570744,0.2085144140570744,0.2085144140570744,0.2085144140570744,0.2085144140570744,0.2085144140570744,0.2085144140570744,0.2085144140570744,0.2085144140570744,0.2085144140570744,0.2085144140570744,0.2085144140570744,0.2085144140570744,0.2085144140570744,0.2085144140570744,-4.79583152331272,0.2085144140570744,0.2085144140570744,0.2085144140570744,0.2085144140570744,0.2085144140570744,0.2085144140570744,0.2085144140570744,0.2085144140570744,0.2085144140570744,0.2085144140570744,0.2085144140570744,0.2085144140570744,0.2085144140570744,0.2085144140570744,0.2085144140570744,0.2085144140570744,0.2085144140570744,0.2085144140570744,0.2085144140570744,0.2085144140570744,0.2085144140570744,0.2085144140570744,0.2085144140570744,-4.79583152331272
2053,-0.9049169791874997,-1.2028889999698278,-1.3711234572782631,-1.5214735308367928,-1.6172610777006948,-1.3474796957105912,-1.0728483113476317,-0.30745731188132613,0.2730273471198521,1.0153808353150926,1.3857997665419541,1.2566684533646684,0.870790139574329,0.2966711086875241,0.08296787913356554,-0.2801760485340123,-0.3965761054825514,-0.036463429298008464,0.7043744331557146,1.556156099888514,1.363368505567496,1.049330851925083,0.4685430677756014,-0.26441354082223095,-0.20851441405707485,-0.20851441405707485,-0.20851441405707485,-0.20851441405707485,-0.20851441405707485,-0.20851441405707485,-0.20851441405707485,-0.20851441405707485,-0.20851441405707485,-0.20851441405707485,-0.20851441405707485,-0.20851441405707485,-0.20851441405707485,-0.20851441405707485,-0.20851441405707485,-0.20851441405707485,-0.20851441405707485,-0.20851441405707485,-0.20851441405707485,-0.20851441405707485,-0.20851441405707485,-0.20851441405707485,-0.20851441405707485,4.795831523312719,-0.20851441405707485,-0.20851441405707485,-0.20851441405707485,-0.20851441405707485,-0.20851441405707485,-0.20851441405707485,-0.20851441405707485,-0.20851441405707485,-0.20851441405707485,-0.20851441405707485,-0.20851441405707485,-0.20851441405707485,-0.20851441405707485,-0.20851441405707485,-0.20851441405707485,-0.20851441405707485,-0.20851441405707485,-0.20851441405707485,-0.20851441405707485,-0.20851441405707485,-0.20851441405707485,-0.20851441405707485,-0.20851441405707485,4.795831523312719,-0.20851441405707485,-0.20851441405707485,-0.20851441405707485,-0.20851441405707485,-0.20851441405707485,-0.20851441405707485,-0.20851441405707485,-0.20851441405707485,-0.20851441405707485,-0.20851441405707485,-0.20851441405707485,-0.20851441405707485,-0.20851441405707485,-0.20851441405707485,-0.20851441405707485,-0.20851441405707485,-0.20851441405707485,-0.20851441405707485,-0.20851441405707485,-0.20851441405707485,-0.20851441405707485,-0.20851441405707485,-0.20851441405707485,4.795831523312719
2054,-1.1582522627133507,-1.299152933782443,-1.36205916419385,-1.3975744898504747,-1.4885680039511076,-1.4045382791949108,-1.091167758695282,-0.6102020413062219,-0.1510561971963952,0.35265789871782316,0.5847842101990297,0.5833914523301426,0.44782968642511783,0.20990021715688106,0.010039462971562186,0.043465651824855935,0.11681756625291723,0.4522400863432608,1.2544686188223109,1.7865021247372364,1.6732244847344075,1.3398911014473949,0.821088795286898,0.28626977363419803,-0.20851441405707474,-0.20851441405707474,-0.20851441405707474,-0.20851441405707474,-0.20851441405707474,-0.20851441405707474,-0.20851441405707474,-0.20851441405707474,-0.20851441405707474,-0.20851441405707474,-0.20851441405707474,-0.20851441405707474,-0.20851441405707474,-0.20851441405707474,-0.20851441405707474,-0.20851441405707474,-0.20851441405707474,-0.20851441405707474,-0.20851441405707474,-0.20851441405707474,-0.20851441405707474,-0.20851441405707474,-0.20851441405707474,4.795831523312719,-0.20851441405707474,-0.20851441405707474,-0.20851441405707474,-0.20851441405707474,-0.20851441405707474,-0.20851441405707474,-0.20851441405707474,-0.20851441405707474,-0.20851441405707474,-0.20851441405707474,-0.20851441405707474,-0.20851441405707474,-0.20851441405707474,-0.20851441405707474,-0.20851441405707474,-0.20851441405707474,-0.20851441405707474,-0.20851441405707474,-0.20851441405707474,-0.20851441405707474,-0.20851441405707474,-0.20851441405707474,-0.20851441405707474,4.795831523312719,-0.20851441405707474,-0.20851441405707474,-0.20851441405707474,-0.20851441405707474,-0.20851441405707474,-0.20851441405707474,-0.20851441405707474,-0.20851441405707474,-0.20851441405707474,-0.20851441405707474,-0.20851441405707474,-0.20851441405707474,-0.20851441405707474,-0.20851441405707474,-0.20851441405707474,-0.20851441405707474,-0.20851441405707474,-0.20851441405707474,-0.20851441405707474,-0.20851441405707474,-0.20851441405707474,-0.20851441405707474,-0.20851441405707474,4.795831523312719
2055,-1.5287357861395352,-1.562525480206892,-1.6084509094674544,-1.6179691331483999,-1.433791504922103,-1.276264903002454,-0.7698954031761495,0.046292277464933314,0.6571242821896154,0.9869307327343795,1.1239931537399956,1.0863961702002607,0.9581381060995191,0.7620626982720403,0.5252968842085192,0.38466512932254837,0.3066156951387947,0.3720534829452955,0.8560551571213778,1.2629592194818011,0.8841339169801673,0.40441544346051045,-0.16120499877968014,-0.6582942305170626,-0.20851441405707416,-0.20851441405707416,-0.20851441405707416,-0.20851441405707416,-0.20851441405707416,-0.20851441405707416,-0.20851441405707416,-0.20851441405707416,-0.20851441405707416,-0.20851441405707416,-0.20851441405707416,-0.20851441405707416,-0.20851441405707416,-0.20851441405707416,-0.20851441405707416,-0.20851441405707416,-0.20851441405707416,-0.20851441405707416,-0.20851441405707416,-0.20851441405707416,-0.20851441405707416,-0.20851441405707416,-0.20851441405707416,4.795831523312721,-0.20851441405707416,-0.20851441405707416,-0.20851441405707416,-0.20851441405707416,-0.20851441405707416,-0.20851441405707416,-0.20851441405707416,-0.20851441405707416,-0.20851441405707416,-0.20851441405707416,-0.20851441405707416,-0.20851441405707416,-0.20851441405707416,-0.20851441405707416,-0.20851441405707416,-0.20851441405707416,-0.20851441405707416,-0.20851441405707416,-0.20851441405707416,-0.20851441405707416,-0.20851441405707416,-0.20851441405707416,-0.20851441405707416,4.795831523312721,-0.20851441405707416,-0.20851441405707416,-0.20851441405707416,-0.20851441405707416,-0.20851441405707416,-0.20851441405707416,-0.20851441405707416,-0.20851441405707416,-0.20851441405707416,-0.20851441405707416,-0.20851441405707416,-0.20851441405707416,-0.20851441405707416,-0.20851441405707416,-0.20851441405707416,-0.20851441405707416,-0.20851441405707416,-0.20851441405707416,-0.20851441405707416,-0.20851441405707416,-0.20851441405707416,-0.20851441405707416,-0.20851441405707416,4.795831523312721
2056,-0.1353430423689511,-0.4846452780670713,-0.8075588756806417,-0.8183226622677607,-0.7165875180733777,-0.5790888248959866,0.09659919763735536,1.3247125253354182,1.7139449370825284,1.7754026863057562,1.375406487971527,0.7952036690335957,0.2979861724931304,-0.26103629219272795,-0.8134615973574488,-1.3401927022819502,-1.5978291425284763,-1.3169290344968865,-0.024232987276109674,1.3389485011441884,0.9767991653259585,0.4590957523777505,-0.10721830967357561,-1.151652827546285,-0.20851441405707358,-0.20851441405707358,-0.20851441405707358,-0.20851441405707358,-0.20851441405707358,-0.20851441405707358,-0.20851441405707358,-0.20851441405707358,-0.20851441405707358,-0.20851441405707358,-0.20851441405707358,-0.20851441405707358,-0.20851441405707358,-0.20851441405707358,-0.20851441405707358,-0.20851441405707358,-0.20851441405707358,-0.20851441405707358,-0.20851441405707358,-0.20851441405707358,-0.20851441405707358,-0.20851441405707358,-0.20851441405707358,4.79583152331272,-0.20851441405707358,-0.20851441405707358,-0.20851441405707358,-0.20851441405707358,-0.20851441405707358,-0.20851441405707358,-0.20851441405707358,-0.20851441405707358,-0.20851441405707358,-0.20851441405707358,-0.20851441405707358,-0.20851441405707358,-0.20851441405707358,-0.20851441405707358,-0.20851441405707358,-0.20851441405707358,-0.20851441405707358,-0.20851441405707358,-0.20851441405707358,-0.20851441405707358,-0.20851441405707358,-0.20851441405707358,-0.20851441405707358,4.79583152331272,-0.20851441405707358,-0.20851441405707358,-0.20851441405707358,-0.20851441405707358,-0.20851441405707358,-0.20851441405707358,-0.20851441405707358,-0.20851441405707358,-0.20851441405707358,-0.20851441405707358,-0.20851441405707358,-0.20851441405707358,-0.20851441405707358,-0.20851441405707358,-0.20851441405707358,-0.20851441405707358,-0.20851441405707358,-0.20851441405707358,-0.20851441405707358,-0.20851441405707358,-0.20851441405707358,-0.20851441405707358,-0.20851441405707358,4.79583152331272
2057,-0.8138664780471183,-0.8831559896173726,-0.9713426407067872,-1.0918461390898382,-1.2126235090601236,-0.9242367277025036,0.007474412068268225,1.1604737943242793,1.7468328625927163,1.8235169070182942,1.534582382486206,1.1599260511498108,0.6869498199963355,0.2490291520088387,-0.1368559144041588,-0.3729332226000452,-0.37923226910643193,-0.09988325012754089,0.36515070499614244,0.8162172091708813,0.44539508005576506,-0.1401423734509693,-1.0365240784685286,-1.9329057834860877,0.20851441405707735,0.20851441405707735,0.20851441405707735,0.20851441405707735,0.20851441405707735,0.20851441405707735,0.20851441405707735,0.20851441405707735,0.20851441405707735,0.20851441405707735,0.20851441405707735,0.20851441405707735,0.20851441405707735,0.20851441405707735,0.20851441405707735,0.20851441405707735,0.20851441405707735,0.20851441405707735,0.20851441405707735,0.20851441405707735,0.20851441405707735,0.20851441405707735,0.20851441405707735,-4.7958315233127164,0.20851441405707735,0.20851441405707735,0.20851441405707735,0.20851441405707735,0.20851441405707735,0.20851441405707735,0.20851441405707735,0.20851441405707735,0.20851441405707735,0.20851441405707735,0.20851441405707735,0.20851441405707735,0.20851441405707735,0.20851441405707735,0.20851441405707735,0.20851441405707735,0.20851441405707735,0.20851441405707735,0.20851441405707735,0.20851441405707735,0.20851441405707735,0.20851441405707735,0.20851441405707735,-4.7958315233127164,0.20851441405707735,0.20851441405707735,0.20851441405707735,0.20851441405707735,0.20851441405707735,0.20851441405707735,0.20851441405707735,0.20851441405707735,0.20851441405707735,0.20851441405707735,0.20851441405707735,0.20851441405707735,0.20851441405707735,0.20851441405707735,0.20851441405707735,0.20851441405707735,0.20851441405707735,0.20851441405707735,0.20851441405707735,0.20851441405707735,0.20851441405707735,0.20851441405707735,0.20851441405707735,-4.7958315233127164
2058,-1.0264956504580989,-1.2899981421736313,-1.491328861245439,-1.5728135675189168,-1.452438433251279,-1.1857612127198967,-0.5100730964131996,0.6423534637402742,1.2474038638943135,1.4365647891720301,1.2458164994863885,0.9426298975727335,0.4293820723436841,-0.010846990120820117,-0.3783218505554333,-0.5449951133875472,-0.5603396359974879,-0.16746694503607643,0.5838855413817072,1.4429142468037297,1.3571965687757852,0.9479211122658165,0.27514316404031514,-0.3603317205989512,-0.20851441405706364,-0.20851441405706364,-0.20851441405706364,-0.20851441405706364,-0.20851441405706364,-0.20851441405706364,-0.20851441405706364,-0.20851441405706364,-0.20851441405706364,-0.20851441405706364,-0.20851441405706364,-0.20851441405706364,-0.20851441405706364,-0.20851441405706364,-0.20851441405706364,-0.20851441405706364,-0.20851441405706364,-0.20851441405706364,-0.20851441405706364,-0.20851441405706364,-0.20851441405706364,-0.20851441405706364,-0.20851441405706364,4.795831523312731,-0.20851441405706364,-0.20851441405706364,-0.20851441405706364,-0.20851441405706364,-0.20851441405706364,-0.20851441405706364,-0.20851441405706364,-0.20851441405706364,-0.20851441405706364,-0.20851441405706364,-0.20851441405706364,-0.20851441405706364,-0.20851441405706364,-0.20851441405706364,-0.20851441405706364,-0.20851441405706364,-0.20851441405706364,-0.20851441405706364,-0.20851441405706364,-0.20851441405706364,-0.20851441405706364,-0.20851441405706364,-0.20851441405706364,4.795831523312731,-0.20851441405706364,-0.20851441405706364,-0.20851441405706364,-0.20851441405706364,-0.20851441405706364,-0.20851441405706364,-0.20851441405706364,-0.20851441405706364,-0.20851441405706364,-0.20851441405706364,-0.20851441405706364,-0.20851441405706364,-0.20851441405706364,-0.20851441405706364,-0.20851441405706364,-0.20851441405706364,-0.20851441405706364,-0.20851441405706364,-0.20851441405706364,-0.20851441405706364,-0.20851441405706364,-0.20851441405706364,-0.20851441405706364,4.795831523312731
2059,-0.36805882585969724,-0.6011178525780322,-0.6503970648230342,-0.5990833896871836,-0.5136359482715379,-0.19738999446072256,0.672455917093257,1.7767171639594708,2.258206714793664,1.9846844816906717,1.357391757012321,0.7031989118883042,0.17988984607555394,-0.2821592815794186,-0.7518941579331528,-1.239713148872209,-1.4942470616606136,-1.3699187738865262,-0.6730022080546865,0.2341421898315194,0.30896521392828846,0.14620818266039204,-0.2197690862600583,-0.6614735850065437,-0.20851441405707435,-0.20851441405707435,-0.20851441405707435,-0.20851441405707435,-0.20851441405707435,-0.20851441405707435,-0.20851441405707435,-0.20851441405707435,-0.20851441405707435,-0.20851441405707435,-0.20851441405707435,-0.20851441405707435,-0.20851441405707435,-0.20851441405707435,-0.20851441405707435,-0.20851441405707435,-0.20851441405707435,-0.20851441405707435,-0.20851441405707435,-0.20851441405707435,-0.20851441405707435,-0.20851441405707435,-0.20851441405707435,4.79583152331272,-0.20851441405707435,-0.20851441405707435,-0.20851441405707435,-0.20851441405707435,-0.20851441405707435,-0.20851441405707435,-0.20851441405707435,-0.20851441405707435,-0.20851441405707435,-0.20851441405707435,-0.20851441405707435,-0.20851441405707435,-0.20851441405707435,-0.20851441405707435,-0.20851441405707435,-0.20851441405707435,-0.20851441405707435,-0.20851441405707435,-0.20851441405707435,-0.20851441405707435,-0.20851441405707435,-0.20851441405707435,-0.20851441405707435,4.79583152331272,-0.20851441405707435,-0.20851441405707435,-0.20851441405707435,-0.20851441405707435,-0.20851441405707435,-0.20851441405707435,-0.20851441405707435,-0.20851441405707435,-0.20851441405707435,-0.20851441405707435,-0.20851441405707435,-0.20851441405707435,-0.20851441405707435,-0.20851441405707435,-0.20851441405707435,-0.20851441405707435,-0.20851441405707435,-0.20851441405707435,-0.20851441405707435,-0.20851441405707435,-0.20851441405707435,-0.20851441405707435,-0.20851441405707435,4.79583152331272
2060,0.6080710852015471,0.4375496884864615,0.31371628875682234,0.3193268635018546,0.43073684772463666,0.6068688191847544,0.8747737632600416,1.3813285116686624,1.7077437352278568,1.5714869199913606,1.0388830745522333,0.3656141051483701,-0.23211248286702377,-0.8528825028709428,-1.378072374539849,-1.7591907018631072,-1.8968501607858614,-1.619126710906768,-0.8995704998563893,-0.06840392691376303,0.08127819217691726,-0.010695158107717616,-0.3148684603562486,-0.7056049158138478,-0.20851441405707377,-0.20851441405707377,-0.20851441405707377,-0.20851441405707377,-0.20851441405707377,-0.20851441405707377,-0.20851441405707377,-0.20851441405707377,-0.20851441405707377,-0.20851441405707377,-0.20851441405707377,-0.20851441405707377,-0.20851441405707377,-0.20851441405707377,-0.20851441405707377,-0.20851441405707377,-0.20851441405707377,-0.20851441405707377,-0.20851441405707377,-0.20851441405707377,-0.20851441405707377,-0.20851441405707377,-0.20851441405707377,4.795831523312721,-0.20851441405707377,-0.20851441405707377,-0.20851441405707377,-0.20851441405707377,-0.20851441405707377,-0.20851441405707377,-0.20851441405707377,-0.20851441405707377,-0.20851441405707377,-0.20851441405707377,-0.20851441405707377,-0.20851441405707377,-0.20851441405707377,-0.20851441405707377,-0.20851441405707377,-0.20851441405707377,-0.20851441405707377,-0.20851441405707377,-0.20851441405707377,-0.20851441405707377,-0.20851441405707377,-0.20851441405707377,-0.20851441405707377,4.795831523312721,-0.20851441405707377,-0.20851441405707377,-0.20851441405707377,-0.20851441405707377,-0.20851441405707377,-0.20851441405707377,-0.20851441405707377,-0.20851441405707377,-0.20851441405707377,-0.20851441405707377,-0.20851441405707377,-0.20851441405707377,-0.20851441405707377,-0.20851441405707377,-0.20851441405707377,-0.20851441405707377,-0.20851441405707377,-0.20851441405707377,-0.20851441405707377,-0.20851441405707377,-0.20851441405707377,-0.20851441405707377,-0.20851441405707377,4.795831523312721
2061,0.2661501469783999,-0.22749570443609796,-0.44680190833356975,-0.5771442748009351,-0.5473517338941087,-0.24446090134137408,0.3865616664768231,1.1673745094098973,1.6192280464967637,1.6246072552716073,1.2939928082639092,0.4846287802951265,-0.2010134458522523,-0.7774163553412679,-1.073686623248041,-1.2462350893334104,-1.170098595904854,-0.5485930897652265,0.46311194519575194,1.4590931391225719,1.1106859246288525,0.27732234981845977,-0.8957589483878281,-2.1966999013192456,-0.20851441405707236,-0.20851441405707236,-0.20851441405707236,-0.20851441405707236,-0.20851441405707236,-0.20851441405707236,-0.20851441405707236,-0.20851441405707236,-0.20851441405707236,-0.20851441405707236,-0.20851441405707236,-0.20851441405707236,-0.20851441405707236,-0.20851441405707236,-0.20851441405707236,-0.20851441405707236,-0.20851441405707236,-0.20851441405707236,-0.20851441405707236,-0.20851441405707236,-0.20851441405707236,-0.20851441405707236,-0.20851441405707236,4.795831523312722,-0.20851441405707236,-0.20851441405707236,-0.20851441405707236,-0.20851441405707236,-0.20851441405707236,-0.20851441405707236,-0.20851441405707236,-0.20851441405707236,-0.20851441405707236,-0.20851441405707236,-0.20851441405707236,-0.20851441405707236,-0.20851441405707236,-0.20851441405707236,-0.20851441405707236,-0.20851441405707236,-0.20851441405707236,-0.20851441405707236,-0.20851441405707236,-0.20851441405707236,-0.20851441405707236,-0.20851441405707236,-0.20851441405707236,4.795831523312722,-0.20851441405707236,-0.20851441405707236,-0.20851441405707236,-0.20851441405707236,-0.20851441405707236,-0.20851441405707236,-0.20851441405707236,-0.20851441405707236,-0.20851441405707236,-0.20851441405707236,-0.20851441405707236,-0.20851441405707236,-0.20851441405707236,-0.20851441405707236,-0.20851441405707236,-0.20851441405707236,-0.20851441405707236,-0.20851441405707236,-0.20851441405707236,-0.20851441405707236,-0.20851441405707236,-0.20851441405707236,-0.20851441405707236,4.795831523312722
2062,-1.3236995525621342,-1.5993253077007203,-1.704480651391536,-1.7288062044857684,-1.5520149800292604,-1.0474991780591174,-0.1679484709038793,0.9623278189312818,1.4386872720443213,1.3641782944564755,1.1598053405072946,0.9339799302860347,0.6899582401911363,0.4286979691633173,0.17318389177980517,-0.07715861132383076,-0.21487571899905206,-0.17733392052291383,0.26167527390213097,0.8973958307506142,0.9372361066844752,0.643222531884107,0.17069387453393886,-0.46789977913669784,-0.20851441405707705,-0.20851441405707705,-0.20851441405707705,-0.20851441405707705,-0.20851441405707705,-0.20851441405707705,-0.20851441405707705,-0.20851441405707705,-0.20851441405707705,-0.20851441405707705,-0.20851441405707705,-0.20851441405707705,-0.20851441405707705,-0.20851441405707705,-0.20851441405707705,-0.20851441405707705,-0.20851441405707705,-0.20851441405707705,-0.20851441405707705,-0.20851441405707705,-0.20851441405707705,-0.20851441405707705,-0.20851441405707705,4.795831523312717,-0.20851441405707705,-0.20851441405707705,-0.20851441405707705,-0.20851441405707705,-0.20851441405707705,-0.20851441405707705,-0.20851441405707705,-0.20851441405707705,-0.20851441405707705,-0.20851441405707705,-0.20851441405707705,-0.20851441405707705,-0.20851441405707705,-0.20851441405707705,-0.20851441405707705,-0.20851441405707705,-0.20851441405707705,-0.20851441405707705,-0.20851441405707705,-0.20851441405707705,-0.20851441405707705,-0.20851441405707705,-0.20851441405707705,4.795831523312717,-0.20851441405707705,-0.20851441405707705,-0.20851441405707705,-0.20851441405707705,-0.20851441405707705,-0.20851441405707705,-0.20851441405707705,-0.20851441405707705,-0.20851441405707705,-0.20851441405707705,-0.20851441405707705,-0.20851441405707705,-0.20851441405707705,-0.20851441405707705,-0.20851441405707705,-0.20851441405707705,-0.20851441405707705,-0.20851441405707705,-0.20851441405707705,-0.20851441405707705,-0.20851441405707705,-0.20851441405707705,-0.20851441405707705,4.795831523312717
2063,-0.6925599110318799,-1.0772365497956602,-1.2616327123628583,-1.2759055738849137,-1.1039406132885379,-0.54775942881619,0.5698977113383004,1.9000363222162913,2.2432756210773306,1.8123272860888224,1.1868536610013354,0.643564093387618,0.18199816835986243,-0.14719847642302558,-0.4013474944931713,-0.5938009175970135,-0.7420545114712652,-0.6428351031485905,-0.14052246054980616,0.5715091634456292,0.6090329768020004,0.2853613106728112,-0.3226165486779631,-1.0544460128491526,0.20851441405707383,0.20851441405707383,0.20851441405707383,0.20851441405707383,0.20851441405707383,0.20851441405707383,0.20851441405707383,0.20851441405707383,0.20851441405707383,0.20851441405707383,0.20851441405707383,0.20851441405707383,0.20851441405707383,0.20851441405707383,0.20851441405707383,0.20851441405707383,0.20851441405707383,0.20851441405707383,0.20851441405707383,0.20851441405707383,0.20851441405707383,0.20851441405707383,0.20851441405707383,-4.79583152331272,0.20851441405707383,0.20851441405707383,0.20851441405707383,0.20851441405707383,0.20851441405707383,0.20851441405707383,0.20851441405707383,0.20851441405707383,0.20851441405707383,0.20851441405707383,0.20851441405707383,0.20851441405707383,0.20851441405707383,0.20851441405707383,0.20851441405707383,0.20851441405707383,0.20851441405707383,0.20851441405707383,0.20851441405707383,0.20851441405707383,0.20851441405707383,0.20851441405707383,0.20851441405707383,-4.79583152331272,0.20851441405707383,0.20851441405707383,0.20851441405707383,0.20851441405707383,0.20851441405707383,0.20851441405707383,0.20851441405707383,0.20851441405707383,0.20851441405707383,0.20851441405707383,0.20851441405707383,0.20851441405707383,0.20851441405707383,0.20851441405707383,0.20851441405707383,0.20851441405707383,0.20851441405707383,0.20851441405707383,0.20851441405707383,0.20851441405707383,0.20851441405707383,0.20851441405707383,0.20851441405707383,-4.79583152331272
2064,-1.1587980643646727,-1.5139518180797487,-1.7109205256616067,-1.7494863013717714,-1.610039428747447,-1.1298192611474305,-0.12166194922126103,1.1113534448116311,1.5094306890063818,1.2738962057143592,0.9104627939372141,0.5779691570235909,0.3304509581154153,0.09665956073119665,-0.04039056876989705,-0.20010081507244343,-0.22363247482779816,0.015606066018308166,0.5302521802974549,1.1760655091388568,1.1682216225537385,0.8566450165337639,0.27968358105062224,-0.3778955776684569,-0.2085144140570624,-0.2085144140570624,-0.2085144140570624,-0.2085144140570624,-0.2085144140570624,-0.2085144140570624,-0.2085144140570624,-0.2085144140570624,-0.2085144140570624,-0.2085144140570624,-0.2085144140570624,-0.2085144140570624,-0.2085144140570624,-0.2085144140570624,-0.2085144140570624,-0.2085144140570624,-0.2085144140570624,-0.2085144140570624,-0.2085144140570624,-0.2085144140570624,-0.2085144140570624,-0.2085144140570624,-0.2085144140570624,4.7958315233127315,-0.2085144140570624,-0.2085144140570624,-0.2085144140570624,-0.2085144140570624,-0.2085144140570624,-0.2085144140570624,-0.2085144140570624,-0.2085144140570624,-0.2085144140570624,-0.2085144140570624,-0.2085144140570624,-0.2085144140570624,-0.2085144140570624,-0.2085144140570624,-0.2085144140570624,-0.2085144140570624,-0.2085144140570624,-0.2085144140570624,-0.2085144140570624,-0.2085144140570624,-0.2085144140570624,-0.2085144140570624,-0.2085144140570624,4.7958315233127315,-0.2085144140570624,-0.2085144140570624,-0.2085144140570624,-0.2085144140570624,-0.2085144140570624,-0.2085144140570624,-0.2085144140570624,-0.2085144140570624,-0.2085144140570624,-0.2085144140570624,-0.2085144140570624,-0.2085144140570624,-0.2085144140570624,-0.2085144140570624,-0.2085144140570624,-0.2085144140570624,-0.2085144140570624,-0.2085144140570624,-0.2085144140570624,-0.2085144140570624,-0.2085144140570624,-0.2085144140570624,-0.2085144140570624,4.7958315233127315
2065,-1.248539458755494,-1.4972868778176052,-1.6096171602718978,-1.679851725654141,-1.5191226241063154,-1.2014913043808504,-0.20560118498647986,1.1013920413253908,1.5698475879934932,1.2751775684891462,0.9113985375349638,0.6608502321810003,0.4199816906457434,0.1424200909139941,-0.07323604253532935,-0.2571515550907545,-0.3372909950781857,-0.11105465466422951,0.4422676585074167,1.2002156765907905,1.1792803734480064,0.8852856863031041,0.30472496796719056,-0.35259852855893103,-0.20851441405707408,-0.20851441405707408,-0.20851441405707408,-0.20851441405707408,-0.20851441405707408,-0.20851441405707408,-0.20851441405707408,-0.20851441405707408,-0.20851441405707408,-0.20851441405707408,-0.20851441405707408,-0.20851441405707408,-0.20851441405707408,-0.20851441405707408,-0.20851441405707408,-0.20851441405707408,-0.20851441405707408,-0.20851441405707408,-0.20851441405707408,-0.20851441405707408,-0.20851441405707408,-0.20851441405707408,-0.20851441405707408,4.79583152331272,-0.20851441405707408,-0.20851441405707408,-0.20851441405707408,-0.20851441405707408,-0.20851441405707408,-0.20851441405707408,-0.20851441405707408,-0.20851441405707408,-0.20851441405707408,-0.20851441405707408,-0.20851441405707408,-0.20851441405707408,-0.20851441405707408,-0.20851441405707408,-0.20851441405707408,-0.20851441405707408,-0.20851441405707408,-0.20851441405707408,-0.20851441405707408,-0.20851441405707408,-0.20851441405707408,-0.20851441405707408,-0.20851441405707408,4.79583152331272,-0.20851441405707408,-0.20851441405707408,-0.20851441405707408,-0.20851441405707408,-0.20851441405707408,-0.20851441405707408,-0.20851441405707408,-0.20851441405707408,-0.20851441405707408,-0.20851441405707408,-0.20851441405707408,-0.20851441405707408,-0.20851441405707408,-0.20851441405707408,-0.20851441405707408,-0.20851441405707408,-0.20851441405707408,-0.20851441405707408,-0.20851441405707408,-0.20851441405707408,-0.20851441405707408,-0.20851441405707408,-0.20851441405707408,4.79583152331272
2066,-1.1602643819861,-1.4925093802030434,-1.5758156481925425,-1.5050053204014684,-1.5638097448646442,-1.3261418626593087,-0.3688548360858591,0.8758388150513621,1.3582801140846668,1.4210048335120544,1.2357708964530505,1.0441664800772028,0.7584749845602736,0.5600100519970553,0.37257094902068244,0.19174734379641686,0.1302477165453455,0.2184543532401092,0.5266875448012557,0.9522845668534906,0.6381709328460266,0.19983295216010352,-0.41638841252692627,-1.074752948079232,-0.20851441405706303,-0.20851441405706303,-0.20851441405706303,-0.20851441405706303,-0.20851441405706303,-0.20851441405706303,-0.20851441405706303,-0.20851441405706303,-0.20851441405706303,-0.20851441405706303,-0.20851441405706303,-0.20851441405706303,-0.20851441405706303,-0.20851441405706303,-0.20851441405706303,-0.20851441405706303,-0.20851441405706303,-0.20851441405706303,-0.20851441405706303,-0.20851441405706303,-0.20851441405706303,-0.20851441405706303,-0.20851441405706303,4.795831523312731,-0.20851441405706303,-0.20851441405706303,-0.20851441405706303,-0.20851441405706303,-0.20851441405706303,-0.20851441405706303,-0.20851441405706303,-0.20851441405706303,-0.20851441405706303,-0.20851441405706303,-0.20851441405706303,-0.20851441405706303,-0.20851441405706303,-0.20851441405706303,-0.20851441405706303,-0.20851441405706303,-0.20851441405706303,-0.20851441405706303,-0.20851441405706303,-0.20851441405706303,-0.20851441405706303,-0.20851441405706303,-0.20851441405706303,4.795831523312731,-0.20851441405706303,-0.20851441405706303,-0.20851441405706303,-0.20851441405706303,-0.20851441405706303,-0.20851441405706303,-0.20851441405706303,-0.20851441405706303,-0.20851441405706303,-0.20851441405706303,-0.20851441405706303,-0.20851441405706303,-0.20851441405706303,-0.20851441405706303,-0.20851441405706303,-0.20851441405706303,-0.20851441405706303,-0.20851441405706303,-0.20851441405706303,-0.20851441405706303,-0.20851441405706303,-0.20851441405706303,-0.20851441405706303,4.795831523312731
2067,0.018713753321580703,-0.7456349250593637,-1.302345576636036,-1.6040225648552866,-1.854166202219129,-1.6168118636077236,-1.001044744262445,-0.11030770173976966,0.5648920412197752,1.074959367934618,1.1712552644235559,0.9711403545324819,0.5889660153420097,0.21995713074963447,-0.1358862992446438,-0.4537379888272708,-0.32321191038328073,0.08303640292942592,0.7977325096832617,1.7663338122575392,1.527851006109154,0.9560941207060853,0.15412985775914959,-0.7478918601333232,0.20851441405707505,0.20851441405707505,0.20851441405707505,0.20851441405707505,0.20851441405707505,0.20851441405707505,0.20851441405707505,0.20851441405707505,0.20851441405707505,0.20851441405707505,0.20851441405707505,0.20851441405707505,0.20851441405707505,0.20851441405707505,0.20851441405707505,0.20851441405707505,0.20851441405707505,0.20851441405707505,0.20851441405707505,0.20851441405707505,0.20851441405707505,0.20851441405707505,0.20851441405707505,-4.795831523312719,0.20851441405707505,0.20851441405707505,0.20851441405707505,0.20851441405707505,0.20851441405707505,0.20851441405707505,0.20851441405707505,0.20851441405707505,0.20851441405707505,0.20851441405707505,0.20851441405707505,0.20851441405707505,0.20851441405707505,0.20851441405707505,0.20851441405707505,0.20851441405707505,0.20851441405707505,0.20851441405707505,0.20851441405707505,0.20851441405707505,0.20851441405707505,0.20851441405707505,0.20851441405707505,-4.795831523312719,0.20851441405707505,0.20851441405707505,0.20851441405707505,0.20851441405707505,0.20851441405707505,0.20851441405707505,0.20851441405707505,0.20851441405707505,0.20851441405707505,0.20851441405707505,0.20851441405707505,0.20851441405707505,0.20851441405707505,0.20851441405707505,0.20851441405707505,0.20851441405707505,0.20851441405707505,0.20851441405707505,0.20851441405707505,0.20851441405707505,0.20851441405707505,0.20851441405707505,0.20851441405707505,-4.795831523312719
2068,-0.664592682529684,-0.9927103382564776,-1.1285357864410572,-1.3554929157510853,-1.3772947533409055,-1.4004047011861147,-1.4202443733928511,-1.2015719423669549,-0.7520180512648629,-0.2117685157891189,0.22317814412779358,0.41590638842180394,0.49700922425593497,0.4762974785456058,0.39541266108737294,0.3254287624240502,0.426807307216714,0.6890834134222507,1.2241005078764378,1.749524793791104,1.6843372993975416,1.3294033834352692,0.8362458171535369,0.23189887916372165,0.20851441405708068,0.20851441405708068,0.20851441405708068,0.20851441405708068,0.20851441405708068,0.20851441405708068,0.20851441405708068,0.20851441405708068,0.20851441405708068,0.20851441405708068,0.20851441405708068,0.20851441405708068,0.20851441405708068,0.20851441405708068,0.20851441405708068,0.20851441405708068,0.20851441405708068,0.20851441405708068,0.20851441405708068,0.20851441405708068,0.20851441405708068,0.20851441405708068,0.20851441405708068,-4.795831523312714,0.20851441405708068,0.20851441405708068,0.20851441405708068,0.20851441405708068,0.20851441405708068,0.20851441405708068,0.20851441405708068,0.20851441405708068,0.20851441405708068,0.20851441405708068,0.20851441405708068,0.20851441405708068,0.20851441405708068,0.20851441405708068,0.20851441405708068,0.20851441405708068,0.20851441405708068,0.20851441405708068,0.20851441405708068,0.20851441405708068,0.20851441405708068,0.20851441405708068,0.20851441405708068,-4.795831523312714,0.20851441405708068,0.20851441405708068,0.20851441405708068,0.20851441405708068,0.20851441405708068,0.20851441405708068,0.20851441405708068,0.20851441405708068,0.20851441405708068,0.20851441405708068,0.20851441405708068,0.20851441405708068,0.20851441405708068,0.20851441405708068,0.20851441405708068,0.20851441405708068,0.20851441405708068,0.20851441405708068,0.20851441405708068,0.20851441405708068,0.20851441405708068,0.20851441405708068,0.20851441405708068,-4.795831523312714
2069,-1.6127783486950438,-1.6402805125352709,-1.7339228495372716,-1.733247949811131,-1.5596299952614756,-1.256937468087441,-0.5251774400195541,0.4512337387742805,0.9059474292614733,0.9533591350228466,0.9029103804938409,0.7785601059524453,0.627382567296963,0.4832914757659565,0.2847022313491009,0.08172613871233173,-0.010735123768923056,0.10889085268948868,0.5715346149588328,1.1661212736886537,1.1841748413629134,0.9712439777655711,0.5406579524879028,0.06097297213350993,-0.20851441405707455,-0.20851441405707455,-0.20851441405707455,-0.20851441405707455,-0.20851441405707455,-0.20851441405707455,-0.20851441405707455,-0.20851441405707455,-0.20851441405707455,-0.20851441405707455,-0.20851441405707455,-0.20851441405707455,-0.20851441405707455,-0.20851441405707455,-0.20851441405707455,-0.20851441405707455,-0.20851441405707455,-0.20851441405707455,-0.20851441405707455,-0.20851441405707455,-0.20851441405707455,-0.20851441405707455,-0.20851441405707455,4.79583152331272,-0.20851441405707455,-0.20851441405707455,-0.20851441405707455,-0.20851441405707455,-0.20851441405707455,-0.20851441405707455,-0.20851441405707455,-0.20851441405707455,-0.20851441405707455,-0.20851441405707455,-0.20851441405707455,-0.20851441405707455,-0.20851441405707455,-0.20851441405707455,-0.20851441405707455,-0.20851441405707455,-0.20851441405707455,-0.20851441405707455,-0.20851441405707455,-0.20851441405707455,-0.20851441405707455,-0.20851441405707455,-0.20851441405707455,4.79583152331272,-0.20851441405707455,-0.20851441405707455,-0.20851441405707455,-0.20851441405707455,-0.20851441405707455,-0.20851441405707455,-0.20851441405707455,-0.20851441405707455,-0.20851441405707455,-0.20851441405707455,-0.20851441405707455,-0.20851441405707455,-0.20851441405707455,-0.20851441405707455,-0.20851441405707455,-0.20851441405707455,-0.20851441405707455,-0.20851441405707455,-0.20851441405707455,-0.20851441405707455,-0.20851441405707455,-0.20851441405707455,-0.20851441405707455,4.79583152331272
2070,-0.9078491853826579,-1.2030820011877335,-1.4017247704426201,-1.3701902308234069,-1.2959474958143928,-1.0513685861693136,0.11665089704942036,1.4793402941379434,1.8565132522606596,1.5938081899210719,1.2042200587199252,0.8983101940673996,0.5216338428678207,0.1382532982058893,-0.18106495337134113,-0.588282630343859,-0.9026348126897171,-0.774013619597178,-0.20788172722075082,0.8553536952160304,1.0150128210046456,0.6879971621187884,0.05531994204197409,-0.5383736345685687,0.2085144140570773,0.2085144140570773,0.2085144140570773,0.2085144140570773,0.2085144140570773,0.2085144140570773,0.2085144140570773,0.2085144140570773,0.2085144140570773,0.2085144140570773,0.2085144140570773,0.2085144140570773,0.2085144140570773,0.2085144140570773,0.2085144140570773,0.2085144140570773,0.2085144140570773,0.2085144140570773,0.2085144140570773,0.2085144140570773,0.2085144140570773,0.2085144140570773,0.2085144140570773,-4.7958315233127164,0.2085144140570773,0.2085144140570773,0.2085144140570773,0.2085144140570773,0.2085144140570773,0.2085144140570773,0.2085144140570773,0.2085144140570773,0.2085144140570773,0.2085144140570773,0.2085144140570773,0.2085144140570773,0.2085144140570773,0.2085144140570773,0.2085144140570773,0.2085144140570773,0.2085144140570773,0.2085144140570773,0.2085144140570773,0.2085144140570773,0.2085144140570773,0.2085144140570773,0.2085144140570773,-4.7958315233127164,0.2085144140570773,0.2085144140570773,0.2085144140570773,0.2085144140570773,0.2085144140570773,0.2085144140570773,0.2085144140570773,0.2085144140570773,0.2085144140570773,0.2085144140570773,0.2085144140570773,0.2085144140570773,0.2085144140570773,0.2085144140570773,0.2085144140570773,0.2085144140570773,0.2085144140570773,0.2085144140570773,0.2085144140570773,0.2085144140570773,0.2085144140570773,0.2085144140570773,0.2085144140570773,-4.7958315233127164
2071,-0.07301965645260435,-0.3903416885742135,-0.5604243114249977,-0.773710403437879,-0.8047473784106498,-0.3156046528397813,0.8732356365172332,2.1318470456130365,2.4248360893559933,1.7512095845469748,1.06194044435168,0.49334306285051804,0.044920848443924875,-0.34962117740993814,-0.7022012131006149,-1.0604920521862815,-1.2149320396507892,-1.1051852961470716,-0.5703561434162844,0.23784668487466845,0.39998384213242333,0.11667833458097107,-0.44844290572324047,-1.166762654493049,0.20851441405705992,0.20851441405705992,0.20851441405705992,0.20851441405705992,0.20851441405705992,0.20851441405705992,0.20851441405705992,0.20851441405705992,0.20851441405705992,0.20851441405705992,0.20851441405705992,0.20851441405705992,0.20851441405705992,0.20851441405705992,0.20851441405705992,0.20851441405705992,0.20851441405705992,0.20851441405705992,0.20851441405705992,0.20851441405705992,0.20851441405705992,0.20851441405705992,0.20851441405705992,-4.795831523312733,0.20851441405705992,0.20851441405705992,0.20851441405705992,0.20851441405705992,0.20851441405705992,0.20851441405705992,0.20851441405705992,0.20851441405705992,0.20851441405705992,0.20851441405705992,0.20851441405705992,0.20851441405705992,0.20851441405705992,0.20851441405705992,0.20851441405705992,0.20851441405705992,0.20851441405705992,0.20851441405705992,0.20851441405705992,0.20851441405705992,0.20851441405705992,0.20851441405705992,0.20851441405705992,-4.795831523312733,0.20851441405705992,0.20851441405705992,0.20851441405705992,0.20851441405705992,0.20851441405705992,0.20851441405705992,0.20851441405705992,0.20851441405705992,0.20851441405705992,0.20851441405705992,0.20851441405705992,0.20851441405705992,0.20851441405705992,0.20851441405705992,0.20851441405705992,0.20851441405705992,0.20851441405705992,0.20851441405705992,0.20851441405705992,0.20851441405705992,0.20851441405705992,0.20851441405705992,0.20851441405705992,-4.795831523312733
2072,-1.0592414163176742,-1.22112684542058,-1.296287937504072,-1.2515915484248357,-1.16175403007652,-0.5878168150839379,0.5562773232875592,1.8531397168701775,2.2120450500735975,1.8235644942456082,1.2838722738709487,0.8031081286505061,0.43931065335881136,0.15578878233380483,-0.02010596274916004,-0.29050799817379375,-0.39813512411583546,-0.3014041328249509,0.07951583977570502,0.06795259483978318,0.14911767948615762,-0.1230633166978487,-0.6082748638167227,-1.1043825455867537,-0.20851441405708743,-0.20851441405708743,-0.20851441405708743,-0.20851441405708743,-0.20851441405708743,-0.20851441405708743,-0.20851441405708743,-0.20851441405708743,-0.20851441405708743,-0.20851441405708743,-0.20851441405708743,-0.20851441405708743,-0.20851441405708743,-0.20851441405708743,-0.20851441405708743,-0.20851441405708743,-0.20851441405708743,-0.20851441405708743,-0.20851441405708743,-0.20851441405708743,-0.20851441405708743,-0.20851441405708743,-0.20851441405708743,4.795831523312706,-0.20851441405708743,-0.20851441405708743,-0.20851441405708743,-0.20851441405708743,-0.20851441405708743,-0.20851441405708743,-0.20851441405708743,-0.20851441405708743,-0.20851441405708743,-0.20851441405708743,-0.20851441405708743,-0.20851441405708743,-0.20851441405708743,-0.20851441405708743,-0.20851441405708743,-0.20851441405708743,-0.20851441405708743,-0.20851441405708743,-0.20851441405708743,-0.20851441405708743,-0.20851441405708743,-0.20851441405708743,-0.20851441405708743,4.795831523312706,-0.20851441405708743,-0.20851441405708743,-0.20851441405708743,-0.20851441405708743,-0.20851441405708743,-0.20851441405708743,-0.20851441405708743,-0.20851441405708743,-0.20851441405708743,-0.20851441405708743,-0.20851441405708743,-0.20851441405708743,-0.20851441405708743,-0.20851441405708743,-0.20851441405708743,-0.20851441405708743,-0.20851441405708743,-0.20851441405708743,-0.20851441405708743,-0.20851441405708743,-0.20851441405708743,-0.20851441405708743,-0.20851441405708743,4.795831523312706
2073,-0.7839735552240388,-1.0915921688102204,-1.3121081640408763,-1.2461213319533568,-1.0565591597746646,-0.8533197169451047,0.25333944519176715,1.5171672437552763,1.9442820114490387,1.8103887303405446,1.4612584005683962,1.1625180152994443,0.7838735751754237,0.39179181651721706,0.18687270887088392,0.08129377753085279,-0.28631286522580107,-0.2505599998401996,0.23126385045703338,-0.08475308721301436,-0.0969906451637907,-0.4036494502832448,-0.8653173227791991,-1.4927921079023387,-0.20851441405707705,-0.20851441405707705,-0.20851441405707705,-0.20851441405707705,-0.20851441405707705,-0.20851441405707705,-0.20851441405707705,-0.20851441405707705,-0.20851441405707705,-0.20851441405707705,-0.20851441405707705,-0.20851441405707705,-0.20851441405707705,-0.20851441405707705,-0.20851441405707705,-0.20851441405707705,-0.20851441405707705,-0.20851441405707705,-0.20851441405707705,-0.20851441405707705,-0.20851441405707705,-0.20851441405707705,-0.20851441405707705,4.795831523312717,-0.20851441405707705,-0.20851441405707705,-0.20851441405707705,-0.20851441405707705,-0.20851441405707705,-0.20851441405707705,-0.20851441405707705,-0.20851441405707705,-0.20851441405707705,-0.20851441405707705,-0.20851441405707705,-0.20851441405707705,-0.20851441405707705,-0.20851441405707705,-0.20851441405707705,-0.20851441405707705,-0.20851441405707705,-0.20851441405707705,-0.20851441405707705,-0.20851441405707705,-0.20851441405707705,-0.20851441405707705,-0.20851441405707705,4.795831523312717,-0.20851441405707705,-0.20851441405707705,-0.20851441405707705,-0.20851441405707705,-0.20851441405707705,-0.20851441405707705,-0.20851441405707705,-0.20851441405707705,-0.20851441405707705,-0.20851441405707705,-0.20851441405707705,-0.20851441405707705,-0.20851441405707705,-0.20851441405707705,-0.20851441405707705,-0.20851441405707705,-0.20851441405707705,-0.20851441405707705,-0.20851441405707705,-0.20851441405707705,-0.20851441405707705,-0.20851441405707705,-0.20851441405707705,4.795831523312717
2074,0.2890285483618473,-0.11214840447957664,-0.43580710149307605,-0.5329047105971259,-0.4354075228547878,-0.22722705230659865,0.5787230611208437,1.616029206117195,2.0871324206590662,2.0499716072982572,1.6951457764982727,0.9471345656226295,0.27544287466004613,-0.27118070251830845,-0.7035247891462175,-1.1059004779025063,-1.159843594071423,-1.1654376950074588,-0.39704797357911376,-0.37786819894127677,-0.03423057001336381,-0.2583941860930838,-0.7874363031867544,-1.5342487781475327,-0.20851441405707374,-0.20851441405707374,-0.20851441405707374,-0.20851441405707374,-0.20851441405707374,-0.20851441405707374,-0.20851441405707374,-0.20851441405707374,-0.20851441405707374,-0.20851441405707374,-0.20851441405707374,-0.20851441405707374,-0.20851441405707374,-0.20851441405707374,-0.20851441405707374,-0.20851441405707374,-0.20851441405707374,-0.20851441405707374,-0.20851441405707374,-0.20851441405707374,-0.20851441405707374,-0.20851441405707374,-0.20851441405707374,4.79583152331272,-0.20851441405707374,-0.20851441405707374,-0.20851441405707374,-0.20851441405707374,-0.20851441405707374,-0.20851441405707374,-0.20851441405707374,-0.20851441405707374,-0.20851441405707374,-0.20851441405707374,-0.20851441405707374,-0.20851441405707374,-0.20851441405707374,-0.20851441405707374,-0.20851441405707374,-0.20851441405707374,-0.20851441405707374,-0.20851441405707374,-0.20851441405707374,-0.20851441405707374,-0.20851441405707374,-0.20851441405707374,-0.20851441405707374,4.79583152331272,-0.20851441405707374,-0.20851441405707374,-0.20851441405707374,-0.20851441405707374,-0.20851441405707374,-0.20851441405707374,-0.20851441405707374,-0.20851441405707374,-0.20851441405707374,-0.20851441405707374,-0.20851441405707374,-0.20851441405707374,-0.20851441405707374,-0.20851441405707374,-0.20851441405707374,-0.20851441405707374,-0.20851441405707374,-0.20851441405707374,-0.20851441405707374,-0.20851441405707374,-0.20851441405707374,-0.20851441405707374,-0.20851441405707374,4.79583152331272
2075,-0.12222934877238273,-0.5944520035417833,-0.7722401472107037,-0.7956561466207566,-0.6282751138007486,-0.12526475610331553,0.715976704183771,1.5021472028953626,2.0524231890316065,1.8468827497655862,1.3265272073199657,0.5837196704788424,0.2602319749251483,-0.42100015605990987,-1.0744799914478682,-1.4365607230662791,-1.3290205776275177,-0.8854174776926261,0.22293982771654552,0.4015952306228752,0.8447647009390621,0.3226746400186228,-0.37286726838368994,-1.5224193875698067,-0.20851441405708301,-0.20851441405708301,-0.20851441405708301,-0.20851441405708301,-0.20851441405708301,-0.20851441405708301,-0.20851441405708301,-0.20851441405708301,-0.20851441405708301,-0.20851441405708301,-0.20851441405708301,-0.20851441405708301,-0.20851441405708301,-0.20851441405708301,-0.20851441405708301,-0.20851441405708301,-0.20851441405708301,-0.20851441405708301,-0.20851441405708301,-0.20851441405708301,-0.20851441405708301,-0.20851441405708301,-0.20851441405708301,4.795831523312712,-0.20851441405708301,-0.20851441405708301,-0.20851441405708301,-0.20851441405708301,-0.20851441405708301,-0.20851441405708301,-0.20851441405708301,-0.20851441405708301,-0.20851441405708301,-0.20851441405708301,-0.20851441405708301,-0.20851441405708301,-0.20851441405708301,-0.20851441405708301,-0.20851441405708301,-0.20851441405708301,-0.20851441405708301,-0.20851441405708301,-0.20851441405708301,-0.20851441405708301,-0.20851441405708301,-0.20851441405708301,-0.20851441405708301,4.795831523312712,-0.20851441405708301,-0.20851441405708301,-0.20851441405708301,-0.20851441405708301,-0.20851441405708301,-0.20851441405708301,-0.20851441405708301,-0.20851441405708301,-0.20851441405708301,-0.20851441405708301,-0.20851441405708301,-0.20851441405708301,-0.20851441405708301,-0.20851441405708301,-0.20851441405708301,-0.20851441405708301,-0.20851441405708301,-0.20851441405708301,-0.20851441405708301,-0.20851441405708301,-0.20851441405708301,-0.20851441405708301,-0.20851441405708301,4.795831523312712
2076,-1.3300795191920045,-1.5274274305246456,-1.5396966895010689,-1.4798060694127648,-1.2327572615485103,-0.6386339921308541,0.4406448907104601,1.664659438765176,2.044174652866409,1.5490372694280334,1.0584748639130699,0.7163912873670271,0.4371096804969144,0.20690510953249533,-0.006039317448141632,-0.2139928594214199,-0.3319025177202687,-0.29218339120337256,-0.013317691417206371,0.6542131783170169,0.6565006672787229,0.30817848447348184,-0.2784584574331362,-0.8519943261954377,-0.20851441405707258,-0.20851441405707258,-0.20851441405707258,-0.20851441405707258,-0.20851441405707258,-0.20851441405707258,-0.20851441405707258,-0.20851441405707258,-0.20851441405707258,-0.20851441405707258,-0.20851441405707258,-0.20851441405707258,-0.20851441405707258,-0.20851441405707258,-0.20851441405707258,-0.20851441405707258,-0.20851441405707258,-0.20851441405707258,-0.20851441405707258,-0.20851441405707258,-0.20851441405707258,-0.20851441405707258,-0.20851441405707258,4.795831523312721,-0.20851441405707258,-0.20851441405707258,-0.20851441405707258,-0.20851441405707258,-0.20851441405707258,-0.20851441405707258,-0.20851441405707258,-0.20851441405707258,-0.20851441405707258,-0.20851441405707258,-0.20851441405707258,-0.20851441405707258,-0.20851441405707258,-0.20851441405707258,-0.20851441405707258,-0.20851441405707258,-0.20851441405707258,-0.20851441405707258,-0.20851441405707258,-0.20851441405707258,-0.20851441405707258,-0.20851441405707258,-0.20851441405707258,4.795831523312721,-0.20851441405707258,-0.20851441405707258,-0.20851441405707258,-0.20851441405707258,-0.20851441405707258,-0.20851441405707258,-0.20851441405707258,-0.20851441405707258,-0.20851441405707258,-0.20851441405707258,-0.20851441405707258,-0.20851441405707258,-0.20851441405707258,-0.20851441405707258,-0.20851441405707258,-0.20851441405707258,-0.20851441405707258,-0.20851441405707258,-0.20851441405707258,-0.20851441405707258,-0.20851441405707258,-0.20851441405707258,-0.20851441405707258,4.795831523312721
2077,-1.1511057763966457,-1.3343815105461143,-1.5219606804421866,-1.6148642639129807,-1.564995037908222,-1.2450219329842878,-0.06967768760309564,1.2532490895586768,1.7172607203542238,1.3775424396517557,0.9803606345681696,0.7203824868174731,0.48419980731270196,0.3249726846883707,0.22447480284121732,0.02094760635479079,-0.14460809824983975,-0.04436335968189832,0.2568771425803499,1.0563036183317616,1.033773866481896,0.5373598959472163,-0.2775083198361257,-1.0192181279272075,0.2085144140570858,0.2085144140570858,0.2085144140570858,0.2085144140570858,0.2085144140570858,0.2085144140570858,0.2085144140570858,0.2085144140570858,0.2085144140570858,0.2085144140570858,0.2085144140570858,0.2085144140570858,0.2085144140570858,0.2085144140570858,0.2085144140570858,0.2085144140570858,0.2085144140570858,0.2085144140570858,0.2085144140570858,0.2085144140570858,0.2085144140570858,0.2085144140570858,0.2085144140570858,-4.7958315233127085,0.2085144140570858,0.2085144140570858,0.2085144140570858,0.2085144140570858,0.2085144140570858,0.2085144140570858,0.2085144140570858,0.2085144140570858,0.2085144140570858,0.2085144140570858,0.2085144140570858,0.2085144140570858,0.2085144140570858,0.2085144140570858,0.2085144140570858,0.2085144140570858,0.2085144140570858,0.2085144140570858,0.2085144140570858,0.2085144140570858,0.2085144140570858,0.2085144140570858,0.2085144140570858,-4.7958315233127085,0.2085144140570858,0.2085144140570858,0.2085144140570858,0.2085144140570858,0.2085144140570858,0.2085144140570858,0.2085144140570858,0.2085144140570858,0.2085144140570858,0.2085144140570858,0.2085144140570858,0.2085144140570858,0.2085144140570858,0.2085144140570858,0.2085144140570858,0.2085144140570858,0.2085144140570858,0.2085144140570858,0.2085144140570858,0.2085144140570858,0.2085144140570858,0.2085144140570858,0.2085144140570858,-4.7958315233127085
2078,-1.0885873616717754,-1.4165999463128465,-1.650839747529874,-1.7815067408256728,-1.8053342513678479,-1.5524551878718609,-0.8249474869631932,0.14813729840434336,0.6260326106494191,0.7597741214345307,0.7801427998012287,0.7472838941341969,0.7832173172905417,0.730566205286058,0.7249936423366784,0.6717660583029486,0.5570481244829606,0.6073933483704596,0.7824486879182134,1.1133436327055155,1.0282179297201643,0.6148874847506597,0.002482032348144168,-0.5574644653929699,0.20851441405707855,0.20851441405707855,0.20851441405707855,0.20851441405707855,0.20851441405707855,0.20851441405707855,0.20851441405707855,0.20851441405707855,0.20851441405707855,0.20851441405707855,0.20851441405707855,0.20851441405707855,0.20851441405707855,0.20851441405707855,0.20851441405707855,0.20851441405707855,0.20851441405707855,0.20851441405707855,0.20851441405707855,0.20851441405707855,0.20851441405707855,0.20851441405707855,0.20851441405707855,-4.7958315233127164,0.20851441405707855,0.20851441405707855,0.20851441405707855,0.20851441405707855,0.20851441405707855,0.20851441405707855,0.20851441405707855,0.20851441405707855,0.20851441405707855,0.20851441405707855,0.20851441405707855,0.20851441405707855,0.20851441405707855,0.20851441405707855,0.20851441405707855,0.20851441405707855,0.20851441405707855,0.20851441405707855,0.20851441405707855,0.20851441405707855,0.20851441405707855,0.20851441405707855,0.20851441405707855,-4.7958315233127164,0.20851441405707855,0.20851441405707855,0.20851441405707855,0.20851441405707855,0.20851441405707855,0.20851441405707855,0.20851441405707855,0.20851441405707855,0.20851441405707855,0.20851441405707855,0.20851441405707855,0.20851441405707855,0.20851441405707855,0.20851441405707855,0.20851441405707855,0.20851441405707855,0.20851441405707855,0.20851441405707855,0.20851441405707855,0.20851441405707855,0.20851441405707855,0.20851441405707855,0.20851441405707855,-4.7958315233127164
2079,-1.0443606166609176,-1.4155400665995201,-1.6678900232962555,-1.7846739384071986,-1.750828918422817,-1.612659413761303,-0.9573305652725079,-0.03700636800490075,0.47810739769145644,0.6953106028659493,0.7343625490017742,0.7895931585367266,0.7855020022748782,0.7622567962416491,0.71669619241652,0.5757372630310187,0.47978105252584896,0.5669970655625246,0.694566756272886,1.1345520160698466,1.12413816376696,0.809119131604639,0.2733636229507744,-0.34979386038803173,0.208514414057083,0.208514414057083,0.208514414057083,0.208514414057083,0.208514414057083,0.208514414057083,0.208514414057083,0.208514414057083,0.208514414057083,0.208514414057083,0.208514414057083,0.208514414057083,0.208514414057083,0.208514414057083,0.208514414057083,0.208514414057083,0.208514414057083,0.208514414057083,0.208514414057083,0.208514414057083,0.208514414057083,0.208514414057083,0.208514414057083,-4.795831523312711,0.208514414057083,0.208514414057083,0.208514414057083,0.208514414057083,0.208514414057083,0.208514414057083,0.208514414057083,0.208514414057083,0.208514414057083,0.208514414057083,0.208514414057083,0.208514414057083,0.208514414057083,0.208514414057083,0.208514414057083,0.208514414057083,0.208514414057083,0.208514414057083,0.208514414057083,0.208514414057083,0.208514414057083,0.208514414057083,0.208514414057083,-4.795831523312711,0.208514414057083,0.208514414057083,0.208514414057083,0.208514414057083,0.208514414057083,0.208514414057083,0.208514414057083,0.208514414057083,0.208514414057083,0.208514414057083,0.208514414057083,0.208514414057083,0.208514414057083,0.208514414057083,0.208514414057083,0.208514414057083,0.208514414057083,0.208514414057083,0.208514414057083,0.208514414057083,0.208514414057083,0.208514414057083,0.208514414057083,-4.795831523312711
2080,-1.1335147695881216,-1.4281998804445672,-1.6618399385304525,-1.8238947908494219,-1.831360732555174,-1.5601713794197714,-0.6906087572204236,0.32717476649017646,0.7630540101936373,0.8067517278243621,0.7610777315068207,0.8166331212584457,0.8302474855454051,0.7364840411819906,0.6831245166379397,0.5485179794136468,0.45211949680114333,0.5177758665076092,0.708376966525042,1.0623504379859885,0.9725395509962075,0.6163702143276868,0.07662654630597049,-0.5496342108941658,-0.20851441405712415,-0.20851441405712415,-0.20851441405712415,-0.20851441405712415,-0.20851441405712415,-0.20851441405712415,-0.20851441405712415,-0.20851441405712415,-0.20851441405712415,-0.20851441405712415,-0.20851441405712415,-0.20851441405712415,-0.20851441405712415,-0.20851441405712415,-0.20851441405712415,-0.20851441405712415,-0.20851441405712415,-0.20851441405712415,-0.20851441405712415,-0.20851441405712415,-0.20851441405712415,-0.20851441405712415,-0.20851441405712415,4.79583152331267,-0.20851441405712415,-0.20851441405712415,-0.20851441405712415,-0.20851441405712415,-0.20851441405712415,-0.20851441405712415,-0.20851441405712415,-0.20851441405712415,-0.20851441405712415,-0.20851441405712415,-0.20851441405712415,-0.20851441405712415,-0.20851441405712415,-0.20851441405712415,-0.20851441405712415,-0.20851441405712415,-0.20851441405712415,-0.20851441405712415,-0.20851441405712415,-0.20851441405712415,-0.20851441405712415,-0.20851441405712415,-0.20851441405712415,4.79583152331267,-0.20851441405712415,-0.20851441405712415,-0.20851441405712415,-0.20851441405712415,-0.20851441405712415,-0.20851441405712415,-0.20851441405712415,-0.20851441405712415,-0.20851441405712415,-0.20851441405712415,-0.20851441405712415,-0.20851441405712415,-0.20851441405712415,-0.20851441405712415,-0.20851441405712415,-0.20851441405712415,-0.20851441405712415,-0.20851441405712415,-0.20851441405712415,-0.20851441405712415,-0.20851441405712415,-0.20851441405712415,-0.20851441405712415,4.79583152331267
2081,-0.37706212158189967,-1.1529283985164334,-1.5997812472850452,-1.75545901395282,-1.748251709940423,-1.5183387119449596,-1.0815760887937034,-0.49346008138211067,0.10294432564373844,0.7058353062807449,0.9934067363753839,0.9800732239524494,0.7728632335960367,0.7595297211731022,0.5613288608321856,0.3836688169266004,0.30114518598465506,0.5036704287330099,0.6085367021133857,1.3609792410076293,1.4341333767334585,0.8975495930105042,0.12024185527349117,-0.759049234238939,0.20851441405707474,0.20851441405707474,0.20851441405707474,0.20851441405707474,0.20851441405707474,0.20851441405707474,0.20851441405707474,0.20851441405707474,0.20851441405707474,0.20851441405707474,0.20851441405707474,0.20851441405707474,0.20851441405707474,0.20851441405707474,0.20851441405707474,0.20851441405707474,0.20851441405707474,0.20851441405707474,0.20851441405707474,0.20851441405707474,0.20851441405707474,0.20851441405707474,0.20851441405707474,-4.795831523312719,0.20851441405707474,0.20851441405707474,0.20851441405707474,0.20851441405707474,0.20851441405707474,0.20851441405707474,0.20851441405707474,0.20851441405707474,0.20851441405707474,0.20851441405707474,0.20851441405707474,0.20851441405707474,0.20851441405707474,0.20851441405707474,0.20851441405707474,0.20851441405707474,0.20851441405707474,0.20851441405707474,0.20851441405707474,0.20851441405707474,0.20851441405707474,0.20851441405707474,0.20851441405707474,-4.795831523312719,0.20851441405707474,0.20851441405707474,0.20851441405707474,0.20851441405707474,0.20851441405707474,0.20851441405707474,0.20851441405707474,0.20851441405707474,0.20851441405707474,0.20851441405707474,0.20851441405707474,0.20851441405707474,0.20851441405707474,0.20851441405707474,0.20851441405707474,0.20851441405707474,0.20851441405707474,0.20851441405707474,0.20851441405707474,0.20851441405707474,0.20851441405707474,0.20851441405707474,0.20851441405707474,-4.795831523312719
2082,-0.9218338809752209,-1.2274614319750512,-1.4193455978826603,-1.5099704087691457,-1.5471913132403807,-1.4406146861519376,-1.093836073065897,-0.7981495089745331,-0.4342631509762478,-0.05534971974423415,0.20658372600675515,0.3661018880263338,0.4576514418810485,0.39014520520029927,0.39638722023584805,0.43198982451268153,0.6516162794671739,0.8938989371432876,1.1881983867823074,1.6831670605271158,1.6417848126988484,1.1465849532119825,0.4969530180307998,0.4969530180307998,0.0,0.0,0.0,0.0,0.0,0.0,0.0,0.0,0.0,0.0,0.0,0.0,0.0,0.0,0.0,0.0,0.0,0.0,0.0,0.0,0.0,0.0,0.0,0.0,0.0,0.0,0.0,0.0,0.0,0.0,0.0,0.0,0.0,0.0,0.0,0.0,0.0,0.0,0.0,0.0,0.0,0.0,0.0,0.0,0.0,0.0,0.0,0.0,0.0,0.0,0.0,0.0,0.0,0.0,0.0,0.0,0.0,0.0,0.0,0.0,0.0,0.0,0.0,0.0,0.0,0.0,0.0,0.0,0.0,0.0,0.0,0.0
2083,-1.318818285599955,-1.5836310840066286,-1.7139630447567527,-1.757883914076498,-1.6786260586916806,-1.425401502678816,-0.8498521304529667,-0.08574345606612552,0.43544132221345927,0.6132707703061092,0.7012555736665113,0.8152781562327559,0.8281539811147659,0.8779405039918715,0.8563377311342768,0.7606274328446687,0.7440319252189669,0.760198238681935,0.7637748567047157,0.7466070901953689,0.8581975725061227,0.7008263795037776,0.25360606193529506,-0.3016281199211608,0.0,0.0,0.0,0.0,0.0,0.0,0.0,0.0,0.0,0.0,0.0,0.0,0.0,0.0,0.0,0.0,0.0,0.0,0.0,0.0,0.0,0.0,0.0,0.0,0.0,0.0,0.0,0.0,0.0,0.0,0.0,0.0,0.0,0.0,0.0,0.0,0.0,0.0,0.0,0.0,0.0,0.0,0.0,0.0,0.0,0.0,0.0,0.0,0.0,0.0,0.0,0.0,0.0,0.0,0.0,0.0,0.0,0.0,0.0,0.0,0.0,0.0,0.0,0.0,0.0,0.0,0.0,0.0,0.0,0.0,0.0,0.0
2084,-0.8961428622207813,-1.283648618594859,-1.5991951574604466,-1.7660975813532729,-1.9379404888362342,-1.6838277893958051,-0.8727292660762279,0.22835416362084657,0.8489218632686906,0.9505239823179914,1.0035804800033556,0.9515980004897598,0.8798535866156235,0.8113312272567927,0.7058626427891252,0.552063240591875,0.47731157583678674,0.45153513971434256,0.5026584046905235,0.5479819715391545,0.8566547941054238,0.7630004095272098,0.124389204593655,-0.6160389230235545,0.0,0.0,0.0,0.0,0.0,0.0,0.0,0.0,0.0,0.0,0.0,0.0,0.0,0.0,0.0,0.0,0.0,0.0,0.0,0.0,0.0,0.0,0.0,0.0,0.0,0.0,0.0,0.0,0.0,0.0,0.0,0.0,0.0,0.0,0.0,0.0,0.0,0.0,0.0,0.0,0.0,0.0,0.0,0.0,0.0,0.0,0.0,0.0,0.0,0.0,0.0,0.0,0.0,0.0,0.0,0.0,0.0,0.0,0.0,0.0,0.0,0.0,0.0,0.0,0.0,0.0,0.0,0.0,0.0,0.0,0.0,0.0
2085,-0.9940276668594779,-1.4206313837289293,-1.6922913292663873,-1.727468852154097,-1.7831835415831865,-1.5676449620399937,-0.7990262538576648,0.20160143475747827,0.8258499623023856,0.9643233327447576,1.0413885418455784,1.0230880964126658,0.987910573524956,0.9118620558370748,0.8325601256277869,0.666636087036046,0.4915618257278489,0.4757014396859913,0.46207777475260087,0.47468474827305174,0.6953067848809424,0.5454464706136471,0.05540120957676543,-0.6711264741098646,0.0,0.0,0.0,0.0,0.0,0.0,0.0,0.0,0.0,0.0,0.0,0.0,0.0,0.0,0.0,0.0,0.0,0.0,0.0,0.0,0.0,0.0,0.0,0.0,0.0,0.0,0.0,0.0,0.0,0.0,0.0,0.0,0.0,0.0,0.0,0.0,0.0,0.0,0.0,0.0,0.0,0.0,0.0,0.0,0.0,0.0,0.0,0.0,0.0,0.0,0.0,0.0,0.0,0.0,0.0,0.0,0.0,0.0,0.0,0.0,0.0,0.0,0.0,0.0,0.0,0.0,0.0,0.0,0.0,0.0,0.0,0.0
2086,-1.272692124693449,-1.504858131880867,-1.6404295229392132,-1.7667745276616442,-1.7686574636485657,-1.4643750081620552,-0.9362114638305812,0.13160153435258773,0.8136009488155463,0.977792966875099,1.0205356137782164,0.9926681611717787,0.8680177988375769,0.7503342996549847,0.6403708380187705,0.44115621060247834,0.3042667643532871,0.290144744451376,0.3938945173307493,0.5678778025222937,0.8990862426217813,0.9226229424582998,0.48540520629513306,-0.14537834932356136,0.0,0.0,0.0,0.0,0.0,0.0,0.0,0.0,0.0,0.0,0.0,0.0,0.0,0.0,0.0,0.0,0.0,0.0,0.0,0.0,0.0,0.0,0.0,0.0,0.0,0.0,0.0,0.0,0.0,0.0,0.0,0.0,0.0,0.0,0.0,0.0,0.0,0.0,0.0,0.0,0.0,0.0,0.0,0.0,0.0,0.0,0.0,0.0,0.0,0.0,0.0,0.0,0.0,0.0,0.0,0.0,0.0,0.0,0.0,0.0,0.0,0.0,0.0,0.0,0.0,0.0,0.0,0.0,0.0,0.0,0.0,0.0
2087,-0.7510730626603588,-1.141342904542206,-1.4283189790185304,-1.4725877364780402,-1.325245454187433,-0.9140525677351709,-0.017224804674853784,1.1634956368198317,1.8775220631070488,1.867611147257905,1.5821767708025585,1.2399198101454532,0.9194668643564646,0.5659775324036628,0.22944687868161848,-0.20200832461778256,-0.5378782506165506,-0.7319119586853471,-0.6601128794226596,-0.41938774557567376,0.1461951855488091,0.3078532351770686,0.03585365576167284,-0.334374111847461,0.0,0.0,0.0,0.0,0.0,0.0,0.0,0.0,0.0,0.0,0.0,0.0,0.0,0.0,0.0,0.0,0.0,0.0,0.0,0.0,0.0,0.0,0.0,0.0,0.0,0.0,0.0,0.0,0.0,0.0,0.0,0.0,0.0,0.0,0.0,0.0,0.0,0.0,0.0,0.0,0.0,0.0,0.0,0.0,0.0,0.0,0.0,0.0,0.0,0.0,0.0,0.0,0.0,0.0,0.0,0.0,0.0,0.0,0.0,0.0,0.0,0.0,0.0,0.0,0.0,0.0,0.0,0.0,0.0,0.0,0.0,0.0
2088,0.597022466243037,-0.12919500296013153,-0.4957734097245062,-0.7136084794231715,-0.5582275086547329,-0.2531980689520311,0.34328383242506244,1.215529243088278,1.811407723219669,2.05307793212359,1.738092041866794,1.2677251808415595,0.5680582464493086,-0.05708616409866195,-0.6894716295950646,-1.1788462598599334,-1.4564200328831636,-1.380690666547478,-1.1900095529054329,-0.8919194575283118,-0.13070355607438822,0.15169758691446336,-0.07217169524122881,-0.5485727687234901,-1.0,-1.0,-1.0,-1.0,-1.0,-1.0,-1.0,-1.0,-1.0,-1.0,-1.0,-1.0,-1.0,-1.0,-1.0,-1.0,-1.0,-1.0,-1.0,-1.0,-1.0,-1.0,-1.0,-1.0,-1.0,-1.0,-1.0,-1.0,-1.0,-1.0,-1.0,-1.0,-1.0,-1.0,-1.0,-1.0,-1.0,-1.0,-1.0,-1.0,-1.0,-1.0,-1.0,-1.0,-1.0,-1.0,-1.0,-1.0,-1.0,-1.0,-1.0,-1.0,-1.0,-1.0,-1.0,-1.0,-1.0,-1.0,-1.0,-1.0,-1.0,-1.0,-1.0,-1.0,-1.0,-1.0,-1.0,-1.0,-1.0,-1.0,-1.0,-1.0
2089,-0.4149736652587022,-1.0091118958009928,-1.307096478299476,-1.3583626430303979,-1.190374406813895,-0.8457009957211795,-0.23371115424579997,0.5421473209230618,1.3862081045285966,1.7125721710745543,1.307020189363869,0.7110510243669026,0.13567987198503867,-0.4090231282810059,-0.8342576553794558,-1.1107287580354988,-1.0471037857355152,-0.5600752207917578,0.02033100134046453,0.4533469998712865,1.5001837743321638,1.7015865643464996,0.9087919454718869,-0.058399180210594016,0.0,0.0,0.0,0.0,0.0,0.0,0.0,0.0,0.0,0.0,0.0,0.0,0.0,0.0,0.0,0.0,0.0,0.0,0.0,0.0,0.0,0.0,0.0,0.0,0.0,0.0,0.0,0.0,0.0,0.0,0.0,0.0,0.0,0.0,0.0,0.0,0.0,0.0,0.0,0.0,0.0,0.0,0.0,0.0,0.0,0.0,0.0,0.0,0.0,0.0,0.0,0.0,0.0,0.0,0.0,0.0,0.0,0.0,0.0,0.0,0.0,0.0,0.0,0.0,0.0,0.0,0.0,0.0,0.0,0.0,0.0,0.0
2090,-1.198409576470897,-1.5226596100293315,-1.835491112501024,-1.8617718586530492,-1.709162284446117,-1.2759830892506678,-0.4366304311125406,0.7115663059431789,1.2707118361431622,1.285392804683259,1.130064532598531,0.9328683131957493,0.7798962459384443,0.6055370887091464,0.4966079270721318,0.357048102678619,0.23887536825709899,0.2414128196097083,0.2961492702159952,0.36447921021126056,0.66444220939472,0.6715108238769888,0.17145166088776548,-0.3779065569521533,1.0,1.0,1.0,1.0,1.0,1.0,1.0,1.0,1.0,1.0,1.0,1.0,1.0,1.0,1.0,1.0,1.0,1.0,1.0,1.0,1.0,1.0,1.0,1.0,1.0,1.0,1.0,1.0,1.0,1.0,1.0,1.0,1.0,1.0,1.0,1.0,1.0,1.0,1.0,1.0,1.0,1.0,1.0,1.0,1.0,1.0,1.0,1.0,1.0,1.0,1.0,1.0,1.0,1.0,1.0,1.0,1.0,1.0,1.0,1.0,1.0,1.0,1.0,1.0,1.0,1.0,1.0,1.0,1.0,1.0,1.0,1.0
2091,-1.1106186430747633,-1.3354910247364324,-1.5653435443224655,-1.7191531886787859,-1.804198620925618,-1.6509636078682628,-0.9602567865122335,0.08403982747364333,0.6791663094351472,0.821483327812166,0.9367926751378259,0.9563301393026388,0.8739663197843102,0.8287619909323903,0.8180355400183755,0.7040669990569675,0.6012079965422177,0.5973771212157838,0.6240017047344993,0.6517755508511449,0.8356575665199714,0.6895096728165186,0.08423137123996502,-0.6403786967550041,0.0,0.0,0.0,0.0,0.0,0.0,0.0,0.0,0.0,0.0,0.0,0.0,0.0,0.0,0.0,0.0,0.0,0.0,0.0,0.0,0.0,0.0,0.0,0.0,0.0,0.0,0.0,0.0,0.0,0.0,0.0,0.0,0.0,0.0,0.0,0.0,0.0,0.0,0.0,0.0,0.0,0.0,0.0,0.0,0.0,0.0,0.0,0.0,0.0,0.0,0.0,0.0,0.0,0.0,0.0,0.0,0.0,0.0,0.0,0.0,0.0,0.0,0.0,0.0,0.0,0.0,0.0,0.0,0.0,0.0,0.0,0.0
2092,-1.0775956619460765,-1.365224329795115,-1.6753457585209297,-1.7778570138442895,-1.7796484726751833,-1.6283697269552737,-0.9567717163513592,0.17702267262312132,0.7508866514527258,0.8995777344169001,0.9569044170054974,0.9569044170054974,0.8796726362958593,0.8044313653983254,0.7431236631855199,0.6139395763799655,0.5036653327893998,0.5181960544177596,0.536508744689117,0.5564138428101578,0.8299098909932575,0.7813414515779181,0.22101293947062137,-0.46869871042344025,1.0,1.0,1.0,1.0,1.0,1.0,1.0,1.0,1.0,1.0,1.0,1.0,1.0,1.0,1.0,1.0,1.0,1.0,1.0,1.0,1.0,1.0,1.0,1.0,1.0,1.0,1.0,1.0,1.0,1.0,1.0,1.0,1.0,1.0,1.0,1.0,1.0,1.0,1.0,1.0,1.0,1.0,1.0,1.0,1.0,1.0,1.0,1.0,1.0,1.0,1.0,1.0,1.0,1.0,1.0,1.0,1.0,1.0,1.0,1.0,1.0,1.0,1.0,1.0,1.0,1.0,1.0,1.0,1.0,1.0,1.0,1.0
2093,-1.1495917259468453,-1.514350862964982,-1.742433317187597,-1.8486990060867698,-1.7939246591257327,-1.5026011607777563,-0.8402980948419355,0.11263731048967211,0.6088894381619073,0.7739036379972083,0.8022411550369878,0.8305786720767672,0.8062153190120788,0.7770138532820622,0.7379633724833417,0.6406827499626354,0.5515232451301586,0.5945478899039701,0.699604050636811,0.7298422547951122,0.84993112273808,0.7974030423716596,0.3424476620927615,-0.26352594923959527,0.0,0.0,0.0,0.0,0.0,0.0,0.0,0.0,0.0,0.0,0.0,0.0,0.0,0.0,0.0,0.0,0.0,0.0,0.0,0.0,0.0,0.0,0.0,0.0,0.0,0.0,0.0,0.0,0.0,0.0,0.0,0.0,0.0,0.0,0.0,0.0,0.0,0.0,0.0,0.0,0.0,0.0,0.0,0.0,0.0,0.0,0.0,0.0,0.0,0.0,0.0,0.0,0.0,0.0,0.0,0.0,0.0,0.0,0.0,0.0,0.0,0.0,0.0,0.0,0.0,0.0,0.0,0.0,0.0,0.0,0.0,0.0
2094,-0.8478728063578717,-1.3642234004762095,-1.6311652611027527,-1.7977299688828616,-1.762663714613365,-1.446848262098711,-0.7816852514241968,0.35643386371015323,1.0290484534169355,1.212050467885871,1.3047568776108527,1.2703481156089091,1.0660871844890913,0.8484572439290279,0.6970148583026392,0.5113828747634914,0.35599553553178453,0.3020811695924335,0.23742776328304904,0.2461943268504232,0.4099099014711356,0.46097513425109005,-0.024034995113885214,-0.6519401106270593,0.0,0.0,0.0,0.0,0.0,0.0,0.0,0.0,0.0,0.0,0.0,0.0,0.0,0.0,0.0,0.0,0.0,0.0,0.0,0.0,0.0,0.0,0.0,0.0,0.0,0.0,0.0,0.0,0.0,0.0,0.0,0.0,0.0,0.0,0.0,0.0,0.0,0.0,0.0,0.0,0.0,0.0,0.0,0.0,0.0,0.0,0.0,0.0,0.0,0.0,0.0,0.0,0.0,0.0,0.0,0.0,0.0,0.0,0.0,0.0,0.0,0.0,0.0,0.0,0.0,0.0,0.0,0.0,0.0,0.0,0.0,0.0
2095,-0.5839263924706224,-1.217269698984527,-1.5325006258845326,-1.6947264136767657,-1.829866545958395,-1.6048250890032723,-1.2599151991501587,-0.6660477948166018,-0.11626661700562356,0.37934324978414724,0.7121510382389061,0.8553592381194387,0.8308668900513396,0.731456771421996,0.6285889095359797,0.5902655884411893,0.6501998048901848,0.8458504441635885,0.9778209784599344,0.8864789274294941,1.1144018370985107,1.0642645598767548,0.5395520206766545,-0.30125588123761937,0.0,0.0,0.0,0.0,0.0,0.0,0.0,0.0,0.0,0.0,0.0,0.0,0.0,0.0,0.0,0.0,0.0,0.0,0.0,0.0,0.0,0.0,0.0,0.0,0.0,0.0,0.0,0.0,0.0,0.0,0.0,0.0,0.0,0.0,0.0,0.0,0.0,0.0,0.0,0.0,0.0,0.0,0.0,0.0,0.0,0.0,0.0,0.0,0.0,0.0,0.0,0.0,0.0,0.0,0.0,0.0,0.0,0.0,0.0,0.0,0.0,0.0,0.0,0.0,0.0,0.0,0.0,0.0,0.0,0.0,0.0,0.0
2096,-0.5135990915972416,-0.8523026036642782,-1.1808826119547597,-1.4255821603823542,-1.5349160011691516,-1.6433821130608157,-1.3740969126044442,-1.0614252673914069,-0.5835958891379955,-0.0884119329819179,0.36425330731262734,0.5583353368574452,0.6584134027628207,0.6919655867079755,0.42933297444762586,0.26504297030238516,0.12389240336069948,0.25896886803645197,0.5774253725503781,0.9256739024638813,1.5891972642758216,1.9151740858809032,1.3242507082951165,0.5762684006902002,0.0,0.0,0.0,0.0,0.0,0.0,0.0,0.0,0.0,0.0,0.0,0.0,0.0,0.0,0.0,0.0,0.0,0.0,0.0,0.0,0.0,0.0,0.0,0.0,0.0,0.0,0.0,0.0,0.0,0.0,0.0,0.0,0.0,0.0,0.0,0.0,0.0,0.0,0.0,0.0,0.0,0.0,0.0,0.0,0.0,0.0,0.0,0.0,0.0,0.0,0.0,0.0,0.0,0.0,0.0,0.0,0.0,0.0,0.0,0.0,0.0,0.0,0.0,0.0,0.0,0.0,0.0,0.0,0.0,0.0,0.0,0.0
2097,-1.2807037633087754,-1.4760740251939533,-1.5587886674915368,-1.5816213552090987,-1.5187237626286447,-1.0756403792793499,-0.06130899756236901,1.2444622566250036,1.8236801554224047,1.6296023098231267,1.2828039397733626,0.9556072167264112,0.6654597605419192,0.4149464037916859,0.2456398703388197,0.06319377131263947,-0.10783598385475972,-0.09814286171051165,-0.04730782113178847,0.09248854045970029,0.3987912002179391,0.6176403579636287,0.035406821165795015,-0.6635749867916487,1.0,1.0,1.0,1.0,1.0,1.0,1.0,1.0,1.0,1.0,1.0,1.0,1.0,1.0,1.0,1.0,1.0,1.0,1.0,1.0,1.0,1.0,1.0,1.0,1.0,1.0,1.0,1.0,1.0,1.0,1.0,1.0,1.0,1.0,1.0,1.0,1.0,1.0,1.0,1.0,1.0,1.0,1.0,1.0,1.0,1.0,1.0,1.0,1.0,1.0,1.0,1.0,1.0,1.0,1.0,1.0,1.0,1.0,1.0,1.0,1.0,1.0,1.0,1.0,1.0,1.0,1.0,1.0,1.0,1.0,1.0,1.0
2098,-1.2210371333140726,-1.491954114397682,-1.6996853097215414,-1.7776637543548113,-1.864517794312193,-1.5132978079151893,-0.7675364769915878,0.3233164530814164,0.8461312824112521,0.9141775132294442,0.8387349529744921,0.7649829823050852,0.6639702545687629,0.6314264050470189,0.6339622894253366,0.5318929431980485,0.43426139463281643,0.4754695157804793,0.6071241797548074,0.7476544390532475,0.9798991833675116,0.9222078137607836,0.36811707709836267,-0.3476362886818126,0.0,0.0,0.0,0.0,0.0,0.0,0.0,0.0,0.0,0.0,0.0,0.0,0.0,0.0,0.0,0.0,0.0,0.0,0.0,0.0,0.0,0.0,0.0,0.0,0.0,0.0,0.0,0.0,0.0,0.0,0.0,0.0,0.0,0.0,0.0,0.0,0.0,0.0,0.0,0.0,0.0,0.0,0.0,0.0,0.0,0.0,0.0,0.0,0.0,0.0,0.0,0.0,0.0,0.0,0.0,0.0,0.0,0.0,0.0,0.0,0.0,0.0,0.0,0.0,0.0,0.0,0.0,0.0,0.0,0.0,0.0,0.0
2099,-1.152425707768149,-1.5031359888211906,-1.7259953647411836,-1.793439649559076,-1.779755301914866,-1.5899338510216088,-0.8187231159300542,0.24494167738633346,0.7694431735208433,0.8906473955124184,0.9428434072410484,0.9422569351991537,0.8945572091250499,0.8138195580242104,0.7729620057722116,0.576884853098744,0.2990925959212791,0.2289114415745445,0.24298677058001775,0.3264612912096993,0.7446158570806336,0.9803776179223104,0.6408103056652684,0.05179688492233953,0.0,0.0,0.0,0.0,0.0,0.0,0.0,0.0,0.0,0.0,0.0,0.0,0.0,0.0,0.0,0.0,0.0,0.0,0.0,0.0,0.0,0.0,0.0,0.0,0.0,0.0,0.0,0.0,0.0,0.0,0.0,0.0,0.0,0.0,0.0,0.0,0.0,0.0,0.0,0.0,0.0,0.0,0.0,0.0,0.0,0.0,0.0,0.0,0.0,0.0,0.0,0.0,0.0,0.0,0.0,0.0,0.0,0.0,0.0,0.0,0.0,0.0,0.0,0.0,0.0,0.0,0.0,0.0,0.0,0.0,0.0,0.0
2100,-0.9276035023254837,-1.2490523179899118,-1.4721169404255938,-1.592716919222121,-1.486851900240959,-0.9262433521886807,0.03039557736272015,1.2438761910804095,1.8044847391326877,1.6879652107465692,1.420922400554259,1.1600002659775615,0.8582736272967761,0.5535999966529176,0.23215118098848952,-0.13622281439563996,-0.46424568905461555,-0.597993785840238,-0.5485749975363978,-0.36880848778894265,0.2586741086561469,0.6367958466873641,0.2448459155986503,-0.36155435372599365,0.0,0.0,0.0,0.0,0.0,0.0,0.0,0.0,0.0,0.0,0.0,0.0,0.0,0.0,0.0,0.0,0.0,0.0,0.0,0.0,0.0,0.0,0.0,0.0,0.0,0.0,0.0,0.0,0.0,0.0,0.0,0.0,0.0,0.0,0.0,0.0,0.0,0.0,0.0,0.0,0.0,0.0,0.0,0.0,0.0,0.0,0.0,0.0,0.0,0.0,0.0,0.0,0.0,0.0,0.0,0.0,0.0,0.0,0.0,0.0,0.0,0.0,0.0,0.0,0.0,0.0,0.0,0.0,0.0,0.0,0.0,0.0
2101,-0.1119242980265357,-0.5663106690969112,-0.7569522695775418,-0.7440517101465217,-0.5882893999793899,-0.15086487556831865,0.6561367866166068,1.6499576613026015,2.1509293858738827,2.028374071279192,1.6134060762480444,1.0997726914944654,0.5978453699282936,0.11861347699076835,-0.30423819324822454,-0.7046333341072936,-1.0226082341570673,-1.1379965712900806,-1.0878277290583358,-0.9511773587890114,-0.5173363231087792,-0.08445088442343729,-0.3728022776316093,-0.8135713915247968,-1.0,-1.0,-1.0,-1.0,-1.0,-1.0,-1.0,-1.0,-1.0,-1.0,-1.0,-1.0,-1.0,-1.0,-1.0,-1.0,-1.0,-1.0,-1.0,-1.0,-1.0,-1.0,-1.0,-1.0,-1.0,-1.0,-1.0,-1.0,-1.0,-1.0,-1.0,-1.0,-1.0,-1.0,-1.0,-1.0,-1.0,-1.0,-1.0,-1.0,-1.0,-1.0,-1.0,-1.0,-1.0,-1.0,-1.0,-1.0,-1.0,-1.0,-1.0,-1.0,-1.0,-1.0,-1.0,-1.0,-1.0,-1.0,-1.0,-1.0,-1.0,-1.0,-1.0,-1.0,-1.0,-1.0,-1.0,-1.0,-1.0,-1.0,-1.0,-1.0
2102,0.17042642971644484,-0.46859835346535933,-0.6105157680925838,-0.8190312990811874,-0.8015889352722548,-0.3813865344206962,0.3424715636500075,1.191201129898297,1.9285374181849941,2.1124750728973747,1.800891028492351,1.1579020717176074,0.4197729487123225,-0.21568407823583632,-0.8412306712016471,-1.2114844847821713,-1.2713435060355538,-1.1421114469057347,-0.83647366289012,-0.553035250994965,0.1216670945232923,0.6778406496126665,0.12563126811623151,-0.8963326841435024,0.0,0.0,0.0,0.0,0.0,0.0,0.0,0.0,0.0,0.0,0.0,0.0,0.0,0.0,0.0,0.0,0.0,0.0,0.0,0.0,0.0,0.0,0.0,0.0,0.0,0.0,0.0,0.0,0.0,0.0,0.0,0.0,0.0,0.0,0.0,0.0,0.0,0.0,0.0,0.0,0.0,0.0,0.0,0.0,0.0,0.0,0.0,0.0,0.0,0.0,0.0,0.0,0.0,0.0,0.0,0.0,0.0,0.0,0.0,0.0,0.0,0.0,0.0,0.0,0.0,0.0,0.0,0.0,0.0,0.0,0.0,0.0
2103,-0.6551443546337109,-1.3069266511473834,-1.4146430763524673,-1.5505616201567007,-1.5098252266245962,-1.354713574329275,-1.1193042232447097,-0.3515798836012012,0.4165361521339621,0.8991057370527388,0.8685534419036605,0.666829954701412,0.3969513475512195,0.06244288527797658,-0.24268837012115252,-0.3065348330608933,-0.1866758290145088,0.20658704700696184,0.5661640591461152,0.9030226979692874,1.48860835499329,2.073410619833983,1.3127368098402616,0.13764853487570802,0.0,0.0,0.0,0.0,0.0,0.0,0.0,0.0,0.0,0.0,0.0,0.0,0.0,0.0,0.0,0.0,0.0,0.0,0.0,0.0,0.0,0.0,0.0,0.0,0.0,0.0,0.0,0.0,0.0,0.0,0.0,0.0,0.0,0.0,0.0,0.0,0.0,0.0,0.0,0.0,0.0,0.0,0.0,0.0,0.0,0.0,0.0,0.0,0.0,0.0,0.0,0.0,0.0,0.0,0.0,0.0,0.0,0.0,0.0,0.0,0.0,0.0,0.0,0.0,0.0,0.0,0.0,0.0,0.0,0.0,0.0,0.0
2104,-1.3495031009157052,-1.5230850347193547,-1.6667240849418747,-1.695365104019477,-1.6976795298035257,-1.4483001515722824,-0.9748554271228286,-0.22136518280348674,0.22734411607894717,0.405699553062197,0.503773345661259,0.563369809600512,0.6271611702733532,0.6764873697958902,0.7761523301214857,0.7815044397470982,0.8081203362636578,0.8737921678860384,0.9019992321291315,0.9050369159706954,0.9595705735073419,1.0298712566978199,0.5857908093834834,-0.048795810280358544,0.0,0.0,0.0,0.0,0.0,0.0,0.0,0.0,0.0,0.0,0.0,0.0,0.0,0.0,0.0,0.0,0.0,0.0,0.0,0.0,0.0,0.0,0.0,0.0,0.0,0.0,0.0,0.0,0.0,0.0,0.0,0.0,0.0,0.0,0.0,0.0,0.0,0.0,0.0,0.0,0.0,0.0,0.0,0.0,0.0,0.0,0.0,0.0,0.0,0.0,0.0,0.0,0.0,0.0,0.0,0.0,0.0,0.0,0.0,0.0,0.0,0.0,0.0,0.0,0.0,0.0,0.0,0.0,0.0,0.0,0.0,0.0
2105,-0.9764757877730745,-1.3081177771017665,-1.5496613863903037,-1.6529823955831089,-1.749999593203139,-1.6689725517677096,-1.0873306205528552,-0.335485776873067,0.04766296555025242,0.19649441926845998,0.28075024224116424,0.44003679808007234,0.571340580595929,0.7237083188549618,0.884686141213395,0.9710944852109493,0.9963097315020506,1.0158361722274767,1.0196799597718518,0.9584868620653987,0.983855859858275,0.9740157637446745,0.4750921404847741,-0.21002455142466067,0.0,0.0,0.0,0.0,0.0,0.0,0.0,0.0,0.0,0.0,0.0,0.0,0.0,0.0,0.0,0.0,0.0,0.0,0.0,0.0,0.0,0.0,0.0,0.0,0.0,0.0,0.0,0.0,0.0,0.0,0.0,0.0,0.0,0.0,0.0,0.0,0.0,0.0,0.0,0.0,0.0,0.0,0.0,0.0,0.0,0.0,0.0,0.0,0.0,0.0,0.0,0.0,0.0,0.0,0.0,0.0,0.0,0.0,0.0,0.0,0.0,0.0,0.0,0.0,0.0,0.0,0.0,0.0,0.0,0.0,0.0,0.0
2106,-0.8852951482580885,-1.332540454244189,-1.5784877888973858,-1.6832709748712724,-1.7253646507287876,-1.6081036965542808,-1.1315431520245534,-0.4153493242202564,-0.029139848227553052,0.20538206012146104,0.4038236748783191,0.6157953997322357,0.785673448728637,0.920974549699222,1.0123779601326839,1.010122941783174,0.9546494903852343,0.9373610163723262,0.9337529870131106,0.8647494255181122,0.8611413961588966,0.8228060842172309,0.32489803264547784,-0.26441342935973705,0.0,0.0,0.0,0.0,0.0,0.0,0.0,0.0,0.0,0.0,0.0,0.0,0.0,0.0,0.0,0.0,0.0,0.0,0.0,0.0,0.0,0.0,0.0,0.0,0.0,0.0,0.0,0.0,0.0,0.0,0.0,0.0,0.0,0.0,0.0,0.0,0.0,0.0,0.0,0.0,0.0,0.0,0.0,0.0,0.0,0.0,0.0,0.0,0.0,0.0,0.0,0.0,0.0,0.0,0.0,0.0,0.0,0.0,0.0,0.0,0.0,0.0,0.0,0.0,0.0,0.0,0.0,0.0,0.0,0.0,0.0,0.0
2107,-0.8412644570770107,-1.2905995691533614,-1.6004913361161381,-1.8149828669692865,-1.8149828669692865,-1.6241823947500293,-1.0813550512862427,-0.3267391836590806,0.14342497996787223,0.38812658558906954,0.5819480652851315,0.7360194466021818,0.8212436575267833,0.843821713406062,0.8719647830584025,0.8788017999795925,0.8999488523172269,0.8980408475950343,0.8851618157202344,0.8164736457213019,0.8155196433602055,0.7993016032215687,0.34010846674722317,-0.3253081801174362,-1.0,-1.0,-1.0,-1.0,-1.0,-1.0,-1.0,-1.0,-1.0,-1.0,-1.0,-1.0,-1.0,-1.0,-1.0,-1.0,-1.0,-1.0,-1.0,-1.0,-1.0,-1.0,-1.0,-1.0,-1.0,-1.0,-1.0,-1.0,-1.0,-1.0,-1.0,-1.0,-1.0,-1.0,-1.0,-1.0,-1.0,-1.0,-1.0,-1.0,-1.0,-1.0,-1.0,-1.0,-1.0,-1.0,-1.0,-1.0,-1.0,-1.0,-1.0,-1.0,-1.0,-1.0,-1.0,-1.0,-1.0,-1.0,-1.0,-1.0,-1.0,-1.0,-1.0,-1.0,-1.0,-1.0,-1.0,-1.0,-1.0,-1.0,-1.0,-1.0
2108,-0.9845946636948876,-1.3453185523934668,-1.5147873496087894,-1.6503266721445427,-1.6713986616823804,-1.680327470808583,-1.1070979249063853,-0.2604682435598684,0.22115172070749203,0.4811586424625075,0.6599134011690807,0.7740235818019481,0.8563472019455347,0.9306348938755391,1.0454593792385027,1.0515309694443205,0.9999224526948702,0.9583142021667668,0.8813478674989016,0.6925928425709816,0.6033047513089571,0.5604464675031854,0.0654332895465212,-0.5672621251361848,0.0,0.0,0.0,0.0,0.0,0.0,0.0,0.0,0.0,0.0,0.0,0.0,0.0,0.0,0.0,0.0,0.0,0.0,0.0,0.0,0.0,0.0,0.0,0.0,0.0,0.0,0.0,0.0,0.0,0.0,0.0,0.0,0.0,0.0,0.0,0.0,0.0,0.0,0.0,0.0,0.0,0.0,0.0,0.0,0.0,0.0,0.0,0.0,0.0,0.0,0.0,0.0,0.0,0.0,0.0,0.0,0.0,0.0,0.0,0.0,0.0,0.0,0.0,0.0,0.0,0.0,0.0,0.0,0.0,0.0,0.0,0.0
2109,-0.22302033558571233,-0.9000804481062926,-1.1589486280392878,-1.4694324369314558,-1.6350764706830874,-1.6287561895860458,-1.5916245381409264,-1.2450624579864793,-0.7418100756345428,-0.03156848735449419,0.49670167433989865,0.8063954480949366,0.8730217446595833,0.9198971627959751,0.8206160805632801,0.8032353075464157,0.8422103743115056,0.967299271023787,1.042352609051156,0.9628224052467158,0.9607156448810353,0.9915270152291131,0.442452594923625,-0.30386726461870267,0.0,0.0,0.0,0.0,0.0,0.0,0.0,0.0,0.0,0.0,0.0,0.0,0.0,0.0,0.0,0.0,0.0,0.0,0.0,0.0,0.0,0.0,0.0,0.0,0.0,0.0,0.0,0.0,0.0,0.0,0.0,0.0,0.0,0.0,0.0,0.0,0.0,0.0,0.0,0.0,0.0,0.0,0.0,0.0,0.0,0.0,0.0,0.0,0.0,0.0,0.0,0.0,0.0,0.0,0.0,0.0,0.0,0.0,0.0,0.0,0.0,0.0,0.0,0.0,0.0,0.0,0.0,0.0,0.0,0.0,0.0,0.0
2110,-0.6121422751586149,-0.9593966262769369,-1.2537861375063946,-1.3617707156680083,-1.4254089589465464,-1.3948425586316582,-1.3913349389233922,-1.20417837306092,-0.7870221720421565,-0.19824314958324118,0.22617883511693015,0.35345532167400634,0.4431501684996624,0.45793228012735426,0.470459493371161,0.47471874587405527,0.5518863794559046,0.9154261077911753,1.2476478030169293,1.3789329978120235,1.4322989262306403,1.6212093019472453,0.9722996559180578,0.04252988896272378,0.0,0.0,0.0,0.0,0.0,0.0,0.0,0.0,0.0,0.0,0.0,0.0,0.0,0.0,0.0,0.0,0.0,0.0,0.0,0.0,0.0,0.0,0.0,0.0,0.0,0.0,0.0,0.0,0.0,0.0,0.0,0.0,0.0,0.0,0.0,0.0,0.0,0.0,0.0,0.0,0.0,0.0,0.0,0.0,0.0,0.0,0.0,0.0,0.0,0.0,0.0,0.0,0.0,0.0,0.0,0.0,0.0,0.0,0.0,0.0,0.0,0.0,0.0,0.0,0.0,0.0,0.0,0.0,0.0,0.0,0.0,0.0
2111,-1.4323171051597106,-1.6261860217860393,-1.7025586253055023,-1.6935082336202436,-1.630473049426425,-1.4172331190176128,-0.8916752860666316,-0.0698362095245531,0.385700171966796,0.4993857938377636,0.5878255862709045,0.6770592727115243,0.6845218763818254,0.7674044107626146,0.8024945258931786,0.8290105857429713,0.8356792954057934,0.8523510695628487,0.8768030049931964,0.8380609774282298,0.8317098253683993,0.8434594566790858,0.36664671578730423,-0.21432491888569905,0.0,0.0,0.0,0.0,0.0,0.0,0.0,0.0,0.0,0.0,0.0,0.0,0.0,0.0,0.0,0.0,0.0,0.0,0.0,0.0,0.0,0.0,0.0,0.0,0.0,0.0,0.0,0.0,0.0,0.0,0.0,0.0,0.0,0.0,0.0,0.0,0.0,0.0,0.0,0.0,0.0,0.0,0.0,0.0,0.0,0.0,0.0,0.0,0.0,0.0,0.0,0.0,0.0,0.0,0.0,0.0,0.0,0.0,0.0,0.0,0.0,0.0,0.0,0.0,0.0,0.0,0.0,0.0,0.0,0.0,0.0,0.0
2112,-1.0101762041122184,-1.4100607720567258,-1.6688974747870817,-1.8048240861961806,-1.8425933330084419,-1.566472398686034,-0.9284495288065907,0.10540358308836019,0.664687175715123,0.8298476109280626,0.9378207119845837,0.9241640351711108,0.9322726870291104,0.829634225352852,0.8168310908402211,0.690293444740385,0.5302542633324979,0.49397871554671013,0.5234259249257613,0.5648227265166015,0.6934942283685428,0.8661231587138504,0.29979784210514043,-0.471377626705665,0.0,0.0,0.0,0.0,0.0,0.0,0.0,0.0,0.0,0.0,0.0,0.0,0.0,0.0,0.0,0.0,0.0,0.0,0.0,0.0,0.0,0.0,0.0,0.0,0.0,0.0,0.0,0.0,0.0,0.0,0.0,0.0,0.0,0.0,0.0,0.0,0.0,0.0,0.0,0.0,0.0,0.0,0.0,0.0,0.0,0.0,0.0,0.0,0.0,0.0,0.0,0.0,0.0,0.0,0.0,0.0,0.0,0.0,0.0,0.0,0.0,0.0,0.0,0.0,0.0,0.0,0.0,0.0,0.0,0.0,0.0,0.0
2113,-1.0004070963994676,-1.3438175254724325,-1.662374462195875,-1.801986254002757,-1.8415357244372141,-1.6896052451179602,-0.8973191324801447,0.17181327319887163,0.7998502190050615,0.941190949410171,0.9712312575543762,0.9824693584428559,0.8897550261128988,0.8320517003970513,0.7255058592812731,0.5409416639204726,0.41516138089941185,0.4056522186091598,0.4657328348975703,0.5141431156479441,0.7144838757175719,0.8843520929934374,0.3477327755685339,-0.3650221615508103,0.0,0.0,0.0,0.0,0.0,0.0,0.0,0.0,0.0,0.0,0.0,0.0,0.0,0.0,0.0,0.0,0.0,0.0,0.0,0.0,0.0,0.0,0.0,0.0,0.0,0.0,0.0,0.0,0.0,0.0,0.0,0.0,0.0,0.0,0.0,0.0,0.0,0.0,0.0,0.0,0.0,0.0,0.0,0.0,0.0,0.0,0.0,0.0,0.0,0.0,0.0,0.0,0.0,0.0,0.0,0.0,0.0,0.0,0.0,0.0,0.0,0.0,0.0,0.0,0.0,0.0,0.0,0.0,0.0,0.0,0.0,0.0
2114,-1.111224876982212,-1.4478991703425175,-1.7022080871654712,-1.8515825835976178,-1.7443214576549082,-1.4634880975402649,-0.6973039592987403,0.4646527933214156,1.070294248481661,1.1477735433600176,1.0905365867832137,1.0516806040664404,0.9232464576014171,0.7987677105746283,0.602161091438859,0.3901982156605326,0.27083822084792947,0.2585066814228457,0.30573880412646837,0.3797280406769709,0.5891315403482045,0.8357623288498796,0.277585666948447,-0.4385743019271718,0.0,0.0,0.0,0.0,0.0,0.0,0.0,0.0,0.0,0.0,0.0,0.0,0.0,0.0,0.0,0.0,0.0,0.0,0.0,0.0,0.0,0.0,0.0,0.0,0.0,0.0,0.0,0.0,0.0,0.0,0.0,0.0,0.0,0.0,0.0,0.0,0.0,0.0,0.0,0.0,0.0,0.0,0.0,0.0,0.0,0.0,0.0,0.0,0.0,0.0,0.0,0.0,0.0,0.0,0.0,0.0,0.0,0.0,0.0,0.0,0.0,0.0,0.0,0.0,0.0,0.0,0.0,0.0,0.0,0.0,0.0,0.0
2115,-0.6945574004381562,-1.151500471526132,-1.4514103242654577,-1.8242003684921368,-1.7861873189753517,-1.4655669082234328,-0.45677922173661045,0.7633085882711004,1.3623418168631973,1.441775982405169,1.3974711177959505,1.2058329164389163,1.0005624490482765,0.8228186726870329,0.6846608996156828,0.3907807030066059,0.14277832477985594,0.03739042198159642,0.010650207838754458,-0.035227610543572443,0.2101531780613303,0.3802943445192169,-0.11256450438806635,-0.8728254947237692,1.0,1.0,1.0,1.0,1.0,1.0,1.0,1.0,1.0,1.0,1.0,1.0,1.0,1.0,1.0,1.0,1.0,1.0,1.0,1.0,1.0,1.0,1.0,1.0,1.0,1.0,1.0,1.0,1.0,1.0,1.0,1.0,1.0,1.0,1.0,1.0,1.0,1.0,1.0,1.0,1.0,1.0,1.0,1.0,1.0,1.0,1.0,1.0,1.0,1.0,1.0,1.0,1.0,1.0,1.0,1.0,1.0,1.0,1.0,1.0,1.0,1.0,1.0,1.0,1.0,1.0,1.0,1.0,1.0,1.0,1.0,1.0
2116,-0.21542876733663185,-0.84175956247745,-1.369673426013954,-1.600068823502394,-1.6599353441096265,-1.7932744127348261,-1.3420078369454604,-0.5655572060395367,0.27620235643791324,1.1878061929571344,1.5343063576838434,1.416840987704501,1.0644448777664737,0.6485539732450181,0.40954142506311275,0.017687835633955037,-0.02403731509229787,-0.07211194527689362,0.11519769874421998,0.36055972638446804,0.7932313980458298,1.3397401657103378,0.6707771513492179,-0.3510355071969538,0.0,0.0,0.0,0.0,0.0,0.0,0.0,0.0,0.0,0.0,0.0,0.0,0.0,0.0,0.0,0.0,0.0,0.0,0.0,0.0,0.0,0.0,0.0,0.0,0.0,0.0,0.0,0.0,0.0,0.0,0.0,0.0,0.0,0.0,0.0,0.0,0.0,0.0,0.0,0.0,0.0,0.0,0.0,0.0,0.0,0.0,0.0,0.0,0.0,0.0,0.0,0.0,0.0,0.0,0.0,0.0,0.0,0.0,0.0,0.0,0.0,0.0,0.0,0.0,0.0,0.0,0.0,0.0,0.0,0.0,0.0,0.0
2117,-0.7519118529898676,-1.149314617197011,-1.307232866516438,-1.49271231972652,-1.5601255346482565,-1.4100287080545557,-1.1742686801790903,-0.7180190211783868,-0.12582558623053502,0.3628271097767489,0.4574290798879152,0.29951083056848804,0.19708743773159546,0.29131695914153666,0.20490886045732182,0.08274568645550082,0.0983885319069535,0.4149699279482579,0.8663777538330355,1.142734690142033,1.591535375118235,2.160636990590133,1.32858659205334,0.19038336110954432,1.0,1.0,1.0,1.0,1.0,1.0,1.0,1.0,1.0,1.0,1.0,1.0,1.0,1.0,1.0,1.0,1.0,1.0,1.0,1.0,1.0,1.0,1.0,1.0,1.0,1.0,1.0,1.0,1.0,1.0,1.0,1.0,1.0,1.0,1.0,1.0,1.0,1.0,1.0,1.0,1.0,1.0,1.0,1.0,1.0,1.0,1.0,1.0,1.0,1.0,1.0,1.0,1.0,1.0,1.0,1.0,1.0,1.0,1.0,1.0,1.0,1.0,1.0,1.0,1.0,1.0,1.0,1.0,1.0,1.0,1.0,1.0
2118,-1.470195692530446,-1.64035354180397,-1.749919467859296,-1.8260615306644652,-1.7241813057843092,-1.3143368221874703,-0.6295944686508416,0.3899227290972478,0.8612528220954441,0.9141590441384725,0.9082607153296214,0.8408767771194128,0.8020907967703007,0.7014617325465675,0.6487342477401709,0.5364872631353672,0.47625281439043277,0.47214185794790015,0.5686599657291007,0.5901084341249231,0.6912737100585519,0.8519584857905876,0.38116460450228695,-0.280163171035569,0.0,0.0,0.0,0.0,0.0,0.0,0.0,0.0,0.0,0.0,0.0,0.0,0.0,0.0,0.0,0.0,0.0,0.0,0.0,0.0,0.0,0.0,0.0,0.0,0.0,0.0,0.0,0.0,0.0,0.0,0.0,0.0,0.0,0.0,0.0,0.0,0.0,0.0,0.0,0.0,0.0,0.0,0.0,0.0,0.0,0.0,0.0,0.0,0.0,0.0,0.0,0.0,0.0,0.0,0.0,0.0,0.0,0.0,0.0,0.0,0.0,0.0,0.0,0.0,0.0,0.0,0.0,0.0,0.0,0.0,0.0,0.0
2119,-1.3058191315289958,-1.6377654587188557,-1.7749956457250122,-1.8030375741043034,-1.757995226645067,-1.4551424001487216,-0.7753008990032798,0.11117456188706418,0.5814026483973039,0.6248676373852053,0.6129498178240066,0.6664047437970305,0.7321280134359943,0.7384374473213349,0.7154781184607902,0.6823535905627525,0.6264449958565406,0.7042613471090737,0.751056315092016,0.7450974053114165,0.8013565241223696,0.9322772772431855,0.5125246618156699,-0.028158769747539128,0.0,0.0,0.0,0.0,0.0,0.0,0.0,0.0,0.0,0.0,0.0,0.0,0.0,0.0,0.0,0.0,0.0,0.0,0.0,0.0,0.0,0.0,0.0,0.0,0.0,0.0,0.0,0.0,0.0,0.0,0.0,0.0,0.0,0.0,0.0,0.0,0.0,0.0,0.0,0.0,0.0,0.0,0.0,0.0,0.0,0.0,0.0,0.0,0.0,0.0,0.0,0.0,0.0,0.0,0.0,0.0,0.0,0.0,0.0,0.0,0.0,0.0,0.0,0.0,0.0,0.0,0.0,0.0,0.0,0.0,0.0,0.0
2120,-0.9148879826542777,-1.2708294556625133,-1.7023115645445979,-1.8053670015645507,-1.6600388246019473,-1.3286105380693316,-0.28504917096437105,1.0189022688050822,1.611971300781559,1.5244242062257736,1.2660352100082704,1.039663436942597,0.8408064650230276,0.6074309243928914,0.4651043621007719,0.2327293596941304,-0.0471712083285088,-0.12296197875823148,-0.14947624168084073,-0.05717659056345569,0.22022263190044677,0.6862233094930981,0.24773743304655071,-0.4173703510215437,-1.0,-1.0,-1.0,-1.0,-1.0,-1.0,-1.0,-1.0,-1.0,-1.0,-1.0,-1.0,-1.0,-1.0,-1.0,-1.0,-1.0,-1.0,-1.0,-1.0,-1.0,-1.0,-1.0,-1.0,-1.0,-1.0,-1.0,-1.0,-1.0,-1.0,-1.0,-1.0,-1.0,-1.0,-1.0,-1.0,-1.0,-1.0,-1.0,-1.0,-1.0,-1.0,-1.0,-1.0,-1.0,-1.0,-1.0,-1.0,-1.0,-1.0,-1.0,-1.0,-1.0,-1.0,-1.0,-1.0,-1.0,-1.0,-1.0,-1.0,-1.0,-1.0,-1.0,-1.0,-1.0,-1.0,-1.0,-1.0,-1.0,-1.0,-1.0,-1.0
2121,-0.7466694692534637,-1.157834699180558,-1.3591024454481875,-1.3142834867357556,-1.1447509037800343,-0.8658155209858918,0.2813827948770431,1.6590786126896286,2.1626655462970175,1.8227652445089457,1.3578729398520417,1.0021050564080158,0.6958885683106539,0.34429636424977383,0.11546913405338156,-0.2202554883515443,-0.4140070117295115,-0.44100973840718793,-0.5540314603776688,-0.45103136892673795,-0.044876954259418844,0.41556129238879624,-0.11419323201963986,-1.029223774179666,0.0,0.0,0.0,0.0,0.0,0.0,0.0,0.0,0.0,0.0,0.0,0.0,0.0,0.0,0.0,0.0,0.0,0.0,0.0,0.0,0.0,0.0,0.0,0.0,0.0,0.0,0.0,0.0,0.0,0.0,0.0,0.0,0.0,0.0,0.0,0.0,0.0,0.0,0.0,0.0,0.0,0.0,0.0,0.0,0.0,0.0,0.0,0.0,0.0,0.0,0.0,0.0,0.0,0.0,0.0,0.0,0.0,0.0,0.0,0.0,0.0,0.0,0.0,0.0,0.0,0.0,0.0,0.0,0.0,0.0,0.0,0.0
2122,-1.1035430719496788,-1.294888387860807,-1.3987685593669765,-1.6369089525367801,-1.6567539853009305,-1.4558536536144706,-0.5892872229132409,0.5592746733625198,1.1264506097700253,1.3964410555242677,1.392276048647841,1.3293109446924505,1.1298806154329648,0.9515203209601077,0.75674499938604,0.5043945827554868,0.2985942429791133,0.21063909776516324,0.11827394527029084,0.021988786303487523,0.15110399947271233,0.2576791754283343,-0.21541660565282902,-0.8531526585550911,-1.0,-1.0,-1.0,-1.0,-1.0,-1.0,-1.0,-1.0,-1.0,-1.0,-1.0,-1.0,-1.0,-1.0,-1.0,-1.0,-1.0,-1.0,-1.0,-1.0,-1.0,-1.0,-1.0,-1.0,-1.0,-1.0,-1.0,-1.0,-1.0,-1.0,-1.0,-1.0,-1.0,-1.0,-1.0,-1.0,-1.0,-1.0,-1.0,-1.0,-1.0,-1.0,-1.0,-1.0,-1.0,-1.0,-1.0,-1.0,-1.0,-1.0,-1.0,-1.0,-1.0,-1.0,-1.0,-1.0,-1.0,-1.0,-1.0,-1.0,-1.0,-1.0,-1.0,-1.0,-1.0,-1.0,-1.0,-1.0,-1.0,-1.0,-1.0,-1.0
2123,-0.6012268068770735,-1.0615529812835889,-1.313193894625602,-1.4646049526534235,-1.6315531615050254,-1.6650646632818067,-1.4923281041233063,-1.04144608021752,-0.3523277436804335,0.38035554516646886,0.8845513218989527,1.1310131849663723,1.1337550351117454,1.0722157318489285,0.9180628236757341,0.8138725181515591,0.6959729619005192,0.7413658143072503,0.7410611642910978,0.6618521600914327,0.6566731098168391,0.8888164221250885,0.3867531955056726,-0.483022600609881,0.0,0.0,0.0,0.0,0.0,0.0,0.0,0.0,0.0,0.0,0.0,0.0,0.0,0.0,0.0,0.0,0.0,0.0,0.0,0.0,0.0,0.0,0.0,0.0,0.0,0.0,0.0,0.0,0.0,0.0,0.0,0.0,0.0,0.0,0.0,0.0,0.0,0.0,0.0,0.0,0.0,0.0,0.0,0.0,0.0,0.0,0.0,0.0,0.0,0.0,0.0,0.0,0.0,0.0,0.0,0.0,0.0,0.0,0.0,0.0,0.0,0.0,0.0,0.0,0.0,0.0,0.0,0.0,0.0,0.0,0.0,0.0
2124,-0.5106652292108591,-1.0477012060694226,-1.410252731302733,-1.5719381737518825,-1.6179101250782963,-1.4995845912665604,-1.1913635539644665,-0.8894114191159745,-0.4626036437332445,0.030550015950105775,0.27425359883388,0.31108340074879126,0.31160580928659143,0.32753926968949626,0.270857943338179,0.3860490259231141,0.5299725780870579,0.79927417932304,1.1231674727591388,1.2757107657967852,1.4499340131531382,1.7145339375489188,1.180632411917156,0.21626625113806236,1.0,1.0,1.0,1.0,1.0,1.0,1.0,1.0,1.0,1.0,1.0,1.0,1.0,1.0,1.0,1.0,1.0,1.0,1.0,1.0,1.0,1.0,1.0,1.0,1.0,1.0,1.0,1.0,1.0,1.0,1.0,1.0,1.0,1.0,1.0,1.0,1.0,1.0,1.0,1.0,1.0,1.0,1.0,1.0,1.0,1.0,1.0,1.0,1.0,1.0,1.0,1.0,1.0,1.0,1.0,1.0,1.0,1.0,1.0,1.0,1.0,1.0,1.0,1.0,1.0,1.0,1.0,1.0,1.0,1.0,1.0,1.0
2125,-1.2950817667694847,-1.6071840228399614,-1.7608951152158148,-1.7790303915760488,-1.7010779536727854,-1.4066722172764077,-0.7751550936998761,-0.06173672204486879,0.3615172278463963,0.48670913562349477,0.5291222819498482,0.589524452407724,0.6211149338094217,0.6744969972891425,0.7755572873288329,0.8557035086627698,0.9029429785366048,0.9267820918165897,0.9304383975343787,0.8660874169012908,0.7606395600002533,0.8415170424777481,0.46067623891283643,-0.1959962680020842,0.0,0.0,0.0,0.0,0.0,0.0,0.0,0.0,0.0,0.0,0.0,0.0,0.0,0.0,0.0,0.0,0.0,0.0,0.0,0.0,0.0,0.0,0.0,0.0,0.0,0.0,0.0,0.0,0.0,0.0,0.0,0.0,0.0,0.0,0.0,0.0,0.0,0.0,0.0,0.0,0.0,0.0,0.0,0.0,0.0,0.0,0.0,0.0,0.0,0.0,0.0,0.0,0.0,0.0,0.0,0.0,0.0,0.0,0.0,0.0,0.0,0.0,0.0,0.0,0.0,0.0,0.0,0.0,0.0,0.0,0.0,0.0
2126,-0.9708170729020593,-1.3610691456216328,-1.5892365241383437,-1.7293370182446706,-1.716068447772205,-1.5279669487213705,-1.048867487445974,-0.4415051782700776,-0.08468469978014748,0.10549814365852474,0.2878759456428055,0.4160087095190655,0.552857103019396,0.7237875108705693,0.8716930464312876,0.9671747202233433,1.0395014377007044,1.0595343774336423,1.0414526980643022,0.9682153924172622,0.9248974123453895,0.9567679982841547,0.564694749225223,-0.01040672193918863,-1.0,-1.0,-1.0,-1.0,-1.0,-1.0,-1.0,-1.0,-1.0,-1.0,-1.0,-1.0,-1.0,-1.0,-1.0,-1.0,-1.0,-1.0,-1.0,-1.0,-1.0,-1.0,-1.0,-1.0,-1.0,-1.0,-1.0,-1.0,-1.0,-1.0,-1.0,-1.0,-1.0,-1.0,-1.0,-1.0,-1.0,-1.0,-1.0,-1.0,-1.0,-1.0,-1.0,-1.0,-1.0,-1.0,-1.0,-1.0,-1.0,-1.0,-1.0,-1.0,-1.0,-1.0,-1.0,-1.0,-1.0,-1.0,-1.0,-1.0,-1.0,-1.0,-1.0,-1.0,-1.0,-1.0,-1.0,-1.0,-1.0,-1.0,-1.0,-1.0
2127,-0.7685460388171228,-1.2538140694370854,-1.5600323597269175,-1.739678435578547,-1.779334747758243,-1.61668423426934,-1.1287326938026312,-0.46038965808241844,-0.0035966486140419653,0.22181817851265034,0.4117510421101411,0.6233010683619773,0.8130848480790932,0.9814005490222385,1.0793486584284797,1.068912786802244,0.9805060457399897,0.918785319264824,0.872569316348637,0.8041398152566055,0.7477861084749323,0.7527058765273007,0.35822992905558915,-0.3235306558983552,0.0,0.0,0.0,0.0,0.0,0.0,0.0,0.0,0.0,0.0,0.0,0.0,0.0,0.0,0.0,0.0,0.0,0.0,0.0,0.0,0.0,0.0,0.0,0.0,0.0,0.0,0.0,0.0,0.0,0.0,0.0,0.0,0.0,0.0,0.0,0.0,0.0,0.0,0.0,0.0,0.0,0.0,0.0,0.0,0.0,0.0,0.0,0.0,0.0,0.0,0.0,0.0,0.0,0.0,0.0,0.0,0.0,0.0,0.0,0.0,0.0,0.0,0.0,0.0,0.0,0.0,0.0,0.0,0.0,0.0,0.0,0.0
2128,-0.9506138602744206,-1.3004033357967215,-1.5222210519815955,-1.728972589407595,-1.7690885593559231,-1.557072935375618,-1.089839873624501,-0.45578972416970215,0.050833226625701125,0.31113323072480836,0.4912012949272591,0.6892398615047528,0.8230202680745171,0.8936316359926153,0.9980057659486729,0.9724114140811875,0.983121107415809,0.9704146915950715,0.9333845654889225,0.814851857904043,0.7284482303230284,0.7870792633244312,0.36341105581584243,-0.43618553976056434,0.0,0.0,0.0,0.0,0.0,0.0,0.0,0.0,0.0,0.0,0.0,0.0,0.0,0.0,0.0,0.0,0.0,0.0,0.0,0.0,0.0,0.0,0.0,0.0,0.0,0.0,0.0,0.0,0.0,0.0,0.0,0.0,0.0,0.0,0.0,0.0,0.0,0.0,0.0,0.0,0.0,0.0,0.0,0.0,0.0,0.0,0.0,0.0,0.0,0.0,0.0,0.0,0.0,0.0,0.0,0.0,0.0,0.0,0.0,0.0,0.0,0.0,0.0,0.0,0.0,0.0,0.0,0.0,0.0,0.0,0.0,0.0
2129,-0.7163405335275441,-1.3896383132043488,-1.6621530374769644,-1.7984103996132723,-1.7830980901875308,-1.5574079643037766,-1.0367894438285679,-0.15022891983092956,0.4802387769593809,0.7161371091269627,0.8115616461279601,0.932062863782708,0.9436025752339914,0.9595806372434607,0.9384984720920776,0.9089834408801412,0.8213260173559691,0.7949178315347629,0.6986056244221284,0.5996304069745823,0.43585527137752167,0.541709932190256,0.1495816603745296,-0.6382255637034718,0.0,0.0,0.0,0.0,0.0,0.0,0.0,0.0,0.0,0.0,0.0,0.0,0.0,0.0,0.0,0.0,0.0,0.0,0.0,0.0,0.0,0.0,0.0,0.0,0.0,0.0,0.0,0.0,0.0,0.0,0.0,0.0,0.0,0.0,0.0,0.0,0.0,0.0,0.0,0.0,0.0,0.0,0.0,0.0,0.0,0.0,0.0,0.0,0.0,0.0,0.0,0.0,0.0,0.0,0.0,0.0,0.0,0.0,0.0,0.0,0.0,0.0,0.0,0.0,0.0,0.0,0.0,0.0,0.0,0.0,0.0,0.0
2130,-0.4049399645996686,-0.9583941988940459,-1.329793783854122,-1.5323017363950577,-1.616545044652087,-1.534326815920467,-1.291924796728967,-1.0458776343917302,-0.6530122064623148,-0.2569066512922446,0.025389434549819817,0.21716446560608593,0.3350240939849105,0.4808298198143843,0.6167126559693521,0.8020074325443083,0.9915548761226242,1.1511311427248816,1.3141500445203347,1.2469174042767441,1.1187298703183317,1.2371970225547793,0.8601272149235568,0.2270873552805918,0.0,0.0,0.0,0.0,0.0,0.0,0.0,0.0,0.0,0.0,0.0,0.0,0.0,0.0,0.0,0.0,0.0,0.0,0.0,0.0,0.0,0.0,0.0,0.0,0.0,0.0,0.0,0.0,0.0,0.0,0.0,0.0,0.0,0.0,0.0,0.0,0.0,0.0,0.0,0.0,0.0,0.0,0.0,0.0,0.0,0.0,0.0,0.0,0.0,0.0,0.0,0.0,0.0,0.0,0.0,0.0,0.0,0.0,0.0,0.0,0.0,0.0,0.0,0.0,0.0,0.0,0.0,0.0,0.0,0.0,0.0,0.0
2131,-0.40770272499666194,-0.8189937517947811,-1.094092700412225,-1.3161023782438463,-1.4337433760078848,-1.4402287130641074,-1.360745628677379,-1.2931774658590593,-0.9925896343927404,-0.5624458835939741,-0.19459153289334605,0.07356961329185963,0.32740268923657345,0.5347826532436926,0.6637352854081193,0.7987207892527532,0.9552738093541275,1.0971971156309996,1.278484909621223,1.2837636723414043,1.2646093047567466,1.311665703862362,0.9513524427619929,0.3738558011741681,1.0,1.0,1.0,1.0,1.0,1.0,1.0,1.0,1.0,1.0,1.0,1.0,1.0,1.0,1.0,1.0,1.0,1.0,1.0,1.0,1.0,1.0,1.0,1.0,1.0,1.0,1.0,1.0,1.0,1.0,1.0,1.0,1.0,1.0,1.0,1.0,1.0,1.0,1.0,1.0,1.0,1.0,1.0,1.0,1.0,1.0,1.0,1.0,1.0,1.0,1.0,1.0,1.0,1.0,1.0,1.0,1.0,1.0,1.0,1.0,1.0,1.0,1.0,1.0,1.0,1.0,1.0,1.0,1.0,1.0,1.0,1.0
2132,-1.113416884249181,-1.4120159498145848,-1.5972332481598568,-1.6792812619005255,-1.6618736210786014,-1.476308169916891,-1.0440184228391105,-0.4866257637211024,-0.09182046987986493,0.13970115305172492,0.3373359018499693,0.5298644093404493,0.6710984018756597,0.7751960939907655,0.894960662845603,0.9511293172310112,0.9908187383049981,1.0536022962027376,1.073447006739731,0.9990583549607088,0.8772048692072405,0.8358907349898741,0.48460454320344676,-0.05131869223418831,0.0,0.0,0.0,0.0,0.0,0.0,0.0,0.0,0.0,0.0,0.0,0.0,0.0,0.0,0.0,0.0,0.0,0.0,0.0,0.0,0.0,0.0,0.0,0.0,0.0,0.0,0.0,0.0,0.0,0.0,0.0,0.0,0.0,0.0,0.0,0.0,0.0,0.0,0.0,0.0,0.0,0.0,0.0,0.0,0.0,0.0,0.0,0.0,0.0,0.0,0.0,0.0,0.0,0.0,0.0,0.0,0.0,0.0,0.0,0.0,0.0,0.0,0.0,0.0,0.0,0.0,0.0,0.0,0.0,0.0,0.0,0.0
2133,-0.5870618161132254,-1.1675094996230047,-1.5540449335338633,-1.7947318378318586,-1.8503457973559554,-1.6796367229227178,-1.0339991663284012,-0.2552195808071904,0.260222381801906,0.5191403523015092,0.697215514088932,0.8484044570335795,1.0099059222740858,1.1227912109769713,1.1811674532588874,1.0710444473138214,0.8565071531231829,0.7156307324743946,0.6692243821430289,0.5322151573551877,0.47623289346338155,0.5259539831041304,0.08730348116241275,-0.6504101673592165,0.0,0.0,0.0,0.0,0.0,0.0,0.0,0.0,0.0,0.0,0.0,0.0,0.0,0.0,0.0,0.0,0.0,0.0,0.0,0.0,0.0,0.0,0.0,0.0,0.0,0.0,0.0,0.0,0.0,0.0,0.0,0.0,0.0,0.0,0.0,0.0,0.0,0.0,0.0,0.0,0.0,0.0,0.0,0.0,0.0,0.0,0.0,0.0,0.0,0.0,0.0,0.0,0.0,0.0,0.0,0.0,0.0,0.0,0.0,0.0,0.0,0.0,0.0,0.0,0.0,0.0,0.0,0.0,0.0,0.0,0.0,0.0
2134,-0.8615163006036591,-1.409644304781328,-1.7357896401045971,-1.8841857676766847,-1.885816494353301,-1.5898396025474344,-0.8880156090986747,-0.011703861251966216,0.5119632427764577,0.5900342824194652,0.5857536248933473,0.5786191956831508,0.5661849047739511,0.6952161530612194,0.8083478162514783,0.78755605112462,0.7490301333895588,0.8360701697539562,0.8556388898733523,0.8462622114828084,0.7286460499318546,0.9251486144641241,0.5215437620015787,-0.31950352146330135,1.0,1.0,1.0,1.0,1.0,1.0,1.0,1.0,1.0,1.0,1.0,1.0,1.0,1.0,1.0,1.0,1.0,1.0,1.0,1.0,1.0,1.0,1.0,1.0,1.0,1.0,1.0,1.0,1.0,1.0,1.0,1.0,1.0,1.0,1.0,1.0,1.0,1.0,1.0,1.0,1.0,1.0,1.0,1.0,1.0,1.0,1.0,1.0,1.0,1.0,1.0,1.0,1.0,1.0,1.0,1.0,1.0,1.0,1.0,1.0,1.0,1.0,1.0,1.0,1.0,1.0,1.0,1.0,1.0,1.0,1.0,1.0
2135,-1.0342655086223815,-1.4807508459472003,-1.7630236124402043,-1.8273257980711886,-1.803471761466146,-1.5282860638195679,-0.8242462732953763,-0.11139086054758193,0.37139409769795384,0.5186668454334341,0.5708691574241794,0.650036902098886,0.7352545835937121,0.8265222019086576,0.8749216964696136,0.8827001866669101,0.8298064533252939,0.8190894223867965,0.8232379504920213,0.8068166934088398,0.7012020820633251,0.7986924925361079,0.4391533900832922,-0.2756034313793968,-1.0,-1.0,-1.0,-1.0,-1.0,-1.0,-1.0,-1.0,-1.0,-1.0,-1.0,-1.0,-1.0,-1.0,-1.0,-1.0,-1.0,-1.0,-1.0,-1.0,-1.0,-1.0,-1.0,-1.0,-1.0,-1.0,-1.0,-1.0,-1.0,-1.0,-1.0,-1.0,-1.0,-1.0,-1.0,-1.0,-1.0,-1.0,-1.0,-1.0,-1.0,-1.0,-1.0,-1.0,-1.0,-1.0,-1.0,-1.0,-1.0,-1.0,-1.0,-1.0,-1.0,-1.0,-1.0,-1.0,-1.0,-1.0,-1.0,-1.0,-1.0,-1.0,-1.0,-1.0,-1.0,-1.0,-1.0,-1.0,-1.0,-1.0,-1.0,-1.0
2136,-0.8903905993144428,-1.440195365336302,-1.7435359259000864,-1.8859285028668629,-1.845388973163857,-1.5478973994726457,-0.7879324844431644,0.0295138532995339,0.5387790896183874,0.6767345041301086,0.7646709964212056,0.7840331598614472,0.8354639064995888,0.8643054624574487,0.9306612100807765,0.9244088448031985,0.8382875553346241,0.7931091739740604,0.7160638986180993,0.5974706475466197,0.4806925992976628,0.5811338221439158,0.2144628519943413,-0.42852232558368053,1.0,1.0,1.0,1.0,1.0,1.0,1.0,1.0,1.0,1.0,1.0,1.0,1.0,1.0,1.0,1.0,1.0,1.0,1.0,1.0,1.0,1.0,1.0,1.0,1.0,1.0,1.0,1.0,1.0,1.0,1.0,1.0,1.0,1.0,1.0,1.0,1.0,1.0,1.0,1.0,1.0,1.0,1.0,1.0,1.0,1.0,1.0,1.0,1.0,1.0,1.0,1.0,1.0,1.0,1.0,1.0,1.0,1.0,1.0,1.0,1.0,1.0,1.0,1.0,1.0,1.0,1.0,1.0,1.0,1.0,1.0,1.0
2137,-0.45251688580857613,-1.0552987301522458,-1.4425162063200336,-1.6686474552888508,-1.6677081769961455,-1.5481850142493874,-1.3248716001586862,-0.9630146378939434,-0.4821041520287952,-0.08197159933630858,0.29937538750207066,0.4449635228714027,0.5292637496417094,0.6079283066557839,0.6238960376317751,0.7206417017804281,0.8028285523921477,1.064652376483769,1.2017870072187526,1.2165806403288622,1.0679398505082378,1.1562320100225423,0.820909659526726,0.1298356556687518,0.0,0.0,0.0,0.0,0.0,0.0,0.0,0.0,0.0,0.0,0.0,0.0,0.0,0.0,0.0,0.0,0.0,0.0,0.0,0.0,0.0,0.0,0.0,0.0,0.0,0.0,0.0,0.0,0.0,0.0,0.0,0.0,0.0,0.0,0.0,0.0,0.0,0.0,0.0,0.0,0.0,0.0,0.0,0.0,0.0,0.0,0.0,0.0,0.0,0.0,0.0,0.0,0.0,0.0,0.0,0.0,0.0,0.0,0.0,0.0,0.0,0.0,0.0,0.0,0.0,0.0,0.0,0.0,0.0,0.0,0.0,0.0
2138,-0.4606250138525483,-1.0104766206973173,-1.321050748765082,-1.4993981533707534,-1.5946013942634607,-1.5531350937857482,-1.421543058596273,-1.2216162527215877,-0.7403109793195681,-0.1367224320598045,0.2866146457764335,0.49225364610468103,0.6521950908044291,0.6835063789202528,0.6947192050698383,0.6397128881096075,0.6900648244039727,0.7361855055475508,0.9037432095187155,0.9866758104741403,1.0913993754561182,1.4100128883103784,1.1701007212607561,0.5222955576752686,-1.0,-1.0,-1.0,-1.0,-1.0,-1.0,-1.0,-1.0,-1.0,-1.0,-1.0,-1.0,-1.0,-1.0,-1.0,-1.0,-1.0,-1.0,-1.0,-1.0,-1.0,-1.0,-1.0,-1.0,-1.0,-1.0,-1.0,-1.0,-1.0,-1.0,-1.0,-1.0,-1.0,-1.0,-1.0,-1.0,-1.0,-1.0,-1.0,-1.0,-1.0,-1.0,-1.0,-1.0,-1.0,-1.0,-1.0,-1.0,-1.0,-1.0,-1.0,-1.0,-1.0,-1.0,-1.0,-1.0,-1.0,-1.0,-1.0,-1.0,-1.0,-1.0,-1.0,-1.0,-1.0,-1.0,-1.0,-1.0,-1.0,-1.0,-1.0,-1.0
2139,-1.2283315290510395,-1.5793376897285858,-1.7882573985576502,-1.8545644094202751,-1.770891276665058,-1.4328658535637926,-0.7703219910555006,0.05290235280243294,0.5309092432803508,0.6496654505660574,0.7003604932626146,0.7293040297502683,0.7366714754016711,0.7422847673265495,0.7863140258623136,0.7152707999380726,0.6993080010266999,0.7270236299057865,0.7517571974497815,0.7228136609621278,0.7277252913963963,0.8473585755453652,0.48793247698050135,-0.1830313234151082,1.0,1.0,1.0,1.0,1.0,1.0,1.0,1.0,1.0,1.0,1.0,1.0,1.0,1.0,1.0,1.0,1.0,1.0,1.0,1.0,1.0,1.0,1.0,1.0,1.0,1.0,1.0,1.0,1.0,1.0,1.0,1.0,1.0,1.0,1.0,1.0,1.0,1.0,1.0,1.0,1.0,1.0,1.0,1.0,1.0,1.0,1.0,1.0,1.0,1.0,1.0,1.0,1.0,1.0,1.0,1.0,1.0,1.0,1.0,1.0,1.0,1.0,1.0,1.0,1.0,1.0,1.0,1.0,1.0,1.0,1.0,1.0
2140,-0.9421648067510396,-1.497673102266539,-1.7700879196044654,-1.9437796071391273,-1.8973601222647445,-1.514889718722296,-0.6834796962069448,0.2658314592522608,0.7553064030450469,0.8006362286500778,0.7548705393373062,0.7237062842338474,0.7210911019874033,0.7422304918128264,0.7167324649099965,0.645468748694395,0.6456866805482653,0.6315211100466932,0.6504811813334128,0.6716205711588359,0.6724922985743172,0.8376846438080358,0.43995901049466335,-0.4258842449322017,0.0,0.0,0.0,0.0,0.0,0.0,0.0,0.0,0.0,0.0,0.0,0.0,0.0,0.0,0.0,0.0,0.0,0.0,0.0,0.0,0.0,0.0,0.0,0.0,0.0,0.0,0.0,0.0,0.0,0.0,0.0,0.0,0.0,0.0,0.0,0.0,0.0,0.0,0.0,0.0,0.0,0.0,0.0,0.0,0.0,0.0,0.0,0.0,0.0,0.0,0.0,0.0,0.0,0.0,0.0,0.0,0.0,0.0,0.0,0.0,0.0,0.0,0.0,0.0,0.0,0.0,0.0,0.0,0.0,0.0,0.0,0.0
2141,-0.9950921587142312,-1.5017316246290873,-1.7801391137865061,-1.936216039526271,-1.873385641255498,-1.4724255731388327,-0.6813841984435512,0.201793626012758,0.6900058019754086,0.7102092162603568,0.7019946412214219,0.7463977495399894,0.7603847286603382,0.8001255106054561,0.8380901682178314,0.7535022468709602,0.6924479729329298,0.6604777349435611,0.6655840924001964,0.6171847043329577,0.6034197407542018,0.7916889200249283,0.45333723463744335,-0.44626973989673585,-1.0,-1.0,-1.0,-1.0,-1.0,-1.0,-1.0,-1.0,-1.0,-1.0,-1.0,-1.0,-1.0,-1.0,-1.0,-1.0,-1.0,-1.0,-1.0,-1.0,-1.0,-1.0,-1.0,-1.0,-1.0,-1.0,-1.0,-1.0,-1.0,-1.0,-1.0,-1.0,-1.0,-1.0,-1.0,-1.0,-1.0,-1.0,-1.0,-1.0,-1.0,-1.0,-1.0,-1.0,-1.0,-1.0,-1.0,-1.0,-1.0,-1.0,-1.0,-1.0,-1.0,-1.0,-1.0,-1.0,-1.0,-1.0,-1.0,-1.0,-1.0,-1.0,-1.0,-1.0,-1.0,-1.0,-1.0,-1.0,-1.0,-1.0,-1.0,-1.0
2142,-1.0908977339838923,-1.5164580174707616,-1.7944184211137553,-1.8978545573822978,-1.8223113117929128,-1.4411084725110928,-0.7323578683788878,0.10094224066094433,0.5354127531147667,0.588680426286769,0.6105685974447189,0.7120677274160978,0.8160849655737896,0.8555998940359295,0.8734203519698357,0.8608298110382715,0.8027196221233599,0.7498393502107904,0.7068378104137558,0.6500835259068588,0.605919782331526,0.7343432998334807,0.42674669984388197,-0.3346904755711762,0.0,0.0,0.0,0.0,0.0,0.0,0.0,0.0,0.0,0.0,0.0,0.0,0.0,0.0,0.0,0.0,0.0,0.0,0.0,0.0,0.0,0.0,0.0,0.0,0.0,0.0,0.0,0.0,0.0,0.0,0.0,0.0,0.0,0.0,0.0,0.0,0.0,0.0,0.0,0.0,0.0,0.0,0.0,0.0,0.0,0.0,0.0,0.0,0.0,0.0,0.0,0.0,0.0,0.0,0.0,0.0,0.0,0.0,0.0,0.0,0.0,0.0,0.0,0.0,0.0,0.0,0.0,0.0,0.0,0.0,0.0,0.0
2143,-0.9142029797673489,-1.3822345205603357,-1.6843997217810776,-1.8106023714556116,-1.7963595009923428,-1.5196151192060428,-0.881210001352435,-0.1575279502187489,0.37144144141708435,0.5576804944367898,0.6572002981801368,0.7823212108574606,0.8629106171496275,0.8666966966398635,0.9656756318846054,0.9871300823292761,0.9892935563236968,0.9552188409115725,0.9117690715236257,0.695241382582032,0.4323792922599309,0.48700701061905066,0.13183669653500446,-0.5076501583158137,0.0,0.0,0.0,0.0,0.0,0.0,0.0,0.0,0.0,0.0,0.0,0.0,0.0,0.0,0.0,0.0,0.0,0.0,0.0,0.0,0.0,0.0,0.0,0.0,0.0,0.0,0.0,0.0,0.0,0.0,0.0,0.0,0.0,0.0,0.0,0.0,0.0,0.0,0.0,0.0,0.0,0.0,0.0,0.0,0.0,0.0,0.0,0.0,0.0,0.0,0.0,0.0,0.0,0.0,0.0,0.0,0.0,0.0,0.0,0.0,0.0,0.0,0.0,0.0,0.0,0.0,0.0,0.0,0.0,0.0,0.0,0.0
2144,-0.37927942314402696,-0.9824961266134489,-1.3655776301761142,-1.596435748129905,-1.685372891931775,-1.6044253733414204,-1.3411882479514878,-1.0478849013708522,-0.600465889525983,-0.11877559058961293,0.2405472906335457,0.48675389912524775,0.6215262612458122,0.7178222703740782,0.7676523012985303,0.8872864261762233,1.0384585453098987,1.1366468340935236,1.1793282529866196,1.1265546759316092,0.9345934175601968,0.9297575917742795,0.6707255322851446,-0.015751476020070664,0.0,0.0,0.0,0.0,0.0,0.0,0.0,0.0,0.0,0.0,0.0,0.0,0.0,0.0,0.0,0.0,0.0,0.0,0.0,0.0,0.0,0.0,0.0,0.0,0.0,0.0,0.0,0.0,0.0,0.0,0.0,0.0,0.0,0.0,0.0,0.0,0.0,0.0,0.0,0.0,0.0,0.0,0.0,0.0,0.0,0.0,0.0,0.0,0.0,0.0,0.0,0.0,0.0,0.0,0.0,0.0,0.0,0.0,0.0,0.0,0.0,0.0,0.0,0.0,0.0,0.0,0.0,0.0,0.0,0.0,0.0,0.0
2145,-0.5192562275778864,-0.8908762735326536,-1.2023993483594222,-1.3439031859898884,-1.4136585989063155,-1.4283762244886824,-1.3527950847792352,-1.24210627571185,-0.9310431266845303,-0.5002459612006623,-0.1511622794188946,0.12372004005177276,0.36027520956835934,0.5255418801703556,0.6616799168072506,0.7801874644652683,0.9391684824747955,1.1412292170327094,1.2542176550973394,1.2582036786925639,1.1858420195792594,1.3011300866411344,1.0242547553728547,0.420372180696358,1.0,1.0,1.0,1.0,1.0,1.0,1.0,1.0,1.0,1.0,1.0,1.0,1.0,1.0,1.0,1.0,1.0,1.0,1.0,1.0,1.0,1.0,1.0,1.0,1.0,1.0,1.0,1.0,1.0,1.0,1.0,1.0,1.0,1.0,1.0,1.0,1.0,1.0,1.0,1.0,1.0,1.0,1.0,1.0,1.0,1.0,1.0,1.0,1.0,1.0,1.0,1.0,1.0,1.0,1.0,1.0,1.0,1.0,1.0,1.0,1.0,1.0,1.0,1.0,1.0,1.0,1.0,1.0,1.0,1.0,1.0,1.0
2146,-1.067506055110089,-1.4185050096098493,-1.603199521664755,-1.723594941414013,-1.7415881030468692,-1.5179966092268184,-1.0403840100017396,-0.4417144777320772,0.0033516673629823673,0.2737783024920852,0.4804350559518007,0.6725385169143532,0.8150284807274861,0.9379376509989814,0.9793483832863636,0.9798775939226241,0.8864719166226502,0.8709925055120313,0.8727124400798779,0.8146315727502907,0.7761314989623411,0.8035181493888207,0.49220999260859627,-0.10447499977508944,0.0,0.0,0.0,0.0,0.0,0.0,0.0,0.0,0.0,0.0,0.0,0.0,0.0,0.0,0.0,0.0,0.0,0.0,0.0,0.0,0.0,0.0,0.0,0.0,0.0,0.0,0.0,0.0,0.0,0.0,0.0,0.0,0.0,0.0,0.0,0.0,0.0,0.0,0.0,0.0,0.0,0.0,0.0,0.0,0.0,0.0,0.0,0.0,0.0,0.0,0.0,0.0,0.0,0.0,0.0,0.0,0.0,0.0,0.0,0.0,0.0,0.0,0.0,0.0,0.0,0.0,0.0,0.0,0.0,0.0,0.0,0.0
2147,-0.9004570077598294,-1.2704725591008903,-1.5348811349006337,-1.6760815725688396,-1.6992890313914997,-1.5829909793139005,-1.1573036025948857,-0.5917195780291628,-0.14256398452318852,0.12562558175889824,0.3305813416983442,0.5060714516719411,0.6750426125380492,0.8629187258158747,1.0221114630207497,1.059530230897735,1.0500125652008014,1.0476657435221055,1.01037735462727,0.9105070543005425,0.7837786836509614,0.8075076584022204,0.4780399705097395,-0.11401098743238786,0.0,0.0,0.0,0.0,0.0,0.0,0.0,0.0,0.0,0.0,0.0,0.0,0.0,0.0,0.0,0.0,0.0,0.0,0.0,0.0,0.0,0.0,0.0,0.0,0.0,0.0,0.0,0.0,0.0,0.0,0.0,0.0,0.0,0.0,0.0,0.0,0.0,0.0,0.0,0.0,0.0,0.0,0.0,0.0,0.0,0.0,0.0,0.0,0.0,0.0,0.0,0.0,0.0,0.0,0.0,0.0,0.0,0.0,0.0,0.0,0.0,0.0,0.0,0.0,0.0,0.0,0.0,0.0,0.0,0.0,0.0,0.0
2148,-0.8833409092486981,-1.2454042452520306,-1.4778858338238223,-1.624692609367462,-1.688751700843176,-1.541156852117937,-1.1758286415051216,-0.6960046557942374,-0.2853059462979199,-0.0183743015019306,0.20847819291558034,0.4432114191490842,0.6275079617602333,0.7950298037916259,0.955458987188625,1.0293127024927873,1.0799745498813134,1.1014776895506655,1.1069942018218606,1.0228955351569073,0.864605407538535,0.8528968916976313,0.5519655182097867,-0.003063165402287184,0.0,0.0,0.0,0.0,0.0,0.0,0.0,0.0,0.0,0.0,0.0,0.0,0.0,0.0,0.0,0.0,0.0,0.0,0.0,0.0,0.0,0.0,0.0,0.0,0.0,0.0,0.0,0.0,0.0,0.0,0.0,0.0,0.0,0.0,0.0,0.0,0.0,0.0,0.0,0.0,0.0,0.0,0.0,0.0,0.0,0.0,0.0,0.0,0.0,0.0,0.0,0.0,0.0,0.0,0.0,0.0,0.0,0.0,0.0,0.0,0.0,0.0,0.0,0.0,0.0,0.0,0.0,0.0,0.0,0.0,0.0,0.0
2149,-0.8546973993661554,-1.1914334220027585,-1.432465522416327,-1.586458253236107,-1.623577984386399,-1.527972522988697,-1.2092548313879121,-0.7762241215762803,-0.3736178067923417,-0.1052135969363826,0.15107993140369866,0.3939827874985817,0.6559870437079387,0.8349888241621329,0.9981384117378205,1.0954177071661726,1.1683771787374364,1.1852139798692667,1.1331282032684586,1.000009167419135,0.8356780499394594,0.7746323382334085,0.4895882488962839,-0.03530641095042114,0.0,0.0,0.0,0.0,0.0,0.0,0.0,0.0,0.0,0.0,0.0,0.0,0.0,0.0,0.0,0.0,0.0,0.0,0.0,0.0,0.0,0.0,0.0,0.0,0.0,0.0,0.0,0.0,0.0,0.0,0.0,0.0,0.0,0.0,0.0,0.0,0.0,0.0,0.0,0.0,0.0,0.0,0.0,0.0,0.0,0.0,0.0,0.0,0.0,0.0,0.0,0.0,0.0,0.0,0.0,0.0,0.0,0.0,0.0,0.0,0.0,0.0,0.0,0.0,0.0,0.0,0.0,0.0,0.0,0.0,0.0,0.0
2150,-0.6726761013472913,-1.0790360238812877,-1.3662197169796797,-1.5558410056282694,-1.6293880489827357,-1.5576421577104196,-1.2847676172646654,-0.8515905415075439,-0.41351032952679123,-0.06598804167636782,0.23300320396056426,0.552307442523968,0.8012666858789502,0.9774793979159775,1.1298768768667966,1.2030236642030072,1.2317420335128464,1.1974200799474288,1.116468300255234,0.896227426210091,0.6436658786908084,0.5023755042465821,0.23620525210660906,-0.24440216181380087,0.0,0.0,0.0,0.0,0.0,0.0,0.0,0.0,0.0,0.0,0.0,0.0,0.0,0.0,0.0,0.0,0.0,0.0,0.0,0.0,0.0,0.0,0.0,0.0,0.0,0.0,0.0,0.0,0.0,0.0,0.0,0.0,0.0,0.0,0.0,0.0,0.0,0.0,0.0,0.0,0.0,0.0,0.0,0.0,0.0,0.0,0.0,0.0,0.0,0.0,0.0,0.0,0.0,0.0,0.0,0.0,0.0,0.0,0.0,0.0,0.0,0.0,0.0,0.0,0.0,0.0,0.0,0.0,0.0,0.0,0.0,0.0
2151,-0.40226231020543274,-0.8184346143200053,-1.122623271005086,-1.28872755009716,-1.4077161729014187,-1.411554515572524,-1.3598328480793824,-1.2558137616924336,-0.9569028261801225,-0.6022399633700094,-0.22886518003825895,0.10104037254322606,0.4090673718994119,0.6959834865645196,0.9154407287849547,1.1044791053368819,1.247841204102658,1.3545471303593806,1.3775771863860111,1.2515835882069857,0.9987327647479359,0.8028813299547972,0.5435053239548687,0.05229342062019105,0.0,0.0,0.0,0.0,0.0,0.0,0.0,0.0,0.0,0.0,0.0,0.0,0.0,0.0,0.0,0.0,0.0,0.0,0.0,0.0,0.0,0.0,0.0,0.0,0.0,0.0,0.0,0.0,0.0,0.0,0.0,0.0,0.0,0.0,0.0,0.0,0.0,0.0,0.0,0.0,0.0,0.0,0.0,0.0,0.0,0.0,0.0,0.0,0.0,0.0,0.0,0.0,0.0,0.0,0.0,0.0,0.0,0.0,0.0,0.0,0.0,0.0,0.0,0.0,0.0,0.0,0.0,0.0,0.0,0.0,0.0,0.0
2152,-0.339937413056818,-0.7583971582244697,-1.041787449342305,-1.2332699339553244,-1.3554666159303161,-1.4195465180969074,-1.4426417856429168,-1.3752490377217748,-1.0825827784911983,-0.6556042870975596,-0.20988455400674938,0.19106443502970674,0.541942126804528,0.839151717355631,1.0190865681956458,1.1267067288506154,1.2162482169593234,1.2853447141256626,1.2941474185591826,1.1531148421511752,0.9366440352752603,0.7812242430189192,0.5159126244473454,0.013779860793332262,0.0,0.0,0.0,0.0,0.0,0.0,0.0,0.0,0.0,0.0,0.0,0.0,0.0,0.0,0.0,0.0,0.0,0.0,0.0,0.0,0.0,0.0,0.0,0.0,0.0,0.0,0.0,0.0,0.0,0.0,0.0,0.0,0.0,0.0,0.0,0.0,0.0,0.0,0.0,0.0,0.0,0.0,0.0,0.0,0.0,0.0,0.0,0.0,0.0,0.0,0.0,0.0,0.0,0.0,0.0,0.0,0.0,0.0,0.0,0.0,0.0,0.0,0.0,0.0,0.0,0.0,0.0,0.0,0.0,0.0,0.0,0.0
2153,-0.9070009249995566,-1.1980232349131807,-1.389904440784619,-1.4976050245301469,-1.5340014208339225,-1.437316515315304,-1.1803088334401777,-0.8483498814670922,-0.5361149479408381,-0.24233871847048652,0.015413265987539199,0.30479811021878495,0.5536184636820192,0.759492558111964,0.948396553651805,1.0874322761373933,1.1933465336839628,1.263906418542816,1.2503601115340488,1.1346954901514985,0.9393904923987235,0.7862130208380487,0.5071739825091032,0.026726665247608476,0.0,0.0,0.0,0.0,0.0,0.0,0.0,0.0,0.0,0.0,0.0,0.0,0.0,0.0,0.0,0.0,0.0,0.0,0.0,0.0,0.0,0.0,0.0,0.0,0.0,0.0,0.0,0.0,0.0,0.0,0.0,0.0,0.0,0.0,0.0,0.0,0.0,0.0,0.0,0.0,0.0,0.0,0.0,0.0,0.0,0.0,0.0,0.0,0.0,0.0,0.0,0.0,0.0,0.0,0.0,0.0,0.0,0.0,0.0,0.0,0.0,0.0,0.0,0.0,0.0,0.0,0.0,0.0,0.0,0.0,0.0,0.0
2154,-0.7082215722710641,-1.0793991170451842,-1.3190250167074984,-1.4749931480030543,-1.5438601603161948,-1.4955749937284588,-1.2658878560704274,-0.935013165093202,-0.5608618175146507,-0.23014364247450064,0.09916588913197155,0.4179105949858597,0.7220210607232055,0.956716708367647,1.1360839722559632,1.2402453283795882,1.2779656692147403,1.2408713921278895,1.1620656178104662,0.9767507483132879,0.7482374801833215,0.5859304534362152,0.27109864600921,-0.2220830717151217,0.0,0.0,0.0,0.0,0.0,0.0,0.0,0.0,0.0,0.0,0.0,0.0,0.0,0.0,0.0,0.0,0.0,0.0,0.0,0.0,0.0,0.0,0.0,0.0,0.0,0.0,0.0,0.0,0.0,0.0,0.0,0.0,0.0,0.0,0.0,0.0,0.0,0.0,0.0,0.0,0.0,0.0,0.0,0.0,0.0,0.0,0.0,0.0,0.0,0.0,0.0,0.0,0.0,0.0,0.0,0.0,0.0,0.0,0.0,0.0,0.0,0.0,0.0,0.0,0.0,0.0,0.0,0.0,0.0,0.0,0.0,0.0
2155,-0.5130524357194419,-0.9840256454168423,-1.3162617491006687,-1.5164620107595015,-1.6171903850878473,-1.5361469737259557,-1.2660022691863175,-0.8709418156095519,-0.465829466049916,-0.1842716712797271,0.028598167607515,0.24848339223280197,0.49287011331633523,0.7052164159544695,0.9456242615447833,1.1353537982214594,1.2659237387489513,1.3589037765905012,1.3624638230844344,1.204565290353514,0.9082437733584845,0.6318166338295522,0.29287926615714566,-0.3107580290641779,0.0,0.0,0.0,0.0,0.0,0.0,0.0,0.0,0.0,0.0,0.0,0.0,0.0,0.0,0.0,0.0,0.0,0.0,0.0,0.0,0.0,0.0,0.0,0.0,0.0,0.0,0.0,0.0,0.0,0.0,0.0,0.0,0.0,0.0,0.0,0.0,0.0,0.0,0.0,0.0,0.0,0.0,0.0,0.0,0.0,0.0,0.0,0.0,0.0,0.0,0.0,0.0,0.0,0.0,0.0,0.0,0.0,0.0,0.0,0.0,0.0,0.0,0.0,0.0,0.0,0.0,0.0,0.0,0.0,0.0,0.0,0.0
2156,-0.5931682376615849,-1.07370685106157,-1.3818194532032382,-1.581122680547075,-1.6322760918066133,-1.5595558821558713,-1.2595714703626466,-0.8411322312247707,-0.40708686661788307,-0.10320092345740543,0.19017256018575182,0.5324235617908832,0.811166302806842,1.0488345885953325,1.1968760288083184,1.2343740802824714,1.2080387435535143,1.16208737411698,1.0484010851100822,0.860585700125379,0.655646927473288,0.5336156963753216,0.21986754892539906,-0.26944951005090495,0.0,0.0,0.0,0.0,0.0,0.0,0.0,0.0,0.0,0.0,0.0,0.0,0.0,0.0,0.0,0.0,0.0,0.0,0.0,0.0,0.0,0.0,0.0,0.0,0.0,0.0,0.0,0.0,0.0,0.0,0.0,0.0,0.0,0.0,0.0,0.0,0.0,0.0,0.0,0.0,0.0,0.0,0.0,0.0,0.0,0.0,0.0,0.0,0.0,0.0,0.0,0.0,0.0,0.0,0.0,0.0,0.0,0.0,0.0,0.0,0.0,0.0,0.0,0.0,0.0,0.0,0.0,0.0,0.0,0.0,0.0,0.0
2157,-0.3674147741902412,-1.0111009112188605,-1.4140411597090923,-1.6891533420040927,-1.7886155784319613,-1.6518777323739042,-1.1962061336751133,-0.5754308591509024,0.07861971567733031,0.45719444372636575,0.7475805343576384,0.9221394867721792,1.0503312174516077,1.1265189268908709,1.1836142509097936,1.1259734301645754,1.028875012883987,0.9494143230869512,0.814858463934076,0.5786583814481504,0.2929999291114383,0.1780819521051989,-0.100666875031771,-0.7403527027342238,0.0,0.0,0.0,0.0,0.0,0.0,0.0,0.0,0.0,0.0,0.0,0.0,0.0,0.0,0.0,0.0,0.0,0.0,0.0,0.0,0.0,0.0,0.0,0.0,0.0,0.0,0.0,0.0,0.0,0.0,0.0,0.0,0.0,0.0,0.0,0.0,0.0,0.0,0.0,0.0,0.0,0.0,0.0,0.0,0.0,0.0,0.0,0.0,0.0,0.0,0.0,0.0,0.0,0.0,0.0,0.0,0.0,0.0,0.0,0.0,0.0,0.0,0.0,0.0,0.0,0.0,0.0,0.0,0.0,0.0,0.0,0.0
2158,0.3305118815704632,-0.581506771869861,-1.170640460295781,-1.5206757885528068,-1.7466368761849485,-1.6824102104497145,-1.5723490605306996,-1.4100307598543806,-0.89475773702398,-0.19760647440698445,0.3039453971072527,0.6285819984598905,0.7438980573936063,0.8311879349155835,0.8017020565553169,0.7573272693200643,0.7520723603053633,0.9015453278346354,1.0489747196359682,1.000512780944837,0.8589221769376164,0.9561379937095844,0.7754275114818121,0.0858666729971624,0.0,0.0,0.0,0.0,0.0,0.0,0.0,0.0,0.0,0.0,0.0,0.0,0.0,0.0,0.0,0.0,0.0,0.0,0.0,0.0,0.0,0.0,0.0,0.0,0.0,0.0,0.0,0.0,0.0,0.0,0.0,0.0,0.0,0.0,0.0,0.0,0.0,0.0,0.0,0.0,0.0,0.0,0.0,0.0,0.0,0.0,0.0,0.0,0.0,0.0,0.0,0.0,0.0,0.0,0.0,0.0,0.0,0.0,0.0,0.0,0.0,0.0,0.0,0.0,0.0,0.0,0.0,0.0,0.0,0.0,0.0,0.0
2159,-0.2483399628132059,-0.7647085556849008,-1.1491234847152718,-1.3458661815392425,-1.4676695635466186,-1.4899137982039938,-1.451040378414406,-1.3147674457075722,-0.9357516027590884,-0.4206787905470464,-0.08507159969693598,0.11793403698202398,0.3133809531463418,0.4690905957479696,0.6226406039168425,0.6757676109626128,0.9597595388698813,1.216540072924438,1.400972853481706,1.3774328381646777,1.1111499126059994,1.1320983666037219,0.9426984268511177,0.3334655533709623,0.0,0.0,0.0,0.0,0.0,0.0,0.0,0.0,0.0,0.0,0.0,0.0,0.0,0.0,0.0,0.0,0.0,0.0,0.0,0.0,0.0,0.0,0.0,0.0,0.0,0.0,0.0,0.0,0.0,0.0,0.0,0.0,0.0,0.0,0.0,0.0,0.0,0.0,0.0,0.0,0.0,0.0,0.0,0.0,0.0,0.0,0.0,0.0,0.0,0.0,0.0,0.0,0.0,0.0,0.0,0.0,0.0,0.0,0.0,0.0,0.0,0.0,0.0,0.0,0.0,0.0,0.0,0.0,0.0,0.0,0.0,0.0
2160,-0.6033997435100737,-0.9518883393468761,-1.1998238614315888,-1.333937986966394,-1.3914340524236046,-1.3772551584533874,-1.2852874700410624,-1.1749782765846948,-0.9250915305591265,-0.5906517470964842,-0.2277240940973506,0.07978879898148514,0.34086256226795864,0.5182938592897572,0.699757685789324,0.8761483300426663,1.018717759321179,1.1810595912003612,1.3082793921441436,1.3117915952376835,1.204344196894571,1.1703929003236841,0.941579372859356,0.41045621615847344,-1.0,-1.0,-1.0,-1.0,-1.0,-1.0,-1.0,-1.0,-1.0,-1.0,-1.0,-1.0,-1.0,-1.0,-1.0,-1.0,-1.0,-1.0,-1.0,-1.0,-1.0,-1.0,-1.0,-1.0,-1.0,-1.0,-1.0,-1.0,-1.0,-1.0,-1.0,-1.0,-1.0,-1.0,-1.0,-1.0,-1.0,-1.0,-1.0,-1.0,-1.0,-1.0,-1.0,-1.0,-1.0,-1.0,-1.0,-1.0,-1.0,-1.0,-1.0,-1.0,-1.0,-1.0,-1.0,-1.0,-1.0,-1.0,-1.0,-1.0,-1.0,-1.0,-1.0,-1.0,-1.0,-1.0,-1.0,-1.0,-1.0,-1.0,-1.0,-1.0
2161,-0.9795035413240337,-1.3307075680926637,-1.5153227821639612,-1.6141571896970799,-1.6393319916158933,-1.4866255799766719,-1.1580063549294466,-0.7243367218753213,-0.2939822890738792,0.005110933722886147,0.26431815347955634,0.5086069720991521,0.7260633886735928,0.8815670005260157,0.9962522092672762,1.055822213807678,1.055511413783989,1.0474306131680735,1.0361382123073712,0.969316207214225,0.8410593974385424,0.7427429899449053,0.5380293743417157,0.07400493897395956,0.0,0.0,0.0,0.0,0.0,0.0,0.0,0.0,0.0,0.0,0.0,0.0,0.0,0.0,0.0,0.0,0.0,0.0,0.0,0.0,0.0,0.0,0.0,0.0,0.0,0.0,0.0,0.0,0.0,0.0,0.0,0.0,0.0,0.0,0.0,0.0,0.0,0.0,0.0,0.0,0.0,0.0,0.0,0.0,0.0,0.0,0.0,0.0,0.0,0.0,0.0,0.0,0.0,0.0,0.0,0.0,0.0,0.0,0.0,0.0,0.0,0.0,0.0,0.0,0.0,0.0,0.0,0.0,0.0,0.0,0.0,0.0
2162,-0.7736177422918843,-1.1459029744122524,-1.4230880182844947,-1.6032297210237334,-1.666325038226817,-1.5447065282556558,-1.241346071993004,-0.8192246835310697,-0.3966460826256349,-0.08642743971047388,0.16046727977985323,0.4299940152234603,0.6663728485132735,0.82605429440586,0.9600175403515375,1.0650620992458018,1.1177558333592466,1.1260999604531325,1.1240425044573799,1.0521458477169097,0.8936074329330745,0.7741606820685413,0.5234939599193342,-0.01875999807238423,0.0,0.0,0.0,0.0,0.0,0.0,0.0,0.0,0.0,0.0,0.0,0.0,0.0,0.0,0.0,0.0,0.0,0.0,0.0,0.0,0.0,0.0,0.0,0.0,0.0,0.0,0.0,0.0,0.0,0.0,0.0,0.0,0.0,0.0,0.0,0.0,0.0,0.0,0.0,0.0,0.0,0.0,0.0,0.0,0.0,0.0,0.0,0.0,0.0,0.0,0.0,0.0,0.0,0.0,0.0,0.0,0.0,0.0,0.0,0.0,0.0,0.0,0.0,0.0,0.0,0.0,0.0,0.0,0.0,0.0,0.0,0.0
2163,-0.796573301348791,-1.1573992917283087,-1.370822879764588,-1.510410529515589,-1.5886478801804036,-1.4724146634636757,-1.226654168149172,-0.882445755120964,-0.5123678162701766,-0.24163604255748883,0.03259889611033982,0.291473803821012,0.5350785053169672,0.7706888047358059,0.9709979803759167,1.1047470218683493,1.1848706921243934,1.231669382935379,1.214423032386993,1.1230712693260096,0.9552786504490021,0.7732038975241122,0.5191795259051737,0.052090865219713824,0.0,0.0,0.0,0.0,0.0,0.0,0.0,0.0,0.0,0.0,0.0,0.0,0.0,0.0,0.0,0.0,0.0,0.0,0.0,0.0,0.0,0.0,0.0,0.0,0.0,0.0,0.0,0.0,0.0,0.0,0.0,0.0,0.0,0.0,0.0,0.0,0.0,0.0,0.0,0.0,0.0,0.0,0.0,0.0,0.0,0.0,0.0,0.0,0.0,0.0,0.0,0.0,0.0,0.0,0.0,0.0,0.0,0.0,0.0,0.0,0.0,0.0,0.0,0.0,0.0,0.0,0.0,0.0,0.0,0.0,0.0,0.0
2164,-0.7102288905338081,-1.053480736732328,-1.292222526460248,-1.4387451786895207,-1.5089896428746779,-1.4508126264074375,-1.259968175461125,-0.9739249702956918,-0.6416232155449112,-0.36161373423843635,-0.09002167016729845,0.20183178760305762,0.47625448755864513,0.7304902842330262,0.9666249093305324,1.1509142034918036,1.2722590944330772,1.347047474116956,1.310472678873147,1.1769113593779328,0.9394359067562138,0.697863481143844,0.4573339213836399,0.054191779103607465,0.0,0.0,0.0,0.0,0.0,0.0,0.0,0.0,0.0,0.0,0.0,0.0,0.0,0.0,0.0,0.0,0.0,0.0,0.0,0.0,0.0,0.0,0.0,0.0,0.0,0.0,0.0,0.0,0.0,0.0,0.0,0.0,0.0,0.0,0.0,0.0,0.0,0.0,0.0,0.0,0.0,0.0,0.0,0.0,0.0,0.0,0.0,0.0,0.0,0.0,0.0,0.0,0.0,0.0,0.0,0.0,0.0,0.0,0.0,0.0,0.0,0.0,0.0,0.0,0.0,0.0,0.0,0.0,0.0,0.0,0.0,0.0
2165,-0.35919799152695636,-0.7774852632599794,-1.0579442376481372,-1.2582835107341985,-1.3976325616502323,-1.4424547721688878,-1.4453361999879442,-1.331759920120137,-1.0273690869014829,-0.6091618548301004,-0.20031926317065124,0.17930885199003152,0.4927441669740572,0.7597564782066184,0.9508111505423869,1.0828765922491392,1.225747388277353,1.30946887435327,1.3242762117567546,1.2263877055704768,0.9815463806123219,0.7454293787729768,0.5145949946019017,0.11399648809141945,0.0,0.0,0.0,0.0,0.0,0.0,0.0,0.0,0.0,0.0,0.0,0.0,0.0,0.0,0.0,0.0,0.0,0.0,0.0,0.0,0.0,0.0,0.0,0.0,0.0,0.0,0.0,0.0,0.0,0.0,0.0,0.0,0.0,0.0,0.0,0.0,0.0,0.0,0.0,0.0,0.0,0.0,0.0,0.0,0.0,0.0,0.0,0.0,0.0,0.0,0.0,0.0,0.0,0.0,0.0,0.0,0.0,0.0,0.0,0.0,0.0,0.0,0.0,0.0,0.0,0.0,0.0,0.0,0.0,0.0,0.0,0.0
2166,-0.3253229716352624,-0.7126921305394488,-0.9960155110712996,-1.200868611825132,-1.3653655686931263,-1.4501466857866254,-1.4828633950274077,-1.4109530645641655,-1.1120186654098094,-0.6676028586670001,-0.2215263052622221,0.1419281017096158,0.4330569915527192,0.6781001615261928,0.8718262596448352,1.0246149525459505,1.1511638481879611,1.2643437332011245,1.310180341071459,1.2467398185842566,1.069870299084596,0.8753138276349693,0.6575069029177816,0.220730530820028,0.0,0.0,0.0,0.0,0.0,0.0,0.0,0.0,0.0,0.0,0.0,0.0,0.0,0.0,0.0,0.0,0.0,0.0,0.0,0.0,0.0,0.0,0.0,0.0,0.0,0.0,0.0,0.0,0.0,0.0,0.0,0.0,0.0,0.0,0.0,0.0,0.0,0.0,0.0,0.0,0.0,0.0,0.0,0.0,0.0,0.0,0.0,0.0,0.0,0.0,0.0,0.0,0.0,0.0,0.0,0.0,0.0,0.0,0.0,0.0,0.0,0.0,0.0,0.0,0.0,0.0,0.0,0.0,0.0,0.0,0.0,0.0
2167,-0.798067399807694,-1.1327735891790949,-1.3525316841160415,-1.4998322253627872,-1.5470936338397288,-1.4850723533147834,-1.2539834475127025,-0.9036228483934188,-0.53641512259308,-0.21490336429489473,0.0675469144419066,0.3704224706592789,0.640051042364481,0.8767308087908056,1.0805363147465763,1.1942171474395353,1.2258986909769174,1.2279859456099684,1.1575411017444954,1.046394792534527,0.8576473378600531,0.6529472942044036,0.3918913754563755,-0.06551556841509798,0.0,0.0,0.0,0.0,0.0,0.0,0.0,0.0,0.0,0.0,0.0,0.0,0.0,0.0,0.0,0.0,0.0,0.0,0.0,0.0,0.0,0.0,0.0,0.0,0.0,0.0,0.0,0.0,0.0,0.0,0.0,0.0,0.0,0.0,0.0,0.0,0.0,0.0,0.0,0.0,0.0,0.0,0.0,0.0,0.0,0.0,0.0,0.0,0.0,0.0,0.0,0.0,0.0,0.0,0.0,0.0,0.0,0.0,0.0,0.0,0.0,0.0,0.0,0.0,0.0,0.0,0.0,0.0,0.0,0.0,0.0,0.0
2168,-0.6647017865772266,-1.0391244632985965,-1.306430410983887,-1.4807473768681423,-1.5602066113170974,-1.5086291214113787,-1.3114386600037176,-0.9787264751191462,-0.5901760511627314,-0.28325261123101947,0.0468433241655807,0.38987100703129585,0.6899921982942826,0.957671895906426,1.1460418590403554,1.2173533450839145,1.2236323438550454,1.1671213549148665,1.1093396162233875,1.0414666295068764,0.8439771681577328,0.6312387097929856,0.3538415140826633,-0.09495739808246062,0.0,0.0,0.0,0.0,0.0,0.0,0.0,0.0,0.0,0.0,0.0,0.0,0.0,0.0,0.0,0.0,0.0,0.0,0.0,0.0,0.0,0.0,0.0,0.0,0.0,0.0,0.0,0.0,0.0,0.0,0.0,0.0,0.0,0.0,0.0,0.0,0.0,0.0,0.0,0.0,0.0,0.0,0.0,0.0,0.0,0.0,0.0,0.0,0.0,0.0,0.0,0.0,0.0,0.0,0.0,0.0,0.0,0.0,0.0,0.0,0.0,0.0,0.0,0.0,0.0,0.0,0.0,0.0,0.0,0.0,0.0,0.0
2169,-0.6900939602256355,-1.0251773496705474,-1.2752395805995862,-1.4295446478981986,-1.5179666527547067,-1.4841582391331005,-1.3125822070849895,-1.019575955697737,-0.661086741437867,-0.3306711803036304,0.0008113130159034272,0.3054204519182632,0.5981599702591913,0.8480221514034869,1.050739266609961,1.1700356215785077,1.2443207749798275,1.2691936315495693,1.24632127282726,1.1240908543491457,0.8863650268126062,0.6500395477692692,0.39710993659224414,-0.04453330485922894,0.0,0.0,0.0,0.0,0.0,0.0,0.0,0.0,0.0,0.0,0.0,0.0,0.0,0.0,0.0,0.0,0.0,0.0,0.0,0.0,0.0,0.0,0.0,0.0,0.0,0.0,0.0,0.0,0.0,0.0,0.0,0.0,0.0,0.0,0.0,0.0,0.0,0.0,0.0,0.0,0.0,0.0,0.0,0.0,0.0,0.0,0.0,0.0,0.0,0.0,0.0,0.0,0.0,0.0,0.0,0.0,0.0,0.0,0.0,0.0,0.0,0.0,0.0,0.0,0.0,0.0,0.0,0.0,0.0,0.0,0.0,0.0
2170,-0.6352110600092836,-1.0021891053634662,-1.2644380695113175,-1.4399264986335105,-1.5255721968523388,-1.4978324339529787,-1.3640520171333697,-1.075899491885643,-0.709708390159811,-0.34410749615524205,0.012181231580510975,0.3842088318832768,0.7005601704802348,0.9499557220316923,1.1141646258141928,1.1177714507774668,1.1570530535593029,1.1791530537888166,1.1286575043029838,1.099606168689706,0.9005094307169936,0.6825916242995618,0.4335895445622796,-0.0010656528300581607,0.0,0.0,0.0,0.0,0.0,0.0,0.0,0.0,0.0,0.0,0.0,0.0,0.0,0.0,0.0,0.0,0.0,0.0,0.0,0.0,0.0,0.0,0.0,0.0,0.0,0.0,0.0,0.0,0.0,0.0,0.0,0.0,0.0,0.0,0.0,0.0,0.0,0.0,0.0,0.0,0.0,0.0,0.0,0.0,0.0,0.0,0.0,0.0,0.0,0.0,0.0,0.0,0.0,0.0,0.0,0.0,0.0,0.0,0.0,0.0,0.0,0.0,0.0,0.0,0.0,0.0,0.0,0.0,0.0,0.0,0.0,0.0
2171,-0.48846945486810556,-0.878822326584554,-1.169876083460792,-1.3811550784822937,-1.494074274614776,-1.500515298280087,-1.3818931124439437,-1.1176098601766542,-0.7351740800488172,-0.3326771949633972,0.05472354090645037,0.42186188982917394,0.734922477561891,0.9561313840674136,1.1590236295247083,1.2710035097059995,1.342391521996529,1.3389697281743327,1.2096795968925182,1.0034997456060546,0.694598985657184,0.41501830218478103,0.16046367941197162,-0.2820212275955872,0.0,0.0,0.0,0.0,0.0,0.0,0.0,0.0,0.0,0.0,0.0,0.0,0.0,0.0,0.0,0.0,0.0,0.0,0.0,0.0,0.0,0.0,0.0,0.0,0.0,0.0,0.0,0.0,0.0,0.0,0.0,0.0,0.0,0.0,0.0,0.0,0.0,0.0,0.0,0.0,0.0,0.0,0.0,0.0,0.0,0.0,0.0,0.0,0.0,0.0,0.0,0.0,0.0,0.0,0.0,0.0,0.0,0.0,0.0,0.0,0.0,0.0,0.0,0.0,0.0,0.0,0.0,0.0,0.0,0.0,0.0,0.0
2172,-0.3298718103964268,-0.7190393011941265,-1.0049693048496586,-1.2147549053577935,-1.355490301769531,-1.4215676986445571,-1.436837117554328,-1.3519769841442741,-1.067668511700399,-0.6670827386206142,-0.23825529693780173,0.1630061141468403,0.4810289230330854,0.7500004127667038,0.9598535770753245,1.1388976483624607,1.26699861408337,1.3489535040725384,1.3511155456880812,1.2265278975924288,1.0063374718094942,0.7174346609325908,0.4180594609804021,-0.020699859373809935,0.0,0.0,0.0,0.0,0.0,0.0,0.0,0.0,0.0,0.0,0.0,0.0,0.0,0.0,0.0,0.0,0.0,0.0,0.0,0.0,0.0,0.0,0.0,0.0,0.0,0.0,0.0,0.0,0.0,0.0,0.0,0.0,0.0,0.0,0.0,0.0,0.0,0.0,0.0,0.0,0.0,0.0,0.0,0.0,0.0,0.0,0.0,0.0,0.0,0.0,0.0,0.0,0.0,0.0,0.0,0.0,0.0,0.0,0.0,0.0,0.0,0.0,0.0,0.0,0.0,0.0,0.0,0.0,0.0,0.0,0.0,0.0
2173,-0.2982990049038056,-0.6663791655283525,-0.9436458276128451,-1.159735731698798,-1.301529861904302,-1.3839145626756688,-1.4446834756208848,-1.4002283648086127,-1.1324101131261168,-0.7209624284981607,-0.31386509110565625,0.08262827490043467,0.44975679706722654,0.7319175997916022,0.9426375440087944,1.1047559527049244,1.2398886137061431,1.3532695385301035,1.3855572719182214,1.2922287288826715,1.0670982594480456,0.7404823459113978,0.4160416059924758,-0.040608905378845775,0.0,0.0,0.0,0.0,0.0,0.0,0.0,0.0,0.0,0.0,0.0,0.0,0.0,0.0,0.0,0.0,0.0,0.0,0.0,0.0,0.0,0.0,0.0,0.0,0.0,0.0,0.0,0.0,0.0,0.0,0.0,0.0,0.0,0.0,0.0,0.0,0.0,0.0,0.0,0.0,0.0,0.0,0.0,0.0,0.0,0.0,0.0,0.0,0.0,0.0,0.0,0.0,0.0,0.0,0.0,0.0,0.0,0.0,0.0,0.0,0.0,0.0,0.0,0.0,0.0,0.0,0.0,0.0,0.0,0.0,0.0,0.0
2174,-0.6265645334039746,-0.9813597601641387,-1.2214402893292768,-1.3902045301394912,-1.4614546623827687,-1.4341321882727653,-1.3200790517942043,-1.071067447556789,-0.7478948421636503,-0.4134756977906072,-0.06814079499589207,0.27911263503657147,0.5924941359060285,0.8381979345611189,1.056446946882913,1.2057612908690571,1.2881918059805926,1.335096489137959,1.2807161653645385,1.1437068581446428,0.9010462406252913,0.6179642388899299,0.3194017070292883,-0.12232265043437324,0.0,0.0,0.0,0.0,0.0,0.0,0.0,0.0,0.0,0.0,0.0,0.0,0.0,0.0,0.0,0.0,0.0,0.0,0.0,0.0,0.0,0.0,0.0,0.0,0.0,0.0,0.0,0.0,0.0,0.0,0.0,0.0,0.0,0.0,0.0,0.0,0.0,0.0,0.0,0.0,0.0,0.0,0.0,0.0,0.0,0.0,0.0,0.0,0.0,0.0,0.0,0.0,0.0,0.0,0.0,0.0,0.0,0.0,0.0,0.0,0.0,0.0,0.0,0.0,0.0,0.0,0.0,0.0,0.0,0.0,0.0,0.0
2175,-0.5276094685527837,-0.914330503565657,-1.1831132148084083,-1.3824192597338205,-1.476126754777551,-1.4730605079325447,-1.3672375985256184,-1.090751876916144,-0.7312531309662538,-0.38925442798542426,-0.07522587915172577,0.25548006105847065,0.5647970598620374,0.8328319060206408,1.0710269353217434,1.2028007631486013,1.2831214731860847,1.3398096465644946,1.3101194027238234,1.1663797335505992,0.9106098747720213,0.5827458218815867,0.2819544850373059,-0.1912945402114781,0.0,0.0,0.0,0.0,0.0,0.0,0.0,0.0,0.0,0.0,0.0,0.0,0.0,0.0,0.0,0.0,0.0,0.0,0.0,0.0,0.0,0.0,0.0,0.0,0.0,0.0,0.0,0.0,0.0,0.0,0.0,0.0,0.0,0.0,0.0,0.0,0.0,0.0,0.0,0.0,0.0,0.0,0.0,0.0,0.0,0.0,0.0,0.0,0.0,0.0,0.0,0.0,0.0,0.0,0.0,0.0,0.0,0.0,0.0,0.0,0.0,0.0,0.0,0.0,0.0,0.0,0.0,0.0,0.0,0.0,0.0,0.0
2176,-0.6090827253900462,-0.9396597722191222,-1.1706059609277089,-1.3357514393198198,-1.4273717761843907,-1.4397451706243365,-1.3423315103514672,-1.0925749011937145,-0.7567051885348347,-0.4646072527386541,-0.16521402079869027,0.12852893275540228,0.4169076979684778,0.6896945557369971,0.9317982561948991,1.1173276502828748,1.2815433360292094,1.3695160248218887,1.3955502189036246,1.2886955871505654,1.0294264840014091,0.7165870199532959,0.4302108850542,-0.05213693057005128,0.0,0.0,0.0,0.0,0.0,0.0,0.0,0.0,0.0,0.0,0.0,0.0,0.0,0.0,0.0,0.0,0.0,0.0,0.0,0.0,0.0,0.0,0.0,0.0,0.0,0.0,0.0,0.0,0.0,0.0,0.0,0.0,0.0,0.0,0.0,0.0,0.0,0.0,0.0,0.0,0.0,0.0,0.0,0.0,0.0,0.0,0.0,0.0,0.0,0.0,0.0,0.0,0.0,0.0,0.0,0.0,0.0,0.0,0.0,0.0,0.0,0.0,0.0,0.0,0.0,0.0,0.0,0.0,0.0,0.0,0.0,0.0
2177,-0.6871556302171317,-1.0021096305657822,-1.187474141583369,-1.3200088465810476,-1.4118627601836056,-1.4086721098781059,-1.3044237470118762,-1.08488246252961,-0.7782118812433146,-0.5081724198105442,-0.21898905654477568,0.08958364319287546,0.38085320088916297,0.668993466939672,0.9448006423862303,1.1456888943132675,1.2820278362136572,1.3695252849760138,1.3578057809692745,1.2364997107005657,1.0113747881836754,0.7667991705351812,0.5265800177268884,0.1314302491226981,0.0,0.0,0.0,0.0,0.0,0.0,0.0,0.0,0.0,0.0,0.0,0.0,0.0,0.0,0.0,0.0,0.0,0.0,0.0,0.0,0.0,0.0,0.0,0.0,0.0,0.0,0.0,0.0,0.0,0.0,0.0,0.0,0.0,0.0,0.0,0.0,0.0,0.0,0.0,0.0,0.0,0.0,0.0,0.0,0.0,0.0,0.0,0.0,0.0,0.0,0.0,0.0,0.0,0.0,0.0,0.0,0.0,0.0,0.0,0.0,0.0,0.0,0.0,0.0,0.0,0.0,0.0,0.0,0.0,0.0,0.0,0.0
2178,-0.5641933699008395,-0.9233037645527647,-1.1766477998657168,-1.3506140056279479,-1.4636672780183688,-1.4298503417213593,-1.3179997637180705,-1.1163715870518003,-0.8033173127541703,-0.46486496286945583,-0.10221723178478889,0.22732103028941683,0.5713623717378631,0.860857985393434,1.0801020974947573,1.2278920136547007,1.315971690829966,1.3459683037796146,1.2994877030533902,1.1560133373413917,0.8797473619442742,0.5782955511460366,0.30139285519102554,-0.13136488399057952,0.0,0.0,0.0,0.0,0.0,0.0,0.0,0.0,0.0,0.0,0.0,0.0,0.0,0.0,0.0,0.0,0.0,0.0,0.0,0.0,0.0,0.0,0.0,0.0,0.0,0.0,0.0,0.0,0.0,0.0,0.0,0.0,0.0,0.0,0.0,0.0,0.0,0.0,0.0,0.0,0.0,0.0,0.0,0.0,0.0,0.0,0.0,0.0,0.0,0.0,0.0,0.0,0.0,0.0,0.0,0.0,0.0,0.0,0.0,0.0,0.0,0.0,0.0,0.0,0.0,0.0,0.0,0.0,0.0,0.0,0.0,0.0
2179,0.11548631412699528,-0.4278163659217273,-0.8516263691394659,-1.151355495915014,-1.3498450008345952,-1.4503864184019004,-1.4799104854653156,-1.4456984753208852,-1.162227534124177,-0.7649492938755885,-0.323584439971495,0.013548487982366228,0.33472246076681395,0.6002395773979319,0.8420177482145471,1.0705300375465874,1.3008377093351868,1.4552406005992629,1.4483583011824532,1.283083371709214,0.9975178176465205,0.682228709580794,0.38628983465798145,-0.12270109177650196,0.0,0.0,0.0,0.0,0.0,0.0,0.0,0.0,0.0,0.0,0.0,0.0,0.0,0.0,0.0,0.0,0.0,0.0,0.0,0.0,0.0,0.0,0.0,0.0,0.0,0.0,0.0,0.0,0.0,0.0,0.0,0.0,0.0,0.0,0.0,0.0,0.0,0.0,0.0,0.0,0.0,0.0,0.0,0.0,0.0,0.0,0.0,0.0,0.0,0.0,0.0,0.0,0.0,0.0,0.0,0.0,0.0,0.0,0.0,0.0,0.0,0.0,0.0,0.0,0.0,0.0,0.0,0.0,0.0,0.0,0.0,0.0
2180,-0.40618712401797397,-0.7312562671223031,-0.9922152005992987,-1.1785476689207832,-1.3111303867649167,-1.3753963927704453,-1.4398181951541693,-1.3877043066478678,-1.1306402826257527,-0.7458232284835563,-0.32626358200382544,0.09407504636688148,0.4719591616793906,0.7706987168687274,0.9775184089228836,1.1410267078387681,1.2486041069825686,1.3031328393508959,1.2821003282945411,1.1814558679804281,0.9773626125446884,0.816191259301732,0.5871705833547567,0.17368699562463952,0.0,0.0,0.0,0.0,0.0,0.0,0.0,0.0,0.0,0.0,0.0,0.0,0.0,0.0,0.0,0.0,0.0,0.0,0.0,0.0,0.0,0.0,0.0,0.0,0.0,0.0,0.0,0.0,0.0,0.0,0.0,0.0,0.0,0.0,0.0,0.0,0.0,0.0,0.0,0.0,0.0,0.0,0.0,0.0,0.0,0.0,0.0,0.0,0.0,0.0,0.0,0.0,0.0,0.0,0.0,0.0,0.0,0.0,0.0,0.0,0.0,0.0,0.0,0.0,0.0,0.0,0.0,0.0,0.0,0.0,0.0,0.0
2181,-0.12699443053227616,-0.7359483694097302,-1.217785302485407,-1.5319392668846834,-1.6596756003639357,-1.6115228734402418,-1.2490613501979027,-0.7045174897778657,-0.10253098727200723,0.3306887231218693,0.6731769287656344,1.0251098814908959,1.2085857059429128,1.346076450342399,1.3392638458901722,1.239552089816671,1.1073256306757238,0.9229208147074939,0.6973307081871658,0.4372130836475973,0.12863306834559737,-0.11182090243413467,-0.3798349548615115,-1.0242454032744186,0.0,0.0,0.0,0.0,0.0,0.0,0.0,0.0,0.0,0.0,0.0,0.0,0.0,0.0,0.0,0.0,0.0,0.0,0.0,0.0,0.0,0.0,0.0,0.0,0.0,0.0,0.0,0.0,0.0,0.0,0.0,0.0,0.0,0.0,0.0,0.0,0.0,0.0,0.0,0.0,0.0,0.0,0.0,0.0,0.0,0.0,0.0,0.0,0.0,0.0,0.0,0.0,0.0,0.0,0.0,0.0,0.0,0.0,0.0,0.0,0.0,0.0,0.0,0.0,0.0,0.0,0.0,0.0,0.0,0.0,0.0,0.0
2182,-0.7546353880862231,-1.1434853684962516,-1.3834890370392474,-1.5234177814053704,-1.5394914215921949,-1.46231593001025,-1.2212113272078824,-0.891041142822357,-0.5144115326913528,-0.2304805871994322,0.0072111193988835965,0.23136133460692943,0.4494564113884318,0.6583036403912131,0.882453855599259,1.0486949287643619,1.16946741701742,1.286606822214552,1.3076346665685483,1.2157066559110246,1.0362543716334633,0.786672575033935,0.5519533909359223,0.032202327086617584,0.0,0.0,0.0,0.0,0.0,0.0,0.0,0.0,0.0,0.0,0.0,0.0,0.0,0.0,0.0,0.0,0.0,0.0,0.0,0.0,0.0,0.0,0.0,0.0,0.0,0.0,0.0,0.0,0.0,0.0,0.0,0.0,0.0,0.0,0.0,0.0,0.0,0.0,0.0,0.0,0.0,0.0,0.0,0.0,0.0,0.0,0.0,0.0,0.0,0.0,0.0,0.0,0.0,0.0,0.0,0.0,0.0,0.0,0.0,0.0,0.0,0.0,0.0,0.0,0.0,0.0,0.0,0.0,0.0,0.0,0.0,0.0
2183,-0.7592943374917741,-1.1074176999500716,-1.320145790751905,-1.4471626421325978,-1.4983547900175604,-1.403092151482041,-1.2200236684564378,-0.9760440700259777,-0.660931683454219,-0.3958384659288151,-0.140715568531579,0.13216957985029226,0.38695734043649754,0.598763805007996,0.8124973062429218,0.9812386905969559,1.1137852993596578,1.2619157698352945,1.3316242265297116,1.2992835242652345,1.1142042203734464,0.9171437754873054,0.6977967326676128,0.2816405975700523,0.0,0.0,0.0,0.0,0.0,0.0,0.0,0.0,0.0,0.0,0.0,0.0,0.0,0.0,0.0,0.0,0.0,0.0,0.0,0.0,0.0,0.0,0.0,0.0,0.0,0.0,0.0,0.0,0.0,0.0,0.0,0.0,0.0,0.0,0.0,0.0,0.0,0.0,0.0,0.0,0.0,0.0,0.0,0.0,0.0,0.0,0.0,0.0,0.0,0.0,0.0,0.0,0.0,0.0,0.0,0.0,0.0,0.0,0.0,0.0,0.0,0.0,0.0,0.0,0.0,0.0,0.0,0.0,0.0,0.0,0.0,0.0
2184,-0.7262097991571486,-1.0508425189382018,-1.278557370664164,-1.4437391283928411,-1.5215262520579274,-1.4516611106512574,-1.3250779473306078,-1.0454488288899186,-0.6764867190245366,-0.3402238550768723,0.006826388967358598,0.3655910535852049,0.6958702926355548,0.9583070240473409,1.154671052367656,1.2231877712622554,1.220743755459127,1.1782684463288957,1.1179265389137258,1.0023835849106564,0.8275943167834744,0.6557547229014475,0.43672034109694136,0.01592824092383673,0.0,0.0,0.0,0.0,0.0,0.0,0.0,0.0,0.0,0.0,0.0,0.0,0.0,0.0,0.0,0.0,0.0,0.0,0.0,0.0,0.0,0.0,0.0,0.0,0.0,0.0,0.0,0.0,0.0,0.0,0.0,0.0,0.0,0.0,0.0,0.0,0.0,0.0,0.0,0.0,0.0,0.0,0.0,0.0,0.0,0.0,0.0,0.0,0.0,0.0,0.0,0.0,0.0,0.0,0.0,0.0,0.0,0.0,0.0,0.0,0.0,0.0,0.0,0.0,0.0,0.0,0.0,0.0,0.0,0.0,0.0,0.0
2185,-0.5959033421613145,-0.9942923138915806,-1.227215611247571,-1.3892657097746712,-1.5356610856688844,-1.5211448883183887,-1.3523585152038036,-1.04438742631682,-0.6646892446391528,-0.31677489376159007,0.02620584755894149,0.3210838956984192,0.6142541559143093,0.8586575832010837,1.0569507365509898,1.1869323729573877,1.2880713688765264,1.324693932126796,1.2595133597098653,1.0914860034502079,0.8371204799425053,0.5663412169469875,0.3360744785832447,-0.12569240053349862,0.0,0.0,0.0,0.0,0.0,0.0,0.0,0.0,0.0,0.0,0.0,0.0,0.0,0.0,0.0,0.0,0.0,0.0,0.0,0.0,0.0,0.0,0.0,0.0,0.0,0.0,0.0,0.0,0.0,0.0,0.0,0.0,0.0,0.0,0.0,0.0,0.0,0.0,0.0,0.0,0.0,0.0,0.0,0.0,0.0,0.0,0.0,0.0,0.0,0.0,0.0,0.0,0.0,0.0,0.0,0.0,0.0,0.0,0.0,0.0,0.0,0.0,0.0,0.0,0.0,0.0,0.0,0.0,0.0,0.0,0.0,0.0
2186,-0.32363743179548554,-0.7993378067813168,-1.0744061082641458,-1.2633439656227765,-1.3613720035634225,-1.3966580296686135,-1.3892347446378384,-1.4035728705191983,-1.0719655761992335,-0.5635213960091615,-0.10134563621638609,0.2934104252831858,0.6110863490659427,0.8569699546058616,1.0500770542420508,1.1808488973869373,1.2866052868664724,1.347720277325319,1.306027854549733,1.12949603518774,0.8440554724290337,0.5807830759266145,0.3508646176446639,-0.08954973123597643,0.0,0.0,0.0,0.0,0.0,0.0,0.0,0.0,0.0,0.0,0.0,0.0,0.0,0.0,0.0,0.0,0.0,0.0,0.0,0.0,0.0,0.0,0.0,0.0,0.0,0.0,0.0,0.0,0.0,0.0,0.0,0.0,0.0,0.0,0.0,0.0,0.0,0.0,0.0,0.0,0.0,0.0,0.0,0.0,0.0,0.0,0.0,0.0,0.0,0.0,0.0,0.0,0.0,0.0,0.0,0.0,0.0,0.0,0.0,0.0,0.0,0.0,0.0,0.0,0.0,0.0,0.0,0.0,0.0,0.0,0.0,0.0
2187,-0.45592567321067334,-0.7874927035256968,-1.0127667046089652,-1.1954394678894673,-1.2593833376486494,-1.3401324294207573,-1.4226460695042222,-1.4290320538691341,-1.1262859793062783,-0.6892661808601462,-0.26619471668474254,0.11856084130119057,0.4739072607645038,0.7610244788553389,0.9683168923847769,1.1080523134222537,1.204346235556318,1.299547818259542,1.356265442553166,1.2491321522207648,1.020749185065105,0.76413344492773,0.540539966045754,0.11998928517228925,0.0,0.0,0.0,0.0,0.0,0.0,0.0,0.0,0.0,0.0,0.0,0.0,0.0,0.0,0.0,0.0,0.0,0.0,0.0,0.0,0.0,0.0,0.0,0.0,0.0,0.0,0.0,0.0,0.0,0.0,0.0,0.0,0.0,0.0,0.0,0.0,0.0,0.0,0.0,0.0,0.0,0.0,0.0,0.0,0.0,0.0,0.0,0.0,0.0,0.0,0.0,0.0,0.0,0.0,0.0,0.0,0.0,0.0,0.0,0.0,0.0,0.0,0.0,0.0,0.0,0.0,0.0,0.0,0.0,0.0,0.0,0.0
2188,-0.8398646933248631,-1.1326014435472374,-1.3057596667090783,-1.407738505513818,-1.4664987550130002,-1.4098675000608898,-1.3242109527837007,-1.0391385829307849,-0.6339199541381164,-0.2675909590719598,0.10320892454304766,0.4575445836606997,0.7350235396290594,0.9702064705955923,1.1281778659883208,1.1879316462761365,1.2104989884750976,1.2277438443063793,1.1637320749244202,1.0322311784002844,0.8087577174426465,0.577265043691038,0.3238437261045899,-0.09897459094387219,0.0,0.0,0.0,0.0,0.0,0.0,0.0,0.0,0.0,0.0,0.0,0.0,0.0,0.0,0.0,0.0,0.0,0.0,0.0,0.0,0.0,0.0,0.0,0.0,0.0,0.0,0.0,0.0,0.0,0.0,0.0,0.0,0.0,0.0,0.0,0.0,0.0,0.0,0.0,0.0,0.0,0.0,0.0,0.0,0.0,0.0,0.0,0.0,0.0,0.0,0.0,0.0,0.0,0.0,0.0,0.0,0.0,0.0,0.0,0.0,0.0,0.0,0.0,0.0,0.0,0.0,0.0,0.0,0.0,0.0,0.0,0.0
2189,-0.7091800162409448,-1.0092758190309266,-1.237153685027453,-1.4093543277701295,-1.4869627649581882,-1.482827586573287,-1.3840263601626088,-1.1052710315375642,-0.6844427884026958,-0.26280227808507883,0.15263546465518615,0.535804047498989,0.8310262471924799,1.0495261193518193,1.1928543558713456,1.1836240469764765,1.1963249520158163,1.189236074784557,1.1244023851069969,0.9443005979503125,0.7502425837445862,0.535877889970148,0.26133158220116376,-0.17588968953099213,0.0,0.0,0.0,0.0,0.0,0.0,0.0,0.0,0.0,0.0,0.0,0.0,0.0,0.0,0.0,0.0,0.0,0.0,0.0,0.0,0.0,0.0,0.0,0.0,0.0,0.0,0.0,0.0,0.0,0.0,0.0,0.0,0.0,0.0,0.0,0.0,0.0,0.0,0.0,0.0,0.0,0.0,0.0,0.0,0.0,0.0,0.0,0.0,0.0,0.0,0.0,0.0,0.0,0.0,0.0,0.0,0.0,0.0,0.0,0.0,0.0,0.0,0.0,0.0,0.0,0.0,0.0,0.0,0.0,0.0,0.0,0.0
2190,-0.5860984175689012,-0.9846298465146287,-1.1933475116739969,-1.3504668230857262,-1.4397180295681284,-1.4181025029981718,-1.365651924188635,-1.1012297299833922,-0.7448447040987993,-0.41697048028497374,-0.07530570546952703,0.2637249191545988,0.5874929676701888,0.8621418626182066,1.1051034802647466,1.2464953655341775,1.3260621963131942,1.3369861721066132,1.2701252422504385,1.127261331874093,0.8474990865546875,0.5783509170061927,0.3073433473226479,-0.18222121323490492,0.0,0.0,0.0,0.0,0.0,0.0,0.0,0.0,0.0,0.0,0.0,0.0,0.0,0.0,0.0,0.0,0.0,0.0,0.0,0.0,0.0,0.0,0.0,0.0,0.0,0.0,0.0,0.0,0.0,0.0,0.0,0.0,0.0,0.0,0.0,0.0,0.0,0.0,0.0,0.0,0.0,0.0,0.0,0.0,0.0,0.0,0.0,0.0,0.0,0.0,0.0,0.0,0.0,0.0,0.0,0.0,0.0,0.0,0.0,0.0,0.0,0.0,0.0,0.0,0.0,0.0,0.0,0.0,0.0,0.0,0.0,0.0
2191,-0.5009252025521479,-0.9330519583639784,-1.1656891151584017,-1.3534389541297824,-1.472821955186067,-1.4853386111174924,-1.3926290354599005,-1.0711667824348792,-0.6905741203545034,-0.33173454306529454,0.03133480071108559,0.3822327756162176,0.699292618623979,0.925196677744946,1.1372029326937785,1.271433277337685,1.345324708215617,1.3456699952757942,1.2570175425752848,1.0565784041423902,0.7565239488483585,0.43324893875740655,0.1330218399332862,-0.3767081826533816,0.0,0.0,0.0,0.0,0.0,0.0,0.0,0.0,0.0,0.0,0.0,0.0,0.0,0.0,0.0,0.0,0.0,0.0,0.0,0.0,0.0,0.0,0.0,0.0,0.0,0.0,0.0,0.0,0.0,0.0,0.0,0.0,0.0,0.0,0.0,0.0,0.0,0.0,0.0,0.0,0.0,0.0,0.0,0.0,0.0,0.0,0.0,0.0,0.0,0.0,0.0,0.0,0.0,0.0,0.0,0.0,0.0,0.0,0.0,0.0,0.0,0.0,0.0,0.0,0.0,0.0,0.0,0.0,0.0,0.0,0.0,0.0
2192,-0.38702390550862437,-0.8585068104109609,-1.17643380332196,-1.3208309236082303,-1.4247929528561727,-1.4321979333836736,-1.3956602005177146,-1.140480674181856,-0.7529858378940709,-0.3651986997433581,-0.013949294458604423,0.32307475349700254,0.6150843145617478,0.8493155407211231,1.092413256722638,1.2696456196111168,1.3858843271020216,1.424273305099856,1.3541208579972144,1.1308022347204723,0.759773736710946,0.38017105072220797,0.07773605654637566,-0.39423401812750697,0.0,0.0,0.0,0.0,0.0,0.0,0.0,0.0,0.0,0.0,0.0,0.0,0.0,0.0,0.0,0.0,0.0,0.0,0.0,0.0,0.0,0.0,0.0,0.0,0.0,0.0,0.0,0.0,0.0,0.0,0.0,0.0,0.0,0.0,0.0,0.0,0.0,0.0,0.0,0.0,0.0,0.0,0.0,0.0,0.0,0.0,0.0,0.0,0.0,0.0,0.0,0.0,0.0,0.0,0.0,0.0,0.0,0.0,0.0,0.0,0.0,0.0,0.0,0.0,0.0,0.0,0.0,0.0,0.0,0.0,0.0,0.0
2193,-0.3672583843294313,-0.7309562618524782,-0.9417663278982443,-1.0736909978238496,-1.2142871680700273,-1.3191028758284054,-1.3585876685502363,-1.3681852514293167,-1.15013490356249,-0.8146404494121793,-0.46213975191472617,-0.11191216615179213,0.23065419117257774,0.5375242753326486,0.8075194357994104,1.0514159059809538,1.2656777342902488,1.4332144880566522,1.4737937419839922,1.3843846804262432,1.1178412822230102,0.8317659609676136,0.5586557955313256,0.22021471505849027,0.0,0.0,0.0,0.0,0.0,0.0,0.0,0.0,0.0,0.0,0.0,0.0,0.0,0.0,0.0,0.0,0.0,0.0,0.0,0.0,0.0,0.0,0.0,0.0,0.0,0.0,0.0,0.0,0.0,0.0,0.0,0.0,0.0,0.0,0.0,0.0,0.0,0.0,0.0,0.0,0.0,0.0,0.0,0.0,0.0,0.0,0.0,0.0,0.0,0.0,0.0,0.0,0.0,0.0,0.0,0.0,0.0,0.0,0.0,0.0,0.0,0.0,0.0,0.0,0.0,0.0,0.0,0.0,0.0,0.0,0.0,0.0
2194,-0.5009482134508513,-0.8014219718075967,-1.0331109991119458,-1.1560440155824971,-1.2204312495160856,-1.2817336720379728,-1.3115972718746525,-1.3276120375013554,-1.1557158441557205,-0.8097575260477248,-0.39718040830405915,-0.0017338390381372098,0.37408807890653817,0.6816503400816601,0.9361144644043123,1.1410903375690384,1.2918522910302537,1.3936510676163858,1.4008708390054732,1.2814164396587548,1.053665469475726,0.7438060083131669,0.47667446691693416,0.222407245450348,0.0,0.0,0.0,0.0,0.0,0.0,0.0,0.0,0.0,0.0,0.0,0.0,0.0,0.0,0.0,0.0,0.0,0.0,0.0,0.0,0.0,0.0,0.0,0.0,0.0,0.0,0.0,0.0,0.0,0.0,0.0,0.0,0.0,0.0,0.0,0.0,0.0,0.0,0.0,0.0,0.0,0.0,0.0,0.0,0.0,0.0,0.0,0.0,0.0,0.0,0.0,0.0,0.0,0.0,0.0,0.0,0.0,0.0,0.0,0.0,0.0,0.0,0.0,0.0,0.0,0.0,0.0,0.0,0.0,0.0,0.0,0.0
2195,-0.5435494013869628,-0.8508456633120535,-1.0607079706364018,-1.1990357382994996,-1.281771626756091,-1.3191094560738936,-1.353780297583282,-1.3294810753288389,-1.1075284232730116,-0.7474850691370568,-0.31389211788460486,0.11087014040220795,0.4768994005081597,0.7377308081710958,0.9584981323120723,1.1213029214168406,1.2319532822681702,1.3094144615036754,1.3199638799458482,1.2333756757659913,1.0377965698155962,0.8048203681516557,0.5796080643299885,0.18495313508038796,0.0,0.0,0.0,0.0,0.0,0.0,0.0,0.0,0.0,0.0,0.0,0.0,0.0,0.0,0.0,0.0,0.0,0.0,0.0,0.0,0.0,0.0,0.0,0.0,0.0,0.0,0.0,0.0,0.0,0.0,0.0,0.0,0.0,0.0,0.0,0.0,0.0,0.0,0.0,0.0,0.0,0.0,0.0,0.0,0.0,0.0,0.0,0.0,0.0,0.0,0.0,0.0,0.0,0.0,0.0,0.0,0.0,0.0,0.0,0.0,0.0,0.0,0.0,0.0,0.0,0.0,0.0,0.0,0.0,0.0,0.0,0.0
2196,-0.6275262187171071,-0.9533207441604996,-1.151028002857994,-1.3338649720124292,-1.4670216556480065,-1.459789287552064,-1.3708379191944904,-1.112770803397214,-0.7256701297012992,-0.33958333938332036,0.06029226487458633,0.4457031329406079,0.7726467262123278,1.0380138023307426,1.2120637822097333,1.3185891291181953,1.315750255659975,1.283035618665244,1.1646140401223346,0.974071557295587,0.703635064287493,0.4206264173929941,0.1372122171473209,-0.3048409356327179,0.0,0.0,0.0,0.0,0.0,0.0,0.0,0.0,0.0,0.0,0.0,0.0,0.0,0.0,0.0,0.0,0.0,0.0,0.0,0.0,0.0,0.0,0.0,0.0,0.0,0.0,0.0,0.0,0.0,0.0,0.0,0.0,0.0,0.0,0.0,0.0,0.0,0.0,0.0,0.0,0.0,0.0,0.0,0.0,0.0,0.0,0.0,0.0,0.0,0.0,0.0,0.0,0.0,0.0,0.0,0.0,0.0,0.0,0.0,0.0,0.0,0.0,0.0,0.0,0.0,0.0,0.0,0.0,0.0,0.0,0.0,0.0
2197,-0.47439601415550303,-0.9387867720239135,-1.1891348067685348,-1.3832624803139062,-1.4979061949224075,-1.4625701998739764,-1.3437848599106714,-1.1121181991068667,-0.7194568675961196,-0.3062636486881544,0.1142435043570172,0.5208277466349766,0.8727777821048875,1.1327308628851174,1.3121425484676759,1.3213951157496842,1.287380916027254,1.1949433628955723,1.0832957176926736,0.8888155653937018,0.6196980370198639,0.37014307947084335,0.09996811483620459,-0.39068231017542904,0.0,0.0,0.0,0.0,0.0,0.0,0.0,0.0,0.0,0.0,0.0,0.0,0.0,0.0,0.0,0.0,0.0,0.0,0.0,0.0,0.0,0.0,0.0,0.0,0.0,0.0,0.0,0.0,0.0,0.0,0.0,0.0,0.0,0.0,0.0,0.0,0.0,0.0,0.0,0.0,0.0,0.0,0.0,0.0,0.0,0.0,0.0,0.0,0.0,0.0,0.0,0.0,0.0,0.0,0.0,0.0,0.0,0.0,0.0,0.0,0.0,0.0,0.0,0.0,0.0,0.0,0.0,0.0,0.0,0.0,0.0,0.0
2198,-0.5963972901022023,-0.9580041950190206,-1.1759433288309016,-1.3772502655887178,-1.4658597292043378,-1.4766610985555406,-1.3416917753352005,-1.03600346396222,-0.668470144003149,-0.3528407493334863,-0.0034690238587385537,0.3470497496887033,0.7023478902057039,0.9940804500275726,1.263349985092515,1.3648637395259438,1.3555917676049996,1.2839012630616178,1.1671891216649921,0.9733379973796874,0.7025390648844863,0.4389091828436233,0.1748013641058044,-0.31537051229214536,0.0,0.0,0.0,0.0,0.0,0.0,0.0,0.0,0.0,0.0,0.0,0.0,0.0,0.0,0.0,0.0,0.0,0.0,0.0,0.0,0.0,0.0,0.0,0.0,0.0,0.0,0.0,0.0,0.0,0.0,0.0,0.0,0.0,0.0,0.0,0.0,0.0,0.0,0.0,0.0,0.0,0.0,0.0,0.0,0.0,0.0,0.0,0.0,0.0,0.0,0.0,0.0,0.0,0.0,0.0,0.0,0.0,0.0,0.0,0.0,0.0,0.0,0.0,0.0,0.0,0.0,0.0,0.0,0.0,0.0,0.0,0.0
2199,-0.6384910720905796,-1.0182889622527889,-1.2507025965311558,-1.3913242819695857,-1.4686960438303343,-1.405744468948774,-1.3131569235858473,-1.0606544771019906,-0.6920943878270108,-0.3556565081677404,-0.03920799114858627,0.33521962248344245,0.6246178577209467,0.8882586555266594,1.1050587080413532,1.26059782828584,1.317781328375725,1.3419475727615373,1.2593049839359818,1.0980972384651935,0.8053177180049829,0.5338204045347469,0.25496382322685623,-0.19096802790887202,0.0,0.0,0.0,0.0,0.0,0.0,0.0,0.0,0.0,0.0,0.0,0.0,0.0,0.0,0.0,0.0,0.0,0.0,0.0,0.0,0.0,0.0,0.0,0.0,0.0,0.0,0.0,0.0,0.0,0.0,0.0,0.0,0.0,0.0,0.0,0.0,0.0,0.0,0.0,0.0,0.0,0.0,0.0,0.0,0.0,0.0,0.0,0.0,0.0,0.0,0.0,0.0,0.0,0.0,0.0,0.0,0.0,0.0,0.0,0.0,0.0,0.0,0.0,0.0,0.0,0.0,0.0,0.0,0.0,0.0,0.0,0.0
2200,-0.2376870296638813,-0.6570203389704834,-0.9749970867246184,-1.231334902278823,-1.404937478054153,-1.4424158345351816,-1.397748233571943,-1.2867274417319152,-1.0355753107222556,-0.7659197144059247,-0.32714008805727957,0.10173959506996184,0.4722803270710739,0.7618536662971339,1.0033415670192327,1.1340443888351466,1.2933863321129786,1.394625037198524,1.3853143763117277,1.2128903652056122,0.9167170638319498,0.6802969911874743,0.44269835387378415,-0.03768460529814109,0.0,0.0,0.0,0.0,0.0,0.0,0.0,0.0,0.0,0.0,0.0,0.0,0.0,0.0,0.0,0.0,0.0,0.0,0.0,0.0,0.0,0.0,0.0,0.0,0.0,0.0,0.0,0.0,0.0,0.0,0.0,0.0,0.0,0.0,0.0,0.0,0.0,0.0,0.0,0.0,0.0,0.0,0.0,0.0,0.0,0.0,0.0,0.0,0.0,0.0,0.0,0.0,0.0,0.0,0.0,0.0,0.0,0.0,0.0,0.0,0.0,0.0,0.0,0.0,0.0,0.0,0.0,0.0,0.0,0.0,0.0,0.0
2201,-0.23954936051478845,-0.6267508516863818,-0.9281033012909643,-1.1722622033673193,-1.3376184968370202,-1.3965736526053367,-1.3744948293295527,-1.368153039665232,-1.2275767021061184,-0.8268695477605083,-0.3751931950016523,-0.010775170401878583,0.3064317533635062,0.5670323323473598,0.7722009720430753,0.9083145687272962,1.1096076702948154,1.305028744395371,1.4021520786989523,1.3421399579865823,1.1570536522278831,0.9831241986564151,0.746598932287113,0.284235489538383,0.0,0.0,0.0,0.0,0.0,0.0,0.0,0.0,0.0,0.0,0.0,0.0,0.0,0.0,0.0,0.0,0.0,0.0,0.0,0.0,0.0,0.0,0.0,0.0,0.0,0.0,0.0,0.0,0.0,0.0,0.0,0.0,0.0,0.0,0.0,0.0,0.0,0.0,0.0,0.0,0.0,0.0,0.0,0.0,0.0,0.0,0.0,0.0,0.0,0.0,0.0,0.0,0.0,0.0,0.0,0.0,0.0,0.0,0.0,0.0,0.0,0.0,0.0,0.0,0.0,0.0,0.0,0.0,0.0,0.0,0.0,0.0
2202,-0.8269503269011749,-1.1314951442704602,-1.3412531659271445,-1.478542858779167,-1.5182892918781654,-1.4692064483196705,-1.2555360260894828,-0.9281392326431447,-0.569265398219076,-0.245514250761684,0.03413347204894435,0.31627090431543836,0.5382107186668942,0.7645075245661148,0.9362085588259951,1.0951053730271376,1.2068755439565364,1.2693850349377358,1.2748090448237288,1.1771768668758529,0.9441222781678539,0.7275175555075389,0.46271917123725237,0.017150096832146244,0.0,0.0,0.0,0.0,0.0,0.0,0.0,0.0,0.0,0.0,0.0,0.0,0.0,0.0,0.0,0.0,0.0,0.0,0.0,0.0,0.0,0.0,0.0,0.0,0.0,0.0,0.0,0.0,0.0,0.0,0.0,0.0,0.0,0.0,0.0,0.0,0.0,0.0,0.0,0.0,0.0,0.0,0.0,0.0,0.0,0.0,0.0,0.0,0.0,0.0,0.0,0.0,0.0,0.0,0.0,0.0,0.0,0.0,0.0,0.0,0.0,0.0,0.0,0.0,0.0,0.0,0.0,0.0,0.0,0.0,0.0,0.0
2203,-0.7452529086084705,-1.0649002343126632,-1.2672651956592145,-1.4030369641507257,-1.4628924927874911,-1.4078943499825052,-1.2320883208451991,-1.0453140011200042,-0.7141499702985282,-0.4302279339377454,-0.09882886831795745,0.24706400986439803,0.5754076231061311,0.8427205337195394,1.0681189053006575,1.2127436511952505,1.278396704857043,1.2915586535625099,1.2507409435890087,1.1527314326929439,0.8999906795748738,0.6546143501372437,0.3875364743221474,0.010227278098767082,0.0,0.0,0.0,0.0,0.0,0.0,0.0,0.0,0.0,0.0,0.0,0.0,0.0,0.0,0.0,0.0,0.0,0.0,0.0,0.0,0.0,0.0,0.0,0.0,0.0,0.0,0.0,0.0,0.0,0.0,0.0,0.0,0.0,0.0,0.0,0.0,0.0,0.0,0.0,0.0,0.0,0.0,0.0,0.0,0.0,0.0,0.0,0.0,0.0,0.0,0.0,0.0,0.0,0.0,0.0,0.0,0.0,0.0,0.0,0.0,0.0,0.0,0.0,0.0,0.0,0.0,0.0,0.0,0.0,0.0,0.0,0.0
2204,-0.6027162992786724,-0.9358354609959738,-1.1820944457650622,-1.3534517445590222,-1.4710316378392907,-1.4811283278225538,-1.3356930274253398,-1.0977405393800705,-0.8158925126132395,-0.4649430260318779,-0.08986173431321404,0.30842046204784146,0.6644540974860234,0.9355609646961917,1.1562559897204228,1.2631663311744061,1.2948885557317502,1.278776816396756,1.2081715942442928,1.0363846490680662,0.7959974981899535,0.5983601623473584,0.33362638314081006,-0.04367474821956413,0.0,0.0,0.0,0.0,0.0,0.0,0.0,0.0,0.0,0.0,0.0,0.0,0.0,0.0,0.0,0.0,0.0,0.0,0.0,0.0,0.0,0.0,0.0,0.0,0.0,0.0,0.0,0.0,0.0,0.0,0.0,0.0,0.0,0.0,0.0,0.0,0.0,0.0,0.0,0.0,0.0,0.0,0.0,0.0,0.0,0.0,0.0,0.0,0.0,0.0,0.0,0.0,0.0,0.0,0.0,0.0,0.0,0.0,0.0,0.0,0.0,0.0,0.0,0.0,0.0,0.0,0.0,0.0,0.0,0.0,0.0,0.0
2205,-0.5216787750071537,-0.9107285100754016,-1.2149065825766447,-1.4165177424003883,-1.512285091378022,-1.4604281778597652,-1.2621758386588473,-0.997156699272496,-0.7505701120845772,-0.4090354004611775,0.0015599400656825522,0.3748805639246014,0.7275567293212759,1.018217596877002,1.2179445402537947,1.3192006936638503,1.350249303811432,1.3233787388288283,1.193040114172357,0.9820897945680744,0.6911831596497024,0.4329635839632175,0.14017273259789467,-0.3169545619232304,0.0,0.0,0.0,0.0,0.0,0.0,0.0,0.0,0.0,0.0,0.0,0.0,0.0,0.0,0.0,0.0,0.0,0.0,0.0,0.0,0.0,0.0,0.0,0.0,0.0,0.0,0.0,0.0,0.0,0.0,0.0,0.0,0.0,0.0,0.0,0.0,0.0,0.0,0.0,0.0,0.0,0.0,0.0,0.0,0.0,0.0,0.0,0.0,0.0,0.0,0.0,0.0,0.0,0.0,0.0,0.0,0.0,0.0,0.0,0.0,0.0,0.0,0.0,0.0,0.0,0.0,0.0,0.0,0.0,0.0,0.0,0.0
2206,-0.3551150801847475,-0.8255309121023424,-1.1826964076041417,-1.4490818715345497,-1.5697474085489984,-1.5022241424915648,-1.2801051791046325,-1.0539415608457077,-0.7112694119685488,-0.3164661558523729,0.11237961210307482,0.49403773988527444,0.8081726016100405,1.06130058568225,1.235894854323268,1.2918459133858335,1.3302701346697643,1.2970140835000465,1.172079188565161,0.9307481145362635,0.6018952031384129,0.33303800567512076,0.044294588424531114,-0.46679249526143474,0.0,0.0,0.0,0.0,0.0,0.0,0.0,0.0,0.0,0.0,0.0,0.0,0.0,0.0,0.0,0.0,0.0,0.0,0.0,0.0,0.0,0.0,0.0,0.0,0.0,0.0,0.0,0.0,0.0,0.0,0.0,0.0,0.0,0.0,0.0,0.0,0.0,0.0,0.0,0.0,0.0,0.0,0.0,0.0,0.0,0.0,0.0,0.0,0.0,0.0,0.0,0.0,0.0,0.0,0.0,0.0,0.0,0.0,0.0,0.0,0.0,0.0,0.0,0.0,0.0,0.0,0.0,0.0,0.0,0.0,0.0,0.0
2207,-0.392515836214754,-0.7436595242056299,-0.9902092376207735,-1.1966472091995304,-1.3418270596759092,-1.377671594933957,-1.317077261521543,-1.2523105483436416,-1.0413208897479898,-0.7773230427680822,-0.34358520078313315,0.08740266362910841,0.452770373547781,0.7557420406098518,0.965024816574168,1.1326786216964657,1.3084875327240335,1.4195297305737002,1.4481674280549977,1.3074444377826617,0.9878780784714948,0.6471653398943366,0.36704693472959254,-0.10519059327325961,0.0,0.0,0.0,0.0,0.0,0.0,0.0,0.0,0.0,0.0,0.0,0.0,0.0,0.0,0.0,0.0,0.0,0.0,0.0,0.0,0.0,0.0,0.0,0.0,0.0,0.0,0.0,0.0,0.0,0.0,0.0,0.0,0.0,0.0,0.0,0.0,0.0,0.0,0.0,0.0,0.0,0.0,0.0,0.0,0.0,0.0,0.0,0.0,0.0,0.0,0.0,0.0,0.0,0.0,0.0,0.0,0.0,0.0,0.0,0.0,0.0,0.0,0.0,0.0,0.0,0.0,0.0,0.0,0.0,0.0,0.0,0.0
2208,-0.4655329026820002,-0.7093101665516732,-0.9423439175241095,-1.124442596559287,-1.2454037309778152,-1.2939427676646114,-1.3199899895809335,-1.3305016280990931,-1.1572141754688436,-0.8495941658932891,-0.47789953623277626,-0.07644769459070849,0.2971792215621131,0.6070406834687457,0.8709910183181222,1.0771273413176206,1.2613128897644914,1.3926310797817947,1.430426603571354,1.3378314348599183,1.1044112265890202,0.8648849930024265,0.6031761104841282,0.1456106691054141,0.0,0.0,0.0,0.0,0.0,0.0,0.0,0.0,0.0,0.0,0.0,0.0,0.0,0.0,0.0,0.0,0.0,0.0,0.0,0.0,0.0,0.0,0.0,0.0,0.0,0.0,0.0,0.0,0.0,0.0,0.0,0.0,0.0,0.0,0.0,0.0,0.0,0.0,0.0,0.0,0.0,0.0,0.0,0.0,0.0,0.0,0.0,0.0,0.0,0.0,0.0,0.0,0.0,0.0,0.0,0.0,0.0,0.0,0.0,0.0,0.0,0.0,0.0,0.0,0.0,0.0,0.0,0.0,0.0,0.0,0.0,0.0
2209,-0.7757280618732835,-1.0228399618459847,-1.232871393993325,-1.3801670530855803,-1.433256431374289,-1.423131137576958,-1.2377287984501528,-1.013535637816005,-0.7692287178817534,-0.433178426446009,-0.07496195129178314,0.286948887815523,0.6057588141368929,0.8792101608121108,1.094167411563558,1.2212808972084304,1.3234232190963715,1.3424423520400068,1.2659553353817896,1.111544604972491,0.8457556427925507,0.6079480668498293,0.3220453453697854,-0.10985316640420774,0.0,0.0,0.0,0.0,0.0,0.0,0.0,0.0,0.0,0.0,0.0,0.0,0.0,0.0,0.0,0.0,0.0,0.0,0.0,0.0,0.0,0.0,0.0,0.0,0.0,0.0,0.0,0.0,0.0,0.0,0.0,0.0,0.0,0.0,0.0,0.0,0.0,0.0,0.0,0.0,0.0,0.0,0.0,0.0,0.0,0.0,0.0,0.0,0.0,0.0,0.0,0.0,0.0,0.0,0.0,0.0,0.0,0.0,0.0,0.0,0.0,0.0,0.0,0.0,0.0,0.0,0.0,0.0,0.0,0.0,0.0,0.0
2210,-0.6044484185922746,-0.931924149804498,-1.1813276614413624,-1.3383567716354272,-1.4398727738594774,-1.4075085581903721,-1.2142816578060323,-1.000191265316096,-0.8082913714967765,-0.5420791100363221,-0.1934449963707201,0.1634460470327858,0.5165035159151221,0.8248850971084427,1.0670637952246413,1.2510753722407848,1.3784680024827303,1.4213008254981065,1.3657877175280921,1.1763206690779764,0.8654325199285064,0.5881618704262165,0.2693116818866248,-0.22603037980066218,0.0,0.0,0.0,0.0,0.0,0.0,0.0,0.0,0.0,0.0,0.0,0.0,0.0,0.0,0.0,0.0,0.0,0.0,0.0,0.0,0.0,0.0,0.0,0.0,0.0,0.0,0.0,0.0,0.0,0.0,0.0,0.0,0.0,0.0,0.0,0.0,0.0,0.0,0.0,0.0,0.0,0.0,0.0,0.0,0.0,0.0,0.0,0.0,0.0,0.0,0.0,0.0,0.0,0.0,0.0,0.0,0.0,0.0,0.0,0.0,0.0,0.0,0.0,0.0,0.0,0.0,0.0,0.0,0.0,0.0,0.0,0.0
2211,-0.5713394707208862,-0.882653657365542,-1.1476694397292966,-1.3377406479393514,-1.4312665214700016,-1.4130723324967376,-1.250485962948422,-1.047949799739663,-0.8414651104133021,-0.5724233798512083,-0.25445089426314516,0.10579404740748004,0.4541159886445621,0.7630300907863619,1.0264200094546332,1.2184267696831204,1.3558509629918158,1.4091173545390736,1.375129061095402,1.2300400817937143,0.917022609372838,0.6518519828476089,0.36569997244257324,-0.12198171412163651,0.0,0.0,0.0,0.0,0.0,0.0,0.0,0.0,0.0,0.0,0.0,0.0,0.0,0.0,0.0,0.0,0.0,0.0,0.0,0.0,0.0,0.0,0.0,0.0,0.0,0.0,0.0,0.0,0.0,0.0,0.0,0.0,0.0,0.0,0.0,0.0,0.0,0.0,0.0,0.0,0.0,0.0,0.0,0.0,0.0,0.0,0.0,0.0,0.0,0.0,0.0,0.0,0.0,0.0,0.0,0.0,0.0,0.0,0.0,0.0,0.0,0.0,0.0,0.0,0.0,0.0,0.0,0.0,0.0,0.0,0.0,0.0
2212,-0.6323708506720643,-0.9374775680604729,-1.190845669929479,-1.3535452661594771,-1.4286705994032267,-1.4028372712092554,-1.2458944054960197,-1.1478141093166798,-0.8522779564123889,-0.5368091240938081,-0.18212256512978325,0.19019398104182653,0.5425778477991464,0.8408484476988995,1.068455180505394,1.2225916400917078,1.3050568047443296,1.3193766719047761,1.274977887794246,1.1562453208860208,0.9043883607776648,0.6835457863283663,0.42269393478756895,-0.0202864784772996,0.0,0.0,0.0,0.0,0.0,0.0,0.0,0.0,0.0,0.0,0.0,0.0,0.0,0.0,0.0,0.0,0.0,0.0,0.0,0.0,0.0,0.0,0.0,0.0,0.0,0.0,0.0,0.0,0.0,0.0,0.0,0.0,0.0,0.0,0.0,0.0,0.0,0.0,0.0,0.0,0.0,0.0,0.0,0.0,0.0,0.0,0.0,0.0,0.0,0.0,0.0,0.0,0.0,0.0,0.0,0.0,0.0,0.0,0.0,0.0,0.0,0.0,0.0,0.0,0.0,0.0,0.0,0.0,0.0,0.0,0.0,0.0
2213,-0.6360979891303297,-0.9670321490743842,-1.2090666053776402,-1.3484987721405766,-1.4574510405123822,-1.4350590098960907,-1.2645453678000933,-1.078925460273404,-0.791705891442945,-0.4654506632694589,-0.15517064499834174,0.22990543971943203,0.5814268994539872,0.8706517247575468,1.0922994069176124,1.2344052489780164,1.3259786279162824,1.348704867944757,1.2790556264457256,1.1263887669603245,0.8594891303906196,0.6014126223025577,0.33444614385041593,-0.07516091172162324,0.0,0.0,0.0,0.0,0.0,0.0,0.0,0.0,0.0,0.0,0.0,0.0,0.0,0.0,0.0,0.0,0.0,0.0,0.0,0.0,0.0,0.0,0.0,0.0,0.0,0.0,0.0,0.0,0.0,0.0,0.0,0.0,0.0,0.0,0.0,0.0,0.0,0.0,0.0,0.0,0.0,0.0,0.0,0.0,0.0,0.0,0.0,0.0,0.0,0.0,0.0,0.0,0.0,0.0,0.0,0.0,0.0,0.0,0.0,0.0,0.0,0.0,0.0,0.0,0.0,0.0,0.0,0.0,0.0,0.0,0.0,0.0
2214,-0.3883981026969951,-0.6612389173037582,-0.9386046897065392,-1.1486617148935547,-1.3025102799581614,-1.3680514655348572,-1.3609812189785793,-1.3353869264448535,-1.1131690771810399,-0.7530814200698077,-0.3780048402592666,0.07293548510013614,0.4637080122656142,0.7755058853974685,1.0336405871671737,1.1918020026311096,1.3246519354235708,1.4147975790161138,1.3901224185347039,1.2603833942270048,0.9667560547447849,0.6435750846573233,0.32859560057514403,-0.1183853867127431,0.0,0.0,0.0,0.0,0.0,0.0,0.0,0.0,0.0,0.0,0.0,0.0,0.0,0.0,0.0,0.0,0.0,0.0,0.0,0.0,0.0,0.0,0.0,0.0,0.0,0.0,0.0,0.0,0.0,0.0,0.0,0.0,0.0,0.0,0.0,0.0,0.0,0.0,0.0,0.0,0.0,0.0,0.0,0.0,0.0,0.0,0.0,0.0,0.0,0.0,0.0,0.0,0.0,0.0,0.0,0.0,0.0,0.0,0.0,0.0,0.0,0.0,0.0,0.0,0.0,0.0,0.0,0.0,0.0,0.0,0.0,0.0
2215,-0.32586776109589305,-0.621256299391948,-0.87614914614718,-1.0906160013470292,-1.247440968587738,-1.3463452479275448,-1.3852378398032408,-1.3897683388568611,-1.197675178983353,-0.8524511510974728,-0.47502572993816716,-0.04379192001893825,0.3636044948797029,0.7079921229402993,0.9386293747623017,1.1273769353346748,1.2733287048466944,1.389867080502901,1.4148893752759741,1.2957024001730353,1.0477098519763945,0.7773436084534128,0.4685726729528173,0.046608961097150306,0.0,0.0,0.0,0.0,0.0,0.0,0.0,0.0,0.0,0.0,0.0,0.0,0.0,0.0,0.0,0.0,0.0,0.0,0.0,0.0,0.0,0.0,0.0,0.0,0.0,0.0,0.0,0.0,0.0,0.0,0.0,0.0,0.0,0.0,0.0,0.0,0.0,0.0,0.0,0.0,0.0,0.0,0.0,0.0,0.0,0.0,0.0,0.0,0.0,0.0,0.0,0.0,0.0,0.0,0.0,0.0,0.0,0.0,0.0,0.0,0.0,0.0,0.0,0.0,0.0,0.0,0.0,0.0,0.0,0.0,0.0,0.0
2216,-0.6988597141490485,-0.9863721192096696,-1.1996282624459316,-1.347160695682372,-1.412596143796229,-1.3848076979892872,-1.2296651509633936,-1.0753297372181996,-0.878504521481893,-0.5313219060266973,-0.1541600544312323,0.2410469912255871,0.6096186386193211,0.8941331200659153,1.116094772258294,1.2301888267228958,1.3033496933805913,1.3098644120033807,1.2642037292666628,1.144805656100321,0.8919999821097808,0.6378683034438056,0.326026595207812,-0.0707947170104065,0.0,0.0,0.0,0.0,0.0,0.0,0.0,0.0,0.0,0.0,0.0,0.0,0.0,0.0,0.0,0.0,0.0,0.0,0.0,0.0,0.0,0.0,0.0,0.0,0.0,0.0,0.0,0.0,0.0,0.0,0.0,0.0,0.0,0.0,0.0,0.0,0.0,0.0,0.0,0.0,0.0,0.0,0.0,0.0,0.0,0.0,0.0,0.0,0.0,0.0,0.0,0.0,0.0,0.0,0.0,0.0,0.0,0.0,0.0,0.0,0.0,0.0,0.0,0.0,0.0,0.0,0.0,0.0,0.0,0.0,0.0,0.0
2217,-0.5126419293206932,-0.8596392867704218,-1.137262172539819,-1.330885698004383,-1.4315724312269178,-1.4240099888185214,-1.2692611673045575,-1.0885125437914784,-0.8820766158994658,-0.5913913296064746,-0.2863936523091627,0.09491594383651347,0.4892879405057835,0.8135979707303227,1.0617835806786067,1.208032466923629,1.3297190402223722,1.3908435747299073,1.3357814940538966,1.184095149217713,0.9291595906735051,0.6794114926243128,0.36710137101474977,-0.07008279961940933,0.0,0.0,0.0,0.0,0.0,0.0,0.0,0.0,0.0,0.0,0.0,0.0,0.0,0.0,0.0,0.0,0.0,0.0,0.0,0.0,0.0,0.0,0.0,0.0,0.0,0.0,0.0,0.0,0.0,0.0,0.0,0.0,0.0,0.0,0.0,0.0,0.0,0.0,0.0,0.0,0.0,0.0,0.0,0.0,0.0,0.0,0.0,0.0,0.0,0.0,0.0,0.0,0.0,0.0,0.0,0.0,0.0,0.0,0.0,0.0,0.0,0.0,0.0,0.0,0.0,0.0,0.0,0.0,0.0,0.0,0.0,0.0
2218,-0.5475025176247912,-0.8730229142551232,-1.132330552819683,-1.3160632572942865,-1.431858592330242,-1.4139965459683128,-1.2901940867011477,-1.0997477165249911,-0.880968445223016,-0.6442039410324774,-0.2907202028562284,0.09146599602574136,0.46010167697797166,0.7919661797299545,1.0670416937036655,1.2362383880354577,1.3212986846762313,1.3448889045266414,1.306331521690201,1.155735992880142,0.9357248563118268,0.7330214267355878,0.4471054984180852,0.02968795291879282,0.0,0.0,0.0,0.0,0.0,0.0,0.0,0.0,0.0,0.0,0.0,0.0,0.0,0.0,0.0,0.0,0.0,0.0,0.0,0.0,0.0,0.0,0.0,0.0,0.0,0.0,0.0,0.0,0.0,0.0,0.0,0.0,0.0,0.0,0.0,0.0,0.0,0.0,0.0,0.0,0.0,0.0,0.0,0.0,0.0,0.0,0.0,0.0,0.0,0.0,0.0,0.0,0.0,0.0,0.0,0.0,0.0,0.0,0.0,0.0,0.0,0.0,0.0,0.0,0.0,0.0,0.0,0.0,0.0,0.0,0.0,0.0
2219,-0.4339799976709166,-0.8071805139843116,-1.1185582002639864,-1.3349381053820066,-1.4461343168385374,-1.45221757013705,-1.2835841298620057,-1.0698921738758864,-0.8343429473172046,-0.5232482030514141,-0.18654720652909415,0.22004046742264846,0.6213937141175314,0.9401278927581982,1.197251447875558,1.3349027376302711,1.418158425215727,1.386256713150272,1.277889921832584,1.0694323931033243,0.7332972806087731,0.47589078347752894,0.13735066386496106,-0.32136907614496424,0.0,0.0,0.0,0.0,0.0,0.0,0.0,0.0,0.0,0.0,0.0,0.0,0.0,0.0,0.0,0.0,0.0,0.0,0.0,0.0,0.0,0.0,0.0,0.0,0.0,0.0,0.0,0.0,0.0,0.0,0.0,0.0,0.0,0.0,0.0,0.0,0.0,0.0,0.0,0.0,0.0,0.0,0.0,0.0,0.0,0.0,0.0,0.0,0.0,0.0,0.0,0.0,0.0,0.0,0.0,0.0,0.0,0.0,0.0,0.0,0.0,0.0,0.0,0.0,0.0,0.0,0.0,0.0,0.0,0.0,0.0,0.0
2220,-0.07834725680778558,-0.5819484684278862,-1.0159819984427814,-1.2913859247974548,-1.4493466084422417,-1.4373060481644175,-1.3520665261976,-1.1667756819221966,-0.8982520757262795,-0.5209811870211264,-0.15460413856733782,0.265764311132249,0.6667340803842304,1.0096033682956007,1.249458973830032,1.3864920169919341,1.4479370984097186,1.4157333776666496,1.2804204145444364,0.9738639274709484,0.5986953588143041,0.29615239183342396,-0.060095296386639616,-0.5837641084697803,0.0,0.0,0.0,0.0,0.0,0.0,0.0,0.0,0.0,0.0,0.0,0.0,0.0,0.0,0.0,0.0,0.0,0.0,0.0,0.0,0.0,0.0,0.0,0.0,0.0,0.0,0.0,0.0,0.0,0.0,0.0,0.0,0.0,0.0,0.0,0.0,0.0,0.0,0.0,0.0,0.0,0.0,0.0,0.0,0.0,0.0,0.0,0.0,0.0,0.0,0.0,0.0,0.0,0.0,0.0,0.0,0.0,0.0,0.0,0.0,0.0,0.0,0.0,0.0,0.0,0.0,0.0,0.0,0.0,0.0,0.0,0.0
2221,-0.23148356213917803,-0.6275721314036142,-0.9119434119011582,-1.1467905334608015,-1.2847880841587995,-1.3400708662290144,-1.3108589416123668,-1.3782871833798256,-1.2263642349255044,-0.8548806917718645,-0.36445540537624754,0.09518742282118176,0.4743142294049839,0.7624547904982243,0.9835859187790833,1.1814731500531475,1.3508813723819493,1.4305597760854216,1.4086770081826283,1.234033673915359,0.9065250710448446,0.6729343763504334,0.3395624481088355,-0.16269419126771764,0.0,0.0,0.0,0.0,0.0,0.0,0.0,0.0,0.0,0.0,0.0,0.0,0.0,0.0,0.0,0.0,0.0,0.0,0.0,0.0,0.0,0.0,0.0,0.0,0.0,0.0,0.0,0.0,0.0,0.0,0.0,0.0,0.0,0.0,0.0,0.0,0.0,0.0,0.0,0.0,0.0,0.0,0.0,0.0,0.0,0.0,0.0,0.0,0.0,0.0,0.0,0.0,0.0,0.0,0.0,0.0,0.0,0.0,0.0,0.0,0.0,0.0,0.0,0.0,0.0,0.0,0.0,0.0,0.0,0.0,0.0,0.0
2222,-0.3705525957131238,-0.6852662092388494,-0.9122038558965501,-1.0848904153061136,-1.21774827157752,-1.3064793632210403,-1.3126876742617601,-1.3419144923919186,-1.1846054418678307,-0.8685546536564115,-0.4920444671561353,-0.0612831934077219,0.34798777289204563,0.7027211145110273,0.9926969963514227,1.1819072143770561,1.3319573166073793,1.4294755561854569,1.4459037023239774,1.2795209664326834,0.9785611496740911,0.7589779637877048,0.4341400276417283,-0.04561914708959777,0.0,0.0,0.0,0.0,0.0,0.0,0.0,0.0,0.0,0.0,0.0,0.0,0.0,0.0,0.0,0.0,0.0,0.0,0.0,0.0,0.0,0.0,0.0,0.0,0.0,0.0,0.0,0.0,0.0,0.0,0.0,0.0,0.0,0.0,0.0,0.0,0.0,0.0,0.0,0.0,0.0,0.0,0.0,0.0,0.0,0.0,0.0,0.0,0.0,0.0,0.0,0.0,0.0,0.0,0.0,0.0,0.0,0.0,0.0,0.0,0.0,0.0,0.0,0.0,0.0,0.0,0.0,0.0,0.0,0.0,0.0,0.0
2223,-0.7654709553767032,-1.0256168592402155,-1.2620071929714634,-1.3996998560777194,-1.4675601073612061,-1.3841915027460903,-1.2146753400286878,-1.0534063941119207,-0.7414464542618097,-0.38269252343418186,-0.0373851417380244,0.293758541539651,0.5952301730672153,0.8356544715379043,1.0445242013800764,1.1692185336592444,1.2550075171180248,1.295167877190683,1.3019807954172946,1.1979941488005907,0.9270013619710259,0.677433410090937,0.34431756627397936,-0.20313627069861503,0.0,0.0,0.0,0.0,0.0,0.0,0.0,0.0,0.0,0.0,0.0,0.0,0.0,0.0,0.0,0.0,0.0,0.0,0.0,0.0,0.0,0.0,0.0,0.0,0.0,0.0,0.0,0.0,0.0,0.0,0.0,0.0,0.0,0.0,0.0,0.0,0.0,0.0,0.0,0.0,0.0,0.0,0.0,0.0,0.0,0.0,0.0,0.0,0.0,0.0,0.0,0.0,0.0,0.0,0.0,0.0,0.0,0.0,0.0,0.0,0.0,0.0,0.0,0.0,0.0,0.0,0.0,0.0,0.0,0.0,0.0,0.0
2224,-0.7286535465135892,-1.01159587542971,-1.2172977305179482,-1.347886497710004,-1.4292180983296177,-1.4095806897293086,-1.2132884262620518,-1.0203508867640145,-0.7714467327550961,-0.46444857830359665,-0.16342346896802445,0.15748451657536072,0.4756105359003688,0.7816268199218529,1.0466500134901917,1.2098859724802613,1.3247648127920697,1.369685384965277,1.343093060819025,1.2015400738251298,0.9275982238508175,0.6909674502170923,0.3457581715308246,-0.0974745050853196,0.0,0.0,0.0,0.0,0.0,0.0,0.0,0.0,0.0,0.0,0.0,0.0,0.0,0.0,0.0,0.0,0.0,0.0,0.0,0.0,0.0,0.0,0.0,0.0,0.0,0.0,0.0,0.0,0.0,0.0,0.0,0.0,0.0,0.0,0.0,0.0,0.0,0.0,0.0,0.0,0.0,0.0,0.0,0.0,0.0,0.0,0.0,0.0,0.0,0.0,0.0,0.0,0.0,0.0,0.0,0.0,0.0,0.0,0.0,0.0,0.0,0.0,0.0,0.0,0.0,0.0,0.0,0.0,0.0,0.0,0.0,0.0
2225,-0.6101283468161459,-0.9327834295146274,-1.1802092057389173,-1.3267357148972296,-1.410867897877243,-1.383788315172036,-1.1926732328470673,-0.9990356688454493,-0.8644538523324473,-0.5604206196586424,-0.2316819046811828,0.11486256330791984,0.4592555028081156,0.7734528528260668,1.0721443595963787,1.2565080939044326,1.3851546594135538,1.4253659849648475,1.3782549301215419,1.1984910153414958,0.8920836822661385,0.6391677988632588,0.29136209003583147,-0.19332534506860174,0.0,0.0,0.0,0.0,0.0,0.0,0.0,0.0,0.0,0.0,0.0,0.0,0.0,0.0,0.0,0.0,0.0,0.0,0.0,0.0,0.0,0.0,0.0,0.0,0.0,0.0,0.0,0.0,0.0,0.0,0.0,0.0,0.0,0.0,0.0,0.0,0.0,0.0,0.0,0.0,0.0,0.0,0.0,0.0,0.0,0.0,0.0,0.0,0.0,0.0,0.0,0.0,0.0,0.0,0.0,0.0,0.0,0.0,0.0,0.0,0.0,0.0,0.0,0.0,0.0,0.0,0.0,0.0,0.0,0.0,0.0,0.0
2226,-0.6420884372962995,-0.9225168205798545,-1.186611011562011,-1.3586397550271943,-1.4371923707311924,-1.3890065034420669,-1.242147265386766,-1.0492553035729784,-0.8317135606498074,-0.5451969784175493,-0.20158496945903917,0.17187406361384458,0.5004140678578824,0.8204899906366503,1.0628300073264898,1.2462184390740092,1.3771147164711253,1.3724371977666339,1.3130401348524576,1.1399719427862762,0.8765459687619042,0.6848419482064,0.3532578444880106,-0.11308334571691642,0.0,0.0,0.0,0.0,0.0,0.0,0.0,0.0,0.0,0.0,0.0,0.0,0.0,0.0,0.0,0.0,0.0,0.0,0.0,0.0,0.0,0.0,0.0,0.0,0.0,0.0,0.0,0.0,0.0,0.0,0.0,0.0,0.0,0.0,0.0,0.0,0.0,0.0,0.0,0.0,0.0,0.0,0.0,0.0,0.0,0.0,0.0,0.0,0.0,0.0,0.0,0.0,0.0,0.0,0.0,0.0,0.0,0.0,0.0,0.0,0.0,0.0,0.0,0.0,0.0,0.0,0.0,0.0,0.0,0.0,0.0,0.0
2227,-0.5916183703885398,-0.8978621594942194,-1.1754699663145094,-1.346518139322144,-1.444248985030725,-1.403866875963393,-1.2056413900093033,-0.998663888021609,-0.7685012207519105,-0.5248266690794546,-0.24898461987997939,0.08520420287685765,0.44764514756673307,0.7740032191356084,1.0595953212848006,1.268031492611429,1.4243394280887824,1.48115076023674,1.393169967477876,1.1640821091947604,0.8385685304010575,0.5931282211077866,0.26162642081740706,-0.18434253654406008,0.0,0.0,0.0,0.0,0.0,0.0,0.0,0.0,0.0,0.0,0.0,0.0,0.0,0.0,0.0,0.0,0.0,0.0,0.0,0.0,0.0,0.0,0.0,0.0,0.0,0.0,0.0,0.0,0.0,0.0,0.0,0.0,0.0,0.0,0.0,0.0,0.0,0.0,0.0,0.0,0.0,0.0,0.0,0.0,0.0,0.0,0.0,0.0,0.0,0.0,0.0,0.0,0.0,0.0,0.0,0.0,0.0,0.0,0.0,0.0,0.0,0.0,0.0,0.0,0.0,0.0,0.0,0.0,0.0,0.0,0.0,0.0
2228,-0.4155017264653657,-0.697139782142038,-0.9761119987616371,-1.1760499280421255,-1.3035397605950958,-1.3501919440938763,-1.3236903675853253,-1.2719417270656697,-1.095839535236659,-0.8193763436119523,-0.42028455536187936,0.008131462515998568,0.41843545621199696,0.7475097656983537,1.0096244706335196,1.2029762093024154,1.3393260363685995,1.418909172925343,1.3915451190747976,1.2292425647176952,0.950035127004825,0.7350430477549821,0.4080073210769754,-0.009118084323886706,0.0,0.0,0.0,0.0,0.0,0.0,0.0,0.0,0.0,0.0,0.0,0.0,0.0,0.0,0.0,0.0,0.0,0.0,0.0,0.0,0.0,0.0,0.0,0.0,0.0,0.0,0.0,0.0,0.0,0.0,0.0,0.0,0.0,0.0,0.0,0.0,0.0,0.0,0.0,0.0,0.0,0.0,0.0,0.0,0.0,0.0,0.0,0.0,0.0,0.0,0.0,0.0,0.0,0.0,0.0,0.0,0.0,0.0,0.0,0.0,0.0,0.0,0.0,0.0,0.0,0.0,0.0,0.0,0.0,0.0,0.0,0.0
2229,-0.4777098846044023,-0.7168101500017307,-0.9298463324143053,-1.1217009597841734,-1.2488620919219118,-1.319730548963102,-1.3090320686194976,-1.302282691758432,-1.1762703897247049,-0.8978226932649933,-0.4468350755591016,-0.013510720702381915,0.4010015412011546,0.7408398463439639,1.0087326662230727,1.1847190777812864,1.3203528319361073,1.4014889580318974,1.3715475734461058,1.2279438104447074,0.9774988477702685,0.7875828712009192,0.4774705449993993,0.06123503793984596,0.0,0.0,0.0,0.0,0.0,0.0,0.0,0.0,0.0,0.0,0.0,0.0,0.0,0.0,0.0,0.0,0.0,0.0,0.0,0.0,0.0,0.0,0.0,0.0,0.0,0.0,0.0,0.0,0.0,0.0,0.0,0.0,0.0,0.0,0.0,0.0,0.0,0.0,0.0,0.0,0.0,0.0,0.0,0.0,0.0,0.0,0.0,0.0,0.0,0.0,0.0,0.0,0.0,0.0,0.0,0.0,0.0,0.0,0.0,0.0,0.0,0.0,0.0,0.0,0.0,0.0,0.0,0.0,0.0,0.0,0.0,0.0
2230,-0.7842937662155164,-1.0600041766055217,-1.276076609850981,-1.4348512006079825,-1.4852704654709696,-1.4280435361539086,-1.2308340064999463,-0.9871054364098104,-0.7267122710414721,-0.45121460016565657,-0.060341199427562595,0.27748914910586986,0.6093627912419873,0.8823785011189217,1.0601578218102137,1.1614218305645674,1.2326186546467601,1.245808504526529,1.2291439092483265,1.1265325502374373,0.914927646789964,0.7348791046139805,0.41825179432813336,0.031775010216629,0.0,0.0,0.0,0.0,0.0,0.0,0.0,0.0,0.0,0.0,0.0,0.0,0.0,0.0,0.0,0.0,0.0,0.0,0.0,0.0,0.0,0.0,0.0,0.0,0.0,0.0,0.0,0.0,0.0,0.0,0.0,0.0,0.0,0.0,0.0,0.0,0.0,0.0,0.0,0.0,0.0,0.0,0.0,0.0,0.0,0.0,0.0,0.0,0.0,0.0,0.0,0.0,0.0,0.0,0.0,0.0,0.0,0.0,0.0,0.0,0.0,0.0,0.0,0.0,0.0,0.0,0.0,0.0,0.0,0.0,0.0,0.0
2231,-0.6742088153878899,-0.9711759192399093,-1.2075617339061169,-1.3622485986681465,-1.4446074754697733,-1.4087734449382963,-1.2120492368087696,-1.007273920530366,-0.7987370209365033,-0.48711953996111756,-0.12475368057190889,0.27417212893597065,0.6222175746505375,0.9398403903927086,1.1623017475227437,1.2734994297428888,1.3279433987824256,1.333222813962017,1.2729054955351846,1.1055480343421356,0.8257390298237882,0.5809721435599793,0.23596236157367748,-0.2558151624052668,0.0,0.0,0.0,0.0,0.0,0.0,0.0,0.0,0.0,0.0,0.0,0.0,0.0,0.0,0.0,0.0,0.0,0.0,0.0,0.0,0.0,0.0,0.0,0.0,0.0,0.0,0.0,0.0,0.0,0.0,0.0,0.0,0.0,0.0,0.0,0.0,0.0,0.0,0.0,0.0,0.0,0.0,0.0,0.0,0.0,0.0,0.0,0.0,0.0,0.0,0.0,0.0,0.0,0.0,0.0,0.0,0.0,0.0,0.0,0.0,0.0,0.0,0.0,0.0,0.0,0.0,0.0,0.0,0.0,0.0,0.0,0.0
2232,-0.6030206734366007,-0.9340942176166871,-1.195549493160774,-1.3657274831598838,-1.4986283896353791,-1.4673922564061053,-1.263620689160418,-1.018888532114079,-0.7723882920547624,-0.4614266921472981,-0.04828462811482715,0.39520952764042877,0.7758630663094332,1.0647236285546755,1.2774829511163333,1.2958268123759775,1.233575556294052,1.23136545252783,1.171471640463208,1.0135228913038612,0.7542040494004556,0.5406343554578499,0.1764092547844304,-0.30126783922172895,0.0,0.0,0.0,0.0,0.0,0.0,0.0,0.0,0.0,0.0,0.0,0.0,0.0,0.0,0.0,0.0,0.0,0.0,0.0,0.0,0.0,0.0,0.0,0.0,0.0,0.0,0.0,0.0,0.0,0.0,0.0,0.0,0.0,0.0,0.0,0.0,0.0,0.0,0.0,0.0,0.0,0.0,0.0,0.0,0.0,0.0,0.0,0.0,0.0,0.0,0.0,0.0,0.0,0.0,0.0,0.0,0.0,0.0,0.0,0.0,0.0,0.0,0.0,0.0,0.0,0.0,0.0,0.0,0.0,0.0,0.0,0.0
2233,-0.48131588560905014,-0.8108483214701215,-1.110287902308446,-1.3178815818794278,-1.43151345631428,-1.4207772033504353,-1.2304242219695691,-1.002455171810269,-0.8230735438231126,-0.5372697879169704,-0.14535737133166288,0.32335451900961376,0.7323509001651267,1.049501380053297,1.2879715827465765,1.420803325620421,1.439611360009638,1.3900051693080784,1.2255132352123854,0.9594579154149211,0.5976383538523605,0.37358764419081397,-0.01589540128588642,-0.4726955365139924,0.0,0.0,0.0,0.0,0.0,0.0,0.0,0.0,0.0,0.0,0.0,0.0,0.0,0.0,0.0,0.0,0.0,0.0,0.0,0.0,0.0,0.0,0.0,0.0,0.0,0.0,0.0,0.0,0.0,0.0,0.0,0.0,0.0,0.0,0.0,0.0,0.0,0.0,0.0,0.0,0.0,0.0,0.0,0.0,0.0,0.0,0.0,0.0,0.0,0.0,0.0,0.0,0.0,0.0,0.0,0.0,0.0,0.0,0.0,0.0,0.0,0.0,0.0,0.0,0.0,0.0,0.0,0.0,0.0,0.0,0.0,0.0
2234,-0.41694015173964477,-0.7916050301072622,-1.1288634768357038,-1.3355425910989487,-1.4574566721981894,-1.4099264815374017,-1.1945821159082008,-1.12302944621308,-0.8339017521212846,-0.45074321152367075,-0.06483924475070457,0.3611307852688101,0.7652232004534857,1.0767432767879987,1.2321172393993465,1.323574248865772,1.3813139931161513,1.3808850202762524,1.2758724690690246,1.0226069043927695,0.6349012516922283,0.3325611941315496,-0.04167471139616903,-0.5378246980231284,0.0,0.0,0.0,0.0,0.0,0.0,0.0,0.0,0.0,0.0,0.0,0.0,0.0,0.0,0.0,0.0,0.0,0.0,0.0,0.0,0.0,0.0,0.0,0.0,0.0,0.0,0.0,0.0,0.0,0.0,0.0,0.0,0.0,0.0,0.0,0.0,0.0,0.0,0.0,0.0,0.0,0.0,0.0,0.0,0.0,0.0,0.0,0.0,0.0,0.0,0.0,0.0,0.0,0.0,0.0,0.0,0.0,0.0,0.0,0.0,0.0,0.0,0.0,0.0,0.0,0.0,0.0,0.0,0.0,0.0,0.0,0.0
2235,-0.3025096107529289,-0.6562578709019451,-0.9114666607576627,-1.1523305039389038,-1.310312433000948,-1.364035664664183,-1.2983114318615165,-1.2444006845554778,-1.1287035329456485,-0.8207090896407139,-0.36935893741241704,0.07524065167494978,0.43245795121583286,0.7269512682389073,0.9747531902038821,1.1761449905749626,1.3624417817003522,1.477951417667378,1.483295613487281,1.3123751050717876,0.9371563038217576,0.6346935719795296,0.23162869777316314,-0.26669412297743883,0.0,0.0,0.0,0.0,0.0,0.0,0.0,0.0,0.0,0.0,0.0,0.0,0.0,0.0,0.0,0.0,0.0,0.0,0.0,0.0,0.0,0.0,0.0,0.0,0.0,0.0,0.0,0.0,0.0,0.0,0.0,0.0,0.0,0.0,0.0,0.0,0.0,0.0,0.0,0.0,0.0,0.0,0.0,0.0,0.0,0.0,0.0,0.0,0.0,0.0,0.0,0.0,0.0,0.0,0.0,0.0,0.0,0.0,0.0,0.0,0.0,0.0,0.0,0.0,0.0,0.0,0.0,0.0,0.0,0.0,0.0,0.0
2236,-0.352802441582586,-0.6678929714849366,-0.9511806174037258,-1.1267878463564347,-1.2549500119749717,-1.3145804194441495,-1.3131976853579077,-1.3132841062382978,-1.1508992719852762,-0.8500681873472941,-0.5051624537103546,-0.10131767964735829,0.2954405822236488,0.6187410957630601,0.89494222948986,1.0995004533732566,1.26318160083213,1.4162329800030193,1.4515791200825754,1.339231975575429,1.082129856414844,0.8722999588276505,0.5237645482143263,0.045079291733492496,0.0,0.0,0.0,0.0,0.0,0.0,0.0,0.0,0.0,0.0,0.0,0.0,0.0,0.0,0.0,0.0,0.0,0.0,0.0,0.0,0.0,0.0,0.0,0.0,0.0,0.0,0.0,0.0,0.0,0.0,0.0,0.0,0.0,0.0,0.0,0.0,0.0,0.0,0.0,0.0,0.0,0.0,0.0,0.0,0.0,0.0,0.0,0.0,0.0,0.0,0.0,0.0,0.0,0.0,0.0,0.0,0.0,0.0,0.0,0.0,0.0,0.0,0.0,0.0,0.0,0.0,0.0,0.0,0.0,0.0,0.0,0.0
2237,-0.8543650851522405,-1.1006276376115471,-1.278515449123051,-1.3893052264679349,-1.4355503832085652,-1.3610048928183776,-1.2003526228528447,-0.9275629406067348,-0.6855560774180383,-0.4436201423838519,-0.1445161148144693,0.17253273584598605,0.5166052133748158,0.7988283401707782,1.0267914287664612,1.176520762937428,1.2774515268053985,1.3314987805421472,1.316320155476971,1.2039699587328634,0.9505436626680296,0.7544982436019225,0.3876578284753286,-0.09224206494047477,0.0,0.0,0.0,0.0,0.0,0.0,0.0,0.0,0.0,0.0,0.0,0.0,0.0,0.0,0.0,0.0,0.0,0.0,0.0,0.0,0.0,0.0,0.0,0.0,0.0,0.0,0.0,0.0,0.0,0.0,0.0,0.0,0.0,0.0,0.0,0.0,0.0,0.0,0.0,0.0,0.0,0.0,0.0,0.0,0.0,0.0,0.0,0.0,0.0,0.0,0.0,0.0,0.0,0.0,0.0,0.0,0.0,0.0,0.0,0.0,0.0,0.0,0.0,0.0,0.0,0.0,0.0,0.0,0.0,0.0,0.0,0.0
2238,-0.7734469980376448,-1.0009450254596046,-1.2237792404411987,-1.3656825924870335,-1.446750626376921,-1.3822116924595065,-1.1738490131384591,-0.9260496845054954,-0.7517739872853568,-0.533054900927615,-0.2589187491019975,0.11775269093460271,0.46164027293451415,0.7948285205124099,1.0679358901820644,1.2348043558792692,1.3527027909526332,1.3737585324113435,1.329246557796676,1.1658073659526813,0.9163619858701768,0.728780706099583,0.371176028686831,-0.0783331879919523,0.0,0.0,0.0,0.0,0.0,0.0,0.0,0.0,0.0,0.0,0.0,0.0,0.0,0.0,0.0,0.0,0.0,0.0,0.0,0.0,0.0,0.0,0.0,0.0,0.0,0.0,0.0,0.0,0.0,0.0,0.0,0.0,0.0,0.0,0.0,0.0,0.0,0.0,0.0,0.0,0.0,0.0,0.0,0.0,0.0,0.0,0.0,0.0,0.0,0.0,0.0,0.0,0.0,0.0,0.0,0.0,0.0,0.0,0.0,0.0,0.0,0.0,0.0,0.0,0.0,0.0,0.0,0.0,0.0,0.0,0.0,0.0
2239,-0.695200244962544,-0.9801952581838119,-1.2144556519016803,-1.378568722317019,-1.4744619719347065,-1.4213179743002091,-1.2194809262893982,-0.9553442437459188,-0.7954303752162073,-0.5381087908149755,-0.15095614483516617,0.24631588929525344,0.6176354789849924,0.9266554341420629,1.1465283984485193,1.2511642487133328,1.3107791476142066,1.3126378107439105,1.2473780830787506,1.0934532401891963,0.8471459558158395,0.6687142953642631,0.2909926437833218,-0.13588032167201214,0.0,0.0,0.0,0.0,0.0,0.0,0.0,0.0,0.0,0.0,0.0,0.0,0.0,0.0,0.0,0.0,0.0,0.0,0.0,0.0,0.0,0.0,0.0,0.0,0.0,0.0,0.0,0.0,0.0,0.0,0.0,0.0,0.0,0.0,0.0,0.0,0.0,0.0,0.0,0.0,0.0,0.0,0.0,0.0,0.0,0.0,0.0,0.0,0.0,0.0,0.0,0.0,0.0,0.0,0.0,0.0,0.0,0.0,0.0,0.0,0.0,0.0,0.0,0.0,0.0,0.0,0.0,0.0,0.0,0.0,0.0,0.0
2240,-0.632601218976382,-0.9457936053377104,-1.1955251274166339,-1.3748740278778149,-1.4540287776037086,-1.4218871519574365,-1.2154680124125086,-0.966695941845414,-0.8077696521360221,-0.5494030664506374,-0.16713017123761992,0.21795254626003965,0.591521845615751,0.899368716411175,1.1388204008633591,1.281984272878417,1.3605222323467066,1.367786650936269,1.2682092904585862,1.0896142447566997,0.8276839820273786,0.6264732935466651,0.26736429911923393,-0.2061250219683849,0.0,0.0,0.0,0.0,0.0,0.0,0.0,0.0,0.0,0.0,0.0,0.0,0.0,0.0,0.0,0.0,0.0,0.0,0.0,0.0,0.0,0.0,0.0,0.0,0.0,0.0,0.0,0.0,0.0,0.0,0.0,0.0,0.0,0.0,0.0,0.0,0.0,0.0,0.0,0.0,0.0,0.0,0.0,0.0,0.0,0.0,0.0,0.0,0.0,0.0,0.0,0.0,0.0,0.0,0.0,0.0,0.0,0.0,0.0,0.0,0.0,0.0,0.0,0.0,0.0,0.0,0.0,0.0,0.0,0.0,0.0,0.0
2241,-0.6200654490761673,-0.908870727973478,-1.162323068378821,-1.3328371462383688,-1.4300913325461204,-1.401661117751249,-1.2266439089431045,-1.0264898199144354,-0.8171950471692118,-0.5177704445423746,-0.12310798289820235,0.279418155178594,0.6506912202539359,0.9528714701776755,1.1805820321753688,1.3424931135958067,1.3962618413402443,1.398547012269383,1.2935635713483684,1.0503272892144686,0.7154825371859833,0.4897210915690257,0.11696938648071173,-0.29987267535804113,0.0,0.0,0.0,0.0,0.0,0.0,0.0,0.0,0.0,0.0,0.0,0.0,0.0,0.0,0.0,0.0,0.0,0.0,0.0,0.0,0.0,0.0,0.0,0.0,0.0,0.0,0.0,0.0,0.0,0.0,0.0,0.0,0.0,0.0,0.0,0.0,0.0,0.0,0.0,0.0,0.0,0.0,0.0,0.0,0.0,0.0,0.0,0.0,0.0,0.0,0.0,0.0,0.0,0.0,0.0,0.0,0.0,0.0,0.0,0.0,0.0,0.0,0.0,0.0,0.0,0.0,0.0,0.0,0.0,0.0,0.0,0.0
2242,-0.22597359482422816,-0.5764250447974357,-0.9034194568747228,-1.1393113590956705,-1.3068144325214694,-1.3797459975288564,-1.3510854617898267,-1.306484051706034,-1.1351815989027267,-0.831148653498207,-0.3717541296351429,0.11671390598624522,0.5306810677269279,0.8588318126582393,1.1041395681190986,1.273377140825934,1.391323091936408,1.4266738391880065,1.368113839652064,1.1752540386415902,0.8309972289577983,0.5706571463946235,0.18535052039297054,-0.30476941930559515,0.0,0.0,0.0,0.0,0.0,0.0,0.0,0.0,0.0,0.0,0.0,0.0,0.0,0.0,0.0,0.0,0.0,0.0,0.0,0.0,0.0,0.0,0.0,0.0,0.0,0.0,0.0,0.0,0.0,0.0,0.0,0.0,0.0,0.0,0.0,0.0,0.0,0.0,0.0,0.0,0.0,0.0,0.0,0.0,0.0,0.0,0.0,0.0,0.0,0.0,0.0,0.0,0.0,0.0,0.0,0.0,0.0,0.0,0.0,0.0,0.0,0.0,0.0,0.0,0.0,0.0,0.0,0.0,0.0,0.0,0.0,0.0
2243,-0.48814732666609595,-0.7078913633014411,-0.9413866777010735,-1.1113773475510575,-1.2261556006489531,-1.3056227837089052,-1.3166099855406723,-1.3215853222192084,-1.1589194535904026,-0.8384248492147012,-0.46803867425701245,-0.06344705963438799,0.32117410637577903,0.661846465058877,0.9028047844763136,1.1256584065357438,1.2825888176045706,1.4126385902296397,1.4573475184381517,1.3268831344232046,1.0441181665264019,0.832251746298739,0.49303052748021403,0.08726418058626854,0.0,0.0,0.0,0.0,0.0,0.0,0.0,0.0,0.0,0.0,0.0,0.0,0.0,0.0,0.0,0.0,0.0,0.0,0.0,0.0,0.0,0.0,0.0,0.0,0.0,0.0,0.0,0.0,0.0,0.0,0.0,0.0,0.0,0.0,0.0,0.0,0.0,0.0,0.0,0.0,0.0,0.0,0.0,0.0,0.0,0.0,0.0,0.0,0.0,0.0,0.0,0.0,0.0,0.0,0.0,0.0,0.0,0.0,0.0,0.0,0.0,0.0,0.0,0.0,0.0,0.0,0.0,0.0,0.0,0.0,0.0,0.0
2244,-0.8053512809524581,-1.0516909885662886,-1.2412360267488913,-1.3682495602041824,-1.439156844463776,-1.3774858650308772,-1.1916697697907288,-0.9481984798249402,-0.7125866542147861,-0.4785811424875354,-0.18984622203564705,0.15390494890568318,0.4990329603180735,0.8165094256033407,1.0837885820478763,1.2550904839889332,1.3362667034285163,1.3533051042578848,1.3087872623602759,1.161293226897966,0.9038240588097334,0.6881190516769895,0.3268705330826042,-0.08273950705776595,0.0,0.0,0.0,0.0,0.0,0.0,0.0,0.0,0.0,0.0,0.0,0.0,0.0,0.0,0.0,0.0,0.0,0.0,0.0,0.0,0.0,0.0,0.0,0.0,0.0,0.0,0.0,0.0,0.0,0.0,0.0,0.0,0.0,0.0,0.0,0.0,0.0,0.0,0.0,0.0,0.0,0.0,0.0,0.0,0.0,0.0,0.0,0.0,0.0,0.0,0.0,0.0,0.0,0.0,0.0,0.0,0.0,0.0,0.0,0.0,0.0,0.0,0.0,0.0,0.0,0.0,0.0,0.0,0.0,0.0,0.0,0.0
2245,-0.6859162986835321,-0.9581750947358298,-1.1894773445453946,-1.3675546726870205,-1.4407931562859773,-1.4057229517876613,-1.227335816185803,-0.9853142282521945,-0.7294752275922178,-0.5141590427306487,-0.14133674508689,0.2817982840986224,0.6565413879958224,0.977997608733037,1.2143807008904144,1.3203968137819668,1.3553430952961898,1.3280180773036856,1.2438124096124994,1.0572463570605037,0.8010355874482481,0.5404875133927378,0.1435621953428927,-0.2753594523834581,0.0,0.0,0.0,0.0,0.0,0.0,0.0,0.0,0.0,0.0,0.0,0.0,0.0,0.0,0.0,0.0,0.0,0.0,0.0,0.0,0.0,0.0,0.0,0.0,0.0,0.0,0.0,0.0,0.0,0.0,0.0,0.0,0.0,0.0,0.0,0.0,0.0,0.0,0.0,0.0,0.0,0.0,0.0,0.0,0.0,0.0,0.0,0.0,0.0,0.0,0.0,0.0,0.0,0.0,0.0,0.0,0.0,0.0,0.0,0.0,0.0,0.0,0.0,0.0,0.0,0.0,0.0,0.0,0.0,0.0,0.0,0.0
2246,-0.5890462289634981,-0.9246076492047173,-1.1669647505238863,-1.3478108821727777,-1.4366816206869324,-1.4132026701187823,-1.2249829837460091,-0.9766106140994629,-0.807795019105326,-0.5867177379980617,-0.22528419591866064,0.17553965165937238,0.5560538835944326,0.8795847671808972,1.160620690648148,1.298713140959444,1.3511688679863578,1.367856386571985,1.3134602504072077,1.124464400379289,0.8490556634118426,0.6330234460630237,0.22016906183023616,-0.23000585815412886,0.0,0.0,0.0,0.0,0.0,0.0,0.0,0.0,0.0,0.0,0.0,0.0,0.0,0.0,0.0,0.0,0.0,0.0,0.0,0.0,0.0,0.0,0.0,0.0,0.0,0.0,0.0,0.0,0.0,0.0,0.0,0.0,0.0,0.0,0.0,0.0,0.0,0.0,0.0,0.0,0.0,0.0,0.0,0.0,0.0,0.0,0.0,0.0,0.0,0.0,0.0,0.0,0.0,0.0,0.0,0.0,0.0,0.0,0.0,0.0,0.0,0.0,0.0,0.0,0.0,0.0,0.0,0.0,0.0,0.0,0.0,0.0
2247,-0.5329647287661576,-0.8829703090729025,-1.1569361013732011,-1.3455889607882185,-1.4663623996901645,-1.4311986343096226,-1.2153940066893765,-0.9730310921361472,-0.7547783542678888,-0.5107833662159845,-0.09178558801070795,0.3414557407284591,0.7690589973812945,1.0985152886365412,1.3408040180307397,1.4314582823662299,1.3735196731632693,1.297257329679731,1.170252337419208,0.9176518709197451,0.6440570044145999,0.4191276022335803,-0.0025408416968007654,-0.43882376195622563,0.0,0.0,0.0,0.0,0.0,0.0,0.0,0.0,0.0,0.0,0.0,0.0,0.0,0.0,0.0,0.0,0.0,0.0,0.0,0.0,0.0,0.0,0.0,0.0,0.0,0.0,0.0,0.0,0.0,0.0,0.0,0.0,0.0,0.0,0.0,0.0,0.0,0.0,0.0,0.0,0.0,0.0,0.0,0.0,0.0,0.0,0.0,0.0,0.0,0.0,0.0,0.0,0.0,0.0,0.0,0.0,0.0,0.0,0.0,0.0,0.0,0.0,0.0,0.0,0.0,0.0,0.0,0.0,0.0,0.0,0.0,0.0
2248,-0.6177280096317375,-0.947001431173046,-1.2214087923030716,-1.4129776493008936,-1.4849508240538967,-1.4441865741134914,-1.153673866598693,-0.9560173427855743,-0.7057294716959018,-0.48248933544381406,-0.08355451135784296,0.3388062711059792,0.7195551538196712,1.0276373301178579,1.2424009682726969,1.323621231859062,1.3598389964563977,1.358143696836948,1.2249085585629198,0.9870271983246751,0.6725491189167463,0.48098026191892435,0.10863081822886979,-0.3343817959627948,0.0,0.0,0.0,0.0,0.0,0.0,0.0,0.0,0.0,0.0,0.0,0.0,0.0,0.0,0.0,0.0,0.0,0.0,0.0,0.0,0.0,0.0,0.0,0.0,0.0,0.0,0.0,0.0,0.0,0.0,0.0,0.0,0.0,0.0,0.0,0.0,0.0,0.0,0.0,0.0,0.0,0.0,0.0,0.0,0.0,0.0,0.0,0.0,0.0,0.0,0.0,0.0,0.0,0.0,0.0,0.0,0.0,0.0,0.0,0.0,0.0,0.0,0.0,0.0,0.0,0.0,0.0,0.0,0.0,0.0,0.0,0.0
2249,-0.46059256702539414,-0.7260454485569976,-0.9756016439919586,-1.172749586633423,-1.2968018082734312,-1.3529120290620364,-1.3076173618277678,-1.25419288252581,-1.141536915302116,-0.7426680107311122,-0.28877769948771154,0.21084280463644117,0.6502155943303968,0.9524703929898435,1.1804680689238787,1.3029959508011952,1.3856006484175376,1.3842940714780876,1.2998746836680644,1.0814585719566632,0.7919791922607281,0.5642718667576818,0.16990339386700604,-0.25487928666975723,0.0,0.0,0.0,0.0,0.0,0.0,0.0,0.0,0.0,0.0,0.0,0.0,0.0,0.0,0.0,0.0,0.0,0.0,0.0,0.0,0.0,0.0,0.0,0.0,0.0,0.0,0.0,0.0,0.0,0.0,0.0,0.0,0.0,0.0,0.0,0.0,0.0,0.0,0.0,0.0,0.0,0.0,0.0,0.0,0.0,0.0,0.0,0.0,0.0,0.0,0.0,0.0,0.0,0.0,0.0,0.0,0.0,0.0,0.0,0.0,0.0,0.0,0.0,0.0,0.0,0.0,0.0,0.0,0.0,0.0,0.0,0.0
2250,-0.27857245132977276,-0.5874481380256606,-0.8873001179807681,-1.1332582163923153,-1.3019766965547972,-1.3963530789813081,-1.3839351339251882,-1.3485025973650595,-1.1330098574911929,-0.7195750734227759,-0.241815333963658,0.26243602161518226,0.6969813122790031,0.9601589611683699,1.1482494356183985,1.2733395354837127,1.362417594686279,1.4215270131534097,1.3576159892645794,1.0801163104104876,0.7474809555072238,0.4737894464703422,0.049840802254410344,-0.4222066824788924,0.0,0.0,0.0,0.0,0.0,0.0,0.0,0.0,0.0,0.0,0.0,0.0,0.0,0.0,0.0,0.0,0.0,0.0,0.0,0.0,0.0,0.0,0.0,0.0,0.0,0.0,0.0,0.0,0.0,0.0,0.0,0.0,0.0,0.0,0.0,0.0,0.0,0.0,0.0,0.0,0.0,0.0,0.0,0.0,0.0,0.0,0.0,0.0,0.0,0.0,0.0,0.0,0.0,0.0,0.0,0.0,0.0,0.0,0.0,0.0,0.0,0.0,0.0,0.0,0.0,0.0,0.0,0.0,0.0,0.0,0.0,0.0
2251,-0.6416998908507426,-0.9815587840946424,-1.2627180767168646,-1.4342805879619833,-1.505863253944214,-1.436185830022347,-1.1949458948553608,-0.8683329702216079,-0.6185648086891852,-0.3252482572055953,-0.0061655750008983,0.3762437242577875,0.6990461647708134,1.008693362486091,1.2446712005339775,1.3204272538865285,1.3367579001182162,1.302826446281265,1.2229877313707922,1.016314330727545,0.7285320538002494,0.4922820383151681,0.022413055904555088,-0.4956313328895365,0.0,0.0,0.0,0.0,0.0,0.0,0.0,0.0,0.0,0.0,0.0,0.0,0.0,0.0,0.0,0.0,0.0,0.0,0.0,0.0,0.0,0.0,0.0,0.0,0.0,0.0,0.0,0.0,0.0,0.0,0.0,0.0,0.0,0.0,0.0,0.0,0.0,0.0,0.0,0.0,0.0,0.0,0.0,0.0,0.0,0.0,0.0,0.0,0.0,0.0,0.0,0.0,0.0,0.0,0.0,0.0,0.0,0.0,0.0,0.0,0.0,0.0,0.0,0.0,0.0,0.0,0.0,0.0,0.0,0.0,0.0,0.0
2252,-0.6852610742444332,-0.9794256777173715,-1.2618680017296688,-1.438071399291589,-1.511174118447713,-1.426349119830948,-1.1325537220103132,-0.7760856647111327,-0.6692929297823,-0.46438379275377056,-0.14271336818420974,0.16160439072707927,0.5365327306414426,0.868356310649354,1.144706741398641,1.3018960478669228,1.3834904970260309,1.3821059758298921,1.2955272503646846,1.0991098433391393,0.8452809573803755,0.6309570762181028,0.15745082713866312,-0.319839779876889,0.0,0.0,0.0,0.0,0.0,0.0,0.0,0.0,0.0,0.0,0.0,0.0,0.0,0.0,0.0,0.0,0.0,0.0,0.0,0.0,0.0,0.0,0.0,0.0,0.0,0.0,0.0,0.0,0.0,0.0,0.0,0.0,0.0,0.0,0.0,0.0,0.0,0.0,0.0,0.0,0.0,0.0,0.0,0.0,0.0,0.0,0.0,0.0,0.0,0.0,0.0,0.0,0.0,0.0,0.0,0.0,0.0,0.0,0.0,0.0,0.0,0.0,0.0,0.0,0.0,0.0,0.0,0.0,0.0,0.0,0.0,0.0
2253,-0.6479464716987277,-0.9734908983928757,-1.236787744080605,-1.4072343167298402,-1.4691029170299794,-1.3978545442494208,-1.1209143931356274,-0.8652919067500593,-0.6359138342743513,-0.4343908437101916,-0.13348016292421538,0.22266695580200774,0.5704764989900803,0.8925153541511425,1.1541067866606136,1.3279641856663649,1.4222356363534072,1.4174036323483428,1.3345016028496874,1.1008599974283344,0.7836531462723368,0.523577636587984,0.03412405442792314,-0.4616774545623204,0.0,0.0,0.0,0.0,0.0,0.0,0.0,0.0,0.0,0.0,0.0,0.0,0.0,0.0,0.0,0.0,0.0,0.0,0.0,0.0,0.0,0.0,0.0,0.0,0.0,0.0,0.0,0.0,0.0,0.0,0.0,0.0,0.0,0.0,0.0,0.0,0.0,0.0,0.0,0.0,0.0,0.0,0.0,0.0,0.0,0.0,0.0,0.0,0.0,0.0,0.0,0.0,0.0,0.0,0.0,0.0,0.0,0.0,0.0,0.0,0.0,0.0,0.0,0.0,0.0,0.0,0.0,0.0,0.0,0.0,0.0,0.0
2254,-0.5698470660693501,-0.9669681008332184,-1.2354738054939143,-1.4064952762439822,-1.5051768600081696,-1.5037799518456836,-1.2232009694949304,-0.8565125768423636,-0.6289163255116139,-0.40361499473351986,-0.07204886445202881,0.2561247745777106,0.554364667268465,0.8452209025289363,1.133383100618899,1.3169767448313408,1.4207470654731555,1.432221668236433,1.267486284217552,1.0290141050503046,0.7666947079663322,0.5819037139003312,0.1293054692548773,-0.36140841239555094,0.0,0.0,0.0,0.0,0.0,0.0,0.0,0.0,0.0,0.0,0.0,0.0,0.0,0.0,0.0,0.0,0.0,0.0,0.0,0.0,0.0,0.0,0.0,0.0,0.0,0.0,0.0,0.0,0.0,0.0,0.0,0.0,0.0,0.0,0.0,0.0,0.0,0.0,0.0,0.0,0.0,0.0,0.0,0.0,0.0,0.0,0.0,0.0,0.0,0.0,0.0,0.0,0.0,0.0,0.0,0.0,0.0,0.0,0.0,0.0,0.0,0.0,0.0,0.0,0.0,0.0,0.0,0.0,0.0,0.0,0.0,0.0
2255,-0.6875183935875306,-1.0875940873014167,-1.2623546922432998,-1.432637277638459,-1.5166590654493577,-1.4473676050947877,-1.2431463452402474,-0.9062342956590984,-0.5809886654233619,-0.25432892375181776,0.08517566346164493,0.41867027707292553,0.6948933775340004,0.9790119335116674,1.2042091796640197,1.3044932489867052,1.3577581130687895,1.3132136028408516,1.1694456068670842,0.9283396070618968,0.7157515212121617,0.5359236836253016,0.1012022597341305,-0.3892587232517882,0.0,0.0,0.0,0.0,0.0,0.0,0.0,0.0,0.0,0.0,0.0,0.0,0.0,0.0,0.0,0.0,0.0,0.0,0.0,0.0,0.0,0.0,0.0,0.0,0.0,0.0,0.0,0.0,0.0,0.0,0.0,0.0,0.0,0.0,0.0,0.0,0.0,0.0,0.0,0.0,0.0,0.0,0.0,0.0,0.0,0.0,0.0,0.0,0.0,0.0,0.0,0.0,0.0,0.0,0.0,0.0,0.0,0.0,0.0,0.0,0.0,0.0,0.0,0.0,0.0,0.0,0.0,0.0,0.0,0.0,0.0,0.0
2256,-0.42103145219111043,-0.7557510411094569,-1.0186595144076576,-1.232763025793648,-1.3465969424063238,-1.4106950122746762,-1.3093615491218036,-1.19925117183758,-1.065070772465863,-0.8102742955617899,-0.32049589032290626,0.1343078419380175,0.5173004585787955,0.8036140362272658,1.0117332879782441,1.1800904590432528,1.2808919880063463,1.338340880502463,1.331824686677672,1.1770318374520243,1.0241007578906025,0.8327374331176584,0.3843169111340809,-0.126339911053623,0.0,0.0,0.0,0.0,0.0,0.0,0.0,0.0,0.0,0.0,0.0,0.0,0.0,0.0,0.0,0.0,0.0,0.0,0.0,0.0,0.0,0.0,0.0,0.0,0.0,0.0,0.0,0.0,0.0,0.0,0.0,0.0,0.0,0.0,0.0,0.0,0.0,0.0,0.0,0.0,0.0,0.0,0.0,0.0,0.0,0.0,0.0,0.0,0.0,0.0,0.0,0.0,0.0,0.0,0.0,0.0,0.0,0.0,0.0,0.0,0.0,0.0,0.0,0.0,0.0,0.0,0.0,0.0,0.0,0.0,0.0,0.0
2257,-0.3925798526827701,-0.6627720187221505,-0.8743143525309446,-1.0690676122279297,-1.2438978373122345,-1.3286266979964976,-1.318777107850903,-1.2633731632819332,-1.1432753198021257,-0.8747620611739262,-0.44518561823310515,-0.027809235813532066,0.337521016859433,0.6840475065271718,0.9784159392875572,1.1816756632011922,1.3832564797036462,1.497757965146184,1.5032423960227084,1.2853202140514268,0.9614030108542574,0.7229981584665688,0.3027116698676155,-0.1939091423596963,0.0,0.0,0.0,0.0,0.0,0.0,0.0,0.0,0.0,0.0,0.0,0.0,0.0,0.0,0.0,0.0,0.0,0.0,0.0,0.0,0.0,0.0,0.0,0.0,0.0,0.0,0.0,0.0,0.0,0.0,0.0,0.0,0.0,0.0,0.0,0.0,0.0,0.0,0.0,0.0,0.0,0.0,0.0,0.0,0.0,0.0,0.0,0.0,0.0,0.0,0.0,0.0,0.0,0.0,0.0,0.0,0.0,0.0,0.0,0.0,0.0,0.0,0.0,0.0,0.0,0.0,0.0,0.0,0.0,0.0,0.0,0.0
2258,-0.5840001091498783,-0.7714901595528346,-0.9362840459596435,-1.0804450560063186,-1.1818152746452375,-1.2658718187732616,-1.2020893183730215,-1.2026275673215465,-1.1310404571676906,-0.8951977095555508,-0.5346606222017319,-0.16515271903915912,0.17466178379643826,0.4994053160733291,0.7820757222071641,1.040883758289714,1.2888371072436715,1.4835038102936309,1.5388537438336425,1.393616235889917,1.177060742266598,0.9596978752204912,0.523536810598877,0.08854195203240091,0.0,0.0,0.0,0.0,0.0,0.0,0.0,0.0,0.0,0.0,0.0,0.0,0.0,0.0,0.0,0.0,0.0,0.0,0.0,0.0,0.0,0.0,0.0,0.0,0.0,0.0,0.0,0.0,0.0,0.0,0.0,0.0,0.0,0.0,0.0,0.0,0.0,0.0,0.0,0.0,0.0,0.0,0.0,0.0,0.0,0.0,0.0,0.0,0.0,0.0,0.0,0.0,0.0,0.0,0.0,0.0,0.0,0.0,0.0,0.0,0.0,0.0,0.0,0.0,0.0,0.0,0.0,0.0,0.0,0.0,0.0,0.0
2259,-0.8587038315208713,-1.0850583079816745,-1.2603814815927503,-1.4252916107728395,-1.466869937117842,-1.3985574115954136,-1.1386005577154699,-0.8425303795323179,-0.6155112406610261,-0.3788914225271227,-0.1198946365734401,0.21066413557617023,0.5419614215152122,0.8471891706873167,1.1078106869777489,1.2657787865371806,1.369687676710215,1.3952402538245503,1.3129698176818636,1.0937050735996043,0.8553128223710649,0.6034796201748693,0.20608535008169396,-0.219593998146714,0.0,0.0,0.0,0.0,0.0,0.0,0.0,0.0,0.0,0.0,0.0,0.0,0.0,0.0,0.0,0.0,0.0,0.0,0.0,0.0,0.0,0.0,0.0,0.0,0.0,0.0,0.0,0.0,0.0,0.0,0.0,0.0,0.0,0.0,0.0,0.0,0.0,0.0,0.0,0.0,0.0,0.0,0.0,0.0,0.0,0.0,0.0,0.0,0.0,0.0,0.0,0.0,0.0,0.0,0.0,0.0,0.0,0.0,0.0,0.0,0.0,0.0,0.0,0.0,0.0,0.0,0.0,0.0,0.0,0.0,0.0,0.0
2260,-0.5717969496907378,-0.9596050216623396,-1.2039364314135157,-1.4173541150885656,-1.497154663796705,-1.4948951888011077,-1.2081472711780379,-0.8214689367042346,-0.5827862144420517,-0.4031579522920698,-0.11949113693572334,0.22466798625729512,0.56050813333016,0.8561912475267283,1.110176777713638,1.2652589251387225,1.3754596828785342,1.4222924373327317,1.3490649067936025,1.0995983265978873,0.8476668645887931,0.5831028832861326,0.06445066838767148,-0.47864495782679634,0.0,0.0,0.0,0.0,0.0,0.0,0.0,0.0,0.0,0.0,0.0,0.0,0.0,0.0,0.0,0.0,0.0,0.0,0.0,0.0,0.0,0.0,0.0,0.0,0.0,0.0,0.0,0.0,0.0,0.0,0.0,0.0,0.0,0.0,0.0,0.0,0.0,0.0,0.0,0.0,0.0,0.0,0.0,0.0,0.0,0.0,0.0,0.0,0.0,0.0,0.0,0.0,0.0,0.0,0.0,0.0,0.0,0.0,0.0,0.0,0.0,0.0,0.0,0.0,0.0,0.0,0.0,0.0,0.0,0.0,0.0,0.0
2261,-0.6905024189590981,-1.0674061846961023,-1.2875919268596274,-1.4528339320560415,-1.5126045019903565,-1.3957335250397542,-1.189822884630301,-0.8192864304670554,-0.5469298128282176,-0.34358663676302187,-0.11076897002574984,0.18798118107205536,0.4833422792354406,0.7717198743824454,1.033395840349172,1.2085996072013052,1.3414915616600747,1.4122508789878119,1.363160960725608,1.1616663589882779,0.9289513908247761,0.6808316365957292,0.17606814651470046,-0.3323924922220591,0.0,0.0,0.0,0.0,0.0,0.0,0.0,0.0,0.0,0.0,0.0,0.0,0.0,0.0,0.0,0.0,0.0,0.0,0.0,0.0,0.0,0.0,0.0,0.0,0.0,0.0,0.0,0.0,0.0,0.0,0.0,0.0,0.0,0.0,0.0,0.0,0.0,0.0,0.0,0.0,0.0,0.0,0.0,0.0,0.0,0.0,0.0,0.0,0.0,0.0,0.0,0.0,0.0,0.0,0.0,0.0,0.0,0.0,0.0,0.0,0.0,0.0,0.0,0.0,0.0,0.0,0.0,0.0,0.0,0.0,0.0,0.0
2262,-0.7140493361823979,-1.0225871494127727,-1.2504407894694083,-1.3878245421267146,-1.4485535333502304,-1.3754484917825858,-1.1383847677489238,-0.8309022766409166,-0.604583650580452,-0.42585045840128904,-0.1872517203714563,0.09116144318406226,0.3819506570837097,0.6848281062032039,0.9936537345578608,1.2277433689739412,1.4289261408471052,1.5388715183228545,1.479869417845031,1.1944527529319822,0.8831327268335474,0.5999226445399943,0.1697349721130663,-0.2883707673692222,0.0,0.0,0.0,0.0,0.0,0.0,0.0,0.0,0.0,0.0,0.0,0.0,0.0,0.0,0.0,0.0,0.0,0.0,0.0,0.0,0.0,0.0,0.0,0.0,0.0,0.0,0.0,0.0,0.0,0.0,0.0,0.0,0.0,0.0,0.0,0.0,0.0,0.0,0.0,0.0,0.0,0.0,0.0,0.0,0.0,0.0,0.0,0.0,0.0,0.0,0.0,0.0,0.0,0.0,0.0,0.0,0.0,0.0,0.0,0.0,0.0,0.0,0.0,0.0,0.0,0.0,0.0,0.0,0.0,0.0,0.0,0.0
2263,-0.5721959280279579,-0.7937606683163311,-1.0256205136935603,-1.1982615067220703,-1.2874857508254898,-1.2958450241882362,-1.2193796710069034,-1.1050776068152446,-0.9764327893801368,-0.7863693108166395,-0.4944986819300098,-0.1432332159922872,0.2074163034871278,0.5536662054072026,0.8965723979821788,1.1948664685054453,1.4060481113537755,1.5126068486409954,1.5009038659331504,1.2649083800501415,1.0567184771421625,0.8178192436699889,0.4309168755016106,0.055717490041077254,0.0,0.0,0.0,0.0,0.0,0.0,0.0,0.0,0.0,0.0,0.0,0.0,0.0,0.0,0.0,0.0,0.0,0.0,0.0,0.0,0.0,0.0,0.0,0.0,0.0,0.0,0.0,0.0,0.0,0.0,0.0,0.0,0.0,0.0,0.0,0.0,0.0,0.0,0.0,0.0,0.0,0.0,0.0,0.0,0.0,0.0,0.0,0.0,0.0,0.0,0.0,0.0,0.0,0.0,0.0,0.0,0.0,0.0,0.0,0.0,0.0,0.0,0.0,0.0,0.0,0.0,0.0,0.0,0.0,0.0,0.0,0.0
2264,-0.3984953401451956,-0.69823906356421,-0.9254879159534872,-1.1192988545132925,-1.2559982047142197,-1.3529957894592173,-1.3621152205036189,-1.2895282340087868,-1.144077914623838,-0.8257268672556408,-0.46343674303714555,-0.030494057090812637,0.39452669885735336,0.7493554704031564,0.9897768343010137,1.1908648946033211,1.3100623064362051,1.3892816064178746,1.3727008227007809,1.2079983711109845,1.0747072931185708,0.8350228529414734,0.39084208025355477,-0.03924502627483426,0.0,0.0,0.0,0.0,0.0,0.0,0.0,0.0,0.0,0.0,0.0,0.0,0.0,0.0,0.0,0.0,0.0,0.0,0.0,0.0,0.0,0.0,0.0,0.0,0.0,0.0,0.0,0.0,0.0,0.0,0.0,0.0,0.0,0.0,0.0,0.0,0.0,0.0,0.0,0.0,0.0,0.0,0.0,0.0,0.0,0.0,0.0,0.0,0.0,0.0,0.0,0.0,0.0,0.0,0.0,0.0,0.0,0.0,0.0,0.0,0.0,0.0,0.0,0.0,0.0,0.0,0.0,0.0,0.0,0.0,0.0,0.0
2265,-0.9179124701139443,-1.1353038321939715,-1.3034969925190043,-1.436025712471472,-1.497651141659389,-1.431259104688981,-1.1502845995103712,-0.7306528786589482,-0.5429676972233727,-0.3829458645254669,-0.13176265798742448,0.19296249719476183,0.5278166939147412,0.8323688840174575,1.0772533588429227,1.205526178989595,1.3105617861966246,1.3216271256916925,1.2805151335677094,1.109938669351431,0.9690683857796045,0.7103947955833623,0.27365435751264194,-0.15142491509019906,0.0,0.0,0.0,0.0,0.0,0.0,0.0,0.0,0.0,0.0,0.0,0.0,0.0,0.0,0.0,0.0,0.0,0.0,0.0,0.0,0.0,0.0,0.0,0.0,0.0,0.0,0.0,0.0,0.0,0.0,0.0,0.0,0.0,0.0,0.0,0.0,0.0,0.0,0.0,0.0,0.0,0.0,0.0,0.0,0.0,0.0,0.0,0.0,0.0,0.0,0.0,0.0,0.0,0.0,0.0,0.0,0.0,0.0,0.0,0.0,0.0,0.0,0.0,0.0,0.0,0.0,0.0,0.0,0.0,0.0,0.0,0.0
2266,-0.8255744854524185,-1.0697832457709742,-1.3082482477365385,-1.487889241742159,-1.555031796282297,-1.4519412368777487,-1.0993933103838078,-0.6375159145501732,-0.35557660367145144,-0.23792858775156334,0.0679760597034319,0.4195336830330638,0.7583163955431119,1.032333281107363,1.2689167070607408,1.3598265375442906,1.3514089606476656,1.2800081025009995,1.1167071107064748,0.9086444158851912,0.7165256020092796,0.44112229201499614,-0.06472456431395031,-0.6277119132235158,0.0,0.0,0.0,0.0,0.0,0.0,0.0,0.0,0.0,0.0,0.0,0.0,0.0,0.0,0.0,0.0,0.0,0.0,0.0,0.0,0.0,0.0,0.0,0.0,0.0,0.0,0.0,0.0,0.0,0.0,0.0,0.0,0.0,0.0,0.0,0.0,0.0,0.0,0.0,0.0,0.0,0.0,0.0,0.0,0.0,0.0,0.0,0.0,0.0,0.0,0.0,0.0,0.0,0.0,0.0,0.0,0.0,0.0,0.0,0.0,0.0,0.0,0.0,0.0,0.0,0.0,0.0,0.0,0.0,0.0,0.0,0.0
2267,-0.6541483623121136,-0.9905347780585175,-1.2687411533456379,-1.4526841095451912,-1.551061268867253,-1.4654954719897608,-1.0961991343673985,-0.6907018826814817,-0.5111077375869655,-0.35361025432345006,-0.1489810615161512,0.17435892091514066,0.44903923314412253,0.7475792387331742,1.0206140548683582,1.1873968375183048,1.3574706123558473,1.4694818821693774,1.413535014980248,1.1868091603419484,0.9525610378462869,0.6503774337638255,0.06810688742990334,-0.4940650994726299,0.0,0.0,0.0,0.0,0.0,0.0,0.0,0.0,0.0,0.0,0.0,0.0,0.0,0.0,0.0,0.0,0.0,0.0,0.0,0.0,0.0,0.0,0.0,0.0,0.0,0.0,0.0,0.0,0.0,0.0,0.0,0.0,0.0,0.0,0.0,0.0,0.0,0.0,0.0,0.0,0.0,0.0,0.0,0.0,0.0,0.0,0.0,0.0,0.0,0.0,0.0,0.0,0.0,0.0,0.0,0.0,0.0,0.0,0.0,0.0,0.0,0.0,0.0,0.0,0.0,0.0,0.0,0.0,0.0,0.0,0.0,0.0
2268,-0.8192759103823943,-1.0968893538542748,-1.2960206335176137,-1.4163255293557069,-1.459008811427019,-1.3816453626727658,-1.116165674789706,-0.7472478718870552,-0.5804732737939045,-0.44769040235028645,-0.20854354574509248,0.04970752178718071,0.32198555500014714,0.6336767801257365,0.9248008592532541,1.1755651414222124,1.33915570436085,1.4704756407334754,1.4277923586621633,1.219539248556165,1.0264318191851483,0.7771304720871824,0.33893839082282556,-0.13591312222052115,0.0,0.0,0.0,0.0,0.0,0.0,0.0,0.0,0.0,0.0,0.0,0.0,0.0,0.0,0.0,0.0,0.0,0.0,0.0,0.0,0.0,0.0,0.0,0.0,0.0,0.0,0.0,0.0,0.0,0.0,0.0,0.0,0.0,0.0,0.0,0.0,0.0,0.0,0.0,0.0,0.0,0.0,0.0,0.0,0.0,0.0,0.0,0.0,0.0,0.0,0.0,0.0,0.0,0.0,0.0,0.0,0.0,0.0,0.0,0.0,0.0,0.0,0.0,0.0,0.0,0.0,0.0,0.0,0.0,0.0,0.0,0.0
2269,-0.7054559156690842,-1.0139564898334537,-1.2430002300706047,-1.3900760851954783,-1.4655869815461757,-1.4214642250087137,-1.1199587220027223,-0.8224888369727185,-0.5971219931136894,-0.3889737859522064,-0.08612307695421935,0.24372143228315002,0.5901568154218009,0.86888349696333,1.142677756534208,1.328405863829094,1.4505505679023125,1.4854362432947368,1.3438308925373126,1.0312050199974894,0.7616257392015318,0.4398524659161372,0.010283352472146082,-0.44242330403417274,0.0,0.0,0.0,0.0,0.0,0.0,0.0,0.0,0.0,0.0,0.0,0.0,0.0,0.0,0.0,0.0,0.0,0.0,0.0,0.0,0.0,0.0,0.0,0.0,0.0,0.0,0.0,0.0,0.0,0.0,0.0,0.0,0.0,0.0,0.0,0.0,0.0,0.0,0.0,0.0,0.0,0.0,0.0,0.0,0.0,0.0,0.0,0.0,0.0,0.0,0.0,0.0,0.0,0.0,0.0,0.0,0.0,0.0,0.0,0.0,0.0,0.0,0.0,0.0,0.0,0.0,0.0,0.0,0.0,0.0,0.0,0.0
2270,-0.43950634267016847,-0.740206009485863,-1.0258558411497678,-1.2064538629712451,-1.317545409289062,-1.3446747173916302,-1.2479399217120342,-1.1735818546133885,-1.0122911870984836,-0.7053537596606656,-0.36524728764488995,0.04832614280922801,0.41754216439491293,0.7311134007483224,0.9997331557930966,1.2417186631021377,1.424791986757791,1.5171702512092375,1.4790506029629278,1.1997375439945135,0.9508211915497798,0.621011975164176,0.2127851966718782,-0.2651460814708145,0.0,0.0,0.0,0.0,0.0,0.0,0.0,0.0,0.0,0.0,0.0,0.0,0.0,0.0,0.0,0.0,0.0,0.0,0.0,0.0,0.0,0.0,0.0,0.0,0.0,0.0,0.0,0.0,0.0,0.0,0.0,0.0,0.0,0.0,0.0,0.0,0.0,0.0,0.0,0.0,0.0,0.0,0.0,0.0,0.0,0.0,0.0,0.0,0.0,0.0,0.0,0.0,0.0,0.0,0.0,0.0,0.0,0.0,0.0,0.0,0.0,0.0,0.0,0.0,0.0,0.0,0.0,0.0,0.0,0.0,0.0,0.0
2271,-0.5552860232004525,-0.7872729508933812,-0.9952886924429623,-1.1536100148780952,-1.2603255943866858,-1.3104978444541575,-1.2863673813264687,-1.2219398411604614,-1.1011282485376763,-0.8134740148175054,-0.48146114095831566,-0.07004869040504773,0.3268695545731728,0.6873133701372631,0.941200883177104,1.1522428874291675,1.301724337233365,1.3961755889476846,1.397051612361561,1.2373764355595283,1.1160870119837196,0.8758973195972202,0.49036737899939403,0.11439405746203869,0.0,0.0,0.0,0.0,0.0,0.0,0.0,0.0,0.0,0.0,0.0,0.0,0.0,0.0,0.0,0.0,0.0,0.0,0.0,0.0,0.0,0.0,0.0,0.0,0.0,0.0,0.0,0.0,0.0,0.0,0.0,0.0,0.0,0.0,0.0,0.0,0.0,0.0,0.0,0.0,0.0,0.0,0.0,0.0,0.0,0.0,0.0,0.0,0.0,0.0,0.0,0.0,0.0,0.0,0.0,0.0,0.0,0.0,0.0,0.0,0.0,0.0,0.0,0.0,0.0,0.0,0.0,0.0,0.0,0.0,0.0,0.0
2272,-0.8037098454698853,-1.110352027793271,-1.3531439569294599,-1.4954209216645158,-1.5670512477190601,-1.4385459062204584,-1.1489841137552723,-0.7521109713956381,-0.4972465153963237,-0.23406542978018952,0.049504812315889796,0.30553180793906076,0.5973292535270478,0.8792898253747103,1.0909614630415094,1.2293036782804354,1.2909182783448312,1.3333956876780502,1.2603345436249134,1.0580526490738786,0.880541791123479,0.5976869580266959,0.15270256046438413,-0.3249223726908223,0.0,0.0,0.0,0.0,0.0,0.0,0.0,0.0,0.0,0.0,0.0,0.0,0.0,0.0,0.0,0.0,0.0,0.0,0.0,0.0,0.0,0.0,0.0,0.0,0.0,0.0,0.0,0.0,0.0,0.0,0.0,0.0,0.0,0.0,0.0,0.0,0.0,0.0,0.0,0.0,0.0,0.0,0.0,0.0,0.0,0.0,0.0,0.0,0.0,0.0,0.0,0.0,0.0,0.0,0.0,0.0,0.0,0.0,0.0,0.0,0.0,0.0,0.0,0.0,0.0,0.0,0.0,0.0,0.0,0.0,0.0,0.0
2273,-0.3708223983124906,-0.8414957950492876,-1.2806147996006256,-1.58170276838503,-1.711961786372294,-1.5823245298074036,-1.1994749339808741,-0.5362109366638618,-0.1989053650261968,-0.01983807538260691,0.26912554566551256,0.5549803596017642,0.8071046163742492,1.0545656624789324,1.2218194850974244,1.277311692044266,1.2143583480289415,1.187778047222471,1.0542547817677457,0.8772082167468699,0.744306712714518,0.3634778415107027,-0.303516724340551,-0.9994231963321759,1.0,1.0,1.0,1.0,1.0,1.0,1.0,1.0,1.0,1.0,1.0,1.0,1.0,1.0,1.0,1.0,1.0,1.0,1.0,1.0,1.0,1.0,1.0,1.0,1.0,1.0,1.0,1.0,1.0,1.0,1.0,1.0,1.0,1.0,1.0,1.0,1.0,1.0,1.0,1.0,1.0,1.0,1.0,1.0,1.0,1.0,1.0,1.0,1.0,1.0,1.0,1.0,1.0,1.0,1.0,1.0,1.0,1.0,1.0,1.0,1.0,1.0,1.0,1.0,1.0,1.0,1.0,1.0,1.0,1.0,1.0,1.0
2274,-0.38391579314470853,-1.010153057882021,-1.423568994700674,-1.7017268523753313,-1.9548581445586564,-1.7152908687866641,-1.0949759210740182,-0.33711038440137675,0.01058693769194502,0.17087158232727304,0.31377136085793494,0.5380552378565941,0.6799998039639228,0.8060878438439185,0.9533815995219137,0.9915900964552458,1.0540609889412436,1.1052603748319085,1.102776822531242,1.012222684799245,0.9331310961472477,0.6532538561105903,0.03141056852061099,-0.7348608374773635,0.0,0.0,0.0,0.0,0.0,0.0,0.0,0.0,0.0,0.0,0.0,0.0,0.0,0.0,0.0,0.0,0.0,0.0,0.0,0.0,0.0,0.0,0.0,0.0,0.0,0.0,0.0,0.0,0.0,0.0,0.0,0.0,0.0,0.0,0.0,0.0,0.0,0.0,0.0,0.0,0.0,0.0,0.0,0.0,0.0,0.0,0.0,0.0,0.0,0.0,0.0,0.0,0.0,0.0,0.0,0.0,0.0,0.0,0.0,0.0,0.0,0.0,0.0,0.0,0.0,0.0,0.0,0.0,0.0,0.0,0.0,0.0
2275,-0.8968212101341919,-1.26867751206396,-1.5240877302289106,-1.6824852507937682,-1.7127149626055618,-1.5429041834995167,-1.0748063500873035,-0.3762840807219284,-0.03003049389806724,0.08009202770203827,0.2293897880786519,0.370821654055258,0.536468136126005,0.6664867435614237,0.8196403345262763,0.9541317054440522,1.0724285878912243,1.1700582183854356,1.2083080578207663,1.1261017496795112,1.0992651687853678,0.8339840243145253,0.25129090581984936,-0.3096553281571587,0.0,0.0,0.0,0.0,0.0,0.0,0.0,0.0,0.0,0.0,0.0,0.0,0.0,0.0,0.0,0.0,0.0,0.0,0.0,0.0,0.0,0.0,0.0,0.0,0.0,0.0,0.0,0.0,0.0,0.0,0.0,0.0,0.0,0.0,0.0,0.0,0.0,0.0,0.0,0.0,0.0,0.0,0.0,0.0,0.0,0.0,0.0,0.0,0.0,0.0,0.0,0.0,0.0,0.0,0.0,0.0,0.0,0.0,0.0,0.0,0.0,0.0,0.0,0.0,0.0,0.0,0.0,0.0,0.0,0.0,0.0,0.0
2276,-0.8270652327194036,-1.2485327717717205,-1.5246717850559097,-1.6702965973189774,-1.7051102604744413,-1.497413427521419,-1.0999450945592517,-0.4032274017075659,-0.05879435133967952,0.14579147341647145,0.3500810116776823,0.48207664517350457,0.6684408504908383,0.8321391389452532,0.9993928653389493,1.1202777552745171,1.1777573352928998,1.215385720150295,1.1589431428642025,0.9377652743914049,0.844583171732738,0.5472596740603304,0.05068350854069381,-0.4955206448814124,0.0,0.0,0.0,0.0,0.0,0.0,0.0,0.0,0.0,0.0,0.0,0.0,0.0,0.0,0.0,0.0,0.0,0.0,0.0,0.0,0.0,0.0,0.0,0.0,0.0,0.0,0.0,0.0,0.0,0.0,0.0,0.0,0.0,0.0,0.0,0.0,0.0,0.0,0.0,0.0,0.0,0.0,0.0,0.0,0.0,0.0,0.0,0.0,0.0,0.0,0.0,0.0,0.0,0.0,0.0,0.0,0.0,0.0,0.0,0.0,0.0,0.0,0.0,0.0,0.0,0.0,0.0,0.0,0.0,0.0,0.0,0.0
2277,-0.4229744106589136,-0.8163982960415579,-1.1879250838477071,-1.3936854139673331,-1.5116763860324132,-1.5601757426481209,-1.3392141216489448,-1.0026141093160477,-0.6958737754965528,-0.3704937635747522,-0.02792181553917467,0.2504065817554467,0.3814272317172841,0.5985885299965725,0.7838995045282321,0.987669189413631,1.1869146805848783,1.3791024295620484,1.4428030770573064,1.309067910866978,1.2117072621384304,0.8510385392462454,0.29275303491990795,-0.3464250530154644,0.0,0.0,0.0,0.0,0.0,0.0,0.0,0.0,0.0,0.0,0.0,0.0,0.0,0.0,0.0,0.0,0.0,0.0,0.0,0.0,0.0,0.0,0.0,0.0,0.0,0.0,0.0,0.0,0.0,0.0,0.0,0.0,0.0,0.0,0.0,0.0,0.0,0.0,0.0,0.0,0.0,0.0,0.0,0.0,0.0,0.0,0.0,0.0,0.0,0.0,0.0,0.0,0.0,0.0,0.0,0.0,0.0,0.0,0.0,0.0,0.0,0.0,0.0,0.0,0.0,0.0,0.0,0.0,0.0,0.0,0.0,0.0
2278,-0.6777164743287815,-0.8792870558259976,-1.0525959682316783,-1.1615738439893113,-1.2077602292750893,-1.2279942647336206,-1.2053409424267867,-1.084926437931723,-0.9746289511659249,-0.735779358688045,-0.45195302434853873,-0.22871882880061242,0.025966095775248325,0.2824105016953292,0.5533706287052259,0.8426953422454201,1.1510444478199942,1.3863750776094337,1.5213053031943133,1.4576340720503482,1.4636822891711048,1.1879935560486166,0.7461438034813417,0.2696542619497334,0.0,0.0,0.0,0.0,0.0,0.0,0.0,0.0,0.0,0.0,0.0,0.0,0.0,0.0,0.0,0.0,0.0,0.0,0.0,0.0,0.0,0.0,0.0,0.0,0.0,0.0,0.0,0.0,0.0,0.0,0.0,0.0,0.0,0.0,0.0,0.0,0.0,0.0,0.0,0.0,0.0,0.0,0.0,0.0,0.0,0.0,0.0,0.0,0.0,0.0,0.0,0.0,0.0,0.0,0.0,0.0,0.0,0.0,0.0,0.0,0.0,0.0,0.0,0.0,0.0,0.0,0.0,0.0,0.0,0.0,0.0,0.0
2279,-1.007322334417699,-1.2059243591632063,-1.3258896307908568,-1.421491981974018,-1.4732732386283123,-1.358695147428981,-1.1002712982257177,-0.7052382020416377,-0.5074402340764764,-0.3542674174205285,-0.15960527089871746,0.11152267543401567,0.40202839017309183,0.6790259510023521,0.9671194954003897,1.1764958810025359,1.319939610616295,1.4005865056850173,1.3500917398792769,1.1734404652372203,1.0556461469165044,0.7327369439294771,0.3234720427332697,-0.072686732943295,0.0,0.0,0.0,0.0,0.0,0.0,0.0,0.0,0.0,0.0,0.0,0.0,0.0,0.0,0.0,0.0,0.0,0.0,0.0,0.0,0.0,0.0,0.0,0.0,0.0,0.0,0.0,0.0,0.0,0.0,0.0,0.0,0.0,0.0,0.0,0.0,0.0,0.0,0.0,0.0,0.0,0.0,0.0,0.0,0.0,0.0,0.0,0.0,0.0,0.0,0.0,0.0,0.0,0.0,0.0,0.0,0.0,0.0,0.0,0.0,0.0,0.0,0.0,0.0,0.0,0.0,0.0,0.0,0.0,0.0,0.0,0.0
2280,-0.6685439593189182,-1.0431917533023094,-1.3262499894473434,-1.477787238012131,-1.5453168457781605,-1.4540305646213871,-1.1458003639048842,-0.7364779359937264,-0.4782883877385776,-0.32796424590012574,-0.11900661228877393,0.1573795368614127,0.4414486952783931,0.7429057167728541,1.0284912585977544,1.216118432271034,1.3542104146189327,1.4155733965260882,1.3328799546808605,1.1488921011865885,1.0152481768352546,0.6395894605799168,0.15707626017982873,-0.3271555080825685,0.0,0.0,0.0,0.0,0.0,0.0,0.0,0.0,0.0,0.0,0.0,0.0,0.0,0.0,0.0,0.0,0.0,0.0,0.0,0.0,0.0,0.0,0.0,0.0,0.0,0.0,0.0,0.0,0.0,0.0,0.0,0.0,0.0,0.0,0.0,0.0,0.0,0.0,0.0,0.0,0.0,0.0,0.0,0.0,0.0,0.0,0.0,0.0,0.0,0.0,0.0,0.0,0.0,0.0,0.0,0.0,0.0,0.0,0.0,0.0,0.0,0.0,0.0,0.0,0.0,0.0,0.0,0.0,0.0,0.0,0.0,0.0
2281,-0.7602067913403046,-1.088656222121649,-1.3396936521318061,-1.4791695494320616,-1.5348064273097424,-1.4458833483569662,-1.1287531444541845,-0.6923873557204417,-0.48288573281551883,-0.3752571518176601,-0.1588488820037837,0.1502235671718855,0.46860080454433933,0.7654906959778267,1.0251614346241757,1.2051179568630197,1.3336583298907654,1.394667044253188,1.3092932144064018,1.1228137478646572,1.0218040368212122,0.6886542491157189,0.23166444530662889,-0.23060126933568953,0.0,0.0,0.0,0.0,0.0,0.0,0.0,0.0,0.0,0.0,0.0,0.0,0.0,0.0,0.0,0.0,0.0,0.0,0.0,0.0,0.0,0.0,0.0,0.0,0.0,0.0,0.0,0.0,0.0,0.0,0.0,0.0,0.0,0.0,0.0,0.0,0.0,0.0,0.0,0.0,0.0,0.0,0.0,0.0,0.0,0.0,0.0,0.0,0.0,0.0,0.0,0.0,0.0,0.0,0.0,0.0,0.0,0.0,0.0,0.0,0.0,0.0,0.0,0.0,0.0,0.0,0.0,0.0,0.0,0.0,0.0,0.0
2282,-0.7554727120114054,-1.1081173131745354,-1.3529233192543886,-1.5022859710651344,-1.5765541222767017,-1.4636541371943053,-1.1559422839825406,-0.6633347552927434,-0.39270533085003667,-0.27825594066586906,-0.06464462396834326,0.2933712482142604,0.6185397322393142,0.9279042842263016,1.2034918049946761,1.3352945323186816,1.340149334970898,1.278896186614209,1.1483329833716207,0.9554836950378293,0.8940239593342375,0.5556338851074026,0.11994117048933498,-0.35717230718274995,0.0,0.0,0.0,0.0,0.0,0.0,0.0,0.0,0.0,0.0,0.0,0.0,0.0,0.0,0.0,0.0,0.0,0.0,0.0,0.0,0.0,0.0,0.0,0.0,0.0,0.0,0.0,0.0,0.0,0.0,0.0,0.0,0.0,0.0,0.0,0.0,0.0,0.0,0.0,0.0,0.0,0.0,0.0,0.0,0.0,0.0,0.0,0.0,0.0,0.0,0.0,0.0,0.0,0.0,0.0,0.0,0.0,0.0,0.0,0.0,0.0,0.0,0.0,0.0,0.0,0.0,0.0,0.0,0.0,0.0,0.0,0.0
2283,-0.7432984953705061,-1.0844596274122493,-1.329422963518058,-1.4933590607487337,-1.561097362043475,-1.4565498796632235,-1.1507867140966834,-0.6971988181004739,-0.4224823739606903,-0.22632354312800237,0.05203853875507459,0.3674450041587131,0.6338117618541796,0.9324012531516586,1.193593557275999,1.335185423176812,1.4130374291787542,1.389164382021059,1.1716021295987133,0.8964152805888272,0.7681123522684061,0.4225999751782159,0.022403031938625334,-0.43283128110294244,0.0,0.0,0.0,0.0,0.0,0.0,0.0,0.0,0.0,0.0,0.0,0.0,0.0,0.0,0.0,0.0,0.0,0.0,0.0,0.0,0.0,0.0,0.0,0.0,0.0,0.0,0.0,0.0,0.0,0.0,0.0,0.0,0.0,0.0,0.0,0.0,0.0,0.0,0.0,0.0,0.0,0.0,0.0,0.0,0.0,0.0,0.0,0.0,0.0,0.0,0.0,0.0,0.0,0.0,0.0,0.0,0.0,0.0,0.0,0.0,0.0,0.0,0.0,0.0,0.0,0.0,0.0,0.0,0.0,0.0,0.0,0.0
2284,-0.3083085127805669,-0.7693970556777714,-1.1185930415384588,-1.4148558672290328,-1.546781589499162,-1.5500390147403997,-1.3528019163834535,-1.053281665451642,-0.8233074434202562,-0.4991936319170995,-0.11465458218898232,0.28291416850408585,0.6234779774754933,0.8876551645398754,1.0611130586357858,1.182940762658078,1.2782204509642823,1.2835952026123245,1.206068481870866,1.0878239456139354,1.0316333602025842,0.6953042040447858,0.22362902911355867,-0.2931614854088114,0.0,0.0,0.0,0.0,0.0,0.0,0.0,0.0,0.0,0.0,0.0,0.0,0.0,0.0,0.0,0.0,0.0,0.0,0.0,0.0,0.0,0.0,0.0,0.0,0.0,0.0,0.0,0.0,0.0,0.0,0.0,0.0,0.0,0.0,0.0,0.0,0.0,0.0,0.0,0.0,0.0,0.0,0.0,0.0,0.0,0.0,0.0,0.0,0.0,0.0,0.0,0.0,0.0,0.0,0.0,0.0,0.0,0.0,0.0,0.0,0.0,0.0,0.0,0.0,0.0,0.0,0.0,0.0,0.0,0.0,0.0,0.0
2285,-0.44603360076745985,-0.7828665586947843,-1.048906154407888,-1.2477385432159338,-1.353729355686756,-1.3820201364590432,-1.3804262896549706,-1.194610316413517,-1.0252640934808124,-0.6322480357099318,-0.2918289224734442,0.036901980866511565,0.3680236544125761,0.6890509648661814,0.9264013181059798,1.1025213899559925,1.2050588676846576,1.3098542950524252,1.3600604693807095,1.2847512078882832,1.2631014554662983,0.8938602791894994,0.40959649188546754,-0.06351036779005675,0.0,0.0,0.0,0.0,0.0,0.0,0.0,0.0,0.0,0.0,0.0,0.0,0.0,0.0,0.0,0.0,0.0,0.0,0.0,0.0,0.0,0.0,0.0,0.0,0.0,0.0,0.0,0.0,0.0,0.0,0.0,0.0,0.0,0.0,0.0,0.0,0.0,0.0,0.0,0.0,0.0,0.0,0.0,0.0,0.0,0.0,0.0,0.0,0.0,0.0,0.0,0.0,0.0,0.0,0.0,0.0,0.0,0.0,0.0,0.0,0.0,0.0,0.0,0.0,0.0,0.0,0.0,0.0,0.0,0.0,0.0,0.0
2286,-0.9255454216178862,-1.2514838395307744,-1.4565610144885344,-1.5855024347033744,-1.6082634974067884,-1.4830776525380116,-1.148262420170792,-0.5233574436485613,-0.23247106229893072,-0.08463796004025695,0.11349709079296169,0.3755907278227736,0.6492925068313267,0.866433045021896,1.0492043785303102,1.1591403113877996,1.200337834880979,1.1965822595349156,1.1392243815223124,1.0404413693894958,0.9744342875495953,0.6391638339283074,0.18769815520609126,-0.29187743595484117,0.0,0.0,0.0,0.0,0.0,0.0,0.0,0.0,0.0,0.0,0.0,0.0,0.0,0.0,0.0,0.0,0.0,0.0,0.0,0.0,0.0,0.0,0.0,0.0,0.0,0.0,0.0,0.0,0.0,0.0,0.0,0.0,0.0,0.0,0.0,0.0,0.0,0.0,0.0,0.0,0.0,0.0,0.0,0.0,0.0,0.0,0.0,0.0,0.0,0.0,0.0,0.0,0.0,0.0,0.0,0.0,0.0,0.0,0.0,0.0,0.0,0.0,0.0,0.0,0.0,0.0,0.0,0.0,0.0,0.0,0.0,0.0
2287,-0.7454849542040173,-1.149286936729394,-1.4299770467808075,-1.586811405974729,-1.6605793456746365,-1.5197383717265776,-1.1439558083141068,-0.5892704936630363,-0.2733701401246082,-0.13587661890242736,0.06360676761379354,0.32917135053346114,0.5722956022166862,0.816535671475204,1.0336241797349324,1.1209059100689407,1.1964095659970815,1.228272356758218,1.1762008699112245,1.105656403206607,1.0481298082137376,0.7128886167035691,0.1853548630512882,-0.35470084339038876,0.0,0.0,0.0,0.0,0.0,0.0,0.0,0.0,0.0,0.0,0.0,0.0,0.0,0.0,0.0,0.0,0.0,0.0,0.0,0.0,0.0,0.0,0.0,0.0,0.0,0.0,0.0,0.0,0.0,0.0,0.0,0.0,0.0,0.0,0.0,0.0,0.0,0.0,0.0,0.0,0.0,0.0,0.0,0.0,0.0,0.0,0.0,0.0,0.0,0.0,0.0,0.0,0.0,0.0,0.0,0.0,0.0,0.0,0.0,0.0,0.0,0.0,0.0,0.0,0.0,0.0,0.0,0.0,0.0,0.0,0.0,0.0
2288,-0.8720511014109148,-1.2222891722620595,-1.4578151223466271,-1.6095035969347709,-1.652825727649808,-1.519442378715905,-1.1585873349853006,-0.5426808738056049,-0.22588016581620726,-0.06442895754580158,0.13534098042748194,0.36647370035503174,0.5778368845760012,0.7506372707520363,0.9699326760898436,1.1055126401022553,1.1657975205902225,1.2035060794379588,1.1677500673266747,1.0970922823013045,1.0372955384974505,0.700481226459416,0.2902023434623609,-0.24235477890502416,0.0,0.0,0.0,0.0,0.0,0.0,0.0,0.0,0.0,0.0,0.0,0.0,0.0,0.0,0.0,0.0,0.0,0.0,0.0,0.0,0.0,0.0,0.0,0.0,0.0,0.0,0.0,0.0,0.0,0.0,0.0,0.0,0.0,0.0,0.0,0.0,0.0,0.0,0.0,0.0,0.0,0.0,0.0,0.0,0.0,0.0,0.0,0.0,0.0,0.0,0.0,0.0,0.0,0.0,0.0,0.0,0.0,0.0,0.0,0.0,0.0,0.0,0.0,0.0,0.0,0.0,0.0,0.0,0.0,0.0,0.0,0.0
2289,-0.8099445901476239,-1.1824073356501021,-1.439129783908681,-1.5731326205166931,-1.6124494250075856,-1.4789118760266846,-1.1842684861585469,-0.6113830952779392,-0.3012688918083555,-0.10224210931155965,0.11318606204090437,0.34245654029992517,0.6109275011430607,0.850899594825638,1.0677236290594354,1.1995163494386696,1.2368556815143397,1.2452308588023404,1.1597342573206662,1.0350371732548769,0.9588463243154256,0.6222107261005061,0.16611252962479806,-0.31359901392680106,0.0,0.0,0.0,0.0,0.0,0.0,0.0,0.0,0.0,0.0,0.0,0.0,0.0,0.0,0.0,0.0,0.0,0.0,0.0,0.0,0.0,0.0,0.0,0.0,0.0,0.0,0.0,0.0,0.0,0.0,0.0,0.0,0.0,0.0,0.0,0.0,0.0,0.0,0.0,0.0,0.0,0.0,0.0,0.0,0.0,0.0,0.0,0.0,0.0,0.0,0.0,0.0,0.0,0.0,0.0,0.0,0.0,0.0,0.0,0.0,0.0,0.0,0.0,0.0,0.0,0.0,0.0,0.0,0.0,0.0,0.0,0.0
2290,-0.8166747984432443,-1.1224819912018849,-1.3530218502498599,-1.5058177680401805,-1.5555652761579595,-1.4601620463043836,-1.1295887780758531,-0.6315753039530673,-0.3770231195581989,-0.15692808364317734,0.0754423114177896,0.36326717981351003,0.6295563304093262,0.9018754819891156,1.14156802110205,1.308469834051308,1.3799684171469901,1.4083955646428636,1.2449394665415905,0.9688515643468177,0.7415420629688283,0.3724198598784693,-0.037081814086710144,-0.3903752645941395,0.0,0.0,0.0,0.0,0.0,0.0,0.0,0.0,0.0,0.0,0.0,0.0,0.0,0.0,0.0,0.0,0.0,0.0,0.0,0.0,0.0,0.0,0.0,0.0,0.0,0.0,0.0,0.0,0.0,0.0,0.0,0.0,0.0,0.0,0.0,0.0,0.0,0.0,0.0,0.0,0.0,0.0,0.0,0.0,0.0,0.0,0.0,0.0,0.0,0.0,0.0,0.0,0.0,0.0,0.0,0.0,0.0,0.0,0.0,0.0,0.0,0.0,0.0,0.0,0.0,0.0,0.0,0.0,0.0,0.0,0.0,0.0
2291,-0.4380881630878288,-0.8230322299764103,-1.1142786154462976,-1.2925138987103628,-1.3867633921515465,-1.4226311736133552,-1.3059781120591032,-1.0950755570636677,-0.9210340451705217,-0.664993266735456,-0.3405277975117089,0.03161423045511938,0.4018800975454838,0.7555916039611673,1.055998069004378,1.2767228780001243,1.4078334145435976,1.4051847168356486,1.267452436022303,1.1286165311639786,1.003796651676884,0.69577518072332,0.39106458190469223,-0.01661414031045119,0.0,0.0,0.0,0.0,0.0,0.0,0.0,0.0,0.0,0.0,0.0,0.0,0.0,0.0,0.0,0.0,0.0,0.0,0.0,0.0,0.0,0.0,0.0,0.0,0.0,0.0,0.0,0.0,0.0,0.0,0.0,0.0,0.0,0.0,0.0,0.0,0.0,0.0,0.0,0.0,0.0,0.0,0.0,0.0,0.0,0.0,0.0,0.0,0.0,0.0,0.0,0.0,0.0,0.0,0.0,0.0,0.0,0.0,0.0,0.0,0.0,0.0,0.0,0.0,0.0,0.0,0.0,0.0,0.0,0.0,0.0,0.0
2292,-0.44386905925193454,-0.779261195205508,-1.027327969911425,-1.2086718937478755,-1.3201555285862008,-1.3695178884770915,-1.3239204543405907,-1.194867165981779,-1.0595390013656505,-0.7147345510261021,-0.402141132140779,-0.030040970081903328,0.35293564415632117,0.7136364476810717,0.9811553387846703,1.1597801495762834,1.317384124905886,1.4042911610697213,1.3408103295998681,1.2333007830578433,1.1234904485548023,0.8076550102698657,0.4493595759770866,-0.009752203516579584,0.0,0.0,0.0,0.0,0.0,0.0,0.0,0.0,0.0,0.0,0.0,0.0,0.0,0.0,0.0,0.0,0.0,0.0,0.0,0.0,0.0,0.0,0.0,0.0,0.0,0.0,0.0,0.0,0.0,0.0,0.0,0.0,0.0,0.0,0.0,0.0,0.0,0.0,0.0,0.0,0.0,0.0,0.0,0.0,0.0,0.0,0.0,0.0,0.0,0.0,0.0,0.0,0.0,0.0,0.0,0.0,0.0,0.0,0.0,0.0,0.0,0.0,0.0,0.0,0.0,0.0,0.0,0.0,0.0,0.0,0.0,0.0
2293,-0.9263924366345693,-1.2650760987676823,-1.4773239463308865,-1.5876700047145524,-1.5802527412244405,-1.4336191476122266,-1.0885452277030172,-0.5620336316510687,-0.23510347935613315,-0.05571981464142507,0.20183039608446307,0.4610922830003771,0.6909133394478466,0.9256412009733902,1.136405595838572,1.250403230094293,1.2397908377161329,1.1794257240812216,1.0675962129995333,0.995249366034441,0.877143708922658,0.5204303909212729,0.08749042659073693,-0.4216761840689498,1.0,1.0,1.0,1.0,1.0,1.0,1.0,1.0,1.0,1.0,1.0,1.0,1.0,1.0,1.0,1.0,1.0,1.0,1.0,1.0,1.0,1.0,1.0,1.0,1.0,1.0,1.0,1.0,1.0,1.0,1.0,1.0,1.0,1.0,1.0,1.0,1.0,1.0,1.0,1.0,1.0,1.0,1.0,1.0,1.0,1.0,1.0,1.0,1.0,1.0,1.0,1.0,1.0,1.0,1.0,1.0,1.0,1.0,1.0,1.0,1.0,1.0,1.0,1.0,1.0,1.0,1.0,1.0,1.0,1.0,1.0,1.0
2294,-0.7624430904654864,-1.155718299322919,-1.433929886768452,-1.6260066455013398,-1.6738303703690263,-1.5337472525685822,-1.1318715918275877,-0.5360948340753736,-0.219572142784882,-0.04287194954078705,0.16093269812423103,0.43679870778333796,0.6364334393835986,0.8879315020392795,1.07583834470741,1.1548061301837533,1.197417459970493,1.1897291772260965,1.1227499004359307,1.0491248199175578,0.9642930899751494,0.5832670095579418,0.11962446710772799,-0.4628606831880717,0.0,0.0,0.0,0.0,0.0,0.0,0.0,0.0,0.0,0.0,0.0,0.0,0.0,0.0,0.0,0.0,0.0,0.0,0.0,0.0,0.0,0.0,0.0,0.0,0.0,0.0,0.0,0.0,0.0,0.0,0.0,0.0,0.0,0.0,0.0,0.0,0.0,0.0,0.0,0.0,0.0,0.0,0.0,0.0,0.0,0.0,0.0,0.0,0.0,0.0,0.0,0.0,0.0,0.0,0.0,0.0,0.0,0.0,0.0,0.0,0.0,0.0,0.0,0.0,0.0,0.0,0.0,0.0,0.0,0.0,0.0,0.0
2295,-0.8447807715044235,-1.2180305391909245,-1.4664601607584562,-1.5917645751455884,-1.660167468023588,-1.5125867133009656,-1.120571550223155,-0.6050679787638228,-0.29719442727930384,-0.12322105194180727,0.1109226557149209,0.37593846546702947,0.5773940650227666,0.7931355784893073,1.0105720308944177,1.1246172080467642,1.165295742572442,1.1525837005331676,1.1163846474879962,1.112752635476775,1.0473764192747927,0.7385343312539482,0.30935157859464035,-0.19501382269694678,0.0,0.0,0.0,0.0,0.0,0.0,0.0,0.0,0.0,0.0,0.0,0.0,0.0,0.0,0.0,0.0,0.0,0.0,0.0,0.0,0.0,0.0,0.0,0.0,0.0,0.0,0.0,0.0,0.0,0.0,0.0,0.0,0.0,0.0,0.0,0.0,0.0,0.0,0.0,0.0,0.0,0.0,0.0,0.0,0.0,0.0,0.0,0.0,0.0,0.0,0.0,0.0,0.0,0.0,0.0,0.0,0.0,0.0,0.0,0.0,0.0,0.0,0.0,0.0,0.0,0.0,0.0,0.0,0.0,0.0,0.0,0.0
2296,-0.7722300415455267,-1.1905733354673411,-1.4562656949024684,-1.612131686981546,-1.6779760664736976,-1.5312408379570082,-1.1676821254095229,-0.5335441658864771,-0.168956634909427,0.017130898538118562,0.2468146129384754,0.5141788023216456,0.7360177761965703,0.9660872975080139,1.1274831886460026,1.1791813147316372,1.1636204359844686,1.1295408255051325,1.011741115319955,0.9799763463071397,0.8945844166532556,0.5600898247409778,0.06857182001636197,-0.4844180858747547,0.0,0.0,0.0,0.0,0.0,0.0,0.0,0.0,0.0,0.0,0.0,0.0,0.0,0.0,0.0,0.0,0.0,0.0,0.0,0.0,0.0,0.0,0.0,0.0,0.0,0.0,0.0,0.0,0.0,0.0,0.0,0.0,0.0,0.0,0.0,0.0,0.0,0.0,0.0,0.0,0.0,0.0,0.0,0.0,0.0,0.0,0.0,0.0,0.0,0.0,0.0,0.0,0.0,0.0,0.0,0.0,0.0,0.0,0.0,0.0,0.0,0.0,0.0,0.0,0.0,0.0,0.0,0.0,0.0,0.0,0.0,0.0
2297,-0.6573862051184521,-1.1067578487353544,-1.4755055351435846,-1.5922439564850217,-1.6543354913097752,-1.4832669769966786,-1.14889139022358,-0.40236740137392885,0.07551566129515622,0.2717692624376807,0.47847705056600554,0.7064100062109553,0.894268578410337,1.1052530793964892,1.2384647650791876,1.2424246843919906,1.170037359353949,1.0846614989699128,0.9137513814293285,0.7962209762253308,0.5980666138126609,0.17340486670765026,-0.3405926600941996,-0.8873783188060596,0.0,0.0,0.0,0.0,0.0,0.0,0.0,0.0,0.0,0.0,0.0,0.0,0.0,0.0,0.0,0.0,0.0,0.0,0.0,0.0,0.0,0.0,0.0,0.0,0.0,0.0,0.0,0.0,0.0,0.0,0.0,0.0,0.0,0.0,0.0,0.0,0.0,0.0,0.0,0.0,0.0,0.0,0.0,0.0,0.0,0.0,0.0,0.0,0.0,0.0,0.0,0.0,0.0,0.0,0.0,0.0,0.0,0.0,0.0,0.0,0.0,0.0,0.0,0.0,0.0,0.0,0.0,0.0,0.0,0.0,0.0,0.0
2298,0.3735785359357668,-0.39422945636357487,-0.8898515466308748,-1.4102547414115398,-1.8221898229943612,-1.9420328694114541,-1.5146603784596513,-1.078350439978438,-0.44419791300527806,0.18426714735825714,0.5161714487913588,0.6668893139464148,0.6518581521924065,0.6112333906950869,0.5190151820961711,0.49179659189296704,0.528765124855528,0.7907948365132398,1.0260122055827205,1.4273848491762389,1.5541341050478763,0.9402939588233761,0.11642379565773331,-0.9028514703100171,0.0,0.0,0.0,0.0,0.0,0.0,0.0,0.0,0.0,0.0,0.0,0.0,0.0,0.0,0.0,0.0,0.0,0.0,0.0,0.0,0.0,0.0,0.0,0.0,0.0,0.0,0.0,0.0,0.0,0.0,0.0,0.0,0.0,0.0,0.0,0.0,0.0,0.0,0.0,0.0,0.0,0.0,0.0,0.0,0.0,0.0,0.0,0.0,0.0,0.0,0.0,0.0,0.0,0.0,0.0,0.0,0.0,0.0,0.0,0.0,0.0,0.0,0.0,0.0,0.0,0.0,0.0,0.0,0.0,0.0,0.0,0.0
2299,-0.6654037247193927,-0.9390954833923021,-1.190551265128951,-1.3466762095750358,-1.4117282697609044,-1.4143303521683392,-1.4429532586501215,-1.0150289791001708,-0.5331706278324815,-0.05959162967935733,0.12042516232590114,0.17672476350494387,0.24603477672116034,0.33214004911263745,0.3678595439783326,0.43030952175676657,0.619078772768851,0.9093292376708906,1.2795345983650162,1.6518689355743155,1.8493906455932259,1.4212298130971446,0.700216433291589,-0.0856124537537048,0.0,0.0,0.0,0.0,0.0,0.0,0.0,0.0,0.0,0.0,0.0,0.0,0.0,0.0,0.0,0.0,0.0,0.0,0.0,0.0,0.0,0.0,0.0,0.0,0.0,0.0,0.0,0.0,0.0,0.0,0.0,0.0,0.0,0.0,0.0,0.0,0.0,0.0,0.0,0.0,0.0,0.0,0.0,0.0,0.0,0.0,0.0,0.0,0.0,0.0,0.0,0.0,0.0,0.0,0.0,0.0,0.0,0.0,0.0,0.0,0.0,0.0,0.0,0.0,0.0,0.0,0.0,0.0,0.0,0.0,0.0,0.0
2300,-1.4053363173039886,-1.5949989379442902,-1.6150469259815539,-1.7070657487712972,-1.646633324399977,-1.4346150336461796,-0.8499060875809454,0.00826318451775782,0.44340548601721796,0.544510806982124,0.5313858651735556,0.5843183227971227,0.6470584292446749,0.7004235772575355,0.7651829055217906,0.7611444618883849,0.831240304953926,0.9118649474922748,0.9369609900712956,1.0653258055616899,1.0442682066160747,0.693212070769311,0.1628778836252889,-0.3778408728617764,0.0,0.0,0.0,0.0,0.0,0.0,0.0,0.0,0.0,0.0,0.0,0.0,0.0,0.0,0.0,0.0,0.0,0.0,0.0,0.0,0.0,0.0,0.0,0.0,0.0,0.0,0.0,0.0,0.0,0.0,0.0,0.0,0.0,0.0,0.0,0.0,0.0,0.0,0.0,0.0,0.0,0.0,0.0,0.0,0.0,0.0,0.0,0.0,0.0,0.0,0.0,0.0,0.0,0.0,0.0,0.0,0.0,0.0,0.0,0.0,0.0,0.0,0.0,0.0,0.0,0.0,0.0,0.0,0.0,0.0,0.0,0.0
2301,-1.1421900566299665,-1.5021772462734575,-1.618823771308396,-1.6667069343442724,-1.701402603298137,-1.5139517945609682,-0.939667826084784,-0.0416622766906417,0.3712318832580636,0.4180160884537724,0.39933380517092226,0.46903913103298506,0.5368605291690461,0.6629266928339931,0.7808291696862659,0.8227465615898037,0.909250243008715,0.9792695568251114,1.0354734006508288,1.1544748353432692,1.1262159194532437,0.7400107356228959,0.18974684565323344,-0.46884288856152656,0.0,0.0,0.0,0.0,0.0,0.0,0.0,0.0,0.0,0.0,0.0,0.0,0.0,0.0,0.0,0.0,0.0,0.0,0.0,0.0,0.0,0.0,0.0,0.0,0.0,0.0,0.0,0.0,0.0,0.0,0.0,0.0,0.0,0.0,0.0,0.0,0.0,0.0,0.0,0.0,0.0,0.0,0.0,0.0,0.0,0.0,0.0,0.0,0.0,0.0,0.0,0.0,0.0,0.0,0.0,0.0,0.0,0.0,0.0,0.0,0.0,0.0,0.0,0.0,0.0,0.0,0.0,0.0,0.0,0.0,0.0,0.0
2302,-1.0078073804775176,-1.3556444785605177,-1.5719384201065738,-1.7287411754328788,-1.7029294542656086,-1.5523380756907859,-1.0160892161461603,-0.26368444564995625,0.11479544440702258,0.2144535336196917,0.26676712892661913,0.40410757043161327,0.5715386815326765,0.7370373643110564,0.9155109229703101,0.9813515165360208,1.0217944807178936,1.0488484772354603,1.0405666415668173,1.1457459545585817,1.0396004274054758,0.7283414368589813,0.26649106773766434,-0.2977780024858694,-1.0,-1.0,-1.0,-1.0,-1.0,-1.0,-1.0,-1.0,-1.0,-1.0,-1.0,-1.0,-1.0,-1.0,-1.0,-1.0,-1.0,-1.0,-1.0,-1.0,-1.0,-1.0,-1.0,-1.0,-1.0,-1.0,-1.0,-1.0,-1.0,-1.0,-1.0,-1.0,-1.0,-1.0,-1.0,-1.0,-1.0,-1.0,-1.0,-1.0,-1.0,-1.0,-1.0,-1.0,-1.0,-1.0,-1.0,-1.0,-1.0,-1.0,-1.0,-1.0,-1.0,-1.0,-1.0,-1.0,-1.0,-1.0,-1.0,-1.0,-1.0,-1.0,-1.0,-1.0,-1.0,-1.0,-1.0,-1.0,-1.0,-1.0,-1.0,-1.0
2303,-0.8458491486748542,-1.2896085894032234,-1.551536468901555,-1.6881523665930398,-1.7188344239942006,-1.6248504376390658,-1.1507319085348109,-0.27758514870282663,0.1593919424947597,0.31102589986154966,0.4229346671194681,0.5871644164719978,0.7182898407338012,0.861688087956069,0.9325797890040145,0.9579328574881316,0.9664915366579292,0.9681063817843061,0.9687523198348568,1.0780773348905723,0.9989499236981046,0.646267748097392,0.09835079671771327,-0.5288550503670707,0.0,0.0,0.0,0.0,0.0,0.0,0.0,0.0,0.0,0.0,0.0,0.0,0.0,0.0,0.0,0.0,0.0,0.0,0.0,0.0,0.0,0.0,0.0,0.0,0.0,0.0,0.0,0.0,0.0,0.0,0.0,0.0,0.0,0.0,0.0,0.0,0.0,0.0,0.0,0.0,0.0,0.0,0.0,0.0,0.0,0.0,0.0,0.0,0.0,0.0,0.0,0.0,0.0,0.0,0.0,0.0,0.0,0.0,0.0,0.0,0.0,0.0,0.0,0.0,0.0,0.0,0.0,0.0,0.0,0.0,0.0,0.0
2304,-1.0639895700013526,-1.3354323562339354,-1.5154536635274778,-1.6431803799875775,-1.671208775793991,-1.708078343431958,-1.0602273692219684,-0.1319043269088734,0.45311789428539717,0.6408517131766776,0.7445003446487171,0.8633858892772635,0.88106823294037,0.9239573218253518,0.9177496905393676,0.9117301692923526,0.8438224452244647,0.8498419664714797,0.8176751498077433,0.8660194298228325,0.7708357501044077,0.38332906982781695,-0.09522286930987574,-0.6431874128272101,0.0,0.0,0.0,0.0,0.0,0.0,0.0,0.0,0.0,0.0,0.0,0.0,0.0,0.0,0.0,0.0,0.0,0.0,0.0,0.0,0.0,0.0,0.0,0.0,0.0,0.0,0.0,0.0,0.0,0.0,0.0,0.0,0.0,0.0,0.0,0.0,0.0,0.0,0.0,0.0,0.0,0.0,0.0,0.0,0.0,0.0,0.0,0.0,0.0,0.0,0.0,0.0,0.0,0.0,0.0,0.0,0.0,0.0,0.0,0.0,0.0,0.0,0.0,0.0,0.0,0.0,0.0,0.0,0.0,0.0,0.0,0.0
2305,-0.6030885181327209,-1.255552457836681,-1.5199281139012946,-1.5340956131736567,-1.5940544940227603,-1.4673059737468068,-1.1756072833712095,-0.9173034127090367,-0.32429237173731024,0.12932059603671092,0.3979971000947201,0.5232276740200633,0.6492172211207118,0.7205606995993922,0.7797606072731907,0.8141673912203558,0.8713433704266741,0.9439518041975297,1.1056130905375183,1.4097083427764325,1.316354642213904,0.9080270738997545,0.28516308803269363,-0.46318446281814546,0.0,0.0,0.0,0.0,0.0,0.0,0.0,0.0,0.0,0.0,0.0,0.0,0.0,0.0,0.0,0.0,0.0,0.0,0.0,0.0,0.0,0.0,0.0,0.0,0.0,0.0,0.0,0.0,0.0,0.0,0.0,0.0,0.0,0.0,0.0,0.0,0.0,0.0,0.0,0.0,0.0,0.0,0.0,0.0,0.0,0.0,0.0,0.0,0.0,0.0,0.0,0.0,0.0,0.0,0.0,0.0,0.0,0.0,0.0,0.0,0.0,0.0,0.0,0.0,0.0,0.0,0.0,0.0,0.0,0.0,0.0,0.0
2306,-0.6634568280745722,-1.0019566241922637,-1.2180309412226724,-1.340955437208409,-1.3871976697984425,-1.4026671936505042,-1.2646058517450083,-1.0909479710831556,-0.8109994910506864,-0.46118864523471326,-0.10755200319726246,0.1620834609338324,0.38913614973022015,0.6241731089018654,0.7238101496264341,0.837752341440006,0.9896198175360514,1.192387017274364,1.3311137150444645,1.4972863422295133,1.4432261782303732,1.0628089626425794,0.5375105075370904,-0.04134909466908494,-1.0,-1.0,-1.0,-1.0,-1.0,-1.0,-1.0,-1.0,-1.0,-1.0,-1.0,-1.0,-1.0,-1.0,-1.0,-1.0,-1.0,-1.0,-1.0,-1.0,-1.0,-1.0,-1.0,-1.0,-1.0,-1.0,-1.0,-1.0,-1.0,-1.0,-1.0,-1.0,-1.0,-1.0,-1.0,-1.0,-1.0,-1.0,-1.0,-1.0,-1.0,-1.0,-1.0,-1.0,-1.0,-1.0,-1.0,-1.0,-1.0,-1.0,-1.0,-1.0,-1.0,-1.0,-1.0,-1.0,-1.0,-1.0,-1.0,-1.0,-1.0,-1.0,-1.0,-1.0,-1.0,-1.0,-1.0,-1.0,-1.0,-1.0,-1.0,-1.0
2307,-1.1734888740655305,-1.3837795560221577,-1.5567159721049102,-1.6602011234888294,-1.7593974517538962,-1.5385922356994377,-1.0235184140385676,-0.30949853931609883,0.16407054248491076,0.3293977562600222,0.4905744960491476,0.6254649005936945,0.6974064496841197,0.7776489467465169,0.8526341767599983,0.8747700380185907,0.8563696033473858,0.9342601651510576,1.0240487523812227,1.140677071387431,1.0237720541154902,0.670290019642344,0.2134611829181449,-0.26965398905063265,1.0,1.0,1.0,1.0,1.0,1.0,1.0,1.0,1.0,1.0,1.0,1.0,1.0,1.0,1.0,1.0,1.0,1.0,1.0,1.0,1.0,1.0,1.0,1.0,1.0,1.0,1.0,1.0,1.0,1.0,1.0,1.0,1.0,1.0,1.0,1.0,1.0,1.0,1.0,1.0,1.0,1.0,1.0,1.0,1.0,1.0,1.0,1.0,1.0,1.0,1.0,1.0,1.0,1.0,1.0,1.0,1.0,1.0,1.0,1.0,1.0,1.0,1.0,1.0,1.0,1.0,1.0,1.0,1.0,1.0,1.0,1.0
2308,-0.97549078732857,-1.3688019324910807,-1.6746042201369085,-1.8036654235641394,-1.8693449380679081,-1.5817337695995093,-0.8567697990127195,0.16576258422379853,0.6615184531749868,0.6871775054884125,0.668028958985856,0.6012005316919338,0.5906688311155276,0.628391467725564,0.6908157293238982,0.6375827700467911,0.5952644822761413,0.673773522936623,0.7984305606682659,1.1656996825872998,1.14712559247982,0.7695162554494055,0.1713156627095399,-0.5218617206830061,0.0,0.0,0.0,0.0,0.0,0.0,0.0,0.0,0.0,0.0,0.0,0.0,0.0,0.0,0.0,0.0,0.0,0.0,0.0,0.0,0.0,0.0,0.0,0.0,0.0,0.0,0.0,0.0,0.0,0.0,0.0,0.0,0.0,0.0,0.0,0.0,0.0,0.0,0.0,0.0,0.0,0.0,0.0,0.0,0.0,0.0,0.0,0.0,0.0,0.0,0.0,0.0,0.0,0.0,0.0,0.0,0.0,0.0,0.0,0.0,0.0,0.0,0.0,0.0,0.0,0.0,0.0,0.0,0.0,0.0,0.0,0.0
2309,-1.0123122269402076,-1.470732215520392,-1.6551342410018945,-1.791664504935759,-1.7493458677276468,-1.5163061325137435,-0.8734841184520565,0.1300994906326326,0.7453473700428799,0.801453074576712,0.772730017648129,0.812176349163383,0.7914957481748032,0.7870915461124205,0.8263463905814838,0.7091563183128653,0.6457741060237923,0.6465400542085544,0.765836483985269,1.0097909808320338,0.8625374423114984,0.4820526815308693,-0.07632354516078371,-0.643125201884821,1.0,1.0,1.0,1.0,1.0,1.0,1.0,1.0,1.0,1.0,1.0,1.0,1.0,1.0,1.0,1.0,1.0,1.0,1.0,1.0,1.0,1.0,1.0,1.0,1.0,1.0,1.0,1.0,1.0,1.0,1.0,1.0,1.0,1.0,1.0,1.0,1.0,1.0,1.0,1.0,1.0,1.0,1.0,1.0,1.0,1.0,1.0,1.0,1.0,1.0,1.0,1.0,1.0,1.0,1.0,1.0,1.0,1.0,1.0,1.0,1.0,1.0,1.0,1.0,1.0,1.0,1.0,1.0,1.0,1.0,1.0,1.0
2310,-1.0657557252252974,-1.4759057542463951,-1.653523818522383,-1.7499071817595662,-1.7427115672153364,-1.4531827609488275,-0.9909592056208034,-0.0574228976457285,0.5651871187076278,0.7000102122731964,0.8522542673669004,0.9331102518507456,0.9151212154901711,0.8469522355974679,0.8204420767503054,0.7030399447128721,0.6337348151552905,0.6265392006110607,0.7547347544648387,0.9499631385464417,0.878575067936583,0.5434109167974587,0.007905708084778779,-0.5416120131614013,0.0,0.0,0.0,0.0,0.0,0.0,0.0,0.0,0.0,0.0,0.0,0.0,0.0,0.0,0.0,0.0,0.0,0.0,0.0,0.0,0.0,0.0,0.0,0.0,0.0,0.0,0.0,0.0,0.0,0.0,0.0,0.0,0.0,0.0,0.0,0.0,0.0,0.0,0.0,0.0,0.0,0.0,0.0,0.0,0.0,0.0,0.0,0.0,0.0,0.0,0.0,0.0,0.0,0.0,0.0,0.0,0.0,0.0,0.0,0.0,0.0,0.0,0.0,0.0,0.0,0.0,0.0,0.0,0.0,0.0,0.0,0.0
2311,-1.011648289008604,-1.3155166079642104,-1.5226797075970195,-1.6632624643552167,-1.6822542342899423,-1.510018527640536,-0.9461594271647233,0.0750302251875228,0.8434328708223895,1.0416458260032018,1.0901075837676735,1.1610538507652108,1.0822489203464076,0.9084851402539776,0.8377571694625865,0.7406153577274968,0.4633791759217352,0.4199382308986277,0.5258118908795681,0.7436715046135446,0.6089827454212966,0.2876507299739887,-0.271405853966606,-0.9068661100583949,0.0,0.0,0.0,0.0,0.0,0.0,0.0,0.0,0.0,0.0,0.0,0.0,0.0,0.0,0.0,0.0,0.0,0.0,0.0,0.0,0.0,0.0,0.0,0.0,0.0,0.0,0.0,0.0,0.0,0.0,0.0,0.0,0.0,0.0,0.0,0.0,0.0,0.0,0.0,0.0,0.0,0.0,0.0,0.0,0.0,0.0,0.0,0.0,0.0,0.0,0.0,0.0,0.0,0.0,0.0,0.0,0.0,0.0,0.0,0.0,0.0,0.0,0.0,0.0,0.0,0.0,0.0,0.0,0.0,0.0,0.0,0.0
2312,-0.6034798761779567,-1.2985691641620778,-1.5447736876629954,-1.6568324747445475,-1.721469282365501,-1.555817162331902,-1.0705538930570062,-0.6434312698331188,0.22705438053951868,0.9146730827182028,1.2547471409048265,1.2183686361131343,0.9903533650080627,0.7405759526436754,0.48592641910182915,0.27675001654959835,0.17768355260793625,0.3595760765663978,0.7178393871488676,1.1180029398574831,1.130670454918876,0.7766296493568704,0.19522318884678788,-0.4891474325469238,-1.0,-1.0,-1.0,-1.0,-1.0,-1.0,-1.0,-1.0,-1.0,-1.0,-1.0,-1.0,-1.0,-1.0,-1.0,-1.0,-1.0,-1.0,-1.0,-1.0,-1.0,-1.0,-1.0,-1.0,-1.0,-1.0,-1.0,-1.0,-1.0,-1.0,-1.0,-1.0,-1.0,-1.0,-1.0,-1.0,-1.0,-1.0,-1.0,-1.0,-1.0,-1.0,-1.0,-1.0,-1.0,-1.0,-1.0,-1.0,-1.0,-1.0,-1.0,-1.0,-1.0,-1.0,-1.0,-1.0,-1.0,-1.0,-1.0,-1.0,-1.0,-1.0,-1.0,-1.0,-1.0,-1.0,-1.0,-1.0,-1.0,-1.0,-1.0,-1.0
2313,-0.7496816097554805,-1.12445372472945,-1.440702041690622,-1.6522669453049594,-1.64072704147145,-1.5231299262156885,-1.3461847341018789,-0.8332085327408814,-0.297152523712865,0.19878858151295223,0.4166729562742115,0.3977145428334462,0.4642063696836666,0.4881104561959359,0.47382295621159104,0.4892094946562701,0.6469215137142308,0.787048917406844,0.9134383403452795,1.2876609360890816,1.4912578108659962,1.3101912245259333,0.9601474749094838,0.282315504498353,0.0,0.0,0.0,0.0,0.0,0.0,0.0,0.0,0.0,0.0,0.0,0.0,0.0,0.0,0.0,0.0,0.0,0.0,0.0,0.0,0.0,0.0,0.0,0.0,0.0,0.0,0.0,0.0,0.0,0.0,0.0,0.0,0.0,0.0,0.0,0.0,0.0,0.0,0.0,0.0,0.0,0.0,0.0,0.0,0.0,0.0,0.0,0.0,0.0,0.0,0.0,0.0,0.0,0.0,0.0,0.0,0.0,0.0,0.0,0.0,0.0,0.0,0.0,0.0,0.0,0.0,0.0,0.0,0.0,0.0,0.0,0.0
2314,-1.4142900796015199,-1.6290581170341503,-1.6688577883066307,-1.6982945263043898,-1.7350904488015888,-1.4740646802296227,-0.7536155364783444,0.14841022073870297,0.6655055724034207,0.7524640994478213,0.7306869208270301,0.6676081965461177,0.6148924055399266,0.5714882357371084,0.5792979825528404,0.5584219285646337,0.5397986861578881,0.6563441386388119,0.8696103016838015,1.1162180761344163,1.0541906639248524,0.7694352800281621,0.29604447304379083,-0.21714600521306085,0.0,0.0,0.0,0.0,0.0,0.0,0.0,0.0,0.0,0.0,0.0,0.0,0.0,0.0,0.0,0.0,0.0,0.0,0.0,0.0,0.0,0.0,0.0,0.0,0.0,0.0,0.0,0.0,0.0,0.0,0.0,0.0,0.0,0.0,0.0,0.0,0.0,0.0,0.0,0.0,0.0,0.0,0.0,0.0,0.0,0.0,0.0,0.0,0.0,0.0,0.0,0.0,0.0,0.0,0.0,0.0,0.0,0.0,0.0,0.0,0.0,0.0,0.0,0.0,0.0,0.0,0.0,0.0,0.0,0.0,0.0,0.0
2315,-1.1324819036800062,-1.4446621951110716,-1.676533811319013,-1.7529057867762974,-1.761763361249436,-1.5100114112240057,-0.7895953540753935,0.3386627988141818,1.0092796039249254,1.0423478819579766,0.8577166629401082,0.6492684103389114,0.49160358471704296,0.4351119430772474,0.41050756954075107,0.3319704092122548,0.2744945926309994,0.41916830902559776,0.7203258411123128,1.2122164768539472,1.1980443576969253,0.8569293229869404,0.24752819923499944,-0.4272221406298757,0.0,0.0,0.0,0.0,0.0,0.0,0.0,0.0,0.0,0.0,0.0,0.0,0.0,0.0,0.0,0.0,0.0,0.0,0.0,0.0,0.0,0.0,0.0,0.0,0.0,0.0,0.0,0.0,0.0,0.0,0.0,0.0,0.0,0.0,0.0,0.0,0.0,0.0,0.0,0.0,0.0,0.0,0.0,0.0,0.0,0.0,0.0,0.0,0.0,0.0,0.0,0.0,0.0,0.0,0.0,0.0,0.0,0.0,0.0,0.0,0.0,0.0,0.0,0.0,0.0,0.0,0.0,0.0,0.0,0.0,0.0,0.0
2316,-1.1524587290199844,-1.4057234065038833,-1.6047479525471178,-1.7162535614052166,-1.6550983534462205,-1.470336152722045,-0.5659738018089763,0.6962437589277586,1.3940181988556677,1.3592267201228112,1.0964538124262062,0.8053723102326809,0.4922490016369731,0.27961039869827303,0.20051921101985412,0.08750092917337025,0.0006302804118281572,0.14152496447283675,0.4948421553313475,1.0432941616915312,1.0938606587318318,0.7638818511226906,0.16680821299298704,-0.545444668395179,0.0,0.0,0.0,0.0,0.0,0.0,0.0,0.0,0.0,0.0,0.0,0.0,0.0,0.0,0.0,0.0,0.0,0.0,0.0,0.0,0.0,0.0,0.0,0.0,0.0,0.0,0.0,0.0,0.0,0.0,0.0,0.0,0.0,0.0,0.0,0.0,0.0,0.0,0.0,0.0,0.0,0.0,0.0,0.0,0.0,0.0,0.0,0.0,0.0,0.0,0.0,0.0,0.0,0.0,0.0,0.0,0.0,0.0,0.0,0.0,0.0,0.0,0.0,0.0,0.0,0.0,0.0,0.0,0.0,0.0,0.0,0.0
2317,-1.006086823715572,-1.2985708763574415,-1.4699342323531381,-1.6334471728254718,-1.5894848458946385,-1.1505344693454524,-0.3069512469634958,1.004965335783663,1.8079506950305135,1.6527367652543066,1.3595798198532918,0.9859000409412099,0.6216407606571637,0.24190494691277326,-0.016710170185444236,-0.2477366841587001,-0.432333597750923,-0.3509135738943289,0.04317728537849685,0.7138270686600843,0.8504242987666015,0.6288182834213814,0.08534523161827559,-0.4935668388331549,0.0,0.0,0.0,0.0,0.0,0.0,0.0,0.0,0.0,0.0,0.0,0.0,0.0,0.0,0.0,0.0,0.0,0.0,0.0,0.0,0.0,0.0,0.0,0.0,0.0,0.0,0.0,0.0,0.0,0.0,0.0,0.0,0.0,0.0,0.0,0.0,0.0,0.0,0.0,0.0,0.0,0.0,0.0,0.0,0.0,0.0,0.0,0.0,0.0,0.0,0.0,0.0,0.0,0.0,0.0,0.0,0.0,0.0,0.0,0.0,0.0,0.0,0.0,0.0,0.0,0.0,0.0,0.0,0.0,0.0,0.0,0.0
2318,-0.7591014839782927,-1.2038084448239743,-1.3633866682408944,-1.4124335045558007,-1.285944295112095,-1.1127549879331435,-0.22686117411127107,1.127676334068821,1.903977456220544,1.9445760336486722,1.5810662276592469,1.1098411208634005,0.6634914430119565,0.3239183705350692,0.03221876508325798,-0.2376561715777098,-0.3871434191020893,-0.3052422426719348,0.09558070673409388,0.5351248427045222,0.4567437741438586,0.06483843134054017,-0.44017971100241865,-1.1045414029043314,0.0,0.0,0.0,0.0,0.0,0.0,0.0,0.0,0.0,0.0,0.0,0.0,0.0,0.0,0.0,0.0,0.0,0.0,0.0,0.0,0.0,0.0,0.0,0.0,0.0,0.0,0.0,0.0,0.0,0.0,0.0,0.0,0.0,0.0,0.0,0.0,0.0,0.0,0.0,0.0,0.0,0.0,0.0,0.0,0.0,0.0,0.0,0.0,0.0,0.0,0.0,0.0,0.0,0.0,0.0,0.0,0.0,0.0,0.0,0.0,0.0,0.0,0.0,0.0,0.0,0.0,0.0,0.0,0.0,0.0,0.0,0.0
2319,-0.6261757911333788,-0.8661772921142565,-1.0071781739405221,-1.1601791308158316,-1.081428638306481,-0.8493021865765386,-0.27779861236582365,0.6563322297331861,1.6699635690321115,2.1908418266296725,1.8623397721620962,1.075209849413874,0.4144557170258953,-0.1394227469565364,-0.6891761851408593,-1.0150532231914573,-1.1680541800667668,-0.7728017081388838,-0.10342252180940475,0.8134582124066044,0.9379589910404347,0.5832067724030748,0.11895386894318968,-0.5665504182334421,0.0,0.0,0.0,0.0,0.0,0.0,0.0,0.0,0.0,0.0,0.0,0.0,0.0,0.0,0.0,0.0,0.0,0.0,0.0,0.0,0.0,0.0,0.0,0.0,0.0,0.0,0.0,0.0,0.0,0.0,0.0,0.0,0.0,0.0,0.0,0.0,0.0,0.0,0.0,0.0,0.0,0.0,0.0,0.0,0.0,0.0,0.0,0.0,0.0,0.0,0.0,0.0,0.0,0.0,0.0,0.0,0.0,0.0,0.0,0.0,0.0,0.0,0.0,0.0,0.0,0.0,0.0,0.0,0.0,0.0,0.0,0.0
2320,-0.45328757758918586,-1.133945452615666,-1.5307806178943872,-1.677696810084638,-1.6153785131775646,-1.331232910699717,-0.82429132446083,-0.24179283938124255,0.4201372573001068,0.9412861236628862,1.1066072014681794,0.7837144713797163,0.31616579821162166,-0.012216108288345287,-0.22435663195646555,-0.3244533782838891,-0.37482464417768935,-0.13168641842107665,0.5738341968222153,1.678773119184936,1.800826571158375,1.3800973438531077,0.7827457931894508,0.09175535080013983,0.0,0.0,0.0,0.0,0.0,0.0,0.0,0.0,0.0,0.0,0.0,0.0,0.0,0.0,0.0,0.0,0.0,0.0,0.0,0.0,0.0,0.0,0.0,0.0,0.0,0.0,0.0,0.0,0.0,0.0,0.0,0.0,0.0,0.0,0.0,0.0,0.0,0.0,0.0,0.0,0.0,0.0,0.0,0.0,0.0,0.0,0.0,0.0,0.0,0.0,0.0,0.0,0.0,0.0,0.0,0.0,0.0,0.0,0.0,0.0,0.0,0.0,0.0,0.0,0.0,0.0,0.0,0.0,0.0,0.0,0.0,0.0
2321,-1.5549251947261882,-1.742232192305091,-1.7698871203896571,-1.716273885575406,-1.5481387093066628,-1.0966677667727318,-0.24699979224814447,0.7699550478677454,1.1116545887408522,0.9481002901302886,0.7920111254812031,0.6533971607873956,0.5441347455330358,0.5073180621321102,0.4630362447697065,0.45166888169200137,0.4486149632532149,0.63660060937407,1.051933517049028,1.0483706122037773,0.763338224583708,0.35105923534753647,-0.14876541580051347,-0.7173032318212587,0.20851441405707258,0.20851441405707258,0.20851441405707258,0.20851441405707258,0.20851441405707258,0.20851441405707258,0.20851441405707258,0.20851441405707258,0.20851441405707258,0.20851441405707258,0.20851441405707258,0.20851441405707258,0.20851441405707258,0.20851441405707258,0.20851441405707258,0.20851441405707258,0.20851441405707258,0.20851441405707258,0.20851441405707258,0.20851441405707258,0.20851441405707258,0.20851441405707258,0.20851441405707258,-4.795831523312721,0.20851441405707258,0.20851441405707258,0.20851441405707258,0.20851441405707258,0.20851441405707258,0.20851441405707258,0.20851441405707258,0.20851441405707258,0.20851441405707258,0.20851441405707258,0.20851441405707258,0.20851441405707258,0.20851441405707258,0.20851441405707258,0.20851441405707258,0.20851441405707258,0.20851441405707258,0.20851441405707258,0.20851441405707258,0.20851441405707258,0.20851441405707258,0.20851441405707258,0.20851441405707258,-4.795831523312721,0.20851441405707258,0.20851441405707258,0.20851441405707258,0.20851441405707258,0.20851441405707258,0.20851441405707258,0.20851441405707258,0.20851441405707258,0.20851441405707258,0.20851441405707258,0.20851441405707258,0.20851441405707258,0.20851441405707258,0.20851441405707258,0.20851441405707258,0.20851441405707258,0.20851441405707258,0.20851441405707258,0.20851441405707258,0.20851441405707258,0.20851441405707258,0.20851441405707258,0.20851441405707258,-4.795831523312721
2322,-1.291116740796706,-1.609403907792869,-1.7277200798176207,-1.7793792535185686,-1.6612482398224941,-1.2670461580686658,-0.37106500559953676,0.6874851594482025,1.073910591397587,1.038730508948913,0.8663481049504093,0.6960024425673552,0.5334334299887449,0.48195941461647424,0.48325552291721485,0.3906763585785985,0.3525337428710886,0.580463645472762,1.0752066996983278,1.087427149391025,0.8193178894663922,0.4330776158456848,-0.13924677809564143,-0.7536021126466995,-0.20851441405707544,-0.20851441405707544,-0.20851441405707544,-0.20851441405707544,-0.20851441405707544,-0.20851441405707544,-0.20851441405707544,-0.20851441405707544,-0.20851441405707544,-0.20851441405707544,-0.20851441405707544,-0.20851441405707544,-0.20851441405707544,-0.20851441405707544,-0.20851441405707544,-0.20851441405707544,-0.20851441405707544,-0.20851441405707544,-0.20851441405707544,-0.20851441405707544,-0.20851441405707544,-0.20851441405707544,-0.20851441405707544,4.795831523312719,-0.20851441405707544,-0.20851441405707544,-0.20851441405707544,-0.20851441405707544,-0.20851441405707544,-0.20851441405707544,-0.20851441405707544,-0.20851441405707544,-0.20851441405707544,-0.20851441405707544,-0.20851441405707544,-0.20851441405707544,-0.20851441405707544,-0.20851441405707544,-0.20851441405707544,-0.20851441405707544,-0.20851441405707544,-0.20851441405707544,-0.20851441405707544,-0.20851441405707544,-0.20851441405707544,-0.20851441405707544,-0.20851441405707544,4.795831523312719,-0.20851441405707544,-0.20851441405707544,-0.20851441405707544,-0.20851441405707544,-0.20851441405707544,-0.20851441405707544,-0.20851441405707544,-0.20851441405707544,-0.20851441405707544,-0.20851441405707544,-0.20851441405707544,-0.20851441405707544,-0.20851441405707544,-0.20851441405707544,-0.20851441405707544,-0.20851441405707544,-0.20851441405707544,-0.20851441405707544,-0.20851441405707544,-0.20851441405707544,-0.20851441405707544,-0.20851441405707544,-0.20851441405707544,4.795831523312719
2323,-1.2179626821401315,-1.542468651411135,-1.7348479477943854,-1.801358262157368,-1.6749529066341728,-1.320946394702169,-0.5299742690520757,0.45588022932826205,0.8318780548802842,0.832235637215569,0.75124323827355,0.6974270968131797,0.6150043685300213,0.5717369059605542,0.64218062601167,0.6071375571537545,0.5996283281127727,0.7927227891665929,1.161568968012918,1.0870130511060263,0.7701951020436472,0.3806091477508006,-0.17793445996413865,-0.7960155265040059,0.20851441405707546,0.20851441405707546,0.20851441405707546,0.20851441405707546,0.20851441405707546,0.20851441405707546,0.20851441405707546,0.20851441405707546,0.20851441405707546,0.20851441405707546,0.20851441405707546,0.20851441405707546,0.20851441405707546,0.20851441405707546,0.20851441405707546,0.20851441405707546,0.20851441405707546,0.20851441405707546,0.20851441405707546,0.20851441405707546,0.20851441405707546,0.20851441405707546,0.20851441405707546,-4.795831523312719,0.20851441405707546,0.20851441405707546,0.20851441405707546,0.20851441405707546,0.20851441405707546,0.20851441405707546,0.20851441405707546,0.20851441405707546,0.20851441405707546,0.20851441405707546,0.20851441405707546,0.20851441405707546,0.20851441405707546,0.20851441405707546,0.20851441405707546,0.20851441405707546,0.20851441405707546,0.20851441405707546,0.20851441405707546,0.20851441405707546,0.20851441405707546,0.20851441405707546,0.20851441405707546,-4.795831523312719,0.20851441405707546,0.20851441405707546,0.20851441405707546,0.20851441405707546,0.20851441405707546,0.20851441405707546,0.20851441405707546,0.20851441405707546,0.20851441405707546,0.20851441405707546,0.20851441405707546,0.20851441405707546,0.20851441405707546,0.20851441405707546,0.20851441405707546,0.20851441405707546,0.20851441405707546,0.20851441405707546,0.20851441405707546,0.20851441405707546,0.20851441405707546,0.20851441405707546,0.20851441405707546,-4.795831523312719
2324,-1.162829807334173,-1.5035765759478672,-1.702017251889079,-1.7949183458367433,-1.7660303731604379,-1.4743603308547855,-0.815517590384955,-0.0046847209477444635,0.4468539883279167,0.622643867511571,0.7372109409664643,0.7345847616322547,0.7229310908366997,0.6963410250778276,0.6753315904041509,0.6592462419821171,0.617719781259928,0.7843180327738488,1.1262137548462596,1.0879700182918324,0.8906782958093371,0.596053801752699,0.16749416165137168,-0.3416563567685123,0.20851441405707477,0.20851441405707477,0.20851441405707477,0.20851441405707477,0.20851441405707477,0.20851441405707477,0.20851441405707477,0.20851441405707477,0.20851441405707477,0.20851441405707477,0.20851441405707477,0.20851441405707477,0.20851441405707477,0.20851441405707477,0.20851441405707477,0.20851441405707477,0.20851441405707477,0.20851441405707477,0.20851441405707477,0.20851441405707477,0.20851441405707477,0.20851441405707477,0.20851441405707477,-4.79583152331272,0.20851441405707477,0.20851441405707477,0.20851441405707477,0.20851441405707477,0.20851441405707477,0.20851441405707477,0.20851441405707477,0.20851441405707477,0.20851441405707477,0.20851441405707477,0.20851441405707477,0.20851441405707477,0.20851441405707477,0.20851441405707477,0.20851441405707477,0.20851441405707477,0.20851441405707477,0.20851441405707477,0.20851441405707477,0.20851441405707477,0.20851441405707477,0.20851441405707477,0.20851441405707477,-4.79583152331272,0.20851441405707477,0.20851441405707477,0.20851441405707477,0.20851441405707477,0.20851441405707477,0.20851441405707477,0.20851441405707477,0.20851441405707477,0.20851441405707477,0.20851441405707477,0.20851441405707477,0.20851441405707477,0.20851441405707477,0.20851441405707477,0.20851441405707477,0.20851441405707477,0.20851441405707477,0.20851441405707477,0.20851441405707477,0.20851441405707477,0.20851441405707477,0.20851441405707477,0.20851441405707477,-4.79583152331272
2325,-1.2967922947279236,-1.5801511152459666,-1.7487068960440737,-1.8094012162681017,-1.7107951945551647,-1.3574866149519516,-0.6368083082449442,0.34053043764988866,0.7390482763056035,0.8175415174164433,0.7908431360862257,0.735310502919373,0.6831596647210146,0.6304748588960519,0.5982588120909227,0.5742302688937269,0.5961229415845053,0.8086420569730375,1.1053500681561892,1.006210078816648,0.766992582097898,0.43379678309678216,0.009470509155190219,-0.49584085482139517,0.20851441405707477,0.20851441405707477,0.20851441405707477,0.20851441405707477,0.20851441405707477,0.20851441405707477,0.20851441405707477,0.20851441405707477,0.20851441405707477,0.20851441405707477,0.20851441405707477,0.20851441405707477,0.20851441405707477,0.20851441405707477,0.20851441405707477,0.20851441405707477,0.20851441405707477,0.20851441405707477,0.20851441405707477,0.20851441405707477,0.20851441405707477,0.20851441405707477,0.20851441405707477,-4.79583152331272,0.20851441405707477,0.20851441405707477,0.20851441405707477,0.20851441405707477,0.20851441405707477,0.20851441405707477,0.20851441405707477,0.20851441405707477,0.20851441405707477,0.20851441405707477,0.20851441405707477,0.20851441405707477,0.20851441405707477,0.20851441405707477,0.20851441405707477,0.20851441405707477,0.20851441405707477,0.20851441405707477,0.20851441405707477,0.20851441405707477,0.20851441405707477,0.20851441405707477,0.20851441405707477,-4.79583152331272,0.20851441405707477,0.20851441405707477,0.20851441405707477,0.20851441405707477,0.20851441405707477,0.20851441405707477,0.20851441405707477,0.20851441405707477,0.20851441405707477,0.20851441405707477,0.20851441405707477,0.20851441405707477,0.20851441405707477,0.20851441405707477,0.20851441405707477,0.20851441405707477,0.20851441405707477,0.20851441405707477,0.20851441405707477,0.20851441405707477,0.20851441405707477,0.20851441405707477,0.20851441405707477,-4.79583152331272
2326,-0.9501570138480723,-1.4106669203353959,-1.6438493826584408,-1.7650228019442153,-1.7316746550399371,-1.471253629978283,-0.9430291656547914,-0.16023869442841218,0.4186444052687541,0.8727901615835055,1.0023642590970754,0.9181029108122195,0.6831384864408543,0.4334092336691216,0.17909779277313692,0.0956001425089898,0.11672912108192947,0.5632378971895943,1.2943514690146873,1.3030067132493854,1.0922260595337945,0.7872559832641353,0.44461013797284865,-0.12867250957245413,0.20851441405706916,0.20851441405706916,0.20851441405706916,0.20851441405706916,0.20851441405706916,0.20851441405706916,0.20851441405706916,0.20851441405706916,0.20851441405706916,0.20851441405706916,0.20851441405706916,0.20851441405706916,0.20851441405706916,0.20851441405706916,0.20851441405706916,0.20851441405706916,0.20851441405706916,0.20851441405706916,0.20851441405706916,0.20851441405706916,0.20851441405706916,0.20851441405706916,0.20851441405706916,-4.795831523312725,0.20851441405706916,0.20851441405706916,0.20851441405706916,0.20851441405706916,0.20851441405706916,0.20851441405706916,0.20851441405706916,0.20851441405706916,0.20851441405706916,0.20851441405706916,0.20851441405706916,0.20851441405706916,0.20851441405706916,0.20851441405706916,0.20851441405706916,0.20851441405706916,0.20851441405706916,0.20851441405706916,0.20851441405706916,0.20851441405706916,0.20851441405706916,0.20851441405706916,0.20851441405706916,-4.795831523312725,0.20851441405706916,0.20851441405706916,0.20851441405706916,0.20851441405706916,0.20851441405706916,0.20851441405706916,0.20851441405706916,0.20851441405706916,0.20851441405706916,0.20851441405706916,0.20851441405706916,0.20851441405706916,0.20851441405706916,0.20851441405706916,0.20851441405706916,0.20851441405706916,0.20851441405706916,0.20851441405706916,0.20851441405706916,0.20851441405706916,0.20851441405706916,0.20851441405706916,0.20851441405706916,-4.795831523312725
2327,-0.670538424125933,-1.1804856648826139,-1.405049587417666,-1.4997186920157763,-1.5902597833319922,-1.4501825326330442,-1.1006774080993234,-0.4886306388371223,0.06562394447855788,0.5119997806940659,0.5744703816934004,0.4035706318229746,0.2915638714409081,0.1580914419929911,0.01113416915755257,-0.0381267893397199,0.15478903136747563,0.814720754699651,1.7471013546368528,1.75645818474248,1.5577631454406324,1.171381102255322,0.5119997806940659,-0.3069980544337713,-0.20851441405707555,-0.20851441405707555,-0.20851441405707555,-0.20851441405707555,-0.20851441405707555,-0.20851441405707555,-0.20851441405707555,-0.20851441405707555,-0.20851441405707555,-0.20851441405707555,-0.20851441405707555,-0.20851441405707555,-0.20851441405707555,-0.20851441405707555,-0.20851441405707555,-0.20851441405707555,-0.20851441405707555,-0.20851441405707555,-0.20851441405707555,-0.20851441405707555,-0.20851441405707555,-0.20851441405707555,-0.20851441405707555,4.795831523312719,-0.20851441405707555,-0.20851441405707555,-0.20851441405707555,-0.20851441405707555,-0.20851441405707555,-0.20851441405707555,-0.20851441405707555,-0.20851441405707555,-0.20851441405707555,-0.20851441405707555,-0.20851441405707555,-0.20851441405707555,-0.20851441405707555,-0.20851441405707555,-0.20851441405707555,-0.20851441405707555,-0.20851441405707555,-0.20851441405707555,-0.20851441405707555,-0.20851441405707555,-0.20851441405707555,-0.20851441405707555,-0.20851441405707555,4.795831523312719,-0.20851441405707555,-0.20851441405707555,-0.20851441405707555,-0.20851441405707555,-0.20851441405707555,-0.20851441405707555,-0.20851441405707555,-0.20851441405707555,-0.20851441405707555,-0.20851441405707555,-0.20851441405707555,-0.20851441405707555,-0.20851441405707555,-0.20851441405707555,-0.20851441405707555,-0.20851441405707555,-0.20851441405707555,-0.20851441405707555,-0.20851441405707555,-0.20851441405707555,-0.20851441405707555,-0.20851441405707555,-0.20851441405707555,4.795831523312719
2328,-1.4084084029505284,-1.6016440225449118,-1.7337789515595,-1.770701761511094,-1.6080164872066083,-1.2179841648245402,-0.35114154540259696,0.7432355475281549,1.1754385919361552,1.1265205543860737,0.955213710245175,0.7679757044500353,0.6187850611938478,0.431547055398708,0.34495650617212686,0.18452033704235746,0.19389160860367577,0.5494376516400923,1.0369311982598706,1.0612965043192981,0.7758475725615426,0.37831823293042005,-0.017149426957212503,-0.6350910737105416,-0.20851441405707355,-0.20851441405707355,-0.20851441405707355,-0.20851441405707355,-0.20851441405707355,-0.20851441405707355,-0.20851441405707355,-0.20851441405707355,-0.20851441405707355,-0.20851441405707355,-0.20851441405707355,-0.20851441405707355,-0.20851441405707355,-0.20851441405707355,-0.20851441405707355,-0.20851441405707355,-0.20851441405707355,-0.20851441405707355,-0.20851441405707355,-0.20851441405707355,-0.20851441405707355,-0.20851441405707355,-0.20851441405707355,4.795831523312721,-0.20851441405707355,-0.20851441405707355,-0.20851441405707355,-0.20851441405707355,-0.20851441405707355,-0.20851441405707355,-0.20851441405707355,-0.20851441405707355,-0.20851441405707355,-0.20851441405707355,-0.20851441405707355,-0.20851441405707355,-0.20851441405707355,-0.20851441405707355,-0.20851441405707355,-0.20851441405707355,-0.20851441405707355,-0.20851441405707355,-0.20851441405707355,-0.20851441405707355,-0.20851441405707355,-0.20851441405707355,-0.20851441405707355,4.795831523312721,-0.20851441405707355,-0.20851441405707355,-0.20851441405707355,-0.20851441405707355,-0.20851441405707355,-0.20851441405707355,-0.20851441405707355,-0.20851441405707355,-0.20851441405707355,-0.20851441405707355,-0.20851441405707355,-0.20851441405707355,-0.20851441405707355,-0.20851441405707355,-0.20851441405707355,-0.20851441405707355,-0.20851441405707355,-0.20851441405707355,-0.20851441405707355,-0.20851441405707355,-0.20851441405707355,-0.20851441405707355,-0.20851441405707355,4.795831523312721
2329,-1.0620002709368235,-1.3430100893933004,-1.5916668037511699,-1.597906330970187,-1.7374868657956082,-1.425741598445454,-0.44729129306327986,0.7714963570514075,1.2713518153748942,1.1819185919023147,0.8972112758345683,0.6963909368224971,0.5549616531914412,0.4512006264751927,0.4267047048005327,0.3007586924166676,0.3347294517202055,0.634457851833734,1.1227586301220038,1.097107240443822,0.7185759224901137,0.26909886912017306,-0.36224884800408286,-1.1613705192396895,0.20851441405707444,0.20851441405707444,0.20851441405707444,0.20851441405707444,0.20851441405707444,0.20851441405707444,0.20851441405707444,0.20851441405707444,0.20851441405707444,0.20851441405707444,0.20851441405707444,0.20851441405707444,0.20851441405707444,0.20851441405707444,0.20851441405707444,0.20851441405707444,0.20851441405707444,0.20851441405707444,0.20851441405707444,0.20851441405707444,0.20851441405707444,0.20851441405707444,0.20851441405707444,-4.79583152331272,0.20851441405707444,0.20851441405707444,0.20851441405707444,0.20851441405707444,0.20851441405707444,0.20851441405707444,0.20851441405707444,0.20851441405707444,0.20851441405707444,0.20851441405707444,0.20851441405707444,0.20851441405707444,0.20851441405707444,0.20851441405707444,0.20851441405707444,0.20851441405707444,0.20851441405707444,0.20851441405707444,0.20851441405707444,0.20851441405707444,0.20851441405707444,0.20851441405707444,0.20851441405707444,-4.79583152331272,0.20851441405707444,0.20851441405707444,0.20851441405707444,0.20851441405707444,0.20851441405707444,0.20851441405707444,0.20851441405707444,0.20851441405707444,0.20851441405707444,0.20851441405707444,0.20851441405707444,0.20851441405707444,0.20851441405707444,0.20851441405707444,0.20851441405707444,0.20851441405707444,0.20851441405707444,0.20851441405707444,0.20851441405707444,0.20851441405707444,0.20851441405707444,0.20851441405707444,0.20851441405707444,-4.79583152331272
2330,-1.045993848701695,-1.3698887816173408,-1.610511316140105,-1.7399305019757085,-1.7727190088429057,-1.6040924020973204,-0.9096352963333516,-0.02556000006225865,0.37206570226375096,0.43365258024181963,0.4726865169884829,0.5360082365997366,0.6161579200528852,0.6303836214450024,0.7268408162500902,0.686765974523516,0.7278817212300013,0.9686777399160839,1.2972567452413293,1.2408743921628156,0.9947003644138595,0.634720725527965,0.1279734844746168,-0.3883153855612491,0.20851441405707272,0.20851441405707272,0.20851441405707272,0.20851441405707272,0.20851441405707272,0.20851441405707272,0.20851441405707272,0.20851441405707272,0.20851441405707272,0.20851441405707272,0.20851441405707272,0.20851441405707272,0.20851441405707272,0.20851441405707272,0.20851441405707272,0.20851441405707272,0.20851441405707272,0.20851441405707272,0.20851441405707272,0.20851441405707272,0.20851441405707272,0.20851441405707272,0.20851441405707272,-4.795831523312722,0.20851441405707272,0.20851441405707272,0.20851441405707272,0.20851441405707272,0.20851441405707272,0.20851441405707272,0.20851441405707272,0.20851441405707272,0.20851441405707272,0.20851441405707272,0.20851441405707272,0.20851441405707272,0.20851441405707272,0.20851441405707272,0.20851441405707272,0.20851441405707272,0.20851441405707272,0.20851441405707272,0.20851441405707272,0.20851441405707272,0.20851441405707272,0.20851441405707272,0.20851441405707272,-4.795831523312722,0.20851441405707272,0.20851441405707272,0.20851441405707272,0.20851441405707272,0.20851441405707272,0.20851441405707272,0.20851441405707272,0.20851441405707272,0.20851441405707272,0.20851441405707272,0.20851441405707272,0.20851441405707272,0.20851441405707272,0.20851441405707272,0.20851441405707272,0.20851441405707272,0.20851441405707272,0.20851441405707272,0.20851441405707272,0.20851441405707272,0.20851441405707272,0.20851441405707272,0.20851441405707272,-4.795831523312722
2331,-1.2237149296989367,-1.5136100859506767,-1.696294147224036,-1.840406511437185,-1.778600681895824,-1.4707863907893406,-0.7573618522504854,0.1369244626612469,0.5364604270920106,0.5965958288079294,0.5809545500787889,0.5508868492208295,0.530689858240483,0.4880180201541871,0.4407904698166852,0.3578765068447365,0.3883997789278165,0.732052339743787,1.170767429534922,1.2268026902247555,1.1088097429185209,0.9364519627478949,0.48164002300249875,0.016653659229409232,-0.20851441405707583,-0.20851441405707583,-0.20851441405707583,-0.20851441405707583,-0.20851441405707583,-0.20851441405707583,-0.20851441405707583,-0.20851441405707583,-0.20851441405707583,-0.20851441405707583,-0.20851441405707583,-0.20851441405707583,-0.20851441405707583,-0.20851441405707583,-0.20851441405707583,-0.20851441405707583,-0.20851441405707583,-0.20851441405707583,-0.20851441405707583,-0.20851441405707583,-0.20851441405707583,-0.20851441405707583,-0.20851441405707583,4.795831523312718,-0.20851441405707583,-0.20851441405707583,-0.20851441405707583,-0.20851441405707583,-0.20851441405707583,-0.20851441405707583,-0.20851441405707583,-0.20851441405707583,-0.20851441405707583,-0.20851441405707583,-0.20851441405707583,-0.20851441405707583,-0.20851441405707583,-0.20851441405707583,-0.20851441405707583,-0.20851441405707583,-0.20851441405707583,-0.20851441405707583,-0.20851441405707583,-0.20851441405707583,-0.20851441405707583,-0.20851441405707583,-0.20851441405707583,4.795831523312718,-0.20851441405707583,-0.20851441405707583,-0.20851441405707583,-0.20851441405707583,-0.20851441405707583,-0.20851441405707583,-0.20851441405707583,-0.20851441405707583,-0.20851441405707583,-0.20851441405707583,-0.20851441405707583,-0.20851441405707583,-0.20851441405707583,-0.20851441405707583,-0.20851441405707583,-0.20851441405707583,-0.20851441405707583,-0.20851441405707583,-0.20851441405707583,-0.20851441405707583,-0.20851441405707583,-0.20851441405707583,-0.20851441405707583,4.795831523312718
2332,-1.2018241671542331,-1.3637874647727617,-1.472014102406228,-1.4589565962416335,-1.2686183333038898,-0.9004971018174357,0.07278931922042013,1.437549819308332,1.9169109590816207,1.646469917941845,1.2258675559092318,0.7984853349065407,0.3467458427891252,-0.011833364961663817,-0.31742923039073256,-0.5451822706077953,-0.47110603371249926,0.09413331968177663,0.8122961587344772,0.8484554065748929,0.6267289076645661,0.2864804297217657,-0.25766602909893443,-0.8439982770667862,-0.2085144140570718,-0.2085144140570718,-0.2085144140570718,-0.2085144140570718,-0.2085144140570718,-0.2085144140570718,-0.2085144140570718,-0.2085144140570718,-0.2085144140570718,-0.2085144140570718,-0.2085144140570718,-0.2085144140570718,-0.2085144140570718,-0.2085144140570718,-0.2085144140570718,-0.2085144140570718,-0.2085144140570718,-0.2085144140570718,-0.2085144140570718,-0.2085144140570718,-0.2085144140570718,-0.2085144140570718,-0.2085144140570718,4.795831523312723,-0.2085144140570718,-0.2085144140570718,-0.2085144140570718,-0.2085144140570718,-0.2085144140570718,-0.2085144140570718,-0.2085144140570718,-0.2085144140570718,-0.2085144140570718,-0.2085144140570718,-0.2085144140570718,-0.2085144140570718,-0.2085144140570718,-0.2085144140570718,-0.2085144140570718,-0.2085144140570718,-0.2085144140570718,-0.2085144140570718,-0.2085144140570718,-0.2085144140570718,-0.2085144140570718,-0.2085144140570718,-0.2085144140570718,4.795831523312723,-0.2085144140570718,-0.2085144140570718,-0.2085144140570718,-0.2085144140570718,-0.2085144140570718,-0.2085144140570718,-0.2085144140570718,-0.2085144140570718,-0.2085144140570718,-0.2085144140570718,-0.2085144140570718,-0.2085144140570718,-0.2085144140570718,-0.2085144140570718,-0.2085144140570718,-0.2085144140570718,-0.2085144140570718,-0.2085144140570718,-0.2085144140570718,-0.2085144140570718,-0.2085144140570718,-0.2085144140570718,-0.2085144140570718,4.795831523312723
2333,0.486349520143709,-0.11842399923445883,-0.5319887235016466,-0.7556424499097387,-0.9632900102112555,-1.0485120297516697,-0.21575879312579485,0.8082032386110601,1.4657538462325301,1.9018137228657155,1.5267503170711008,0.8804472856326295,0.2172728899196601,-0.46709886090742253,-0.9455534477688343,-1.2198212670004211,-0.970644194638601,-0.031038984274237156,1.18759263524529,1.1201071781472969,0.6031512728133123,-0.040988763205351504,-0.9425252541811039,-1.9461551289717687,0.20851441405707552,0.20851441405707552,0.20851441405707552,0.20851441405707552,0.20851441405707552,0.20851441405707552,0.20851441405707552,0.20851441405707552,0.20851441405707552,0.20851441405707552,0.20851441405707552,0.20851441405707552,0.20851441405707552,0.20851441405707552,0.20851441405707552,0.20851441405707552,0.20851441405707552,0.20851441405707552,0.20851441405707552,0.20851441405707552,0.20851441405707552,0.20851441405707552,0.20851441405707552,-4.795831523312719,0.20851441405707552,0.20851441405707552,0.20851441405707552,0.20851441405707552,0.20851441405707552,0.20851441405707552,0.20851441405707552,0.20851441405707552,0.20851441405707552,0.20851441405707552,0.20851441405707552,0.20851441405707552,0.20851441405707552,0.20851441405707552,0.20851441405707552,0.20851441405707552,0.20851441405707552,0.20851441405707552,0.20851441405707552,0.20851441405707552,0.20851441405707552,0.20851441405707552,0.20851441405707552,-4.795831523312719,0.20851441405707552,0.20851441405707552,0.20851441405707552,0.20851441405707552,0.20851441405707552,0.20851441405707552,0.20851441405707552,0.20851441405707552,0.20851441405707552,0.20851441405707552,0.20851441405707552,0.20851441405707552,0.20851441405707552,0.20851441405707552,0.20851441405707552,0.20851441405707552,0.20851441405707552,0.20851441405707552,0.20851441405707552,0.20851441405707552,0.20851441405707552,0.20851441405707552,0.20851441405707552,-4.795831523312719
2334,-0.7142994369345822,-1.0670343977199028,-1.2452959066448912,-1.3480191011629157,-1.4781500026781573,-1.4264541650899105,-1.3845627104925384,-0.9549524739833164,-0.4959290885014715,-0.02643283937028343,0.2525464220973233,0.36395986517544104,0.2933237422639144,0.23048656036785603,0.18658966379507763,0.23850832826948049,0.4602210799949347,0.937516270141591,1.6768558784079801,1.6848776463096047,1.5157520397170219,1.2151585702922603,0.8223147699988174,0.2630192857466664,-0.2085144140570627,-0.2085144140570627,-0.2085144140570627,-0.2085144140570627,-0.2085144140570627,-0.2085144140570627,-0.2085144140570627,-0.2085144140570627,-0.2085144140570627,-0.2085144140570627,-0.2085144140570627,-0.2085144140570627,-0.2085144140570627,-0.2085144140570627,-0.2085144140570627,-0.2085144140570627,-0.2085144140570627,-0.2085144140570627,-0.2085144140570627,-0.2085144140570627,-0.2085144140570627,-0.2085144140570627,-0.2085144140570627,4.795831523312731,-0.2085144140570627,-0.2085144140570627,-0.2085144140570627,-0.2085144140570627,-0.2085144140570627,-0.2085144140570627,-0.2085144140570627,-0.2085144140570627,-0.2085144140570627,-0.2085144140570627,-0.2085144140570627,-0.2085144140570627,-0.2085144140570627,-0.2085144140570627,-0.2085144140570627,-0.2085144140570627,-0.2085144140570627,-0.2085144140570627,-0.2085144140570627,-0.2085144140570627,-0.2085144140570627,-0.2085144140570627,-0.2085144140570627,4.795831523312731,-0.2085144140570627,-0.2085144140570627,-0.2085144140570627,-0.2085144140570627,-0.2085144140570627,-0.2085144140570627,-0.2085144140570627,-0.2085144140570627,-0.2085144140570627,-0.2085144140570627,-0.2085144140570627,-0.2085144140570627,-0.2085144140570627,-0.2085144140570627,-0.2085144140570627,-0.2085144140570627,-0.2085144140570627,-0.2085144140570627,-0.2085144140570627,-0.2085144140570627,-0.2085144140570627,-0.2085144140570627,-0.2085144140570627,4.795831523312731
2335,-1.5307012315873618,-1.6386930680095886,-1.6937509331749294,-1.6859088633590946,-1.6793738051792322,-1.3648741302733525,-0.6105650398627313,0.2695439205102418,0.7626140601808623,0.86913550851262,0.8282913948884798,0.7142546296498803,0.5150987316185727,0.39027912038320023,0.26840028532876586,0.16057182536103573,0.1731518123572709,0.600544617320274,1.107991884986592,1.199809452413659,1.0622464777275549,0.8407080054302184,0.4361879040967338,0.005037440680309833,-0.20851441405707474,-0.20851441405707474,-0.20851441405707474,-0.20851441405707474,-0.20851441405707474,-0.20851441405707474,-0.20851441405707474,-0.20851441405707474,-0.20851441405707474,-0.20851441405707474,-0.20851441405707474,-0.20851441405707474,-0.20851441405707474,-0.20851441405707474,-0.20851441405707474,-0.20851441405707474,-0.20851441405707474,-0.20851441405707474,-0.20851441405707474,-0.20851441405707474,-0.20851441405707474,-0.20851441405707474,-0.20851441405707474,4.795831523312719,-0.20851441405707474,-0.20851441405707474,-0.20851441405707474,-0.20851441405707474,-0.20851441405707474,-0.20851441405707474,-0.20851441405707474,-0.20851441405707474,-0.20851441405707474,-0.20851441405707474,-0.20851441405707474,-0.20851441405707474,-0.20851441405707474,-0.20851441405707474,-0.20851441405707474,-0.20851441405707474,-0.20851441405707474,-0.20851441405707474,-0.20851441405707474,-0.20851441405707474,-0.20851441405707474,-0.20851441405707474,-0.20851441405707474,4.795831523312719,-0.20851441405707474,-0.20851441405707474,-0.20851441405707474,-0.20851441405707474,-0.20851441405707474,-0.20851441405707474,-0.20851441405707474,-0.20851441405707474,-0.20851441405707474,-0.20851441405707474,-0.20851441405707474,-0.20851441405707474,-0.20851441405707474,-0.20851441405707474,-0.20851441405707474,-0.20851441405707474,-0.20851441405707474,-0.20851441405707474,-0.20851441405707474,-0.20851441405707474,-0.20851441405707474,-0.20851441405707474,-0.20851441405707474,4.795831523312719
2336,-0.7865705777821357,-1.1094290125653332,-1.2581588058958681,-1.3282498579252007,-1.3968755917936413,-0.9023307124926013,0.20764779438306633,1.4981046547419283,2.0761726692138107,1.807042566996652,1.1447187582734815,0.6538371743746714,0.14610443162560355,-0.26687107005245014,-0.5386875888979107,-0.7814419642190138,-0.719165942381105,-0.10104589817817546,0.7561652259436272,0.867040966784453,0.7466406578978294,0.4081521627317843,-0.21656181319515913,-0.9062382275883132,-0.20851441405707882,-0.20851441405707882,-0.20851441405707882,-0.20851441405707882,-0.20851441405707882,-0.20851441405707882,-0.20851441405707882,-0.20851441405707882,-0.20851441405707882,-0.20851441405707882,-0.20851441405707882,-0.20851441405707882,-0.20851441405707882,-0.20851441405707882,-0.20851441405707882,-0.20851441405707882,-0.20851441405707882,-0.20851441405707882,-0.20851441405707882,-0.20851441405707882,-0.20851441405707882,-0.20851441405707882,-0.20851441405707882,4.795831523312716,-0.20851441405707882,-0.20851441405707882,-0.20851441405707882,-0.20851441405707882,-0.20851441405707882,-0.20851441405707882,-0.20851441405707882,-0.20851441405707882,-0.20851441405707882,-0.20851441405707882,-0.20851441405707882,-0.20851441405707882,-0.20851441405707882,-0.20851441405707882,-0.20851441405707882,-0.20851441405707882,-0.20851441405707882,-0.20851441405707882,-0.20851441405707882,-0.20851441405707882,-0.20851441405707882,-0.20851441405707882,-0.20851441405707882,4.795831523312716,-0.20851441405707882,-0.20851441405707882,-0.20851441405707882,-0.20851441405707882,-0.20851441405707882,-0.20851441405707882,-0.20851441405707882,-0.20851441405707882,-0.20851441405707882,-0.20851441405707882,-0.20851441405707882,-0.20851441405707882,-0.20851441405707882,-0.20851441405707882,-0.20851441405707882,-0.20851441405707882,-0.20851441405707882,-0.20851441405707882,-0.20851441405707882,-0.20851441405707882,-0.20851441405707882,-0.20851441405707882,-0.20851441405707882,4.795831523312716
2337,-0.6543220392831212,-0.9646048569267974,-1.2459630051291142,-1.4434396119514876,-1.495766968486311,-1.184432344681131,-0.28066790040882966,0.9123432382770681,1.59075821244714,1.670958432261819,1.3956481694881504,1.0359304622537866,0.6612245172179911,0.33200918866724305,0.2086849162309005,0.06090615053959027,-0.008513056119672898,0.3827588359598104,0.8518643839905888,0.7103964552683025,0.31912456318881915,-0.16812464112790299,-0.8965004079694142,-1.7902726937074276,0.20851441405707408,0.20851441405707408,0.20851441405707408,0.20851441405707408,0.20851441405707408,0.20851441405707408,0.20851441405707408,0.20851441405707408,0.20851441405707408,0.20851441405707408,0.20851441405707408,0.20851441405707408,0.20851441405707408,0.20851441405707408,0.20851441405707408,0.20851441405707408,0.20851441405707408,0.20851441405707408,0.20851441405707408,0.20851441405707408,0.20851441405707408,0.20851441405707408,0.20851441405707408,-4.79583152331272,0.20851441405707408,0.20851441405707408,0.20851441405707408,0.20851441405707408,0.20851441405707408,0.20851441405707408,0.20851441405707408,0.20851441405707408,0.20851441405707408,0.20851441405707408,0.20851441405707408,0.20851441405707408,0.20851441405707408,0.20851441405707408,0.20851441405707408,0.20851441405707408,0.20851441405707408,0.20851441405707408,0.20851441405707408,0.20851441405707408,0.20851441405707408,0.20851441405707408,0.20851441405707408,-4.79583152331272,0.20851441405707408,0.20851441405707408,0.20851441405707408,0.20851441405707408,0.20851441405707408,0.20851441405707408,0.20851441405707408,0.20851441405707408,0.20851441405707408,0.20851441405707408,0.20851441405707408,0.20851441405707408,0.20851441405707408,0.20851441405707408,0.20851441405707408,0.20851441405707408,0.20851441405707408,0.20851441405707408,0.20851441405707408,0.20851441405707408,0.20851441405707408,0.20851441405707408,0.20851441405707408,-4.79583152331272
2338,-0.611594781269107,-1.0364349685794136,-1.4103683796324937,-1.62463962878791,-1.6639766831684937,-1.6743894328574718,-1.3483546703736908,-0.7816696928557494,-0.09882470769631882,0.6525130309728343,1.1955957758624256,1.4753516508396372,1.3709927595123232,0.8540575860639438,0.3269410573641191,0.03052478288454248,-0.02107617668528233,0.26076224822972494,0.7284104064836081,0.819117025996484,0.8415622864371701,0.8535947971888781,0.6370096036581336,0.2248961104121337,-0.20851441405707521,-0.20851441405707521,-0.20851441405707521,-0.20851441405707521,-0.20851441405707521,-0.20851441405707521,-0.20851441405707521,-0.20851441405707521,-0.20851441405707521,-0.20851441405707521,-0.20851441405707521,-0.20851441405707521,-0.20851441405707521,-0.20851441405707521,-0.20851441405707521,-0.20851441405707521,-0.20851441405707521,-0.20851441405707521,-0.20851441405707521,-0.20851441405707521,-0.20851441405707521,-0.20851441405707521,-0.20851441405707521,4.795831523312719,-0.20851441405707521,-0.20851441405707521,-0.20851441405707521,-0.20851441405707521,-0.20851441405707521,-0.20851441405707521,-0.20851441405707521,-0.20851441405707521,-0.20851441405707521,-0.20851441405707521,-0.20851441405707521,-0.20851441405707521,-0.20851441405707521,-0.20851441405707521,-0.20851441405707521,-0.20851441405707521,-0.20851441405707521,-0.20851441405707521,-0.20851441405707521,-0.20851441405707521,-0.20851441405707521,-0.20851441405707521,-0.20851441405707521,4.795831523312719,-0.20851441405707521,-0.20851441405707521,-0.20851441405707521,-0.20851441405707521,-0.20851441405707521,-0.20851441405707521,-0.20851441405707521,-0.20851441405707521,-0.20851441405707521,-0.20851441405707521,-0.20851441405707521,-0.20851441405707521,-0.20851441405707521,-0.20851441405707521,-0.20851441405707521,-0.20851441405707521,-0.20851441405707521,-0.20851441405707521,-0.20851441405707521,-0.20851441405707521,-0.20851441405707521,-0.20851441405707521,-0.20851441405707521,4.795831523312719
2339,-1.2927058719826083,-1.575981451370335,-1.6835917755436431,-1.7000527155427565,-1.552641312565622,-1.1764965493023005,-0.559579827842993,0.18361932883339308,0.7405887464153327,0.9882399034169185,0.96244290789592,0.7324811192515903,0.4428177124015211,0.09443543003222675,-0.17606449443081493,-0.2863773609920372,-0.12004816129950385,0.5536219503060005,1.315493218026157,1.3683156374262968,1.2182016920612482,0.9715332777461766,0.566643290902314,-0.014894693842481292,-0.20851441405706178,-0.20851441405706178,-0.20851441405706178,-0.20851441405706178,-0.20851441405706178,-0.20851441405706178,-0.20851441405706178,-0.20851441405706178,-0.20851441405706178,-0.20851441405706178,-0.20851441405706178,-0.20851441405706178,-0.20851441405706178,-0.20851441405706178,-0.20851441405706178,-0.20851441405706178,-0.20851441405706178,-0.20851441405706178,-0.20851441405706178,-0.20851441405706178,-0.20851441405706178,-0.20851441405706178,-0.20851441405706178,4.795831523312732,-0.20851441405706178,-0.20851441405706178,-0.20851441405706178,-0.20851441405706178,-0.20851441405706178,-0.20851441405706178,-0.20851441405706178,-0.20851441405706178,-0.20851441405706178,-0.20851441405706178,-0.20851441405706178,-0.20851441405706178,-0.20851441405706178,-0.20851441405706178,-0.20851441405706178,-0.20851441405706178,-0.20851441405706178,-0.20851441405706178,-0.20851441405706178,-0.20851441405706178,-0.20851441405706178,-0.20851441405706178,-0.20851441405706178,4.795831523312732,-0.20851441405706178,-0.20851441405706178,-0.20851441405706178,-0.20851441405706178,-0.20851441405706178,-0.20851441405706178,-0.20851441405706178,-0.20851441405706178,-0.20851441405706178,-0.20851441405706178,-0.20851441405706178,-0.20851441405706178,-0.20851441405706178,-0.20851441405706178,-0.20851441405706178,-0.20851441405706178,-0.20851441405706178,-0.20851441405706178,-0.20851441405706178,-0.20851441405706178,-0.20851441405706178,-0.20851441405706178,-0.20851441405706178,4.795831523312732
2340,-0.5205361678699965,-1.1255024026938776,-1.4470877647982952,-1.5791343494686212,-1.5312860083942614,-1.2241664238239527,-0.6217966106087577,0.292514713021449,1.062910096055907,1.4531151721041737,1.4137979306012116,0.9486675452737149,0.41973937184707205,-0.25755575064735287,-0.42521040309394653,-0.5709809305530423,-0.4367088416466996,0.30846416004623556,1.418248939073245,1.3952520619677389,1.1563812739686097,0.687912632287088,-0.033521657555002,-0.7835165850926401,0.20851441405707477,0.20851441405707477,0.20851441405707477,0.20851441405707477,0.20851441405707477,0.20851441405707477,0.20851441405707477,0.20851441405707477,0.20851441405707477,0.20851441405707477,0.20851441405707477,0.20851441405707477,0.20851441405707477,0.20851441405707477,0.20851441405707477,0.20851441405707477,0.20851441405707477,0.20851441405707477,0.20851441405707477,0.20851441405707477,0.20851441405707477,0.20851441405707477,0.20851441405707477,-4.79583152331272,0.20851441405707477,0.20851441405707477,0.20851441405707477,0.20851441405707477,0.20851441405707477,0.20851441405707477,0.20851441405707477,0.20851441405707477,0.20851441405707477,0.20851441405707477,0.20851441405707477,0.20851441405707477,0.20851441405707477,0.20851441405707477,0.20851441405707477,0.20851441405707477,0.20851441405707477,0.20851441405707477,0.20851441405707477,0.20851441405707477,0.20851441405707477,0.20851441405707477,0.20851441405707477,-4.79583152331272,0.20851441405707477,0.20851441405707477,0.20851441405707477,0.20851441405707477,0.20851441405707477,0.20851441405707477,0.20851441405707477,0.20851441405707477,0.20851441405707477,0.20851441405707477,0.20851441405707477,0.20851441405707477,0.20851441405707477,0.20851441405707477,0.20851441405707477,0.20851441405707477,0.20851441405707477,0.20851441405707477,0.20851441405707477,0.20851441405707477,0.20851441405707477,0.20851441405707477,0.20851441405707477,-4.79583152331272
2341,-0.7277282460590634,-1.0818102132909744,-1.159251065149337,-1.221763560022955,-1.3020034788159571,-1.2903406999216254,-0.9703140470611631,-0.5049691691773276,-0.050354047876277196,0.1451141263927224,0.15444434950818778,0.06137537393142067,-0.1068018977248427,-0.2628498793310011,-0.42822808405262486,-0.44642201912778234,-0.14528906807613737,0.6923317121147666,1.7776699160212763,1.880535625869282,1.8247875427543765,1.552578283360674,1.0876999166326118,0.5215886291017503,-0.20851441405707336,-0.20851441405707336,-0.20851441405707336,-0.20851441405707336,-0.20851441405707336,-0.20851441405707336,-0.20851441405707336,-0.20851441405707336,-0.20851441405707336,-0.20851441405707336,-0.20851441405707336,-0.20851441405707336,-0.20851441405707336,-0.20851441405707336,-0.20851441405707336,-0.20851441405707336,-0.20851441405707336,-0.20851441405707336,-0.20851441405707336,-0.20851441405707336,-0.20851441405707336,-0.20851441405707336,-0.20851441405707336,4.795831523312721,-0.20851441405707336,-0.20851441405707336,-0.20851441405707336,-0.20851441405707336,-0.20851441405707336,-0.20851441405707336,-0.20851441405707336,-0.20851441405707336,-0.20851441405707336,-0.20851441405707336,-0.20851441405707336,-0.20851441405707336,-0.20851441405707336,-0.20851441405707336,-0.20851441405707336,-0.20851441405707336,-0.20851441405707336,-0.20851441405707336,-0.20851441405707336,-0.20851441405707336,-0.20851441405707336,-0.20851441405707336,-0.20851441405707336,4.795831523312721,-0.20851441405707336,-0.20851441405707336,-0.20851441405707336,-0.20851441405707336,-0.20851441405707336,-0.20851441405707336,-0.20851441405707336,-0.20851441405707336,-0.20851441405707336,-0.20851441405707336,-0.20851441405707336,-0.20851441405707336,-0.20851441405707336,-0.20851441405707336,-0.20851441405707336,-0.20851441405707336,-0.20851441405707336,-0.20851441405707336,-0.20851441405707336,-0.20851441405707336,-0.20851441405707336,-0.20851441405707336,-0.20851441405707336,4.795831523312721
2342,-1.3250815344951556,-1.5709022712412466,-1.6373619492540334,-1.5644965191436286,-1.4670089794080046,-1.0266135226967665,-0.10918971446603726,1.1719607050575644,1.6834199741017524,1.4287913282214366,1.0438456631052044,0.655296762434062,0.3235989116292795,0.06296487315744674,-0.04313039595935154,-0.19246449173507138,-0.21668624185418947,0.2655467832446163,0.9329460799151926,1.0526535722394292,0.8328562033899112,0.48994828641429716,-0.10218342310926755,-0.6887100995474165,-0.20851441405706733,-0.20851441405706733,-0.20851441405706733,-0.20851441405706733,-0.20851441405706733,-0.20851441405706733,-0.20851441405706733,-0.20851441405706733,-0.20851441405706733,-0.20851441405706733,-0.20851441405706733,-0.20851441405706733,-0.20851441405706733,-0.20851441405706733,-0.20851441405706733,-0.20851441405706733,-0.20851441405706733,-0.20851441405706733,-0.20851441405706733,-0.20851441405706733,-0.20851441405706733,-0.20851441405706733,-0.20851441405706733,4.795831523312726,-0.20851441405706733,-0.20851441405706733,-0.20851441405706733,-0.20851441405706733,-0.20851441405706733,-0.20851441405706733,-0.20851441405706733,-0.20851441405706733,-0.20851441405706733,-0.20851441405706733,-0.20851441405706733,-0.20851441405706733,-0.20851441405706733,-0.20851441405706733,-0.20851441405706733,-0.20851441405706733,-0.20851441405706733,-0.20851441405706733,-0.20851441405706733,-0.20851441405706733,-0.20851441405706733,-0.20851441405706733,-0.20851441405706733,4.795831523312726,-0.20851441405706733,-0.20851441405706733,-0.20851441405706733,-0.20851441405706733,-0.20851441405706733,-0.20851441405706733,-0.20851441405706733,-0.20851441405706733,-0.20851441405706733,-0.20851441405706733,-0.20851441405706733,-0.20851441405706733,-0.20851441405706733,-0.20851441405706733,-0.20851441405706733,-0.20851441405706733,-0.20851441405706733,-0.20851441405706733,-0.20851441405706733,-0.20851441405706733,-0.20851441405706733,-0.20851441405706733,-0.20851441405706733,4.795831523312726
2343,-0.8844049000994024,-1.2212149622553174,-1.506703859731203,-1.744213435808549,-1.6924148649454496,-1.240072506486584,-0.19431426247165579,1.1856283096923024,1.7219941563714953,1.3589267541467278,0.856695449557043,0.40459179418971264,0.12578658327680778,-0.06565329613427931,-0.12914831848259498,-0.25589966008769127,-0.20839774487222204,0.3086331513926341,1.1111529451333757,1.1863444189669075,0.9882208529928398,0.6461593228231542,0.01097039624846253,-0.7626663234165415,-0.20851441405707238,-0.20851441405707238,-0.20851441405707238,-0.20851441405707238,-0.20851441405707238,-0.20851441405707238,-0.20851441405707238,-0.20851441405707238,-0.20851441405707238,-0.20851441405707238,-0.20851441405707238,-0.20851441405707238,-0.20851441405707238,-0.20851441405707238,-0.20851441405707238,-0.20851441405707238,-0.20851441405707238,-0.20851441405707238,-0.20851441405707238,-0.20851441405707238,-0.20851441405707238,-0.20851441405707238,-0.20851441405707238,4.795831523312722,-0.20851441405707238,-0.20851441405707238,-0.20851441405707238,-0.20851441405707238,-0.20851441405707238,-0.20851441405707238,-0.20851441405707238,-0.20851441405707238,-0.20851441405707238,-0.20851441405707238,-0.20851441405707238,-0.20851441405707238,-0.20851441405707238,-0.20851441405707238,-0.20851441405707238,-0.20851441405707238,-0.20851441405707238,-0.20851441405707238,-0.20851441405707238,-0.20851441405707238,-0.20851441405707238,-0.20851441405707238,-0.20851441405707238,4.795831523312722,-0.20851441405707238,-0.20851441405707238,-0.20851441405707238,-0.20851441405707238,-0.20851441405707238,-0.20851441405707238,-0.20851441405707238,-0.20851441405707238,-0.20851441405707238,-0.20851441405707238,-0.20851441405707238,-0.20851441405707238,-0.20851441405707238,-0.20851441405707238,-0.20851441405707238,-0.20851441405707238,-0.20851441405707238,-0.20851441405707238,-0.20851441405707238,-0.20851441405707238,-0.20851441405707238,-0.20851441405707238,-0.20851441405707238,4.795831523312722
2344,-1.021535641299826,-1.3142061550699604,-1.5759345556990552,-1.682719743155726,-1.6285128832921,-1.4335543057568276,-0.5257638886415139,0.7382098007965946,1.2960984272042118,1.1976885485676723,0.960155484530067,0.7161082914101378,0.4936973127422136,0.3113016984371378,0.19428002242252917,0.1400731625589033,0.13984051509167744,0.5990866153955291,1.2211859427574843,1.179309398656829,0.896177431042955,0.44623722942813776,-0.3073079169164294,-1.039914791210669,0.2085144140570701,0.2085144140570701,0.2085144140570701,0.2085144140570701,0.2085144140570701,0.2085144140570701,0.2085144140570701,0.2085144140570701,0.2085144140570701,0.2085144140570701,0.2085144140570701,0.2085144140570701,0.2085144140570701,0.2085144140570701,0.2085144140570701,0.2085144140570701,0.2085144140570701,0.2085144140570701,0.2085144140570701,0.2085144140570701,0.2085144140570701,0.2085144140570701,0.2085144140570701,-4.7958315233127236,0.2085144140570701,0.2085144140570701,0.2085144140570701,0.2085144140570701,0.2085144140570701,0.2085144140570701,0.2085144140570701,0.2085144140570701,0.2085144140570701,0.2085144140570701,0.2085144140570701,0.2085144140570701,0.2085144140570701,0.2085144140570701,0.2085144140570701,0.2085144140570701,0.2085144140570701,0.2085144140570701,0.2085144140570701,0.2085144140570701,0.2085144140570701,0.2085144140570701,0.2085144140570701,-4.7958315233127236,0.2085144140570701,0.2085144140570701,0.2085144140570701,0.2085144140570701,0.2085144140570701,0.2085144140570701,0.2085144140570701,0.2085144140570701,0.2085144140570701,0.2085144140570701,0.2085144140570701,0.2085144140570701,0.2085144140570701,0.2085144140570701,0.2085144140570701,0.2085144140570701,0.2085144140570701,0.2085144140570701,0.2085144140570701,0.2085144140570701,0.2085144140570701,0.2085144140570701,0.2085144140570701,-4.7958315233127236
2345,-1.0316779710068276,-1.4047537816585383,-1.634322345652411,-1.7935357827240754,-1.9073518749009815,-1.4798422810342287,-0.5871712669662079,0.5944506200575496,1.0834940558195671,0.8937288510936106,0.6144598763381777,0.45997981171999525,0.3470243327164496,0.23923253275306605,0.3147513387154366,0.31539679859545683,0.3407848872095871,0.6886877625405077,1.2506681647448148,1.2625015958785195,1.043045236671631,0.7153667709146785,0.1611318872706145,-0.48604921909636706,0.20851441405707735,0.20851441405707735,0.20851441405707735,0.20851441405707735,0.20851441405707735,0.20851441405707735,0.20851441405707735,0.20851441405707735,0.20851441405707735,0.20851441405707735,0.20851441405707735,0.20851441405707735,0.20851441405707735,0.20851441405707735,0.20851441405707735,0.20851441405707735,0.20851441405707735,0.20851441405707735,0.20851441405707735,0.20851441405707735,0.20851441405707735,0.20851441405707735,0.20851441405707735,-4.7958315233127164,0.20851441405707735,0.20851441405707735,0.20851441405707735,0.20851441405707735,0.20851441405707735,0.20851441405707735,0.20851441405707735,0.20851441405707735,0.20851441405707735,0.20851441405707735,0.20851441405707735,0.20851441405707735,0.20851441405707735,0.20851441405707735,0.20851441405707735,0.20851441405707735,0.20851441405707735,0.20851441405707735,0.20851441405707735,0.20851441405707735,0.20851441405707735,0.20851441405707735,0.20851441405707735,-4.7958315233127164,0.20851441405707735,0.20851441405707735,0.20851441405707735,0.20851441405707735,0.20851441405707735,0.20851441405707735,0.20851441405707735,0.20851441405707735,0.20851441405707735,0.20851441405707735,0.20851441405707735,0.20851441405707735,0.20851441405707735,0.20851441405707735,0.20851441405707735,0.20851441405707735,0.20851441405707735,0.20851441405707735,0.20851441405707735,0.20851441405707735,0.20851441405707735,0.20851441405707735,0.20851441405707735,-4.7958315233127164
2346,-1.0453147244124306,-1.3423146849097058,-1.5729680155760073,-1.8140205045230258,-1.8907662926347166,-1.5074533184074907,-0.6031425143163468,0.5574035498116622,1.1534833024623563,1.0944160834278842,0.9161745104963962,0.8069833485488684,0.6607711831219885,0.5230863274852964,0.4731703677378551,0.3878972698359763,0.3675149196057711,0.6526598396630292,1.0842249083127817,0.9552753456318918,0.6503720248412715,0.33361366361063394,-0.12207745225038177,-0.7189891375635333,0.208514414057083,0.208514414057083,0.208514414057083,0.208514414057083,0.208514414057083,0.208514414057083,0.208514414057083,0.208514414057083,0.208514414057083,0.208514414057083,0.208514414057083,0.208514414057083,0.208514414057083,0.208514414057083,0.208514414057083,0.208514414057083,0.208514414057083,0.208514414057083,0.208514414057083,0.208514414057083,0.208514414057083,0.208514414057083,0.208514414057083,-4.795831523312711,0.208514414057083,0.208514414057083,0.208514414057083,0.208514414057083,0.208514414057083,0.208514414057083,0.208514414057083,0.208514414057083,0.208514414057083,0.208514414057083,0.208514414057083,0.208514414057083,0.208514414057083,0.208514414057083,0.208514414057083,0.208514414057083,0.208514414057083,0.208514414057083,0.208514414057083,0.208514414057083,0.208514414057083,0.208514414057083,0.208514414057083,-4.795831523312711,0.208514414057083,0.208514414057083,0.208514414057083,0.208514414057083,0.208514414057083,0.208514414057083,0.208514414057083,0.208514414057083,0.208514414057083,0.208514414057083,0.208514414057083,0.208514414057083,0.208514414057083,0.208514414057083,0.208514414057083,0.208514414057083,0.208514414057083,0.208514414057083,0.208514414057083,0.208514414057083,0.208514414057083,0.208514414057083,0.208514414057083,-4.795831523312711
2347,-0.8790940598209858,-1.3417629440405474,-1.5464406117589204,-1.6426367976061742,-1.6023039389617835,-1.541109256880639,-1.117382443076351,-0.4409957676491563,0.07915903004057129,0.45258566955846397,0.5865649356300605,0.5225886770906822,0.4301012598544071,0.2854592840262476,0.3060893094248152,0.2877772644081091,0.45814882247493166,0.9810851966228931,1.5434272372625006,1.4931270629761053,1.2659649855536752,1.0031060102505776,0.5251384555107299,-0.10859738089021274,0.2085144140570693,0.2085144140570693,0.2085144140570693,0.2085144140570693,0.2085144140570693,0.2085144140570693,0.2085144140570693,0.2085144140570693,0.2085144140570693,0.2085144140570693,0.2085144140570693,0.2085144140570693,0.2085144140570693,0.2085144140570693,0.2085144140570693,0.2085144140570693,0.2085144140570693,0.2085144140570693,0.2085144140570693,0.2085144140570693,0.2085144140570693,0.2085144140570693,0.2085144140570693,-4.795831523312725,0.2085144140570693,0.2085144140570693,0.2085144140570693,0.2085144140570693,0.2085144140570693,0.2085144140570693,0.2085144140570693,0.2085144140570693,0.2085144140570693,0.2085144140570693,0.2085144140570693,0.2085144140570693,0.2085144140570693,0.2085144140570693,0.2085144140570693,0.2085144140570693,0.2085144140570693,0.2085144140570693,0.2085144140570693,0.2085144140570693,0.2085144140570693,0.2085144140570693,0.2085144140570693,-4.795831523312725,0.2085144140570693,0.2085144140570693,0.2085144140570693,0.2085144140570693,0.2085144140570693,0.2085144140570693,0.2085144140570693,0.2085144140570693,0.2085144140570693,0.2085144140570693,0.2085144140570693,0.2085144140570693,0.2085144140570693,0.2085144140570693,0.2085144140570693,0.2085144140570693,0.2085144140570693,0.2085144140570693,0.2085144140570693,0.2085144140570693,0.2085144140570693,0.2085144140570693,0.2085144140570693,-4.795831523312725
2348,-0.625675665083902,-1.0547104068557214,-1.3217471744501954,-1.4701009342249032,-1.538105431406302,-1.5192634210407554,-1.261106221549585,-0.8190769898704919,-0.39913839103376425,-0.016017513600978656,0.2692115398636786,0.3792315544119291,0.4608802659959653,0.5613709879455484,0.5624538621044879,0.5325665353177584,0.6181135938739768,1.1430909861278333,1.7044529501220562,1.6433788475578701,1.3271795931475439,0.907674143974392,0.32227237365171274,-0.40693508497812847,0.20851441405707613,0.20851441405707613,0.20851441405707613,0.20851441405707613,0.20851441405707613,0.20851441405707613,0.20851441405707613,0.20851441405707613,0.20851441405707613,0.20851441405707613,0.20851441405707613,0.20851441405707613,0.20851441405707613,0.20851441405707613,0.20851441405707613,0.20851441405707613,0.20851441405707613,0.20851441405707613,0.20851441405707613,0.20851441405707613,0.20851441405707613,0.20851441405707613,0.20851441405707613,-4.795831523312718,0.20851441405707613,0.20851441405707613,0.20851441405707613,0.20851441405707613,0.20851441405707613,0.20851441405707613,0.20851441405707613,0.20851441405707613,0.20851441405707613,0.20851441405707613,0.20851441405707613,0.20851441405707613,0.20851441405707613,0.20851441405707613,0.20851441405707613,0.20851441405707613,0.20851441405707613,0.20851441405707613,0.20851441405707613,0.20851441405707613,0.20851441405707613,0.20851441405707613,0.20851441405707613,-4.795831523312718,0.20851441405707613,0.20851441405707613,0.20851441405707613,0.20851441405707613,0.20851441405707613,0.20851441405707613,0.20851441405707613,0.20851441405707613,0.20851441405707613,0.20851441405707613,0.20851441405707613,0.20851441405707613,0.20851441405707613,0.20851441405707613,0.20851441405707613,0.20851441405707613,0.20851441405707613,0.20851441405707613,0.20851441405707613,0.20851441405707613,0.20851441405707613,0.20851441405707613,0.20851441405707613,-4.795831523312718
2349,-1.4171431755058312,-1.625946890050963,-1.7225476546497442,-1.7185641179652584,-1.628381273580371,-1.3382470183936537,-0.8089899083409957,-0.09582618802124228,0.3239943170048469,0.4429471485554652,0.4873193210687656,0.4950650868441547,0.47680721037359464,0.42922607775334737,0.4168328525127248,0.3959192849191742,0.5003764690901358,0.8353255119773186,1.2108844982868987,1.2392118702654644,1.1506888328324463,0.9862572908006149,0.6862748476994741,0.2785156065236337,-0.20851441405707505,-0.20851441405707505,-0.20851441405707505,-0.20851441405707505,-0.20851441405707505,-0.20851441405707505,-0.20851441405707505,-0.20851441405707505,-0.20851441405707505,-0.20851441405707505,-0.20851441405707505,-0.20851441405707505,-0.20851441405707505,-0.20851441405707505,-0.20851441405707505,-0.20851441405707505,-0.20851441405707505,-0.20851441405707505,-0.20851441405707505,-0.20851441405707505,-0.20851441405707505,-0.20851441405707505,-0.20851441405707505,4.795831523312719,-0.20851441405707505,-0.20851441405707505,-0.20851441405707505,-0.20851441405707505,-0.20851441405707505,-0.20851441405707505,-0.20851441405707505,-0.20851441405707505,-0.20851441405707505,-0.20851441405707505,-0.20851441405707505,-0.20851441405707505,-0.20851441405707505,-0.20851441405707505,-0.20851441405707505,-0.20851441405707505,-0.20851441405707505,-0.20851441405707505,-0.20851441405707505,-0.20851441405707505,-0.20851441405707505,-0.20851441405707505,-0.20851441405707505,4.795831523312719,-0.20851441405707505,-0.20851441405707505,-0.20851441405707505,-0.20851441405707505,-0.20851441405707505,-0.20851441405707505,-0.20851441405707505,-0.20851441405707505,-0.20851441405707505,-0.20851441405707505,-0.20851441405707505,-0.20851441405707505,-0.20851441405707505,-0.20851441405707505,-0.20851441405707505,-0.20851441405707505,-0.20851441405707505,-0.20851441405707505,-0.20851441405707505,-0.20851441405707505,-0.20851441405707505,-0.20851441405707505,-0.20851441405707505,4.795831523312719
2350,-1.2773874588763234,-1.477268456735913,-1.577304775894787,-1.6585603301541023,-1.6738915668068033,-1.516746391116618,-0.6882846904962869,0.36918735762376537,0.8502049076022596,0.8944738534369339,0.8613200541754679,0.794245893819901,0.6177450318556805,0.4567670470023199,0.34619050264471385,0.23657216057790162,0.2863986796991799,0.7635834205144989,1.279479533877888,1.2240954414700056,0.9851197901460286,0.6095044921548538,-0.051271807576559886,-0.6541726889440272,-0.20851441405707496,-0.20851441405707496,-0.20851441405707496,-0.20851441405707496,-0.20851441405707496,-0.20851441405707496,-0.20851441405707496,-0.20851441405707496,-0.20851441405707496,-0.20851441405707496,-0.20851441405707496,-0.20851441405707496,-0.20851441405707496,-0.20851441405707496,-0.20851441405707496,-0.20851441405707496,-0.20851441405707496,-0.20851441405707496,-0.20851441405707496,-0.20851441405707496,-0.20851441405707496,-0.20851441405707496,-0.20851441405707496,4.795831523312719,-0.20851441405707496,-0.20851441405707496,-0.20851441405707496,-0.20851441405707496,-0.20851441405707496,-0.20851441405707496,-0.20851441405707496,-0.20851441405707496,-0.20851441405707496,-0.20851441405707496,-0.20851441405707496,-0.20851441405707496,-0.20851441405707496,-0.20851441405707496,-0.20851441405707496,-0.20851441405707496,-0.20851441405707496,-0.20851441405707496,-0.20851441405707496,-0.20851441405707496,-0.20851441405707496,-0.20851441405707496,-0.20851441405707496,4.795831523312719,-0.20851441405707496,-0.20851441405707496,-0.20851441405707496,-0.20851441405707496,-0.20851441405707496,-0.20851441405707496,-0.20851441405707496,-0.20851441405707496,-0.20851441405707496,-0.20851441405707496,-0.20851441405707496,-0.20851441405707496,-0.20851441405707496,-0.20851441405707496,-0.20851441405707496,-0.20851441405707496,-0.20851441405707496,-0.20851441405707496,-0.20851441405707496,-0.20851441405707496,-0.20851441405707496,-0.20851441405707496,-0.20851441405707496,4.795831523312719
2351,-0.7078110044452158,-1.13889126760415,-1.437671940586526,-1.564315600328027,-1.4839030241426467,-1.3855390165764323,-0.33279822559902383,1.0580688413872463,1.6111204739282863,1.3782436860152738,0.9257692512106881,0.5382150613998038,0.11623346894074442,-0.2024659155737899,-0.4798524169105142,-0.6421530293947678,-0.4493595745649878,0.2536971695145289,1.1674987998046598,1.3364389827996328,1.168974259918153,0.8397007445902506,0.1324635301891698,-0.7016632539723275,-0.20851441405707408,-0.20851441405707408,-0.20851441405707408,-0.20851441405707408,-0.20851441405707408,-0.20851441405707408,-0.20851441405707408,-0.20851441405707408,-0.20851441405707408,-0.20851441405707408,-0.20851441405707408,-0.20851441405707408,-0.20851441405707408,-0.20851441405707408,-0.20851441405707408,-0.20851441405707408,-0.20851441405707408,-0.20851441405707408,-0.20851441405707408,-0.20851441405707408,-0.20851441405707408,-0.20851441405707408,-0.20851441405707408,4.79583152331272,-0.20851441405707408,-0.20851441405707408,-0.20851441405707408,-0.20851441405707408,-0.20851441405707408,-0.20851441405707408,-0.20851441405707408,-0.20851441405707408,-0.20851441405707408,-0.20851441405707408,-0.20851441405707408,-0.20851441405707408,-0.20851441405707408,-0.20851441405707408,-0.20851441405707408,-0.20851441405707408,-0.20851441405707408,-0.20851441405707408,-0.20851441405707408,-0.20851441405707408,-0.20851441405707408,-0.20851441405707408,-0.20851441405707408,4.79583152331272,-0.20851441405707408,-0.20851441405707408,-0.20851441405707408,-0.20851441405707408,-0.20851441405707408,-0.20851441405707408,-0.20851441405707408,-0.20851441405707408,-0.20851441405707408,-0.20851441405707408,-0.20851441405707408,-0.20851441405707408,-0.20851441405707408,-0.20851441405707408,-0.20851441405707408,-0.20851441405707408,-0.20851441405707408,-0.20851441405707408,-0.20851441405707408,-0.20851441405707408,-0.20851441405707408,-0.20851441405707408,-0.20851441405707408,4.79583152331272
2352,-0.6290789179430175,-0.9866881442382591,-1.3626725481692246,-1.5286145369718387,-1.5893939706900022,-1.5941997863793453,-0.552751256994626,0.9364862166206569,1.5312765819370113,1.438552608636743,1.190346363034196,0.9144360034577882,0.5805731605687129,0.347632447155844,0.18621357900202348,0.00048293736093752554,-0.05238103522183732,0.4078464907929084,1.0379737361779626,1.000375295784866,0.6340025232325869,0.10366662716154083,-0.5954382081176153,-1.418646166198045,-0.20851441405707413,-0.20851441405707413,-0.20851441405707413,-0.20851441405707413,-0.20851441405707413,-0.20851441405707413,-0.20851441405707413,-0.20851441405707413,-0.20851441405707413,-0.20851441405707413,-0.20851441405707413,-0.20851441405707413,-0.20851441405707413,-0.20851441405707413,-0.20851441405707413,-0.20851441405707413,-0.20851441405707413,-0.20851441405707413,-0.20851441405707413,-0.20851441405707413,-0.20851441405707413,-0.20851441405707413,-0.20851441405707413,4.79583152331272,-0.20851441405707413,-0.20851441405707413,-0.20851441405707413,-0.20851441405707413,-0.20851441405707413,-0.20851441405707413,-0.20851441405707413,-0.20851441405707413,-0.20851441405707413,-0.20851441405707413,-0.20851441405707413,-0.20851441405707413,-0.20851441405707413,-0.20851441405707413,-0.20851441405707413,-0.20851441405707413,-0.20851441405707413,-0.20851441405707413,-0.20851441405707413,-0.20851441405707413,-0.20851441405707413,-0.20851441405707413,-0.20851441405707413,4.79583152331272,-0.20851441405707413,-0.20851441405707413,-0.20851441405707413,-0.20851441405707413,-0.20851441405707413,-0.20851441405707413,-0.20851441405707413,-0.20851441405707413,-0.20851441405707413,-0.20851441405707413,-0.20851441405707413,-0.20851441405707413,-0.20851441405707413,-0.20851441405707413,-0.20851441405707413,-0.20851441405707413,-0.20851441405707413,-0.20851441405707413,-0.20851441405707413,-0.20851441405707413,-0.20851441405707413,-0.20851441405707413,-0.20851441405707413,4.79583152331272
2353,-0.8852169861468102,-1.3297080763476823,-1.611503141111677,-1.7385289051860233,-1.7010751307553658,-1.533623070470151,-0.8654001742787375,0.12326056981941257,0.6571254815452927,0.7425359406966864,0.8622294843798458,0.900674099403907,0.8596532988369964,0.8220013562876581,0.7861329268064464,0.6698082411408594,0.6803111514309379,0.9470454391751972,1.1660212103174012,0.9498197928367275,0.5810289239718933,0.09908405934036381,-0.3331206075023031,-0.8485558841908756,0.20851441405707585,0.20851441405707585,0.20851441405707585,0.20851441405707585,0.20851441405707585,0.20851441405707585,0.20851441405707585,0.20851441405707585,0.20851441405707585,0.20851441405707585,0.20851441405707585,0.20851441405707585,0.20851441405707585,0.20851441405707585,0.20851441405707585,0.20851441405707585,0.20851441405707585,0.20851441405707585,0.20851441405707585,0.20851441405707585,0.20851441405707585,0.20851441405707585,0.20851441405707585,-4.795831523312718,0.20851441405707585,0.20851441405707585,0.20851441405707585,0.20851441405707585,0.20851441405707585,0.20851441405707585,0.20851441405707585,0.20851441405707585,0.20851441405707585,0.20851441405707585,0.20851441405707585,0.20851441405707585,0.20851441405707585,0.20851441405707585,0.20851441405707585,0.20851441405707585,0.20851441405707585,0.20851441405707585,0.20851441405707585,0.20851441405707585,0.20851441405707585,0.20851441405707585,0.20851441405707585,-4.795831523312718,0.20851441405707585,0.20851441405707585,0.20851441405707585,0.20851441405707585,0.20851441405707585,0.20851441405707585,0.20851441405707585,0.20851441405707585,0.20851441405707585,0.20851441405707585,0.20851441405707585,0.20851441405707585,0.20851441405707585,0.20851441405707585,0.20851441405707585,0.20851441405707585,0.20851441405707585,0.20851441405707585,0.20851441405707585,0.20851441405707585,0.20851441405707585,0.20851441405707585,0.20851441405707585,-4.795831523312718
2354,-0.5418311702580147,-1.042762105250058,-1.4991658460205863,-1.6464340662532198,-1.711217484075506,-1.5787308324164082,-1.2756174324084724,-0.7788837329373095,-0.26627353388716396,0.20162698244055877,0.5009081239294297,0.6321173560821727,0.5498150421727331,0.4072915229637037,0.2571034867165446,0.17480117280710508,0.2684177737728312,0.7653339617449018,1.4284971740440222,1.4268547775358515,1.3169966999893268,1.1480123481486595,0.8494611606634198,0.4136786204954784,-0.20851441405707272,-0.20851441405707272,-0.20851441405707272,-0.20851441405707272,-0.20851441405707272,-0.20851441405707272,-0.20851441405707272,-0.20851441405707272,-0.20851441405707272,-0.20851441405707272,-0.20851441405707272,-0.20851441405707272,-0.20851441405707272,-0.20851441405707272,-0.20851441405707272,-0.20851441405707272,-0.20851441405707272,-0.20851441405707272,-0.20851441405707272,-0.20851441405707272,-0.20851441405707272,-0.20851441405707272,-0.20851441405707272,4.795831523312722,-0.20851441405707272,-0.20851441405707272,-0.20851441405707272,-0.20851441405707272,-0.20851441405707272,-0.20851441405707272,-0.20851441405707272,-0.20851441405707272,-0.20851441405707272,-0.20851441405707272,-0.20851441405707272,-0.20851441405707272,-0.20851441405707272,-0.20851441405707272,-0.20851441405707272,-0.20851441405707272,-0.20851441405707272,-0.20851441405707272,-0.20851441405707272,-0.20851441405707272,-0.20851441405707272,-0.20851441405707272,-0.20851441405707272,4.795831523312722,-0.20851441405707272,-0.20851441405707272,-0.20851441405707272,-0.20851441405707272,-0.20851441405707272,-0.20851441405707272,-0.20851441405707272,-0.20851441405707272,-0.20851441405707272,-0.20851441405707272,-0.20851441405707272,-0.20851441405707272,-0.20851441405707272,-0.20851441405707272,-0.20851441405707272,-0.20851441405707272,-0.20851441405707272,-0.20851441405707272,-0.20851441405707272,-0.20851441405707272,-0.20851441405707272,-0.20851441405707272,-0.20851441405707272,4.795831523312722
2355,-0.49256958419352337,-0.9546500531923592,-1.1962467819228089,-1.3010099651776055,-1.247826614494686,-1.0064971387827433,-0.5449511758209218,0.10233563500335825,0.7220953849214035,0.913715799191019,0.5988917433896144,0.08977474313352293,-0.27395661505468727,-0.6403605034279688,-0.9610641256365303,-1.0302826574298782,-0.7686419523113934,0.2509283132933251,1.5479072121084494,1.7961852663015774,1.777210301987571,1.5062157412213364,0.9620885955408103,0.15070843135314962,-0.20851441405707705,-0.20851441405707705,-0.20851441405707705,-0.20851441405707705,-0.20851441405707705,-0.20851441405707705,-0.20851441405707705,-0.20851441405707705,-0.20851441405707705,-0.20851441405707705,-0.20851441405707705,-0.20851441405707705,-0.20851441405707705,-0.20851441405707705,-0.20851441405707705,-0.20851441405707705,-0.20851441405707705,-0.20851441405707705,-0.20851441405707705,-0.20851441405707705,-0.20851441405707705,-0.20851441405707705,-0.20851441405707705,4.795831523312717,-0.20851441405707705,-0.20851441405707705,-0.20851441405707705,-0.20851441405707705,-0.20851441405707705,-0.20851441405707705,-0.20851441405707705,-0.20851441405707705,-0.20851441405707705,-0.20851441405707705,-0.20851441405707705,-0.20851441405707705,-0.20851441405707705,-0.20851441405707705,-0.20851441405707705,-0.20851441405707705,-0.20851441405707705,-0.20851441405707705,-0.20851441405707705,-0.20851441405707705,-0.20851441405707705,-0.20851441405707705,-0.20851441405707705,4.795831523312717,-0.20851441405707705,-0.20851441405707705,-0.20851441405707705,-0.20851441405707705,-0.20851441405707705,-0.20851441405707705,-0.20851441405707705,-0.20851441405707705,-0.20851441405707705,-0.20851441405707705,-0.20851441405707705,-0.20851441405707705,-0.20851441405707705,-0.20851441405707705,-0.20851441405707705,-0.20851441405707705,-0.20851441405707705,-0.20851441405707705,-0.20851441405707705,-0.20851441405707705,-0.20851441405707705,-0.20851441405707705,-0.20851441405707705,4.795831523312717
2356,-1.1987177658754269,-1.5538764709603483,-1.6992309989101615,-1.6138205215703791,-1.4398652374471523,-0.9516934265968359,-0.04195430557401491,1.1743614141569703,1.6987739091996257,1.467617112729572,1.0203874802370871,0.6472063808511108,0.2714786387921594,-3.264926503909337e-05,-0.20023794247893292,-0.37771934722627915,-0.3741932266021597,0.1531577022939286,0.9294919263708966,1.0301822597485302,0.9159751306451053,0.5935309891284035,0.05658117631110114,-0.5074022279577838,-0.20851441405707358,-0.20851441405707358,-0.20851441405707358,-0.20851441405707358,-0.20851441405707358,-0.20851441405707358,-0.20851441405707358,-0.20851441405707358,-0.20851441405707358,-0.20851441405707358,-0.20851441405707358,-0.20851441405707358,-0.20851441405707358,-0.20851441405707358,-0.20851441405707358,-0.20851441405707358,-0.20851441405707358,-0.20851441405707358,-0.20851441405707358,-0.20851441405707358,-0.20851441405707358,-0.20851441405707358,-0.20851441405707358,4.795831523312721,-0.20851441405707358,-0.20851441405707358,-0.20851441405707358,-0.20851441405707358,-0.20851441405707358,-0.20851441405707358,-0.20851441405707358,-0.20851441405707358,-0.20851441405707358,-0.20851441405707358,-0.20851441405707358,-0.20851441405707358,-0.20851441405707358,-0.20851441405707358,-0.20851441405707358,-0.20851441405707358,-0.20851441405707358,-0.20851441405707358,-0.20851441405707358,-0.20851441405707358,-0.20851441405707358,-0.20851441405707358,-0.20851441405707358,4.795831523312721,-0.20851441405707358,-0.20851441405707358,-0.20851441405707358,-0.20851441405707358,-0.20851441405707358,-0.20851441405707358,-0.20851441405707358,-0.20851441405707358,-0.20851441405707358,-0.20851441405707358,-0.20851441405707358,-0.20851441405707358,-0.20851441405707358,-0.20851441405707358,-0.20851441405707358,-0.20851441405707358,-0.20851441405707358,-0.20851441405707358,-0.20851441405707358,-0.20851441405707358,-0.20851441405707358,-0.20851441405707358,-0.20851441405707358,4.795831523312721
2357,-0.7422211585768692,-1.2158515628600481,-1.661926145511635,-1.792404138536439,-1.7259875428090117,-1.502243691954203,-0.5495659269987287,0.7462642492151205,1.2844270904816864,1.103312331210794,0.8967614288953548,0.6247360102245086,0.3729652980520977,0.19585437611229137,0.14568864955221325,0.07079333947660364,0.19090845940918508,0.6781990145866577,1.271944538802418,1.2130645780511526,0.9264369291139927,0.4831885845784666,-0.03589714940468929,-0.978447561110946,0.20851441405707355,0.20851441405707355,0.20851441405707355,0.20851441405707355,0.20851441405707355,0.20851441405707355,0.20851441405707355,0.20851441405707355,0.20851441405707355,0.20851441405707355,0.20851441405707355,0.20851441405707355,0.20851441405707355,0.20851441405707355,0.20851441405707355,0.20851441405707355,0.20851441405707355,0.20851441405707355,0.20851441405707355,0.20851441405707355,0.20851441405707355,0.20851441405707355,0.20851441405707355,-4.795831523312721,0.20851441405707355,0.20851441405707355,0.20851441405707355,0.20851441405707355,0.20851441405707355,0.20851441405707355,0.20851441405707355,0.20851441405707355,0.20851441405707355,0.20851441405707355,0.20851441405707355,0.20851441405707355,0.20851441405707355,0.20851441405707355,0.20851441405707355,0.20851441405707355,0.20851441405707355,0.20851441405707355,0.20851441405707355,0.20851441405707355,0.20851441405707355,0.20851441405707355,0.20851441405707355,-4.795831523312721,0.20851441405707355,0.20851441405707355,0.20851441405707355,0.20851441405707355,0.20851441405707355,0.20851441405707355,0.20851441405707355,0.20851441405707355,0.20851441405707355,0.20851441405707355,0.20851441405707355,0.20851441405707355,0.20851441405707355,0.20851441405707355,0.20851441405707355,0.20851441405707355,0.20851441405707355,0.20851441405707355,0.20851441405707355,0.20851441405707355,0.20851441405707355,0.20851441405707355,0.20851441405707355,-4.795831523312721
2358,-0.8677579860607508,-1.3495713580098732,-1.6580244697896402,-1.7986349477504109,-1.8183916098436332,-1.5190158833499414,-0.7990546386014374,0.10672602259142686,0.5614852266291098,0.6114998396759156,0.649411272341288,0.6883906326873751,0.636952116066283,0.651903103596289,0.6522590794898606,0.5808859128287605,0.5792840213076884,0.8928987835442431,1.2908798325572604,1.2058015939936546,0.9505668783028377,0.5381688056001719,-0.04438574422970536,-0.7422764835767718,0.20851441405707674,0.20851441405707674,0.20851441405707674,0.20851441405707674,0.20851441405707674,0.20851441405707674,0.20851441405707674,0.20851441405707674,0.20851441405707674,0.20851441405707674,0.20851441405707674,0.20851441405707674,0.20851441405707674,0.20851441405707674,0.20851441405707674,0.20851441405707674,0.20851441405707674,0.20851441405707674,0.20851441405707674,0.20851441405707674,0.20851441405707674,0.20851441405707674,0.20851441405707674,-4.795831523312717,0.20851441405707674,0.20851441405707674,0.20851441405707674,0.20851441405707674,0.20851441405707674,0.20851441405707674,0.20851441405707674,0.20851441405707674,0.20851441405707674,0.20851441405707674,0.20851441405707674,0.20851441405707674,0.20851441405707674,0.20851441405707674,0.20851441405707674,0.20851441405707674,0.20851441405707674,0.20851441405707674,0.20851441405707674,0.20851441405707674,0.20851441405707674,0.20851441405707674,0.20851441405707674,-4.795831523312717,0.20851441405707674,0.20851441405707674,0.20851441405707674,0.20851441405707674,0.20851441405707674,0.20851441405707674,0.20851441405707674,0.20851441405707674,0.20851441405707674,0.20851441405707674,0.20851441405707674,0.20851441405707674,0.20851441405707674,0.20851441405707674,0.20851441405707674,0.20851441405707674,0.20851441405707674,0.20851441405707674,0.20851441405707674,0.20851441405707674,0.20851441405707674,0.20851441405707674,0.20851441405707674,-4.795831523312717
2359,-1.1977553765350686,-1.4923532702045479,-1.6579879026934037,-1.7536879125758538,-1.7235601316869342,-1.5084395966520252,-0.9546882574176777,-0.18799757995485872,0.2442883621209946,0.401607181785307,0.5150294157200627,0.5729674558910616,0.5830554911208355,0.5656059166693347,0.5536093342339278,0.5234815533450083,0.5598802750524359,0.8217602166253511,1.1921546993185375,1.208377350566417,1.0881388766115438,0.9148700553001565,0.5975059199634847,0.13413792339589542,-0.2085144140570751,-0.2085144140570751,-0.2085144140570751,-0.2085144140570751,-0.2085144140570751,-0.2085144140570751,-0.2085144140570751,-0.2085144140570751,-0.2085144140570751,-0.2085144140570751,-0.2085144140570751,-0.2085144140570751,-0.2085144140570751,-0.2085144140570751,-0.2085144140570751,-0.2085144140570751,-0.2085144140570751,-0.2085144140570751,-0.2085144140570751,-0.2085144140570751,-0.2085144140570751,-0.2085144140570751,-0.2085144140570751,4.795831523312719,-0.2085144140570751,-0.2085144140570751,-0.2085144140570751,-0.2085144140570751,-0.2085144140570751,-0.2085144140570751,-0.2085144140570751,-0.2085144140570751,-0.2085144140570751,-0.2085144140570751,-0.2085144140570751,-0.2085144140570751,-0.2085144140570751,-0.2085144140570751,-0.2085144140570751,-0.2085144140570751,-0.2085144140570751,-0.2085144140570751,-0.2085144140570751,-0.2085144140570751,-0.2085144140570751,-0.2085144140570751,-0.2085144140570751,4.795831523312719,-0.2085144140570751,-0.2085144140570751,-0.2085144140570751,-0.2085144140570751,-0.2085144140570751,-0.2085144140570751,-0.2085144140570751,-0.2085144140570751,-0.2085144140570751,-0.2085144140570751,-0.2085144140570751,-0.2085144140570751,-0.2085144140570751,-0.2085144140570751,-0.2085144140570751,-0.2085144140570751,-0.2085144140570751,-0.2085144140570751,-0.2085144140570751,-0.2085144140570751,-0.2085144140570751,-0.2085144140570751,-0.2085144140570751,4.795831523312719
2360,-1.1034912001694812,-1.426301993907377,-1.6340747593314047,-1.7541995031829611,-1.6933545596360002,-1.4536920006487744,-0.8031793405405903,0.1539057521659473,0.7058143880051014,0.8183090585501258,0.8206567734136742,0.7954188386305295,0.7050318163839187,0.6612078055976831,0.6426217295945922,0.6191445809591088,0.6453607302687319,0.957802450025956,1.2367892329776164,1.0346901118071639,0.6809677390325483,0.3290061524055939,-0.1528623233377017,-0.7855714790639777,0.2085144140570701,0.2085144140570701,0.2085144140570701,0.2085144140570701,0.2085144140570701,0.2085144140570701,0.2085144140570701,0.2085144140570701,0.2085144140570701,0.2085144140570701,0.2085144140570701,0.2085144140570701,0.2085144140570701,0.2085144140570701,0.2085144140570701,0.2085144140570701,0.2085144140570701,0.2085144140570701,0.2085144140570701,0.2085144140570701,0.2085144140570701,0.2085144140570701,0.2085144140570701,-4.7958315233127236,0.2085144140570701,0.2085144140570701,0.2085144140570701,0.2085144140570701,0.2085144140570701,0.2085144140570701,0.2085144140570701,0.2085144140570701,0.2085144140570701,0.2085144140570701,0.2085144140570701,0.2085144140570701,0.2085144140570701,0.2085144140570701,0.2085144140570701,0.2085144140570701,0.2085144140570701,0.2085144140570701,0.2085144140570701,0.2085144140570701,0.2085144140570701,0.2085144140570701,0.2085144140570701,-4.7958315233127236,0.2085144140570701,0.2085144140570701,0.2085144140570701,0.2085144140570701,0.2085144140570701,0.2085144140570701,0.2085144140570701,0.2085144140570701,0.2085144140570701,0.2085144140570701,0.2085144140570701,0.2085144140570701,0.2085144140570701,0.2085144140570701,0.2085144140570701,0.2085144140570701,0.2085144140570701,0.2085144140570701,0.2085144140570701,0.2085144140570701,0.2085144140570701,0.2085144140570701,0.2085144140570701,-4.7958315233127236
2361,-0.7151588225866079,-1.0926931127959394,-1.3898422928989018,-1.6133934962026295,-1.6931423125614546,-1.57733685050848,-1.2403132622261048,-0.895866246889052,-0.3232018740996167,0.22082928005034685,0.5741844078530132,0.7241376343575061,0.7099270739956942,0.609816857715467,0.4876484581870541,0.3989915293626156,0.477467758226353,0.915662052368195,1.4431495690820193,1.4151526441900915,1.2102660574809823,0.9510824043148008,0.5029195081281057,-0.10028696454343279,-0.20851441405707588,-0.20851441405707588,-0.20851441405707588,-0.20851441405707588,-0.20851441405707588,-0.20851441405707588,-0.20851441405707588,-0.20851441405707588,-0.20851441405707588,-0.20851441405707588,-0.20851441405707588,-0.20851441405707588,-0.20851441405707588,-0.20851441405707588,-0.20851441405707588,-0.20851441405707588,-0.20851441405707588,-0.20851441405707588,-0.20851441405707588,-0.20851441405707588,-0.20851441405707588,-0.20851441405707588,-0.20851441405707588,4.795831523312718,-0.20851441405707588,-0.20851441405707588,-0.20851441405707588,-0.20851441405707588,-0.20851441405707588,-0.20851441405707588,-0.20851441405707588,-0.20851441405707588,-0.20851441405707588,-0.20851441405707588,-0.20851441405707588,-0.20851441405707588,-0.20851441405707588,-0.20851441405707588,-0.20851441405707588,-0.20851441405707588,-0.20851441405707588,-0.20851441405707588,-0.20851441405707588,-0.20851441405707588,-0.20851441405707588,-0.20851441405707588,-0.20851441405707588,4.795831523312718,-0.20851441405707588,-0.20851441405707588,-0.20851441405707588,-0.20851441405707588,-0.20851441405707588,-0.20851441405707588,-0.20851441405707588,-0.20851441405707588,-0.20851441405707588,-0.20851441405707588,-0.20851441405707588,-0.20851441405707588,-0.20851441405707588,-0.20851441405707588,-0.20851441405707588,-0.20851441405707588,-0.20851441405707588,-0.20851441405707588,-0.20851441405707588,-0.20851441405707588,-0.20851441405707588,-0.20851441405707588,-0.20851441405707588,4.795831523312718
2362,-0.9716262056427734,-1.2074497496296197,-1.3250366958048791,-1.367697153257045,-1.4244333961629714,-1.3172408761689502,-1.1186640259982084,-0.6864291372950447,-0.11625155114502983,0.31403438264915157,0.5139105360925483,0.4459136648236138,0.28718211501428564,0.046811009573147606,-0.14483622314343544,-0.27368379768170314,-0.05128638751228982,0.6421084589944887,1.557251064034353,1.6995247723900537,1.6761373134822672,1.4368489607683415,0.9823093658846038,0.4026035557351204,0.2085144140570435,0.2085144140570435,0.2085144140570435,0.2085144140570435,0.2085144140570435,0.2085144140570435,0.2085144140570435,0.2085144140570435,0.2085144140570435,0.2085144140570435,0.2085144140570435,0.2085144140570435,0.2085144140570435,0.2085144140570435,0.2085144140570435,0.2085144140570435,0.2085144140570435,0.2085144140570435,0.2085144140570435,0.2085144140570435,0.2085144140570435,0.2085144140570435,0.2085144140570435,-4.795831523312751,0.2085144140570435,0.2085144140570435,0.2085144140570435,0.2085144140570435,0.2085144140570435,0.2085144140570435,0.2085144140570435,0.2085144140570435,0.2085144140570435,0.2085144140570435,0.2085144140570435,0.2085144140570435,0.2085144140570435,0.2085144140570435,0.2085144140570435,0.2085144140570435,0.2085144140570435,0.2085144140570435,0.2085144140570435,0.2085144140570435,0.2085144140570435,0.2085144140570435,0.2085144140570435,-4.795831523312751,0.2085144140570435,0.2085144140570435,0.2085144140570435,0.2085144140570435,0.2085144140570435,0.2085144140570435,0.2085144140570435,0.2085144140570435,0.2085144140570435,0.2085144140570435,0.2085144140570435,0.2085144140570435,0.2085144140570435,0.2085144140570435,0.2085144140570435,0.2085144140570435,0.2085144140570435,0.2085144140570435,0.2085144140570435,0.2085144140570435,0.2085144140570435,0.2085144140570435,0.2085144140570435,-4.795831523312751
2363,-1.332351372339201,-1.4760213296156963,-1.5993643561236763,-1.6153496123591107,-1.5028607721838327,-1.277883091833277,-0.5044729784176386,0.6437025867398466,1.2943617201747433,1.3521849310016842,1.0593192488611363,0.7372459380434987,0.43431546493989953,0.09448075830511275,-0.11076203780416613,-0.28166613533362334,-0.2858104610242915,0.27426555374314454,1.1179318550577284,1.1992395781317888,1.0650423652911065,0.8151987307965421,0.27446290258555733,-0.3752094866372755,0.20851441405707272,0.20851441405707272,0.20851441405707272,0.20851441405707272,0.20851441405707272,0.20851441405707272,0.20851441405707272,0.20851441405707272,0.20851441405707272,0.20851441405707272,0.20851441405707272,0.20851441405707272,0.20851441405707272,0.20851441405707272,0.20851441405707272,0.20851441405707272,0.20851441405707272,0.20851441405707272,0.20851441405707272,0.20851441405707272,0.20851441405707272,0.20851441405707272,0.20851441405707272,-4.795831523312722,0.20851441405707272,0.20851441405707272,0.20851441405707272,0.20851441405707272,0.20851441405707272,0.20851441405707272,0.20851441405707272,0.20851441405707272,0.20851441405707272,0.20851441405707272,0.20851441405707272,0.20851441405707272,0.20851441405707272,0.20851441405707272,0.20851441405707272,0.20851441405707272,0.20851441405707272,0.20851441405707272,0.20851441405707272,0.20851441405707272,0.20851441405707272,0.20851441405707272,0.20851441405707272,-4.795831523312722,0.20851441405707272,0.20851441405707272,0.20851441405707272,0.20851441405707272,0.20851441405707272,0.20851441405707272,0.20851441405707272,0.20851441405707272,0.20851441405707272,0.20851441405707272,0.20851441405707272,0.20851441405707272,0.20851441405707272,0.20851441405707272,0.20851441405707272,0.20851441405707272,0.20851441405707272,0.20851441405707272,0.20851441405707272,0.20851441405707272,0.20851441405707272,0.20851441405707272,0.20851441405707272,-4.795831523312722
2364,-0.9845769419619376,-1.4079256828946247,-1.6304021113543647,-1.5223815314204001,-1.382414439548518,-1.1686715898919497,-0.2433718987980311,0.9646199482932845,1.6998493849076526,1.5989535666289068,1.2466226112272731,0.8290196458229884,0.3608538557687628,-0.02549209076101299,-0.2332593338680429,-0.5056090939143155,-0.6099523775101027,-0.021125301359427185,0.8161491086393671,0.9974857843157461,0.915206278749024,0.6941088364161005,0.15929205023240742,-0.5469786777188126,-0.20851441405707402,-0.20851441405707402,-0.20851441405707402,-0.20851441405707402,-0.20851441405707402,-0.20851441405707402,-0.20851441405707402,-0.20851441405707402,-0.20851441405707402,-0.20851441405707402,-0.20851441405707402,-0.20851441405707402,-0.20851441405707402,-0.20851441405707402,-0.20851441405707402,-0.20851441405707402,-0.20851441405707402,-0.20851441405707402,-0.20851441405707402,-0.20851441405707402,-0.20851441405707402,-0.20851441405707402,-0.20851441405707402,4.79583152331272,-0.20851441405707402,-0.20851441405707402,-0.20851441405707402,-0.20851441405707402,-0.20851441405707402,-0.20851441405707402,-0.20851441405707402,-0.20851441405707402,-0.20851441405707402,-0.20851441405707402,-0.20851441405707402,-0.20851441405707402,-0.20851441405707402,-0.20851441405707402,-0.20851441405707402,-0.20851441405707402,-0.20851441405707402,-0.20851441405707402,-0.20851441405707402,-0.20851441405707402,-0.20851441405707402,-0.20851441405707402,-0.20851441405707402,4.79583152331272,-0.20851441405707402,-0.20851441405707402,-0.20851441405707402,-0.20851441405707402,-0.20851441405707402,-0.20851441405707402,-0.20851441405707402,-0.20851441405707402,-0.20851441405707402,-0.20851441405707402,-0.20851441405707402,-0.20851441405707402,-0.20851441405707402,-0.20851441405707402,-0.20851441405707402,-0.20851441405707402,-0.20851441405707402,-0.20851441405707402,-0.20851441405707402,-0.20851441405707402,-0.20851441405707402,-0.20851441405707402,-0.20851441405707402,4.79583152331272
2365,-0.8328070107696978,-1.1353198828840392,-1.3715251362140128,-1.3830351379652615,-1.2016275016684068,-0.8765950609103179,-0.14671081942352412,1.1789411214050785,1.8958140565643735,1.8717931833443762,1.3578465834081834,0.813373457088244,0.24563010983643221,-0.19975691445101823,-0.5673263182028523,-0.8560772317015702,-0.8703396251759437,-0.2100158290553921,0.7815958435576226,0.9512432606738537,0.7843482352807473,0.5591525488432724,-0.016347538719163633,-0.7722543928609545,-0.20851441405707505,-0.20851441405707505,-0.20851441405707505,-0.20851441405707505,-0.20851441405707505,-0.20851441405707505,-0.20851441405707505,-0.20851441405707505,-0.20851441405707505,-0.20851441405707505,-0.20851441405707505,-0.20851441405707505,-0.20851441405707505,-0.20851441405707505,-0.20851441405707505,-0.20851441405707505,-0.20851441405707505,-0.20851441405707505,-0.20851441405707505,-0.20851441405707505,-0.20851441405707505,-0.20851441405707505,-0.20851441405707505,4.795831523312719,-0.20851441405707505,-0.20851441405707505,-0.20851441405707505,-0.20851441405707505,-0.20851441405707505,-0.20851441405707505,-0.20851441405707505,-0.20851441405707505,-0.20851441405707505,-0.20851441405707505,-0.20851441405707505,-0.20851441405707505,-0.20851441405707505,-0.20851441405707505,-0.20851441405707505,-0.20851441405707505,-0.20851441405707505,-0.20851441405707505,-0.20851441405707505,-0.20851441405707505,-0.20851441405707505,-0.20851441405707505,-0.20851441405707505,4.795831523312719,-0.20851441405707505,-0.20851441405707505,-0.20851441405707505,-0.20851441405707505,-0.20851441405707505,-0.20851441405707505,-0.20851441405707505,-0.20851441405707505,-0.20851441405707505,-0.20851441405707505,-0.20851441405707505,-0.20851441405707505,-0.20851441405707505,-0.20851441405707505,-0.20851441405707505,-0.20851441405707505,-0.20851441405707505,-0.20851441405707505,-0.20851441405707505,-0.20851441405707505,-0.20851441405707505,-0.20851441405707505,-0.20851441405707505,4.795831523312719
2366,0.3031922932354634,-0.14607628692558422,-0.5838251599030152,-0.7474640773318254,-0.7173356123900589,-0.7365351243627533,0.1345319649830254,1.2613956292265471,2.058323064646998,2.0332160105288595,1.6019654339114175,0.9666092761688709,0.35429253279355755,-0.20987774209638385,-0.6355161536756537,-0.9054908297224634,-0.8537998359498248,-0.28372201891443904,0.4278414325043405,0.37142440501534635,0.02199328711230933,-0.4562222495614159,-1.1784192768419952,-2.080500962451357,-0.20851441405706717,-0.20851441405706717,-0.20851441405706717,-0.20851441405706717,-0.20851441405706717,-0.20851441405706717,-0.20851441405706717,-0.20851441405706717,-0.20851441405706717,-0.20851441405706717,-0.20851441405706717,-0.20851441405706717,-0.20851441405706717,-0.20851441405706717,-0.20851441405706717,-0.20851441405706717,-0.20851441405706717,-0.20851441405706717,-0.20851441405706717,-0.20851441405706717,-0.20851441405706717,-0.20851441405706717,-0.20851441405706717,4.795831523312727,-0.20851441405706717,-0.20851441405706717,-0.20851441405706717,-0.20851441405706717,-0.20851441405706717,-0.20851441405706717,-0.20851441405706717,-0.20851441405706717,-0.20851441405706717,-0.20851441405706717,-0.20851441405706717,-0.20851441405706717,-0.20851441405706717,-0.20851441405706717,-0.20851441405706717,-0.20851441405706717,-0.20851441405706717,-0.20851441405706717,-0.20851441405706717,-0.20851441405706717,-0.20851441405706717,-0.20851441405706717,-0.20851441405706717,4.795831523312727,-0.20851441405706717,-0.20851441405706717,-0.20851441405706717,-0.20851441405706717,-0.20851441405706717,-0.20851441405706717,-0.20851441405706717,-0.20851441405706717,-0.20851441405706717,-0.20851441405706717,-0.20851441405706717,-0.20851441405706717,-0.20851441405706717,-0.20851441405706717,-0.20851441405706717,-0.20851441405706717,-0.20851441405706717,-0.20851441405706717,-0.20851441405706717,-0.20851441405706717,-0.20851441405706717,-0.20851441405706717,-0.20851441405706717,4.795831523312727
2367,0.23156545083415592,-0.7311392305914448,-1.183005389733135,-1.4721231440992164,-1.647125546410871,-1.6164905525707562,-1.3683471024658282,-0.6032381313089664,0.1185989110487334,0.8821761325135894,1.2907703628561176,1.3405522278463038,1.1375953936555447,0.8163108957573431,0.6014830014535395,0.4437127831769494,0.40924841510682053,0.8082692098743129,1.2681770548990332,0.9074500024316839,0.389335669110746,-0.07784798695100137,-0.6530199962991526,-1.292908430134546,0.20851441405707644,0.20851441405707644,0.20851441405707644,0.20851441405707644,0.20851441405707644,0.20851441405707644,0.20851441405707644,0.20851441405707644,0.20851441405707644,0.20851441405707644,0.20851441405707644,0.20851441405707644,0.20851441405707644,0.20851441405707644,0.20851441405707644,0.20851441405707644,0.20851441405707644,0.20851441405707644,0.20851441405707644,0.20851441405707644,0.20851441405707644,0.20851441405707644,0.20851441405707644,-4.795831523312717,0.20851441405707644,0.20851441405707644,0.20851441405707644,0.20851441405707644,0.20851441405707644,0.20851441405707644,0.20851441405707644,0.20851441405707644,0.20851441405707644,0.20851441405707644,0.20851441405707644,0.20851441405707644,0.20851441405707644,0.20851441405707644,0.20851441405707644,0.20851441405707644,0.20851441405707644,0.20851441405707644,0.20851441405707644,0.20851441405707644,0.20851441405707644,0.20851441405707644,0.20851441405707644,-4.795831523312717,0.20851441405707644,0.20851441405707644,0.20851441405707644,0.20851441405707644,0.20851441405707644,0.20851441405707644,0.20851441405707644,0.20851441405707644,0.20851441405707644,0.20851441405707644,0.20851441405707644,0.20851441405707644,0.20851441405707644,0.20851441405707644,0.20851441405707644,0.20851441405707644,0.20851441405707644,0.20851441405707644,0.20851441405707644,0.20851441405707644,0.20851441405707644,0.20851441405707644,0.20851441405707644,-4.795831523312717
2368,-0.420313398208847,-0.983659638002807,-1.2877601723045398,-1.555875476713901,-1.748725898883583,-1.6955083053807798,-1.4167494822708582,-1.0490412528776796,-0.5117969756112849,0.12402655819125472,0.5383635361773657,0.7849383860736873,0.8832642254979143,0.7484463219574794,0.518597001447753,0.35134170758179994,0.378964172780874,0.6909206375520682,1.262629642039326,1.2976012034840252,1.1721597330845603,1.006424941890116,0.6995368193572841,0.21221571313875723,-0.20851441405707863,-0.20851441405707863,-0.20851441405707863,-0.20851441405707863,-0.20851441405707863,-0.20851441405707863,-0.20851441405707863,-0.20851441405707863,-0.20851441405707863,-0.20851441405707863,-0.20851441405707863,-0.20851441405707863,-0.20851441405707863,-0.20851441405707863,-0.20851441405707863,-0.20851441405707863,-0.20851441405707863,-0.20851441405707863,-0.20851441405707863,-0.20851441405707863,-0.20851441405707863,-0.20851441405707863,-0.20851441405707863,4.795831523312716,-0.20851441405707863,-0.20851441405707863,-0.20851441405707863,-0.20851441405707863,-0.20851441405707863,-0.20851441405707863,-0.20851441405707863,-0.20851441405707863,-0.20851441405707863,-0.20851441405707863,-0.20851441405707863,-0.20851441405707863,-0.20851441405707863,-0.20851441405707863,-0.20851441405707863,-0.20851441405707863,-0.20851441405707863,-0.20851441405707863,-0.20851441405707863,-0.20851441405707863,-0.20851441405707863,-0.20851441405707863,-0.20851441405707863,4.795831523312716,-0.20851441405707863,-0.20851441405707863,-0.20851441405707863,-0.20851441405707863,-0.20851441405707863,-0.20851441405707863,-0.20851441405707863,-0.20851441405707863,-0.20851441405707863,-0.20851441405707863,-0.20851441405707863,-0.20851441405707863,-0.20851441405707863,-0.20851441405707863,-0.20851441405707863,-0.20851441405707863,-0.20851441405707863,-0.20851441405707863,-0.20851441405707863,-0.20851441405707863,-0.20851441405707863,-0.20851441405707863,-0.20851441405707863,4.795831523312716
2369,-1.0512146079864053,-1.2520295958797725,-1.3610165094970177,-1.4345543923875466,-1.4330459229949204,-1.4413425046543646,-1.2497668917908331,-0.8270183445073317,-0.4180345804315445,-0.000754234696313116,0.284535039184123,0.44122729734317284,0.5011889557000656,0.5132567108410754,0.4614030754695487,0.4847843510552553,0.6252605632435732,1.076670028986973,1.5689967270053595,1.5918123265688313,1.3236818920295186,1.0021893527260528,0.5694471957164026,0.02432406895609799,0.2085144140570753,0.2085144140570753,0.2085144140570753,0.2085144140570753,0.2085144140570753,0.2085144140570753,0.2085144140570753,0.2085144140570753,0.2085144140570753,0.2085144140570753,0.2085144140570753,0.2085144140570753,0.2085144140570753,0.2085144140570753,0.2085144140570753,0.2085144140570753,0.2085144140570753,0.2085144140570753,0.2085144140570753,0.2085144140570753,0.2085144140570753,0.2085144140570753,0.2085144140570753,-4.79583152331272,0.2085144140570753,0.2085144140570753,0.2085144140570753,0.2085144140570753,0.2085144140570753,0.2085144140570753,0.2085144140570753,0.2085144140570753,0.2085144140570753,0.2085144140570753,0.2085144140570753,0.2085144140570753,0.2085144140570753,0.2085144140570753,0.2085144140570753,0.2085144140570753,0.2085144140570753,0.2085144140570753,0.2085144140570753,0.2085144140570753,0.2085144140570753,0.2085144140570753,0.2085144140570753,-4.79583152331272,0.2085144140570753,0.2085144140570753,0.2085144140570753,0.2085144140570753,0.2085144140570753,0.2085144140570753,0.2085144140570753,0.2085144140570753,0.2085144140570753,0.2085144140570753,0.2085144140570753,0.2085144140570753,0.2085144140570753,0.2085144140570753,0.2085144140570753,0.2085144140570753,0.2085144140570753,0.2085144140570753,0.2085144140570753,0.2085144140570753,0.2085144140570753,0.2085144140570753,0.2085144140570753,-4.79583152331272
2370,-0.9993308119980987,-1.3327298181666039,-1.5711822483578521,-1.6655082584790486,-1.6700073609354873,-1.473443126028323,-1.0758155537575556,-0.5166857174470425,-0.085547588949008,0.16438530957935957,0.31719965163425845,0.4839767254505186,0.5599960428179303,0.5882317892686831,0.6445481407061737,0.6198806479277688,0.6153815454713301,0.9140288637004472,1.3586642995677976,1.3526137824712077,1.1205221523045796,1.17652822081404,0.4900272425471085,-0.01573393014220142,-0.20851441405707882,-0.20851441405707882,-0.20851441405707882,-0.20851441405707882,-0.20851441405707882,-0.20851441405707882,-0.20851441405707882,-0.20851441405707882,-0.20851441405707882,-0.20851441405707882,-0.20851441405707882,-0.20851441405707882,-0.20851441405707882,-0.20851441405707882,-0.20851441405707882,-0.20851441405707882,-0.20851441405707882,-0.20851441405707882,-0.20851441405707882,-0.20851441405707882,-0.20851441405707882,-0.20851441405707882,-0.20851441405707882,4.795831523312716,-0.20851441405707882,-0.20851441405707882,-0.20851441405707882,-0.20851441405707882,-0.20851441405707882,-0.20851441405707882,-0.20851441405707882,-0.20851441405707882,-0.20851441405707882,-0.20851441405707882,-0.20851441405707882,-0.20851441405707882,-0.20851441405707882,-0.20851441405707882,-0.20851441405707882,-0.20851441405707882,-0.20851441405707882,-0.20851441405707882,-0.20851441405707882,-0.20851441405707882,-0.20851441405707882,-0.20851441405707882,-0.20851441405707882,4.795831523312716,-0.20851441405707882,-0.20851441405707882,-0.20851441405707882,-0.20851441405707882,-0.20851441405707882,-0.20851441405707882,-0.20851441405707882,-0.20851441405707882,-0.20851441405707882,-0.20851441405707882,-0.20851441405707882,-0.20851441405707882,-0.20851441405707882,-0.20851441405707882,-0.20851441405707882,-0.20851441405707882,-0.20851441405707882,-0.20851441405707882,-0.20851441405707882,-0.20851441405707882,-0.20851441405707882,-0.20851441405707882,-0.20851441405707882,4.795831523312716
2371,-1.2586900499026035,-1.502189293052773,-1.482863956294823,-1.6017147773562153,-1.5432556336634167,-1.4836691786597376,-1.0647925044311721,-0.45137410683924384,0.02853842264984685,0.3485337904669016,0.6445335318095018,0.8551797024711564,0.9195974916643229,0.9555104091395132,0.9063918448797238,0.8121808281847177,0.7517891508161241,0.8590447698227464,1.14087259754285,1.0838628541068975,0.8416519667405914,0.5509666930064274,0.09585501235670588,-0.40595956545806144,0.20851441405706292,0.20851441405706292,0.20851441405706292,0.20851441405706292,0.20851441405706292,0.20851441405706292,0.20851441405706292,0.20851441405706292,0.20851441405706292,0.20851441405706292,0.20851441405706292,0.20851441405706292,0.20851441405706292,0.20851441405706292,0.20851441405706292,0.20851441405706292,0.20851441405706292,0.20851441405706292,0.20851441405706292,0.20851441405706292,0.20851441405706292,0.20851441405706292,0.20851441405706292,-4.7958315233127315,0.20851441405706292,0.20851441405706292,0.20851441405706292,0.20851441405706292,0.20851441405706292,0.20851441405706292,0.20851441405706292,0.20851441405706292,0.20851441405706292,0.20851441405706292,0.20851441405706292,0.20851441405706292,0.20851441405706292,0.20851441405706292,0.20851441405706292,0.20851441405706292,0.20851441405706292,0.20851441405706292,0.20851441405706292,0.20851441405706292,0.20851441405706292,0.20851441405706292,0.20851441405706292,-4.7958315233127315,0.20851441405706292,0.20851441405706292,0.20851441405706292,0.20851441405706292,0.20851441405706292,0.20851441405706292,0.20851441405706292,0.20851441405706292,0.20851441405706292,0.20851441405706292,0.20851441405706292,0.20851441405706292,0.20851441405706292,0.20851441405706292,0.20851441405706292,0.20851441405706292,0.20851441405706292,0.20851441405706292,0.20851441405706292,0.20851441405706292,0.20851441405706292,0.20851441405706292,0.20851441405706292,-4.7958315233127315
2372,-1.1063450434789863,-1.3291633086021617,-1.5360169368559569,-1.6681972636239422,-1.6869085046859038,-1.5547281779179185,-1.0476363788625564,-0.42226893676415317,0.054266890648739435,0.2846383173015139,0.4968134911784358,0.6382636070963837,0.7156835127747752,0.7477844492755716,0.7697572828162237,0.7458961588931718,0.7228933487803016,0.9604746114386026,1.303971798273328,1.258652829095733,1.009570161380997,0.687187494276742,0.24961911384609958,-0.2942085162850401,-0.20851441405707347,-0.20851441405707347,-0.20851441405707347,-0.20851441405707347,-0.20851441405707347,-0.20851441405707347,-0.20851441405707347,-0.20851441405707347,-0.20851441405707347,-0.20851441405707347,-0.20851441405707347,-0.20851441405707347,-0.20851441405707347,-0.20851441405707347,-0.20851441405707347,-0.20851441405707347,-0.20851441405707347,-0.20851441405707347,-0.20851441405707347,-0.20851441405707347,-0.20851441405707347,-0.20851441405707347,-0.20851441405707347,4.795831523312721,-0.20851441405707347,-0.20851441405707347,-0.20851441405707347,-0.20851441405707347,-0.20851441405707347,-0.20851441405707347,-0.20851441405707347,-0.20851441405707347,-0.20851441405707347,-0.20851441405707347,-0.20851441405707347,-0.20851441405707347,-0.20851441405707347,-0.20851441405707347,-0.20851441405707347,-0.20851441405707347,-0.20851441405707347,-0.20851441405707347,-0.20851441405707347,-0.20851441405707347,-0.20851441405707347,-0.20851441405707347,-0.20851441405707347,4.795831523312721,-0.20851441405707347,-0.20851441405707347,-0.20851441405707347,-0.20851441405707347,-0.20851441405707347,-0.20851441405707347,-0.20851441405707347,-0.20851441405707347,-0.20851441405707347,-0.20851441405707347,-0.20851441405707347,-0.20851441405707347,-0.20851441405707347,-0.20851441405707347,-0.20851441405707347,-0.20851441405707347,-0.20851441405707347,-0.20851441405707347,-0.20851441405707347,-0.20851441405707347,-0.20851441405707347,-0.20851441405707347,-0.20851441405707347,4.795831523312721
2373,-0.5954300984027789,-1.0157873930401153,-1.3866237686023692,-1.6041050399321095,-1.7373779281341748,-1.7257393711165288,-1.1931042323089591,-0.4249594691443152,0.13346306070235261,0.4276218841483497,0.6770521355265302,0.8906538878503885,0.936067080919243,0.9066283778746086,0.8374816567697699,0.6939394535521345,0.6752264795237622,0.9691570959694134,1.3091855264849568,1.222466866353476,0.7840812186888054,0.3345134280071807,-0.216378270828069,-0.8980325808615781,0.20851441405723775,0.20851441405723775,0.20851441405723775,0.20851441405723775,0.20851441405723775,0.20851441405723775,0.20851441405723775,0.20851441405723775,0.20851441405723775,0.20851441405723775,0.20851441405723775,0.20851441405723775,0.20851441405723775,0.20851441405723775,0.20851441405723775,0.20851441405723775,0.20851441405723775,0.20851441405723775,0.20851441405723775,0.20851441405723775,0.20851441405723775,0.20851441405723775,0.20851441405723775,-4.795831523312557,0.20851441405723775,0.20851441405723775,0.20851441405723775,0.20851441405723775,0.20851441405723775,0.20851441405723775,0.20851441405723775,0.20851441405723775,0.20851441405723775,0.20851441405723775,0.20851441405723775,0.20851441405723775,0.20851441405723775,0.20851441405723775,0.20851441405723775,0.20851441405723775,0.20851441405723775,0.20851441405723775,0.20851441405723775,0.20851441405723775,0.20851441405723775,0.20851441405723775,0.20851441405723775,-4.795831523312557,0.20851441405723775,0.20851441405723775,0.20851441405723775,0.20851441405723775,0.20851441405723775,0.20851441405723775,0.20851441405723775,0.20851441405723775,0.20851441405723775,0.20851441405723775,0.20851441405723775,0.20851441405723775,0.20851441405723775,0.20851441405723775,0.20851441405723775,0.20851441405723775,0.20851441405723775,0.20851441405723775,0.20851441405723775,0.20851441405723775,0.20851441405723775,0.20851441405723775,0.20851441405723775,-4.795831523312557
2374,-0.3639681682647551,-0.798400718355294,-1.1903108804382179,-1.3945266801690572,-1.484717477662916,-1.6106595822714576,-1.4565497811483175,-0.9400517306354386,-0.41976187482251753,0.04825523649696579,0.48431284600180846,0.7776360702836375,0.8773063810276015,0.8006577453196074,0.7004457481042088,0.6928621375041245,0.8198876150555352,1.278154369889196,1.6814399478722462,1.4428270572053106,0.848326154805851,0.25707537123499913,-0.28704868932104366,-0.7631910977120459,0.20851441405707638,0.20851441405707638,0.20851441405707638,0.20851441405707638,0.20851441405707638,0.20851441405707638,0.20851441405707638,0.20851441405707638,0.20851441405707638,0.20851441405707638,0.20851441405707638,0.20851441405707638,0.20851441405707638,0.20851441405707638,0.20851441405707638,0.20851441405707638,0.20851441405707638,0.20851441405707638,0.20851441405707638,0.20851441405707638,0.20851441405707638,0.20851441405707638,0.20851441405707638,-4.795831523312718,0.20851441405707638,0.20851441405707638,0.20851441405707638,0.20851441405707638,0.20851441405707638,0.20851441405707638,0.20851441405707638,0.20851441405707638,0.20851441405707638,0.20851441405707638,0.20851441405707638,0.20851441405707638,0.20851441405707638,0.20851441405707638,0.20851441405707638,0.20851441405707638,0.20851441405707638,0.20851441405707638,0.20851441405707638,0.20851441405707638,0.20851441405707638,0.20851441405707638,0.20851441405707638,-4.795831523312718,0.20851441405707638,0.20851441405707638,0.20851441405707638,0.20851441405707638,0.20851441405707638,0.20851441405707638,0.20851441405707638,0.20851441405707638,0.20851441405707638,0.20851441405707638,0.20851441405707638,0.20851441405707638,0.20851441405707638,0.20851441405707638,0.20851441405707638,0.20851441405707638,0.20851441405707638,0.20851441405707638,0.20851441405707638,0.20851441405707638,0.20851441405707638,0.20851441405707638,0.20851441405707638,-4.795831523312718
2375,-0.8410907960060905,-1.0482561547544709,-1.1965677184038794,-1.2872025628562958,-1.374306179602774,-1.3991929272446249,-1.266015196620666,-1.1890008018911544,-0.9187778055367332,-0.5496804334160393,-0.08574437433585978,0.2920969901995384,0.607217024529461,0.7118086261053478,0.7020557114889467,0.7516610530723657,0.7839465635266588,1.0856143018339592,1.4257892375060157,1.4153637080884836,1.2092072715417999,1.0230611253287665,0.7647770416944223,0.3832362957528031,0.2085144140570733,0.2085144140570733,0.2085144140570733,0.2085144140570733,0.2085144140570733,0.2085144140570733,0.2085144140570733,0.2085144140570733,0.2085144140570733,0.2085144140570733,0.2085144140570733,0.2085144140570733,0.2085144140570733,0.2085144140570733,0.2085144140570733,0.2085144140570733,0.2085144140570733,0.2085144140570733,0.2085144140570733,0.2085144140570733,0.2085144140570733,0.2085144140570733,0.2085144140570733,-4.795831523312722,0.2085144140570733,0.2085144140570733,0.2085144140570733,0.2085144140570733,0.2085144140570733,0.2085144140570733,0.2085144140570733,0.2085144140570733,0.2085144140570733,0.2085144140570733,0.2085144140570733,0.2085144140570733,0.2085144140570733,0.2085144140570733,0.2085144140570733,0.2085144140570733,0.2085144140570733,0.2085144140570733,0.2085144140570733,0.2085144140570733,0.2085144140570733,0.2085144140570733,0.2085144140570733,-4.795831523312722,0.2085144140570733,0.2085144140570733,0.2085144140570733,0.2085144140570733,0.2085144140570733,0.2085144140570733,0.2085144140570733,0.2085144140570733,0.2085144140570733,0.2085144140570733,0.2085144140570733,0.2085144140570733,0.2085144140570733,0.2085144140570733,0.2085144140570733,0.2085144140570733,0.2085144140570733,0.2085144140570733,0.2085144140570733,0.2085144140570733,0.2085144140570733,0.2085144140570733,0.2085144140570733,-4.795831523312722
2376,-1.0342249130705141,-1.19458174526641,-1.3317362618449204,-1.3843190244571022,-1.416582599428023,-1.3980482052957919,-1.1934834107993149,-0.8583541065268986,-0.5337962715002734,-0.1753273598020846,0.12534170056522043,0.30739063848624626,0.3554427714216603,0.38276384129065283,0.31219585177978765,0.28652228361143783,0.41928346232156755,0.88511456817831,1.4246713751388163,1.5610021408670054,1.479999973918736,1.316760013746715,1.0300947178348736,0.633870558830288,-0.20851441405707313,-0.20851441405707313,-0.20851441405707313,-0.20851441405707313,-0.20851441405707313,-0.20851441405707313,-0.20851441405707313,-0.20851441405707313,-0.20851441405707313,-0.20851441405707313,-0.20851441405707313,-0.20851441405707313,-0.20851441405707313,-0.20851441405707313,-0.20851441405707313,-0.20851441405707313,-0.20851441405707313,-0.20851441405707313,-0.20851441405707313,-0.20851441405707313,-0.20851441405707313,-0.20851441405707313,-0.20851441405707313,4.795831523312721,-0.20851441405707313,-0.20851441405707313,-0.20851441405707313,-0.20851441405707313,-0.20851441405707313,-0.20851441405707313,-0.20851441405707313,-0.20851441405707313,-0.20851441405707313,-0.20851441405707313,-0.20851441405707313,-0.20851441405707313,-0.20851441405707313,-0.20851441405707313,-0.20851441405707313,-0.20851441405707313,-0.20851441405707313,-0.20851441405707313,-0.20851441405707313,-0.20851441405707313,-0.20851441405707313,-0.20851441405707313,-0.20851441405707313,4.795831523312721,-0.20851441405707313,-0.20851441405707313,-0.20851441405707313,-0.20851441405707313,-0.20851441405707313,-0.20851441405707313,-0.20851441405707313,-0.20851441405707313,-0.20851441405707313,-0.20851441405707313,-0.20851441405707313,-0.20851441405707313,-0.20851441405707313,-0.20851441405707313,-0.20851441405707313,-0.20851441405707313,-0.20851441405707313,-0.20851441405707313,-0.20851441405707313,-0.20851441405707313,-0.20851441405707313,-0.20851441405707313,-0.20851441405707313,4.795831523312721
2377,-1.1444466338171215,-1.2932119557429929,-1.41985765254286,-1.4419772776688642,-1.2877904789964232,-0.9366956448885723,-0.0859575138168619,0.984458855025851,1.6959734632456527,1.6638783209059602,1.2594361556118638,0.8404644326369609,0.39828878918673977,-0.07142795613605521,-0.4706655037534447,-0.8150377066955492,-0.8573252253187925,-0.26161336040571875,0.7992612093630315,1.1147911560133854,1.0035424531737762,0.7031926414138172,0.09902327277609477,-0.4763038395698771,0.2085144140570689,0.2085144140570689,0.2085144140570689,0.2085144140570689,0.2085144140570689,0.2085144140570689,0.2085144140570689,0.2085144140570689,0.2085144140570689,0.2085144140570689,0.2085144140570689,0.2085144140570689,0.2085144140570689,0.2085144140570689,0.2085144140570689,0.2085144140570689,0.2085144140570689,0.2085144140570689,0.2085144140570689,0.2085144140570689,0.2085144140570689,0.2085144140570689,0.2085144140570689,-4.795831523312725,0.2085144140570689,0.2085144140570689,0.2085144140570689,0.2085144140570689,0.2085144140570689,0.2085144140570689,0.2085144140570689,0.2085144140570689,0.2085144140570689,0.2085144140570689,0.2085144140570689,0.2085144140570689,0.2085144140570689,0.2085144140570689,0.2085144140570689,0.2085144140570689,0.2085144140570689,0.2085144140570689,0.2085144140570689,0.2085144140570689,0.2085144140570689,0.2085144140570689,0.2085144140570689,-4.795831523312725,0.2085144140570689,0.2085144140570689,0.2085144140570689,0.2085144140570689,0.2085144140570689,0.2085144140570689,0.2085144140570689,0.2085144140570689,0.2085144140570689,0.2085144140570689,0.2085144140570689,0.2085144140570689,0.2085144140570689,0.2085144140570689,0.2085144140570689,0.2085144140570689,0.2085144140570689,0.2085144140570689,0.2085144140570689,0.2085144140570689,0.2085144140570689,0.2085144140570689,0.2085144140570689,-4.795831523312725
2378,-0.6556126717554307,-0.9707441755391097,-1.1767555168185895,-1.1581768684611935,-1.0462346327887821,-0.7743749175843545,0.24815626036447871,1.4795208527610038,2.047463077863679,1.8826069702872916,1.4261366353289924,0.9616704263940923,0.36691850619340255,-0.14858019253333216,-0.5208586779733052,-0.8021253037384397,-0.8028308220304927,-0.24147343432031218,0.6159664632881161,0.7500149387781885,0.4885028251905384,0.06824909589096044,-0.6819520213254099,-1.3554868174720194,0.20851441405707477,0.20851441405707477,0.20851441405707477,0.20851441405707477,0.20851441405707477,0.20851441405707477,0.20851441405707477,0.20851441405707477,0.20851441405707477,0.20851441405707477,0.20851441405707477,0.20851441405707477,0.20851441405707477,0.20851441405707477,0.20851441405707477,0.20851441405707477,0.20851441405707477,0.20851441405707477,0.20851441405707477,0.20851441405707477,0.20851441405707477,0.20851441405707477,0.20851441405707477,-4.79583152331272,0.20851441405707477,0.20851441405707477,0.20851441405707477,0.20851441405707477,0.20851441405707477,0.20851441405707477,0.20851441405707477,0.20851441405707477,0.20851441405707477,0.20851441405707477,0.20851441405707477,0.20851441405707477,0.20851441405707477,0.20851441405707477,0.20851441405707477,0.20851441405707477,0.20851441405707477,0.20851441405707477,0.20851441405707477,0.20851441405707477,0.20851441405707477,0.20851441405707477,0.20851441405707477,-4.79583152331272,0.20851441405707477,0.20851441405707477,0.20851441405707477,0.20851441405707477,0.20851441405707477,0.20851441405707477,0.20851441405707477,0.20851441405707477,0.20851441405707477,0.20851441405707477,0.20851441405707477,0.20851441405707477,0.20851441405707477,0.20851441405707477,0.20851441405707477,0.20851441405707477,0.20851441405707477,0.20851441405707477,0.20851441405707477,0.20851441405707477,0.20851441405707477,0.20851441405707477,0.20851441405707477,-4.79583152331272
2379,-1.0874938789596729,-1.4306241951620193,-1.648503891248251,-1.7117333039756788,-1.651121669482189,-1.4278050493716243,-0.8222928071060986,0.2558290901634807,0.8702015049131047,0.895171081913745,0.7342784043047808,0.5331122154044614,0.33818842075430217,0.1285647944827982,0.027075546028583045,-0.031119677787425252,0.038956231859532835,0.5629146137600644,1.3389851763444796,1.4827616116546176,1.2717284124879162,0.9835714391982696,0.445315960789307,-0.09596003096650717,0.20851441405707494,0.20851441405707494,0.20851441405707494,0.20851441405707494,0.20851441405707494,0.20851441405707494,0.20851441405707494,0.20851441405707494,0.20851441405707494,0.20851441405707494,0.20851441405707494,0.20851441405707494,0.20851441405707494,0.20851441405707494,0.20851441405707494,0.20851441405707494,0.20851441405707494,0.20851441405707494,0.20851441405707494,0.20851441405707494,0.20851441405707494,0.20851441405707494,0.20851441405707494,-4.79583152331272,0.20851441405707494,0.20851441405707494,0.20851441405707494,0.20851441405707494,0.20851441405707494,0.20851441405707494,0.20851441405707494,0.20851441405707494,0.20851441405707494,0.20851441405707494,0.20851441405707494,0.20851441405707494,0.20851441405707494,0.20851441405707494,0.20851441405707494,0.20851441405707494,0.20851441405707494,0.20851441405707494,0.20851441405707494,0.20851441405707494,0.20851441405707494,0.20851441405707494,0.20851441405707494,-4.79583152331272,0.20851441405707494,0.20851441405707494,0.20851441405707494,0.20851441405707494,0.20851441405707494,0.20851441405707494,0.20851441405707494,0.20851441405707494,0.20851441405707494,0.20851441405707494,0.20851441405707494,0.20851441405707494,0.20851441405707494,0.20851441405707494,0.20851441405707494,0.20851441405707494,0.20851441405707494,0.20851441405707494,0.20851441405707494,0.20851441405707494,0.20851441405707494,0.20851441405707494,0.20851441405707494,-4.79583152331272
2380,-1.3436409756562098,-1.5604408246127508,-1.706780722658416,-1.7702265608089331,-1.6929119087913431,-1.4196803344446436,-0.8700289526783543,-0.016220135758329448,0.46998540785744275,0.5992682589631448,0.6442223452908982,0.6281217682728021,0.5685018098097533,0.5101571445758607,0.45755129887317053,0.35887548526721547,0.328427859421113,0.6081953115672376,1.1568902234116598,1.240103106614097,1.0757496917066016,0.9348297898848499,0.5707335729607765,0.22831734093235728,-0.20851441405707466,-0.20851441405707466,-0.20851441405707466,-0.20851441405707466,-0.20851441405707466,-0.20851441405707466,-0.20851441405707466,-0.20851441405707466,-0.20851441405707466,-0.20851441405707466,-0.20851441405707466,-0.20851441405707466,-0.20851441405707466,-0.20851441405707466,-0.20851441405707466,-0.20851441405707466,-0.20851441405707466,-0.20851441405707466,-0.20851441405707466,-0.20851441405707466,-0.20851441405707466,-0.20851441405707466,-0.20851441405707466,4.79583152331272,-0.20851441405707466,-0.20851441405707466,-0.20851441405707466,-0.20851441405707466,-0.20851441405707466,-0.20851441405707466,-0.20851441405707466,-0.20851441405707466,-0.20851441405707466,-0.20851441405707466,-0.20851441405707466,-0.20851441405707466,-0.20851441405707466,-0.20851441405707466,-0.20851441405707466,-0.20851441405707466,-0.20851441405707466,-0.20851441405707466,-0.20851441405707466,-0.20851441405707466,-0.20851441405707466,-0.20851441405707466,-0.20851441405707466,4.79583152331272,-0.20851441405707466,-0.20851441405707466,-0.20851441405707466,-0.20851441405707466,-0.20851441405707466,-0.20851441405707466,-0.20851441405707466,-0.20851441405707466,-0.20851441405707466,-0.20851441405707466,-0.20851441405707466,-0.20851441405707466,-0.20851441405707466,-0.20851441405707466,-0.20851441405707466,-0.20851441405707466,-0.20851441405707466,-0.20851441405707466,-0.20851441405707466,-0.20851441405707466,-0.20851441405707466,-0.20851441405707466,-0.20851441405707466,4.79583152331272
2381,-0.9625612933657272,-1.1158597457833996,-1.3173843070923463,-1.2395701990262329,-1.1405552411576754,-0.9898195288260124,-0.026928185600722264,1.1496024902491968,1.8655388797317316,1.8769547219330476,1.55824304578202,1.1102294834732291,0.5902262223847105,0.045061513179005454,-0.3318942558358795,-0.6596920104736688,-0.6450144990719767,-0.11918682869707234,0.6922698730821886,0.7808008942352518,0.47466994214281744,0.09072488198426963,-0.5112860618565602,-1.174569791390168,-0.20851441405707383,-0.20851441405707383,-0.20851441405707383,-0.20851441405707383,-0.20851441405707383,-0.20851441405707383,-0.20851441405707383,-0.20851441405707383,-0.20851441405707383,-0.20851441405707383,-0.20851441405707383,-0.20851441405707383,-0.20851441405707383,-0.20851441405707383,-0.20851441405707383,-0.20851441405707383,-0.20851441405707383,-0.20851441405707383,-0.20851441405707383,-0.20851441405707383,-0.20851441405707383,-0.20851441405707383,-0.20851441405707383,4.79583152331272,-0.20851441405707383,-0.20851441405707383,-0.20851441405707383,-0.20851441405707383,-0.20851441405707383,-0.20851441405707383,-0.20851441405707383,-0.20851441405707383,-0.20851441405707383,-0.20851441405707383,-0.20851441405707383,-0.20851441405707383,-0.20851441405707383,-0.20851441405707383,-0.20851441405707383,-0.20851441405707383,-0.20851441405707383,-0.20851441405707383,-0.20851441405707383,-0.20851441405707383,-0.20851441405707383,-0.20851441405707383,-0.20851441405707383,4.79583152331272,-0.20851441405707383,-0.20851441405707383,-0.20851441405707383,-0.20851441405707383,-0.20851441405707383,-0.20851441405707383,-0.20851441405707383,-0.20851441405707383,-0.20851441405707383,-0.20851441405707383,-0.20851441405707383,-0.20851441405707383,-0.20851441405707383,-0.20851441405707383,-0.20851441405707383,-0.20851441405707383,-0.20851441405707383,-0.20851441405707383,-0.20851441405707383,-0.20851441405707383,-0.20851441405707383,-0.20851441405707383,-0.20851441405707383,4.79583152331272
2382,1.3190381877044735,0.7480853225946374,0.26749666316608567,-0.03067137131036092,-0.14540345268097998,-0.1951545322133723,-0.2550588932829876,0.35583021253992514,0.9145991398050934,1.1755384753117226,1.181292001516149,0.9311828329825576,0.7264249886485619,0.49120729970289745,0.104367273134704,-0.19752363123872432,-0.7495237041457441,-0.30176398835421303,0.32333971162081176,0.14802638374476257,-0.4879074832033,-1.1827303830672555,-2.0972026068531338,-3.0434884461223106,0.2085144140570739,0.2085144140570739,0.2085144140570739,0.2085144140570739,0.2085144140570739,0.2085144140570739,0.2085144140570739,0.2085144140570739,0.2085144140570739,0.2085144140570739,0.2085144140570739,0.2085144140570739,0.2085144140570739,0.2085144140570739,0.2085144140570739,0.2085144140570739,0.2085144140570739,0.2085144140570739,0.2085144140570739,0.2085144140570739,0.2085144140570739,0.2085144140570739,0.2085144140570739,-4.79583152331272,0.2085144140570739,0.2085144140570739,0.2085144140570739,0.2085144140570739,0.2085144140570739,0.2085144140570739,0.2085144140570739,0.2085144140570739,0.2085144140570739,0.2085144140570739,0.2085144140570739,0.2085144140570739,0.2085144140570739,0.2085144140570739,0.2085144140570739,0.2085144140570739,0.2085144140570739,0.2085144140570739,0.2085144140570739,0.2085144140570739,0.2085144140570739,0.2085144140570739,0.2085144140570739,-4.79583152331272,0.2085144140570739,0.2085144140570739,0.2085144140570739,0.2085144140570739,0.2085144140570739,0.2085144140570739,0.2085144140570739,0.2085144140570739,0.2085144140570739,0.2085144140570739,0.2085144140570739,0.2085144140570739,0.2085144140570739,0.2085144140570739,0.2085144140570739,0.2085144140570739,0.2085144140570739,0.2085144140570739,0.2085144140570739,0.2085144140570739,0.2085144140570739,0.2085144140570739,0.2085144140570739,-4.79583152331272
2383,-0.7654299594685942,-0.9133435947304976,-1.1292616245946212,-1.2461900440905251,-1.3914943980247654,-1.4048669648290388,-1.2487993254181882,-1.0222810901604331,-0.6724743121705953,-0.31092576820627343,-0.05456387776337134,0.11520248861771078,0.18630540479653096,0.21859526122636214,0.21011509691145697,0.2145182591518885,0.3637365350776235,0.8652077902378805,1.5724861101175664,1.71110418064967,1.6615278354240708,1.427507916349284,1.0496513640870677,0.5636727168098106,-0.20851441405706256,-0.20851441405706256,-0.20851441405706256,-0.20851441405706256,-0.20851441405706256,-0.20851441405706256,-0.20851441405706256,-0.20851441405706256,-0.20851441405706256,-0.20851441405706256,-0.20851441405706256,-0.20851441405706256,-0.20851441405706256,-0.20851441405706256,-0.20851441405706256,-0.20851441405706256,-0.20851441405706256,-0.20851441405706256,-0.20851441405706256,-0.20851441405706256,-0.20851441405706256,-0.20851441405706256,-0.20851441405706256,4.7958315233127315,-0.20851441405706256,-0.20851441405706256,-0.20851441405706256,-0.20851441405706256,-0.20851441405706256,-0.20851441405706256,-0.20851441405706256,-0.20851441405706256,-0.20851441405706256,-0.20851441405706256,-0.20851441405706256,-0.20851441405706256,-0.20851441405706256,-0.20851441405706256,-0.20851441405706256,-0.20851441405706256,-0.20851441405706256,-0.20851441405706256,-0.20851441405706256,-0.20851441405706256,-0.20851441405706256,-0.20851441405706256,-0.20851441405706256,4.7958315233127315,-0.20851441405706256,-0.20851441405706256,-0.20851441405706256,-0.20851441405706256,-0.20851441405706256,-0.20851441405706256,-0.20851441405706256,-0.20851441405706256,-0.20851441405706256,-0.20851441405706256,-0.20851441405706256,-0.20851441405706256,-0.20851441405706256,-0.20851441405706256,-0.20851441405706256,-0.20851441405706256,-0.20851441405706256,-0.20851441405706256,-0.20851441405706256,-0.20851441405706256,-0.20851441405706256,-0.20851441405706256,-0.20851441405706256,4.7958315233127315
2384,-1.5092982044063226,-1.5783611425849031,-1.6748721715780477,-1.6337885775846357,-1.4634333300774705,-1.0938580685936308,-0.34231163364518075,0.6954032836022079,1.3644283616500976,1.319271825148718,1.0458534237442867,0.7573828435060622,0.42446406459393066,0.14626438285405904,-0.13600824139378012,-0.320884414364134,-0.3086655868402313,0.0972119883015801,0.8726648249272311,1.1616666585360602,1.051697210820936,0.8469875786813487,0.4101202235876101,-0.13193529888581254,-0.2085144140570756,-0.2085144140570756,-0.2085144140570756,-0.2085144140570756,-0.2085144140570756,-0.2085144140570756,-0.2085144140570756,-0.2085144140570756,-0.2085144140570756,-0.2085144140570756,-0.2085144140570756,-0.2085144140570756,-0.2085144140570756,-0.2085144140570756,-0.2085144140570756,-0.2085144140570756,-0.2085144140570756,-0.2085144140570756,-0.2085144140570756,-0.2085144140570756,-0.2085144140570756,-0.2085144140570756,-0.2085144140570756,4.795831523312719,-0.2085144140570756,-0.2085144140570756,-0.2085144140570756,-0.2085144140570756,-0.2085144140570756,-0.2085144140570756,-0.2085144140570756,-0.2085144140570756,-0.2085144140570756,-0.2085144140570756,-0.2085144140570756,-0.2085144140570756,-0.2085144140570756,-0.2085144140570756,-0.2085144140570756,-0.2085144140570756,-0.2085144140570756,-0.2085144140570756,-0.2085144140570756,-0.2085144140570756,-0.2085144140570756,-0.2085144140570756,-0.2085144140570756,4.795831523312719,-0.2085144140570756,-0.2085144140570756,-0.2085144140570756,-0.2085144140570756,-0.2085144140570756,-0.2085144140570756,-0.2085144140570756,-0.2085144140570756,-0.2085144140570756,-0.2085144140570756,-0.2085144140570756,-0.2085144140570756,-0.2085144140570756,-0.2085144140570756,-0.2085144140570756,-0.2085144140570756,-0.2085144140570756,-0.2085144140570756,-0.2085144140570756,-0.2085144140570756,-0.2085144140570756,-0.2085144140570756,-0.2085144140570756,4.795831523312719
2385,-0.5502007761280682,-0.7269051095503875,-0.7113796421051894,-0.7373235153359808,-0.6929942201306128,-0.3992360334701561,0.5721270941866393,1.7604382011434383,2.3064852337883623,2.008437115333838,1.3992668005762008,0.8043962584654566,0.20972999882109666,-0.31466309238710394,-0.6406979087362618,-0.9777639782701656,-1.0611112245549126,-0.6552019638495389,0.22913683312759417,0.41585100740273845,0.20605291442618137,-0.1994477813464241,-0.8047367292427616,-1.4402594821639583,0.20851441405706364,0.20851441405706364,0.20851441405706364,0.20851441405706364,0.20851441405706364,0.20851441405706364,0.20851441405706364,0.20851441405706364,0.20851441405706364,0.20851441405706364,0.20851441405706364,0.20851441405706364,0.20851441405706364,0.20851441405706364,0.20851441405706364,0.20851441405706364,0.20851441405706364,0.20851441405706364,0.20851441405706364,0.20851441405706364,0.20851441405706364,0.20851441405706364,0.20851441405706364,-4.795831523312731,0.20851441405706364,0.20851441405706364,0.20851441405706364,0.20851441405706364,0.20851441405706364,0.20851441405706364,0.20851441405706364,0.20851441405706364,0.20851441405706364,0.20851441405706364,0.20851441405706364,0.20851441405706364,0.20851441405706364,0.20851441405706364,0.20851441405706364,0.20851441405706364,0.20851441405706364,0.20851441405706364,0.20851441405706364,0.20851441405706364,0.20851441405706364,0.20851441405706364,0.20851441405706364,-4.795831523312731,0.20851441405706364,0.20851441405706364,0.20851441405706364,0.20851441405706364,0.20851441405706364,0.20851441405706364,0.20851441405706364,0.20851441405706364,0.20851441405706364,0.20851441405706364,0.20851441405706364,0.20851441405706364,0.20851441405706364,0.20851441405706364,0.20851441405706364,0.20851441405706364,0.20851441405706364,0.20851441405706364,0.20851441405706364,0.20851441405706364,0.20851441405706364,0.20851441405706364,0.20851441405706364,-4.795831523312731
2386,-0.45056119657314564,-0.8522466273434968,-1.134395643058864,-1.2393938454720255,-1.44373650093764,-1.1680489130630825,-0.1702967639780146,1.2687170614023653,2.0217426310167568,1.8523993763555298,1.3459849693320507,0.8051096138242523,0.29331068360009843,-0.15495087285609102,-0.5000988100193552,-0.7905938366957687,-0.8177856788591771,-0.33129400767819556,0.6591890350859612,0.977952808565918,0.8075326492645559,0.39588585057295617,-0.3172942473564407,-1.0571277351291786,0.20851441405708496,0.20851441405708496,0.20851441405708496,0.20851441405708496,0.20851441405708496,0.20851441405708496,0.20851441405708496,0.20851441405708496,0.20851441405708496,0.20851441405708496,0.20851441405708496,0.20851441405708496,0.20851441405708496,0.20851441405708496,0.20851441405708496,0.20851441405708496,0.20851441405708496,0.20851441405708496,0.20851441405708496,0.20851441405708496,0.20851441405708496,0.20851441405708496,0.20851441405708496,-4.795831523312709,0.20851441405708496,0.20851441405708496,0.20851441405708496,0.20851441405708496,0.20851441405708496,0.20851441405708496,0.20851441405708496,0.20851441405708496,0.20851441405708496,0.20851441405708496,0.20851441405708496,0.20851441405708496,0.20851441405708496,0.20851441405708496,0.20851441405708496,0.20851441405708496,0.20851441405708496,0.20851441405708496,0.20851441405708496,0.20851441405708496,0.20851441405708496,0.20851441405708496,0.20851441405708496,-4.795831523312709,0.20851441405708496,0.20851441405708496,0.20851441405708496,0.20851441405708496,0.20851441405708496,0.20851441405708496,0.20851441405708496,0.20851441405708496,0.20851441405708496,0.20851441405708496,0.20851441405708496,0.20851441405708496,0.20851441405708496,0.20851441405708496,0.20851441405708496,0.20851441405708496,0.20851441405708496,0.20851441405708496,0.20851441405708496,0.20851441405708496,0.20851441405708496,0.20851441405708496,0.20851441405708496,-4.795831523312709
2387,-1.0434339230716976,-1.323247734359578,-1.4781364338533638,-1.512248826003781,-1.458544857280489,-1.150380882245978,-0.12585667205270828,1.193693632414439,1.882625660371173,1.7399528850934152,1.27713069970127,0.8348220474266052,0.3862901884758509,0.00782702691514244,-0.1694191187853355,-0.42848890781958415,-0.477813582955998,-0.07814542086935466,0.6170098137634691,0.853491667454874,0.7373251428345348,0.4595857337720173,-0.08874792113232213,-0.6552902177926274,0.20851441405707663,0.20851441405707663,0.20851441405707663,0.20851441405707663,0.20851441405707663,0.20851441405707663,0.20851441405707663,0.20851441405707663,0.20851441405707663,0.20851441405707663,0.20851441405707663,0.20851441405707663,0.20851441405707663,0.20851441405707663,0.20851441405707663,0.20851441405707663,0.20851441405707663,0.20851441405707663,0.20851441405707663,0.20851441405707663,0.20851441405707663,0.20851441405707663,0.20851441405707663,-4.795831523312717,0.20851441405707663,0.20851441405707663,0.20851441405707663,0.20851441405707663,0.20851441405707663,0.20851441405707663,0.20851441405707663,0.20851441405707663,0.20851441405707663,0.20851441405707663,0.20851441405707663,0.20851441405707663,0.20851441405707663,0.20851441405707663,0.20851441405707663,0.20851441405707663,0.20851441405707663,0.20851441405707663,0.20851441405707663,0.20851441405707663,0.20851441405707663,0.20851441405707663,0.20851441405707663,-4.795831523312717,0.20851441405707663,0.20851441405707663,0.20851441405707663,0.20851441405707663,0.20851441405707663,0.20851441405707663,0.20851441405707663,0.20851441405707663,0.20851441405707663,0.20851441405707663,0.20851441405707663,0.20851441405707663,0.20851441405707663,0.20851441405707663,0.20851441405707663,0.20851441405707663,0.20851441405707663,0.20851441405707663,0.20851441405707663,0.20851441405707663,0.20851441405707663,0.20851441405707663,0.20851441405707663,-4.795831523312717
2388,-1.2906046391060524,-1.5751176284954471,-1.7131959604089015,-1.6785768973643178,-1.5038899010818783,-1.2392729249364973,-0.41279253478017225,0.6466701704635521,1.3046313284430822,1.3796392983730135,1.224251434937267,1.0298673855432543,0.7863401834365277,0.565892356692857,0.3912053604104175,0.24735718465619913,0.14867295896589167,0.3396746861084223,0.7859422631716474,0.8070320372103018,0.5394306590783189,0.2244767694255835,-0.23790657836529266,-0.7697270123777763,0.20851441405707327,0.20851441405707327,0.20851441405707327,0.20851441405707327,0.20851441405707327,0.20851441405707327,0.20851441405707327,0.20851441405707327,0.20851441405707327,0.20851441405707327,0.20851441405707327,0.20851441405707327,0.20851441405707327,0.20851441405707327,0.20851441405707327,0.20851441405707327,0.20851441405707327,0.20851441405707327,0.20851441405707327,0.20851441405707327,0.20851441405707327,0.20851441405707327,0.20851441405707327,-4.795831523312722,0.20851441405707327,0.20851441405707327,0.20851441405707327,0.20851441405707327,0.20851441405707327,0.20851441405707327,0.20851441405707327,0.20851441405707327,0.20851441405707327,0.20851441405707327,0.20851441405707327,0.20851441405707327,0.20851441405707327,0.20851441405707327,0.20851441405707327,0.20851441405707327,0.20851441405707327,0.20851441405707327,0.20851441405707327,0.20851441405707327,0.20851441405707327,0.20851441405707327,0.20851441405707327,-4.795831523312722,0.20851441405707327,0.20851441405707327,0.20851441405707327,0.20851441405707327,0.20851441405707327,0.20851441405707327,0.20851441405707327,0.20851441405707327,0.20851441405707327,0.20851441405707327,0.20851441405707327,0.20851441405707327,0.20851441405707327,0.20851441405707327,0.20851441405707327,0.20851441405707327,0.20851441405707327,0.20851441405707327,0.20851441405707327,0.20851441405707327,0.20851441405707327,0.20851441405707327,0.20851441405707327,-4.795831523312722
2389,-1.0207713300193588,-1.3366937261833787,-1.5254431971130678,-1.6003582823804177,-1.5775183173598841,-1.3701314349734397,-1.0205886102991946,-0.5332751166210913,-0.08707355997994821,0.2970032918053436,0.522113987047722,0.5032938558708024,0.41229943522899687,0.2441972926778701,0.1119082152789399,0.03516593280994724,0.16471421440641343,0.6511141094836954,1.420546851095429,1.5564903228976446,1.4517919232435188,1.2763809918858213,0.9156922642815559,0.5091408869160591,-0.20851441405707546,-0.20851441405707546,-0.20851441405707546,-0.20851441405707546,-0.20851441405707546,-0.20851441405707546,-0.20851441405707546,-0.20851441405707546,-0.20851441405707546,-0.20851441405707546,-0.20851441405707546,-0.20851441405707546,-0.20851441405707546,-0.20851441405707546,-0.20851441405707546,-0.20851441405707546,-0.20851441405707546,-0.20851441405707546,-0.20851441405707546,-0.20851441405707546,-0.20851441405707546,-0.20851441405707546,-0.20851441405707546,4.795831523312719,-0.20851441405707546,-0.20851441405707546,-0.20851441405707546,-0.20851441405707546,-0.20851441405707546,-0.20851441405707546,-0.20851441405707546,-0.20851441405707546,-0.20851441405707546,-0.20851441405707546,-0.20851441405707546,-0.20851441405707546,-0.20851441405707546,-0.20851441405707546,-0.20851441405707546,-0.20851441405707546,-0.20851441405707546,-0.20851441405707546,-0.20851441405707546,-0.20851441405707546,-0.20851441405707546,-0.20851441405707546,-0.20851441405707546,4.795831523312719,-0.20851441405707546,-0.20851441405707546,-0.20851441405707546,-0.20851441405707546,-0.20851441405707546,-0.20851441405707546,-0.20851441405707546,-0.20851441405707546,-0.20851441405707546,-0.20851441405707546,-0.20851441405707546,-0.20851441405707546,-0.20851441405707546,-0.20851441405707546,-0.20851441405707546,-0.20851441405707546,-0.20851441405707546,-0.20851441405707546,-0.20851441405707546,-0.20851441405707546,-0.20851441405707546,-0.20851441405707546,-0.20851441405707546,4.795831523312719
2390,-0.7191107940854374,-1.1193990003604417,-1.4124181924538737,-1.4288683927117505,-1.3359933037558207,-1.0751890871673975,-0.5573504915496481,0.16543018228081752,0.8789576184662274,1.3625249635467334,1.4475176648790973,1.1130302596356005,0.6431714147699921,0.13835589435639517,-0.42609160199200546,-0.8709324339654262,-0.8890961967501653,-0.09674488432909532,1.2391484616126567,1.5215435660395433,1.2884990623862873,0.7949930546499808,0.12533281915224262,-0.787310582654552,-0.20851441405707624,-0.20851441405707624,-0.20851441405707624,-0.20851441405707624,-0.20851441405707624,-0.20851441405707624,-0.20851441405707624,-0.20851441405707624,-0.20851441405707624,-0.20851441405707624,-0.20851441405707624,-0.20851441405707624,-0.20851441405707624,-0.20851441405707624,-0.20851441405707624,-0.20851441405707624,-0.20851441405707624,-0.20851441405707624,-0.20851441405707624,-0.20851441405707624,-0.20851441405707624,-0.20851441405707624,-0.20851441405707624,4.795831523312718,-0.20851441405707624,-0.20851441405707624,-0.20851441405707624,-0.20851441405707624,-0.20851441405707624,-0.20851441405707624,-0.20851441405707624,-0.20851441405707624,-0.20851441405707624,-0.20851441405707624,-0.20851441405707624,-0.20851441405707624,-0.20851441405707624,-0.20851441405707624,-0.20851441405707624,-0.20851441405707624,-0.20851441405707624,-0.20851441405707624,-0.20851441405707624,-0.20851441405707624,-0.20851441405707624,-0.20851441405707624,-0.20851441405707624,4.795831523312718,-0.20851441405707624,-0.20851441405707624,-0.20851441405707624,-0.20851441405707624,-0.20851441405707624,-0.20851441405707624,-0.20851441405707624,-0.20851441405707624,-0.20851441405707624,-0.20851441405707624,-0.20851441405707624,-0.20851441405707624,-0.20851441405707624,-0.20851441405707624,-0.20851441405707624,-0.20851441405707624,-0.20851441405707624,-0.20851441405707624,-0.20851441405707624,-0.20851441405707624,-0.20851441405707624,-0.20851441405707624,-0.20851441405707624,4.795831523312718
2391,-1.2985719324150677,-1.5154902323761275,-1.6222903513818117,-1.662521852521817,-1.5598693109532467,-1.1276917420059729,-0.34151843880102356,0.5582984861808481,1.2565431477189817,1.402330494633537,1.3069362135799163,1.1105484219325708,0.8034203127142826,0.47513955856671336,0.2009846899734812,-0.0941154446771764,-0.19303516655234412,0.07323930491037152,0.7405845145420062,0.9987712100023497,0.8208401379501612,0.49463317252114897,-0.07337755749160664,-0.7537876360501503,-0.20851441405710808,-0.20851441405710808,-0.20851441405710808,-0.20851441405710808,-0.20851441405710808,-0.20851441405710808,-0.20851441405710808,-0.20851441405710808,-0.20851441405710808,-0.20851441405710808,-0.20851441405710808,-0.20851441405710808,-0.20851441405710808,-0.20851441405710808,-0.20851441405710808,-0.20851441405710808,-0.20851441405710808,-0.20851441405710808,-0.20851441405710808,-0.20851441405710808,-0.20851441405710808,-0.20851441405710808,-0.20851441405710808,4.795831523312686,-0.20851441405710808,-0.20851441405710808,-0.20851441405710808,-0.20851441405710808,-0.20851441405710808,-0.20851441405710808,-0.20851441405710808,-0.20851441405710808,-0.20851441405710808,-0.20851441405710808,-0.20851441405710808,-0.20851441405710808,-0.20851441405710808,-0.20851441405710808,-0.20851441405710808,-0.20851441405710808,-0.20851441405710808,-0.20851441405710808,-0.20851441405710808,-0.20851441405710808,-0.20851441405710808,-0.20851441405710808,-0.20851441405710808,4.795831523312686,-0.20851441405710808,-0.20851441405710808,-0.20851441405710808,-0.20851441405710808,-0.20851441405710808,-0.20851441405710808,-0.20851441405710808,-0.20851441405710808,-0.20851441405710808,-0.20851441405710808,-0.20851441405710808,-0.20851441405710808,-0.20851441405710808,-0.20851441405710808,-0.20851441405710808,-0.20851441405710808,-0.20851441405710808,-0.20851441405710808,-0.20851441405710808,-0.20851441405710808,-0.20851441405710808,-0.20851441405710808,-0.20851441405710808,4.795831523312686
2392,-0.8255109189156016,-1.143045150109294,-1.291297197722349,-1.280469800986564,-1.0964040564782205,-0.6387383252233118,0.34134929853321927,1.5737985539007373,2.1513985259212633,1.8915410042624254,1.317480758097829,0.7765273596445746,0.3261492992695212,-0.05697396984286824,-0.3903328578042462,-0.6999547606140958,-0.7007876372860792,-0.30496299892594203,0.4539958684189816,0.6938643499502167,0.4768999768985266,0.13375478804134303,-0.5163054544417438,-1.191976654588322,0.2085144140570757,0.2085144140570757,0.2085144140570757,0.2085144140570757,0.2085144140570757,0.2085144140570757,0.2085144140570757,0.2085144140570757,0.2085144140570757,0.2085144140570757,0.2085144140570757,0.2085144140570757,0.2085144140570757,0.2085144140570757,0.2085144140570757,0.2085144140570757,0.2085144140570757,0.2085144140570757,0.2085144140570757,0.2085144140570757,0.2085144140570757,0.2085144140570757,0.2085144140570757,-4.795831523312718,0.2085144140570757,0.2085144140570757,0.2085144140570757,0.2085144140570757,0.2085144140570757,0.2085144140570757,0.2085144140570757,0.2085144140570757,0.2085144140570757,0.2085144140570757,0.2085144140570757,0.2085144140570757,0.2085144140570757,0.2085144140570757,0.2085144140570757,0.2085144140570757,0.2085144140570757,0.2085144140570757,0.2085144140570757,0.2085144140570757,0.2085144140570757,0.2085144140570757,0.2085144140570757,-4.795831523312718,0.2085144140570757,0.2085144140570757,0.2085144140570757,0.2085144140570757,0.2085144140570757,0.2085144140570757,0.2085144140570757,0.2085144140570757,0.2085144140570757,0.2085144140570757,0.2085144140570757,0.2085144140570757,0.2085144140570757,0.2085144140570757,0.2085144140570757,0.2085144140570757,0.2085144140570757,0.2085144140570757,0.2085144140570757,0.2085144140570757,0.2085144140570757,0.2085144140570757,0.2085144140570757,-4.795831523312718
2393,-1.2646596301419435,-1.4797417199476117,-1.6245239793530728,-1.7096237740480604,-1.665384750340836,-1.3833810828544215,-0.8595910421608868,-0.012453955461822385,0.4379797404662787,0.4891361387895416,0.37652771480751634,0.2949670420091066,0.24171934438332038,0.21807157534709506,0.25716278538656956,0.24815411146800753,0.3860189962574299,0.7391268400296377,1.2864037805822806,1.4833076533737075,1.3605644712333,1.1343824082065463,0.7397703167381064,0.306067015230192,-0.20851441405707685,-0.20851441405707685,-0.20851441405707685,-0.20851441405707685,-0.20851441405707685,-0.20851441405707685,-0.20851441405707685,-0.20851441405707685,-0.20851441405707685,-0.20851441405707685,-0.20851441405707685,-0.20851441405707685,-0.20851441405707685,-0.20851441405707685,-0.20851441405707685,-0.20851441405707685,-0.20851441405707685,-0.20851441405707685,-0.20851441405707685,-0.20851441405707685,-0.20851441405707685,-0.20851441405707685,-0.20851441405707685,4.795831523312717,-0.20851441405707685,-0.20851441405707685,-0.20851441405707685,-0.20851441405707685,-0.20851441405707685,-0.20851441405707685,-0.20851441405707685,-0.20851441405707685,-0.20851441405707685,-0.20851441405707685,-0.20851441405707685,-0.20851441405707685,-0.20851441405707685,-0.20851441405707685,-0.20851441405707685,-0.20851441405707685,-0.20851441405707685,-0.20851441405707685,-0.20851441405707685,-0.20851441405707685,-0.20851441405707685,-0.20851441405707685,-0.20851441405707685,4.795831523312717,-0.20851441405707685,-0.20851441405707685,-0.20851441405707685,-0.20851441405707685,-0.20851441405707685,-0.20851441405707685,-0.20851441405707685,-0.20851441405707685,-0.20851441405707685,-0.20851441405707685,-0.20851441405707685,-0.20851441405707685,-0.20851441405707685,-0.20851441405707685,-0.20851441405707685,-0.20851441405707685,-0.20851441405707685,-0.20851441405707685,-0.20851441405707685,-0.20851441405707685,-0.20851441405707685,-0.20851441405707685,-0.20851441405707685,4.795831523312717
2394,-1.5175532101886722,-1.607278844598069,-1.684835806366976,-1.7903953762603841,-1.6669493236905928,-1.3079001755392643,-0.5909747633465339,0.2699221733397061,0.7978666333204877,0.8504998077534509,0.7044757360675696,0.5665152426374348,0.4031911303301339,0.28604932985119896,0.1892863907822415,0.16362955087759368,0.13372100607446136,0.4580234624692098,1.0556079164768926,1.2529456679720696,1.1460666034549938,0.9751187444331689,0.6577069821842402,0.2552611219656216,-0.2085144140570756,-0.2085144140570756,-0.2085144140570756,-0.2085144140570756,-0.2085144140570756,-0.2085144140570756,-0.2085144140570756,-0.2085144140570756,-0.2085144140570756,-0.2085144140570756,-0.2085144140570756,-0.2085144140570756,-0.2085144140570756,-0.2085144140570756,-0.2085144140570756,-0.2085144140570756,-0.2085144140570756,-0.2085144140570756,-0.2085144140570756,-0.2085144140570756,-0.2085144140570756,-0.2085144140570756,-0.2085144140570756,4.795831523312719,-0.2085144140570756,-0.2085144140570756,-0.2085144140570756,-0.2085144140570756,-0.2085144140570756,-0.2085144140570756,-0.2085144140570756,-0.2085144140570756,-0.2085144140570756,-0.2085144140570756,-0.2085144140570756,-0.2085144140570756,-0.2085144140570756,-0.2085144140570756,-0.2085144140570756,-0.2085144140570756,-0.2085144140570756,-0.2085144140570756,-0.2085144140570756,-0.2085144140570756,-0.2085144140570756,-0.2085144140570756,-0.2085144140570756,4.795831523312719,-0.2085144140570756,-0.2085144140570756,-0.2085144140570756,-0.2085144140570756,-0.2085144140570756,-0.2085144140570756,-0.2085144140570756,-0.2085144140570756,-0.2085144140570756,-0.2085144140570756,-0.2085144140570756,-0.2085144140570756,-0.2085144140570756,-0.2085144140570756,-0.2085144140570756,-0.2085144140570756,-0.2085144140570756,-0.2085144140570756,-0.2085144140570756,-0.2085144140570756,-0.2085144140570756,-0.2085144140570756,-0.2085144140570756,4.795831523312719
2395,-0.818267190751046,-1.0063574115622738,-1.0601631715498379,-1.0833870252196838,-1.1160383838446157,-0.7262915326526461,0.09045231126114517,1.321316555762982,2.0626403600360854,1.9952681904790075,1.5760891286955498,1.1008049154720683,0.5811424472161087,0.006064644955863245,-0.5216456933837063,-0.947722929524544,-1.036709378734746,-0.6120117774653842,0.282221558396309,0.5772334817469268,0.43076224622522485,0.1557550285110091,-0.3103316189026325,-0.9408247551671639,0.20851441405707477,0.20851441405707477,0.20851441405707477,0.20851441405707477,0.20851441405707477,0.20851441405707477,0.20851441405707477,0.20851441405707477,0.20851441405707477,0.20851441405707477,0.20851441405707477,0.20851441405707477,0.20851441405707477,0.20851441405707477,0.20851441405707477,0.20851441405707477,0.20851441405707477,0.20851441405707477,0.20851441405707477,0.20851441405707477,0.20851441405707477,0.20851441405707477,0.20851441405707477,-4.79583152331272,0.20851441405707477,0.20851441405707477,0.20851441405707477,0.20851441405707477,0.20851441405707477,0.20851441405707477,0.20851441405707477,0.20851441405707477,0.20851441405707477,0.20851441405707477,0.20851441405707477,0.20851441405707477,0.20851441405707477,0.20851441405707477,0.20851441405707477,0.20851441405707477,0.20851441405707477,0.20851441405707477,0.20851441405707477,0.20851441405707477,0.20851441405707477,0.20851441405707477,0.20851441405707477,-4.79583152331272,0.20851441405707477,0.20851441405707477,0.20851441405707477,0.20851441405707477,0.20851441405707477,0.20851441405707477,0.20851441405707477,0.20851441405707477,0.20851441405707477,0.20851441405707477,0.20851441405707477,0.20851441405707477,0.20851441405707477,0.20851441405707477,0.20851441405707477,0.20851441405707477,0.20851441405707477,0.20851441405707477,0.20851441405707477,0.20851441405707477,0.20851441405707477,0.20851441405707477,0.20851441405707477,-4.79583152331272
2396,0.3341175281273457,0.01725800016648273,-0.03987193141911527,-0.15942160307045922,-0.054947885587536965,0.05058379359141489,0.6091875690950398,1.2989785949063342,1.82901740461716,1.9416903252443116,1.5449546892332144,0.8548991729979126,0.1063912730569759,-0.6907828649013221,-1.3059875911425303,-1.7225600089541822,-1.7688458331554768,-1.345132173895625,-0.2866414970180177,0.21033600969188337,0.13945257605790068,-0.04807113456334461,-0.46649498534304845,-1.048109427735317,0.20851441405707968,0.20851441405707968,0.20851441405707968,0.20851441405707968,0.20851441405707968,0.20851441405707968,0.20851441405707968,0.20851441405707968,0.20851441405707968,0.20851441405707968,0.20851441405707968,0.20851441405707968,0.20851441405707968,0.20851441405707968,0.20851441405707968,0.20851441405707968,0.20851441405707968,0.20851441405707968,0.20851441405707968,0.20851441405707968,0.20851441405707968,0.20851441405707968,0.20851441405707968,-4.795831523312715,0.20851441405707968,0.20851441405707968,0.20851441405707968,0.20851441405707968,0.20851441405707968,0.20851441405707968,0.20851441405707968,0.20851441405707968,0.20851441405707968,0.20851441405707968,0.20851441405707968,0.20851441405707968,0.20851441405707968,0.20851441405707968,0.20851441405707968,0.20851441405707968,0.20851441405707968,0.20851441405707968,0.20851441405707968,0.20851441405707968,0.20851441405707968,0.20851441405707968,0.20851441405707968,-4.795831523312715,0.20851441405707968,0.20851441405707968,0.20851441405707968,0.20851441405707968,0.20851441405707968,0.20851441405707968,0.20851441405707968,0.20851441405707968,0.20851441405707968,0.20851441405707968,0.20851441405707968,0.20851441405707968,0.20851441405707968,0.20851441405707968,0.20851441405707968,0.20851441405707968,0.20851441405707968,0.20851441405707968,0.20851441405707968,0.20851441405707968,0.20851441405707968,0.20851441405707968,0.20851441405707968,-4.795831523312715
2397,-0.21091688779052925,-0.5598529213092791,-0.8125187543452664,-0.8431027891556747,-1.0898603427396514,-0.8517914354086317,-0.2832064246151308,0.4014589001178745,1.1827419711837608,1.4924053236391455,1.204289813891094,0.6725446632101304,0.08171671800905983,-0.6251915411315152,-1.1930814602247795,-1.553834052647551,-1.5072629087317018,-0.7836724487854494,0.7924479815009359,1.613698825330424,1.5699080482155212,1.1344330980173203,0.5682809081746474,-0.39963428440475357,0.2085144140570738,0.2085144140570738,0.2085144140570738,0.2085144140570738,0.2085144140570738,0.2085144140570738,0.2085144140570738,0.2085144140570738,0.2085144140570738,0.2085144140570738,0.2085144140570738,0.2085144140570738,0.2085144140570738,0.2085144140570738,0.2085144140570738,0.2085144140570738,0.2085144140570738,0.2085144140570738,0.2085144140570738,0.2085144140570738,0.2085144140570738,0.2085144140570738,0.2085144140570738,-4.795831523312721,0.2085144140570738,0.2085144140570738,0.2085144140570738,0.2085144140570738,0.2085144140570738,0.2085144140570738,0.2085144140570738,0.2085144140570738,0.2085144140570738,0.2085144140570738,0.2085144140570738,0.2085144140570738,0.2085144140570738,0.2085144140570738,0.2085144140570738,0.2085144140570738,0.2085144140570738,0.2085144140570738,0.2085144140570738,0.2085144140570738,0.2085144140570738,0.2085144140570738,0.2085144140570738,-4.795831523312721,0.2085144140570738,0.2085144140570738,0.2085144140570738,0.2085144140570738,0.2085144140570738,0.2085144140570738,0.2085144140570738,0.2085144140570738,0.2085144140570738,0.2085144140570738,0.2085144140570738,0.2085144140570738,0.2085144140570738,0.2085144140570738,0.2085144140570738,0.2085144140570738,0.2085144140570738,0.2085144140570738,0.2085144140570738,0.2085144140570738,0.2085144140570738,0.2085144140570738,0.2085144140570738,-4.795831523312721
2398,-1.3098431700348176,-1.4564510963292954,-1.5742008532238545,-1.5963184283113834,-1.4181139661775786,-1.0100973667057342,-0.10980673885717368,1.060739592203765,1.6638121395903884,1.5833462949862354,1.260008411563788,0.8669475057225586,0.47304402559228054,0.12843114137135278,-0.097378768093705,-0.2753725866552478,-0.3747963527629971,-0.006802032020967276,0.7386655702148905,1.0084999862827442,0.767102452470285,0.4460816483427214,-0.03523891427636168,-0.7322584948919179,0.20851441405707485,0.20851441405707485,0.20851441405707485,0.20851441405707485,0.20851441405707485,0.20851441405707485,0.20851441405707485,0.20851441405707485,0.20851441405707485,0.20851441405707485,0.20851441405707485,0.20851441405707485,0.20851441405707485,0.20851441405707485,0.20851441405707485,0.20851441405707485,0.20851441405707485,0.20851441405707485,0.20851441405707485,0.20851441405707485,0.20851441405707485,0.20851441405707485,0.20851441405707485,-4.795831523312719,0.20851441405707485,0.20851441405707485,0.20851441405707485,0.20851441405707485,0.20851441405707485,0.20851441405707485,0.20851441405707485,0.20851441405707485,0.20851441405707485,0.20851441405707485,0.20851441405707485,0.20851441405707485,0.20851441405707485,0.20851441405707485,0.20851441405707485,0.20851441405707485,0.20851441405707485,0.20851441405707485,0.20851441405707485,0.20851441405707485,0.20851441405707485,0.20851441405707485,0.20851441405707485,-4.795831523312719,0.20851441405707485,0.20851441405707485,0.20851441405707485,0.20851441405707485,0.20851441405707485,0.20851441405707485,0.20851441405707485,0.20851441405707485,0.20851441405707485,0.20851441405707485,0.20851441405707485,0.20851441405707485,0.20851441405707485,0.20851441405707485,0.20851441405707485,0.20851441405707485,0.20851441405707485,0.20851441405707485,0.20851441405707485,0.20851441405707485,0.20851441405707485,0.20851441405707485,0.20851441405707485,-4.795831523312719
2399,-1.4924842897880168,-1.6549738795787046,-1.755138695203101,-1.7219216452353525,-1.5243315644993636,-1.0553547610887277,-0.3461536220865904,0.6888828060321733,1.1989528671348693,1.1227591184975079,0.8525709491722128,0.5871769932443246,0.37280716561741106,0.15569778747769356,-0.019975889155863378,-0.22372995854566136,-0.24633125027629443,0.1378907091444675,0.8799664543002528,1.217102389282196,1.1756666877760353,0.9618105258702725,0.5599527100233348,0.12915839188490472,-0.2085144140570749,-0.2085144140570749,-0.2085144140570749,-0.2085144140570749,-0.2085144140570749,-0.2085144140570749,-0.2085144140570749,-0.2085144140570749,-0.2085144140570749,-0.2085144140570749,-0.2085144140570749,-0.2085144140570749,-0.2085144140570749,-0.2085144140570749,-0.2085144140570749,-0.2085144140570749,-0.2085144140570749,-0.2085144140570749,-0.2085144140570749,-0.2085144140570749,-0.2085144140570749,-0.2085144140570749,-0.2085144140570749,4.795831523312719,-0.2085144140570749,-0.2085144140570749,-0.2085144140570749,-0.2085144140570749,-0.2085144140570749,-0.2085144140570749,-0.2085144140570749,-0.2085144140570749,-0.2085144140570749,-0.2085144140570749,-0.2085144140570749,-0.2085144140570749,-0.2085144140570749,-0.2085144140570749,-0.2085144140570749,-0.2085144140570749,-0.2085144140570749,-0.2085144140570749,-0.2085144140570749,-0.2085144140570749,-0.2085144140570749,-0.2085144140570749,-0.2085144140570749,4.795831523312719,-0.2085144140570749,-0.2085144140570749,-0.2085144140570749,-0.2085144140570749,-0.2085144140570749,-0.2085144140570749,-0.2085144140570749,-0.2085144140570749,-0.2085144140570749,-0.2085144140570749,-0.2085144140570749,-0.2085144140570749,-0.2085144140570749,-0.2085144140570749,-0.2085144140570749,-0.2085144140570749,-0.2085144140570749,-0.2085144140570749,-0.2085144140570749,-0.2085144140570749,-0.2085144140570749,-0.2085144140570749,-0.2085144140570749,4.795831523312719
2400,-0.9719409460876661,-1.16726591100896,-1.2118069444707753,-1.2661817125929913,-1.1053712281464374,-0.6121419485130025,0.3507927748995753,1.5312265708010173,2.1050539109844038,1.8272027022464132,1.3619320799807844,0.8463358744531045,0.3137716561780665,-0.15940451748121784,-0.5222886082826739,-0.8398603923156165,-0.9653851229807323,-0.6404862425341576,0.2578543414424542,0.7350796999619036,0.6307649852309856,0.38588571035433883,-0.10464411270565273,-0.7791226194131411,-0.2085144140570696,-0.2085144140570696,-0.2085144140570696,-0.2085144140570696,-0.2085144140570696,-0.2085144140570696,-0.2085144140570696,-0.2085144140570696,-0.2085144140570696,-0.2085144140570696,-0.2085144140570696,-0.2085144140570696,-0.2085144140570696,-0.2085144140570696,-0.2085144140570696,-0.2085144140570696,-0.2085144140570696,-0.2085144140570696,-0.2085144140570696,-0.2085144140570696,-0.2085144140570696,-0.2085144140570696,-0.2085144140570696,4.795831523312724,-0.2085144140570696,-0.2085144140570696,-0.2085144140570696,-0.2085144140570696,-0.2085144140570696,-0.2085144140570696,-0.2085144140570696,-0.2085144140570696,-0.2085144140570696,-0.2085144140570696,-0.2085144140570696,-0.2085144140570696,-0.2085144140570696,-0.2085144140570696,-0.2085144140570696,-0.2085144140570696,-0.2085144140570696,-0.2085144140570696,-0.2085144140570696,-0.2085144140570696,-0.2085144140570696,-0.2085144140570696,-0.2085144140570696,4.795831523312724,-0.2085144140570696,-0.2085144140570696,-0.2085144140570696,-0.2085144140570696,-0.2085144140570696,-0.2085144140570696,-0.2085144140570696,-0.2085144140570696,-0.2085144140570696,-0.2085144140570696,-0.2085144140570696,-0.2085144140570696,-0.2085144140570696,-0.2085144140570696,-0.2085144140570696,-0.2085144140570696,-0.2085144140570696,-0.2085144140570696,-0.2085144140570696,-0.2085144140570696,-0.2085144140570696,-0.2085144140570696,-0.2085144140570696,4.795831523312724
2401,-0.3300193485146225,-0.5613106440306088,-0.7587667500278811,-0.8443647294819415,-0.9446077909664902,-0.5681281822172154,0.3095667339548027,1.654894269445169,2.2038323441741583,1.979863589673416,1.5089484519689242,0.9357702414653335,0.4125873109968578,-0.11387813785776185,-0.5592906327160587,-0.9037025618468507,-0.9812204960427108,-0.7246790590948481,0.019695110316863468,0.45576505284536617,0.29593165758158957,-0.10302057704205507,-0.7676042995290377,-1.6162615530543982,0.20851441405707646,0.20851441405707646,0.20851441405707646,0.20851441405707646,0.20851441405707646,0.20851441405707646,0.20851441405707646,0.20851441405707646,0.20851441405707646,0.20851441405707646,0.20851441405707646,0.20851441405707646,0.20851441405707646,0.20851441405707646,0.20851441405707646,0.20851441405707646,0.20851441405707646,0.20851441405707646,0.20851441405707646,0.20851441405707646,0.20851441405707646,0.20851441405707646,0.20851441405707646,-4.795831523312718,0.20851441405707646,0.20851441405707646,0.20851441405707646,0.20851441405707646,0.20851441405707646,0.20851441405707646,0.20851441405707646,0.20851441405707646,0.20851441405707646,0.20851441405707646,0.20851441405707646,0.20851441405707646,0.20851441405707646,0.20851441405707646,0.20851441405707646,0.20851441405707646,0.20851441405707646,0.20851441405707646,0.20851441405707646,0.20851441405707646,0.20851441405707646,0.20851441405707646,0.20851441405707646,-4.795831523312718,0.20851441405707646,0.20851441405707646,0.20851441405707646,0.20851441405707646,0.20851441405707646,0.20851441405707646,0.20851441405707646,0.20851441405707646,0.20851441405707646,0.20851441405707646,0.20851441405707646,0.20851441405707646,0.20851441405707646,0.20851441405707646,0.20851441405707646,0.20851441405707646,0.20851441405707646,0.20851441405707646,0.20851441405707646,0.20851441405707646,0.20851441405707646,0.20851441405707646,0.20851441405707646,-4.795831523312718
2402,-1.4403032281833725,-1.6748516188744993,-1.6724750568487903,-1.68088443017053,-1.4991688414355493,-1.228423582968239,-0.38273312674286625,0.6881822845343135,1.2786665416912426,1.3113899726606204,1.1360728201487025,0.9042666164103167,0.5565573108027381,0.25217455904846964,0.006291795619345874,-0.23099878202452223,-0.28145502195495953,-0.022592573616194312,0.6419307312647461,0.9945759733872588,0.9156009891483134,0.796041638008799,0.5143276317305242,0.11780739836415292,-0.20851441405707496,-0.20851441405707496,-0.20851441405707496,-0.20851441405707496,-0.20851441405707496,-0.20851441405707496,-0.20851441405707496,-0.20851441405707496,-0.20851441405707496,-0.20851441405707496,-0.20851441405707496,-0.20851441405707496,-0.20851441405707496,-0.20851441405707496,-0.20851441405707496,-0.20851441405707496,-0.20851441405707496,-0.20851441405707496,-0.20851441405707496,-0.20851441405707496,-0.20851441405707496,-0.20851441405707496,-0.20851441405707496,4.795831523312719,-0.20851441405707496,-0.20851441405707496,-0.20851441405707496,-0.20851441405707496,-0.20851441405707496,-0.20851441405707496,-0.20851441405707496,-0.20851441405707496,-0.20851441405707496,-0.20851441405707496,-0.20851441405707496,-0.20851441405707496,-0.20851441405707496,-0.20851441405707496,-0.20851441405707496,-0.20851441405707496,-0.20851441405707496,-0.20851441405707496,-0.20851441405707496,-0.20851441405707496,-0.20851441405707496,-0.20851441405707496,-0.20851441405707496,4.795831523312719,-0.20851441405707496,-0.20851441405707496,-0.20851441405707496,-0.20851441405707496,-0.20851441405707496,-0.20851441405707496,-0.20851441405707496,-0.20851441405707496,-0.20851441405707496,-0.20851441405707496,-0.20851441405707496,-0.20851441405707496,-0.20851441405707496,-0.20851441405707496,-0.20851441405707496,-0.20851441405707496,-0.20851441405707496,-0.20851441405707496,-0.20851441405707496,-0.20851441405707496,-0.20851441405707496,-0.20851441405707496,-0.20851441405707496,4.795831523312719
2403,0.32919149351334864,-0.008116550814300866,-0.17056916336719913,-0.16132784708424983,-0.020276177502392054,0.14704028572574268,0.7299727891528341,1.4233147029077935,2.0101382868750743,1.9741457918783243,1.4434996832100249,0.7175699699309811,-0.06599637384961492,-0.6795711365306962,-1.1965984633083335,-1.5771947786455875,-1.7617779117708117,-1.3685355846779428,-0.43321709982996875,0.11785718167432382,0.08332384188014486,-0.10831187472417224,-0.4653185142865295,-0.9592425503567935,-0.20851441405707458,-0.20851441405707458,-0.20851441405707458,-0.20851441405707458,-0.20851441405707458,-0.20851441405707458,-0.20851441405707458,-0.20851441405707458,-0.20851441405707458,-0.20851441405707458,-0.20851441405707458,-0.20851441405707458,-0.20851441405707458,-0.20851441405707458,-0.20851441405707458,-0.20851441405707458,-0.20851441405707458,-0.20851441405707458,-0.20851441405707458,-0.20851441405707458,-0.20851441405707458,-0.20851441405707458,-0.20851441405707458,4.79583152331272,-0.20851441405707458,-0.20851441405707458,-0.20851441405707458,-0.20851441405707458,-0.20851441405707458,-0.20851441405707458,-0.20851441405707458,-0.20851441405707458,-0.20851441405707458,-0.20851441405707458,-0.20851441405707458,-0.20851441405707458,-0.20851441405707458,-0.20851441405707458,-0.20851441405707458,-0.20851441405707458,-0.20851441405707458,-0.20851441405707458,-0.20851441405707458,-0.20851441405707458,-0.20851441405707458,-0.20851441405707458,-0.20851441405707458,4.79583152331272,-0.20851441405707458,-0.20851441405707458,-0.20851441405707458,-0.20851441405707458,-0.20851441405707458,-0.20851441405707458,-0.20851441405707458,-0.20851441405707458,-0.20851441405707458,-0.20851441405707458,-0.20851441405707458,-0.20851441405707458,-0.20851441405707458,-0.20851441405707458,-0.20851441405707458,-0.20851441405707458,-0.20851441405707458,-0.20851441405707458,-0.20851441405707458,-0.20851441405707458,-0.20851441405707458,-0.20851441405707458,-0.20851441405707458,4.79583152331272
2404,0.3421410039746562,-0.12451296081599333,-0.425788787082992,-0.7094482464202975,-0.6770916541004527,-0.4135651855399396,0.17999852468298982,0.9346261611202574,1.6435950506172996,1.6694803244731755,1.0284602788478072,0.16346071083062474,-0.4815140294116135,-0.8475030403183016,-1.3224259120351336,-1.7067503252564005,-1.8102914206799037,-1.1897638835237703,0.2993583985739726,1.3459144012747282,1.2984580658722893,0.9195264180376632,0.3482528047461824,-0.4646166978668057,-0.20851441405707632,-0.20851441405707632,-0.20851441405707632,-0.20851441405707632,-0.20851441405707632,-0.20851441405707632,-0.20851441405707632,-0.20851441405707632,-0.20851441405707632,-0.20851441405707632,-0.20851441405707632,-0.20851441405707632,-0.20851441405707632,-0.20851441405707632,-0.20851441405707632,-0.20851441405707632,-0.20851441405707632,-0.20851441405707632,-0.20851441405707632,-0.20851441405707632,-0.20851441405707632,-0.20851441405707632,-0.20851441405707632,4.795831523312718,-0.20851441405707632,-0.20851441405707632,-0.20851441405707632,-0.20851441405707632,-0.20851441405707632,-0.20851441405707632,-0.20851441405707632,-0.20851441405707632,-0.20851441405707632,-0.20851441405707632,-0.20851441405707632,-0.20851441405707632,-0.20851441405707632,-0.20851441405707632,-0.20851441405707632,-0.20851441405707632,-0.20851441405707632,-0.20851441405707632,-0.20851441405707632,-0.20851441405707632,-0.20851441405707632,-0.20851441405707632,-0.20851441405707632,4.795831523312718,-0.20851441405707632,-0.20851441405707632,-0.20851441405707632,-0.20851441405707632,-0.20851441405707632,-0.20851441405707632,-0.20851441405707632,-0.20851441405707632,-0.20851441405707632,-0.20851441405707632,-0.20851441405707632,-0.20851441405707632,-0.20851441405707632,-0.20851441405707632,-0.20851441405707632,-0.20851441405707632,-0.20851441405707632,-0.20851441405707632,-0.20851441405707632,-0.20851441405707632,-0.20851441405707632,-0.20851441405707632,-0.20851441405707632,4.795831523312718
2405,-1.0668206421480806,-1.2723667460485226,-1.3701638215542264,-1.2645200139629378,-1.0118935175489867,-0.605394518773811,0.41047021074531925,1.6669042629859165,2.1979940565834273,1.8816367849377749,1.3044235173737777,0.7321862262542977,0.23363166325555357,-0.14186317459609182,-0.40654684470252683,-0.5965908681412037,-0.6423315746888811,-0.3642510449241305,0.2602339988627802,0.620418139962065,0.4866409270883136,0.18080975945990926,-0.30262549049587883,-0.9299812899238572,0.20851441405707438,0.20851441405707438,0.20851441405707438,0.20851441405707438,0.20851441405707438,0.20851441405707438,0.20851441405707438,0.20851441405707438,0.20851441405707438,0.20851441405707438,0.20851441405707438,0.20851441405707438,0.20851441405707438,0.20851441405707438,0.20851441405707438,0.20851441405707438,0.20851441405707438,0.20851441405707438,0.20851441405707438,0.20851441405707438,0.20851441405707438,0.20851441405707438,0.20851441405707438,-4.79583152331272,0.20851441405707438,0.20851441405707438,0.20851441405707438,0.20851441405707438,0.20851441405707438,0.20851441405707438,0.20851441405707438,0.20851441405707438,0.20851441405707438,0.20851441405707438,0.20851441405707438,0.20851441405707438,0.20851441405707438,0.20851441405707438,0.20851441405707438,0.20851441405707438,0.20851441405707438,0.20851441405707438,0.20851441405707438,0.20851441405707438,0.20851441405707438,0.20851441405707438,0.20851441405707438,-4.79583152331272,0.20851441405707438,0.20851441405707438,0.20851441405707438,0.20851441405707438,0.20851441405707438,0.20851441405707438,0.20851441405707438,0.20851441405707438,0.20851441405707438,0.20851441405707438,0.20851441405707438,0.20851441405707438,0.20851441405707438,0.20851441405707438,0.20851441405707438,0.20851441405707438,0.20851441405707438,0.20851441405707438,0.20851441405707438,0.20851441405707438,0.20851441405707438,0.20851441405707438,0.20851441405707438,-4.79583152331272
2406,-0.8416610584840377,-1.3399668523786894,-1.6011254926006833,-1.6966318548306274,-1.5852077655623593,-1.1619041431364208,-0.3042354269528269,1.0992224722566903,1.67576794142446,1.411371797398061,1.0250296767390783,0.6869803211624683,0.30954133596559896,0.11664006761980798,-0.05818513781805575,-0.33472192111097293,-0.4180876440743987,0.011960777944050068,0.8197179771430686,1.2028225939976465,1.0304255164130864,0.6235792049928727,0.09613587685857705,-0.7674682629664258,0.2085144140570751,0.2085144140570751,0.2085144140570751,0.2085144140570751,0.2085144140570751,0.2085144140570751,0.2085144140570751,0.2085144140570751,0.2085144140570751,0.2085144140570751,0.2085144140570751,0.2085144140570751,0.2085144140570751,0.2085144140570751,0.2085144140570751,0.2085144140570751,0.2085144140570751,0.2085144140570751,0.2085144140570751,0.2085144140570751,0.2085144140570751,0.2085144140570751,0.2085144140570751,-4.795831523312719,0.2085144140570751,0.2085144140570751,0.2085144140570751,0.2085144140570751,0.2085144140570751,0.2085144140570751,0.2085144140570751,0.2085144140570751,0.2085144140570751,0.2085144140570751,0.2085144140570751,0.2085144140570751,0.2085144140570751,0.2085144140570751,0.2085144140570751,0.2085144140570751,0.2085144140570751,0.2085144140570751,0.2085144140570751,0.2085144140570751,0.2085144140570751,0.2085144140570751,0.2085144140570751,-4.795831523312719,0.2085144140570751,0.2085144140570751,0.2085144140570751,0.2085144140570751,0.2085144140570751,0.2085144140570751,0.2085144140570751,0.2085144140570751,0.2085144140570751,0.2085144140570751,0.2085144140570751,0.2085144140570751,0.2085144140570751,0.2085144140570751,0.2085144140570751,0.2085144140570751,0.2085144140570751,0.2085144140570751,0.2085144140570751,0.2085144140570751,0.2085144140570751,0.2085144140570751,0.2085144140570751,-4.795831523312719
2407,-1.3824047569481515,-1.6032627584497912,-1.7074912003349232,-1.7116249062453817,-1.653014861729238,-1.4206415366198926,-0.8560954151344182,-0.09756038056528459,0.40970438758955063,0.5493645944214698,0.633810300877979,0.661269918711739,0.6462114186093545,0.5850916240761468,0.5441974620333967,0.45945649086899754,0.5044843588222061,0.7130888749464152,1.1102199070583205,1.2489943197665698,1.0832031862863953,0.820417596264391,0.44971275550863105,0.012868620185535196,0.2085144140570758,0.2085144140570758,0.2085144140570758,0.2085144140570758,0.2085144140570758,0.2085144140570758,0.2085144140570758,0.2085144140570758,0.2085144140570758,0.2085144140570758,0.2085144140570758,0.2085144140570758,0.2085144140570758,0.2085144140570758,0.2085144140570758,0.2085144140570758,0.2085144140570758,0.2085144140570758,0.2085144140570758,0.2085144140570758,0.2085144140570758,0.2085144140570758,0.2085144140570758,-4.795831523312718,0.2085144140570758,0.2085144140570758,0.2085144140570758,0.2085144140570758,0.2085144140570758,0.2085144140570758,0.2085144140570758,0.2085144140570758,0.2085144140570758,0.2085144140570758,0.2085144140570758,0.2085144140570758,0.2085144140570758,0.2085144140570758,0.2085144140570758,0.2085144140570758,0.2085144140570758,0.2085144140570758,0.2085144140570758,0.2085144140570758,0.2085144140570758,0.2085144140570758,0.2085144140570758,-4.795831523312718,0.2085144140570758,0.2085144140570758,0.2085144140570758,0.2085144140570758,0.2085144140570758,0.2085144140570758,0.2085144140570758,0.2085144140570758,0.2085144140570758,0.2085144140570758,0.2085144140570758,0.2085144140570758,0.2085144140570758,0.2085144140570758,0.2085144140570758,0.2085144140570758,0.2085144140570758,0.2085144140570758,0.2085144140570758,0.2085144140570758,0.2085144140570758,0.2085144140570758,0.2085144140570758,-4.795831523312718
2408,-1.3835507121894528,-1.5839033352210645,-1.6941381661788655,-1.7152365240328067,-1.6074549904998825,-1.3676860555085824,-0.8840593564845204,-0.17080401849198273,0.3046450224491562,0.516773473120177,0.6276625167246118,0.6677330413309341,0.6847425701434139,0.5956060970395539,0.5094135808455463,0.3950899208462838,0.4138985344370065,0.6793453158086847,1.173112310855571,1.3363383661907127,1.1297707230160794,0.8867307247916101,0.449389570516892,0.03658139049094269,0.20851441405707397,0.20851441405707397,0.20851441405707397,0.20851441405707397,0.20851441405707397,0.20851441405707397,0.20851441405707397,0.20851441405707397,0.20851441405707397,0.20851441405707397,0.20851441405707397,0.20851441405707397,0.20851441405707397,0.20851441405707397,0.20851441405707397,0.20851441405707397,0.20851441405707397,0.20851441405707397,0.20851441405707397,0.20851441405707397,0.20851441405707397,0.20851441405707397,0.20851441405707397,-4.79583152331272,0.20851441405707397,0.20851441405707397,0.20851441405707397,0.20851441405707397,0.20851441405707397,0.20851441405707397,0.20851441405707397,0.20851441405707397,0.20851441405707397,0.20851441405707397,0.20851441405707397,0.20851441405707397,0.20851441405707397,0.20851441405707397,0.20851441405707397,0.20851441405707397,0.20851441405707397,0.20851441405707397,0.20851441405707397,0.20851441405707397,0.20851441405707397,0.20851441405707397,0.20851441405707397,-4.79583152331272,0.20851441405707397,0.20851441405707397,0.20851441405707397,0.20851441405707397,0.20851441405707397,0.20851441405707397,0.20851441405707397,0.20851441405707397,0.20851441405707397,0.20851441405707397,0.20851441405707397,0.20851441405707397,0.20851441405707397,0.20851441405707397,0.20851441405707397,0.20851441405707397,0.20851441405707397,0.20851441405707397,0.20851441405707397,0.20851441405707397,0.20851441405707397,0.20851441405707397,0.20851441405707397,-4.79583152331272
2409,-1.2711341303724588,-1.5391770112212662,-1.6520033676168906,-1.6637784142995458,-1.5560902600927164,-1.23538080680876,-0.620081094700555,0.4356053633389576,1.1444631736348054,1.3283679936420945,1.2628559157349577,1.0748833523282062,0.7886426720607496,0.4568004473677371,0.1455110314299048,-0.08570806706587164,-0.2520573629281108,0.003354104206575573,0.735762007867734,1.104642106671644,0.9415041871774018,0.6419898179222248,0.19774942034932094,-0.38672107862611393,-0.20851441405707424,-0.20851441405707424,-0.20851441405707424,-0.20851441405707424,-0.20851441405707424,-0.20851441405707424,-0.20851441405707424,-0.20851441405707424,-0.20851441405707424,-0.20851441405707424,-0.20851441405707424,-0.20851441405707424,-0.20851441405707424,-0.20851441405707424,-0.20851441405707424,-0.20851441405707424,-0.20851441405707424,-0.20851441405707424,-0.20851441405707424,-0.20851441405707424,-0.20851441405707424,-0.20851441405707424,-0.20851441405707424,4.79583152331272,-0.20851441405707424,-0.20851441405707424,-0.20851441405707424,-0.20851441405707424,-0.20851441405707424,-0.20851441405707424,-0.20851441405707424,-0.20851441405707424,-0.20851441405707424,-0.20851441405707424,-0.20851441405707424,-0.20851441405707424,-0.20851441405707424,-0.20851441405707424,-0.20851441405707424,-0.20851441405707424,-0.20851441405707424,-0.20851441405707424,-0.20851441405707424,-0.20851441405707424,-0.20851441405707424,-0.20851441405707424,-0.20851441405707424,4.79583152331272,-0.20851441405707424,-0.20851441405707424,-0.20851441405707424,-0.20851441405707424,-0.20851441405707424,-0.20851441405707424,-0.20851441405707424,-0.20851441405707424,-0.20851441405707424,-0.20851441405707424,-0.20851441405707424,-0.20851441405707424,-0.20851441405707424,-0.20851441405707424,-0.20851441405707424,-0.20851441405707424,-0.20851441405707424,-0.20851441405707424,-0.20851441405707424,-0.20851441405707424,-0.20851441405707424,-0.20851441405707424,-0.20851441405707424,4.79583152331272
2410,0.1254650201238181,-0.19125329949212785,-0.24862604427501644,-0.2787402451565326,-0.13154410808912165,0.20542341556784383,0.6418197231698153,1.347945812805367,1.8790980111121092,1.849503020590619,1.5169487849938759,0.8463886050201148,0.18569342188685045,-0.4910972824072243,-1.1889160062823576,-1.6855407156473614,-1.861033817336197,-1.5261431351193362,-0.53808581998959,0.29628522857241846,0.2775936556114774,0.08314937578168763,-0.28730721609696397,-0.8270263853441374,-0.20851441405706922,-0.20851441405706922,-0.20851441405706922,-0.20851441405706922,-0.20851441405706922,-0.20851441405706922,-0.20851441405706922,-0.20851441405706922,-0.20851441405706922,-0.20851441405706922,-0.20851441405706922,-0.20851441405706922,-0.20851441405706922,-0.20851441405706922,-0.20851441405706922,-0.20851441405706922,-0.20851441405706922,-0.20851441405706922,-0.20851441405706922,-0.20851441405706922,-0.20851441405706922,-0.20851441405706922,-0.20851441405706922,4.795831523312725,-0.20851441405706922,-0.20851441405706922,-0.20851441405706922,-0.20851441405706922,-0.20851441405706922,-0.20851441405706922,-0.20851441405706922,-0.20851441405706922,-0.20851441405706922,-0.20851441405706922,-0.20851441405706922,-0.20851441405706922,-0.20851441405706922,-0.20851441405706922,-0.20851441405706922,-0.20851441405706922,-0.20851441405706922,-0.20851441405706922,-0.20851441405706922,-0.20851441405706922,-0.20851441405706922,-0.20851441405706922,-0.20851441405706922,4.795831523312725,-0.20851441405706922,-0.20851441405706922,-0.20851441405706922,-0.20851441405706922,-0.20851441405706922,-0.20851441405706922,-0.20851441405706922,-0.20851441405706922,-0.20851441405706922,-0.20851441405706922,-0.20851441405706922,-0.20851441405706922,-0.20851441405706922,-0.20851441405706922,-0.20851441405706922,-0.20851441405706922,-0.20851441405706922,-0.20851441405706922,-0.20851441405706922,-0.20851441405706922,-0.20851441405706922,-0.20851441405706922,-0.20851441405706922,4.795831523312725
2411,0.33299832531568857,0.01249785207606838,-0.05943422987285851,-0.06582202093396013,0.04082631678182337,0.16885986804999054,0.6073956108969232,1.2436751465918712,1.7010965325759737,1.5180724321731058,0.9237301334445206,0.1108142884078063,-0.5587928528233239,-0.930673384597892,-1.4680810238688322,-1.8888420437631344,-2.1146365712707698,-1.5905599742143024,-0.31883409296281107,0.694602845383267,0.8401333895579299,0.7068229674132005,0.3424411468842736,-0.24829066124455845,0.20851441405707785,0.20851441405707785,0.20851441405707785,0.20851441405707785,0.20851441405707785,0.20851441405707785,0.20851441405707785,0.20851441405707785,0.20851441405707785,0.20851441405707785,0.20851441405707785,0.20851441405707785,0.20851441405707785,0.20851441405707785,0.20851441405707785,0.20851441405707785,0.20851441405707785,0.20851441405707785,0.20851441405707785,0.20851441405707785,0.20851441405707785,0.20851441405707785,0.20851441405707785,-4.7958315233127164,0.20851441405707785,0.20851441405707785,0.20851441405707785,0.20851441405707785,0.20851441405707785,0.20851441405707785,0.20851441405707785,0.20851441405707785,0.20851441405707785,0.20851441405707785,0.20851441405707785,0.20851441405707785,0.20851441405707785,0.20851441405707785,0.20851441405707785,0.20851441405707785,0.20851441405707785,0.20851441405707785,0.20851441405707785,0.20851441405707785,0.20851441405707785,0.20851441405707785,0.20851441405707785,-4.7958315233127164,0.20851441405707785,0.20851441405707785,0.20851441405707785,0.20851441405707785,0.20851441405707785,0.20851441405707785,0.20851441405707785,0.20851441405707785,0.20851441405707785,0.20851441405707785,0.20851441405707785,0.20851441405707785,0.20851441405707785,0.20851441405707785,0.20851441405707785,0.20851441405707785,0.20851441405707785,0.20851441405707785,0.20851441405707785,0.20851441405707785,0.20851441405707785,0.20851441405707785,0.20851441405707785,-4.7958315233127164
2412,-1.3004317041207822,-1.4473545810775363,-1.4366041266660665,-1.3902179067054652,-1.2108445840252005,-0.7784374176971925,0.17118605531597414,1.383399331453746,1.9135559999304887,1.6820230651056853,1.218957195456078,0.7819711318787405,0.358721760049392,-0.02690102133981219,-0.37370271735426425,-0.6812851630157616,-0.7901832845541688,-0.5283898113859687,0.21597961536376503,0.8349270739796844,0.8184032273842771,0.6414188945732278,0.24643923619626282,-0.30263026874510274,-0.2085144140570757,-0.2085144140570757,-0.2085144140570757,-0.2085144140570757,-0.2085144140570757,-0.2085144140570757,-0.2085144140570757,-0.2085144140570757,-0.2085144140570757,-0.2085144140570757,-0.2085144140570757,-0.2085144140570757,-0.2085144140570757,-0.2085144140570757,-0.2085144140570757,-0.2085144140570757,-0.2085144140570757,-0.2085144140570757,-0.2085144140570757,-0.2085144140570757,-0.2085144140570757,-0.2085144140570757,-0.2085144140570757,4.795831523312718,-0.2085144140570757,-0.2085144140570757,-0.2085144140570757,-0.2085144140570757,-0.2085144140570757,-0.2085144140570757,-0.2085144140570757,-0.2085144140570757,-0.2085144140570757,-0.2085144140570757,-0.2085144140570757,-0.2085144140570757,-0.2085144140570757,-0.2085144140570757,-0.2085144140570757,-0.2085144140570757,-0.2085144140570757,-0.2085144140570757,-0.2085144140570757,-0.2085144140570757,-0.2085144140570757,-0.2085144140570757,-0.2085144140570757,4.795831523312718,-0.2085144140570757,-0.2085144140570757,-0.2085144140570757,-0.2085144140570757,-0.2085144140570757,-0.2085144140570757,-0.2085144140570757,-0.2085144140570757,-0.2085144140570757,-0.2085144140570757,-0.2085144140570757,-0.2085144140570757,-0.2085144140570757,-0.2085144140570757,-0.2085144140570757,-0.2085144140570757,-0.2085144140570757,-0.2085144140570757,-0.2085144140570757,-0.2085144140570757,-0.2085144140570757,-0.2085144140570757,-0.2085144140570757,4.795831523312718
2413,-0.17256985153118662,-0.38481306511932195,-0.6077797203854087,-0.5143036816077934,-0.37489893979442335,-0.040853615071819525,0.914342010618921,2.03322186871462,2.418254123679559,1.876012167134085,1.106756973557259,0.4400826277298941,-0.07464257281178005,-0.5709558263214997,-0.9400040833136435,-1.2574584227986618,-1.3818908120805524,-1.1247305408979786,-0.38218278697189983,0.21610432702249108,0.19566908910790418,-0.01677645356849436,-0.3888596468845867,-0.9677231684057068,0.20851441405707474,0.20851441405707474,0.20851441405707474,0.20851441405707474,0.20851441405707474,0.20851441405707474,0.20851441405707474,0.20851441405707474,0.20851441405707474,0.20851441405707474,0.20851441405707474,0.20851441405707474,0.20851441405707474,0.20851441405707474,0.20851441405707474,0.20851441405707474,0.20851441405707474,0.20851441405707474,0.20851441405707474,0.20851441405707474,0.20851441405707474,0.20851441405707474,0.20851441405707474,-4.795831523312719,0.20851441405707474,0.20851441405707474,0.20851441405707474,0.20851441405707474,0.20851441405707474,0.20851441405707474,0.20851441405707474,0.20851441405707474,0.20851441405707474,0.20851441405707474,0.20851441405707474,0.20851441405707474,0.20851441405707474,0.20851441405707474,0.20851441405707474,0.20851441405707474,0.20851441405707474,0.20851441405707474,0.20851441405707474,0.20851441405707474,0.20851441405707474,0.20851441405707474,0.20851441405707474,-4.795831523312719,0.20851441405707474,0.20851441405707474,0.20851441405707474,0.20851441405707474,0.20851441405707474,0.20851441405707474,0.20851441405707474,0.20851441405707474,0.20851441405707474,0.20851441405707474,0.20851441405707474,0.20851441405707474,0.20851441405707474,0.20851441405707474,0.20851441405707474,0.20851441405707474,0.20851441405707474,0.20851441405707474,0.20851441405707474,0.20851441405707474,0.20851441405707474,0.20851441405707474,0.20851441405707474,-4.795831523312719
2414,-0.843509693206424,-1.146334899983948,-1.2618210986532152,-1.302845970049074,-1.327982596453473,-0.909908328991629,0.26558466239144585,1.722323303921853,2.170039819502092,1.7761536265048585,1.133035411328159,0.5226422380741679,0.08535979383160384,-0.2966694999182718,-0.5397359344891114,-0.7235178728231608,-0.6955355905993958,-0.44345791260056416,0.17191515833731744,0.7336950446771408,0.7804112277117314,0.640974092562801,0.14891277379744286,-0.6597277548723746,-0.20851441405708002,-0.20851441405708002,-0.20851441405708002,-0.20851441405708002,-0.20851441405708002,-0.20851441405708002,-0.20851441405708002,-0.20851441405708002,-0.20851441405708002,-0.20851441405708002,-0.20851441405708002,-0.20851441405708002,-0.20851441405708002,-0.20851441405708002,-0.20851441405708002,-0.20851441405708002,-0.20851441405708002,-0.20851441405708002,-0.20851441405708002,-0.20851441405708002,-0.20851441405708002,-0.20851441405708002,-0.20851441405708002,4.795831523312714,-0.20851441405708002,-0.20851441405708002,-0.20851441405708002,-0.20851441405708002,-0.20851441405708002,-0.20851441405708002,-0.20851441405708002,-0.20851441405708002,-0.20851441405708002,-0.20851441405708002,-0.20851441405708002,-0.20851441405708002,-0.20851441405708002,-0.20851441405708002,-0.20851441405708002,-0.20851441405708002,-0.20851441405708002,-0.20851441405708002,-0.20851441405708002,-0.20851441405708002,-0.20851441405708002,-0.20851441405708002,-0.20851441405708002,4.795831523312714,-0.20851441405708002,-0.20851441405708002,-0.20851441405708002,-0.20851441405708002,-0.20851441405708002,-0.20851441405708002,-0.20851441405708002,-0.20851441405708002,-0.20851441405708002,-0.20851441405708002,-0.20851441405708002,-0.20851441405708002,-0.20851441405708002,-0.20851441405708002,-0.20851441405708002,-0.20851441405708002,-0.20851441405708002,-0.20851441405708002,-0.20851441405708002,-0.20851441405708002,-0.20851441405708002,-0.20851441405708002,-0.20851441405708002,4.795831523312714
2415,-1.1907651562637183,-1.4092164894134454,-1.4766267368656274,-1.457456947746413,-1.288088701022806,-0.8244325927657672,0.23138040795403225,1.5355580391304644,2.090428638471237,1.7259919881828785,1.2187298761052094,0.7354826646823802,0.29036437447469143,0.022619297875556357,-0.15749245703574222,-0.3666748811607943,-0.44756717810341257,-0.25966111333045544,0.2518141392129749,0.7047267392823222,0.6229918142465516,0.3537721384844001,-0.16086296940835132,-0.7450148949861654,0.20851441405707605,0.20851441405707605,0.20851441405707605,0.20851441405707605,0.20851441405707605,0.20851441405707605,0.20851441405707605,0.20851441405707605,0.20851441405707605,0.20851441405707605,0.20851441405707605,0.20851441405707605,0.20851441405707605,0.20851441405707605,0.20851441405707605,0.20851441405707605,0.20851441405707605,0.20851441405707605,0.20851441405707605,0.20851441405707605,0.20851441405707605,0.20851441405707605,0.20851441405707605,-4.795831523312719,0.20851441405707605,0.20851441405707605,0.20851441405707605,0.20851441405707605,0.20851441405707605,0.20851441405707605,0.20851441405707605,0.20851441405707605,0.20851441405707605,0.20851441405707605,0.20851441405707605,0.20851441405707605,0.20851441405707605,0.20851441405707605,0.20851441405707605,0.20851441405707605,0.20851441405707605,0.20851441405707605,0.20851441405707605,0.20851441405707605,0.20851441405707605,0.20851441405707605,0.20851441405707605,-4.795831523312719,0.20851441405707605,0.20851441405707605,0.20851441405707605,0.20851441405707605,0.20851441405707605,0.20851441405707605,0.20851441405707605,0.20851441405707605,0.20851441405707605,0.20851441405707605,0.20851441405707605,0.20851441405707605,0.20851441405707605,0.20851441405707605,0.20851441405707605,0.20851441405707605,0.20851441405707605,0.20851441405707605,0.20851441405707605,0.20851441405707605,0.20851441405707605,0.20851441405707605,0.20851441405707605,-4.795831523312719
2416,-0.87066930655381,-1.2036402325491913,-1.4010906960577365,-1.503702747959815,-1.7392440489168592,-1.3021063429602768,-0.11844004728175403,1.2992128212946905,1.8778307806314114,1.7345366778489633,1.3383401441159377,0.8905784630886856,0.5060423897990779,0.20805284513395061,-0.02023305821385557,-0.25240578170946776,-0.3081168704946872,-0.14305657488452542,0.30885104763371973,0.69934691181663,0.5788554872346438,0.3013365286812948,-0.16560013174180024,-0.7146782579551956,0.20851441405707583,0.20851441405707583,0.20851441405707583,0.20851441405707583,0.20851441405707583,0.20851441405707583,0.20851441405707583,0.20851441405707583,0.20851441405707583,0.20851441405707583,0.20851441405707583,0.20851441405707583,0.20851441405707583,0.20851441405707583,0.20851441405707583,0.20851441405707583,0.20851441405707583,0.20851441405707583,0.20851441405707583,0.20851441405707583,0.20851441405707583,0.20851441405707583,0.20851441405707583,-4.795831523312718,0.20851441405707583,0.20851441405707583,0.20851441405707583,0.20851441405707583,0.20851441405707583,0.20851441405707583,0.20851441405707583,0.20851441405707583,0.20851441405707583,0.20851441405707583,0.20851441405707583,0.20851441405707583,0.20851441405707583,0.20851441405707583,0.20851441405707583,0.20851441405707583,0.20851441405707583,0.20851441405707583,0.20851441405707583,0.20851441405707583,0.20851441405707583,0.20851441405707583,0.20851441405707583,-4.795831523312718,0.20851441405707583,0.20851441405707583,0.20851441405707583,0.20851441405707583,0.20851441405707583,0.20851441405707583,0.20851441405707583,0.20851441405707583,0.20851441405707583,0.20851441405707583,0.20851441405707583,0.20851441405707583,0.20851441405707583,0.20851441405707583,0.20851441405707583,0.20851441405707583,0.20851441405707583,0.20851441405707583,0.20851441405707583,0.20851441405707583,0.20851441405707583,0.20851441405707583,0.20851441405707583,-4.795831523312718
2417,-1.3002610966176344,-1.59900246035235,-1.7340981047559298,-1.687962838749807,-1.5402472336898436,-1.2024046803804318,-0.7354661360942454,-0.08336587398079409,0.48639431696477853,0.8407876383481357,0.8604416754359461,0.7023818403297668,0.4501895118030228,0.22799545041030497,0.03104131033035393,-0.0970202576417991,-0.05088499163567612,0.2666828707831525,0.9030599032263557,1.4028930990595085,1.3884111769948064,1.1831816528778827,0.8366499463296494,0.45060328100487146,-0.20851441405708068,-0.20851441405708068,-0.20851441405708068,-0.20851441405708068,-0.20851441405708068,-0.20851441405708068,-0.20851441405708068,-0.20851441405708068,-0.20851441405708068,-0.20851441405708068,-0.20851441405708068,-0.20851441405708068,-0.20851441405708068,-0.20851441405708068,-0.20851441405708068,-0.20851441405708068,-0.20851441405708068,-0.20851441405708068,-0.20851441405708068,-0.20851441405708068,-0.20851441405708068,-0.20851441405708068,-0.20851441405708068,4.795831523312714,-0.20851441405708068,-0.20851441405708068,-0.20851441405708068,-0.20851441405708068,-0.20851441405708068,-0.20851441405708068,-0.20851441405708068,-0.20851441405708068,-0.20851441405708068,-0.20851441405708068,-0.20851441405708068,-0.20851441405708068,-0.20851441405708068,-0.20851441405708068,-0.20851441405708068,-0.20851441405708068,-0.20851441405708068,-0.20851441405708068,-0.20851441405708068,-0.20851441405708068,-0.20851441405708068,-0.20851441405708068,-0.20851441405708068,4.795831523312714,-0.20851441405708068,-0.20851441405708068,-0.20851441405708068,-0.20851441405708068,-0.20851441405708068,-0.20851441405708068,-0.20851441405708068,-0.20851441405708068,-0.20851441405708068,-0.20851441405708068,-0.20851441405708068,-0.20851441405708068,-0.20851441405708068,-0.20851441405708068,-0.20851441405708068,-0.20851441405708068,-0.20851441405708068,-0.20851441405708068,-0.20851441405708068,-0.20851441405708068,-0.20851441405708068,-0.20851441405708068,-0.20851441405708068,4.795831523312714
2418,-0.8425109121235216,-1.1505988350673213,-1.166866408584828,-1.205377398952803,-1.0898444278488781,-0.7060624893542309,-0.12806564253833058,0.7779386049979083,1.49537179624958,1.6587115140171982,1.1371531875681578,0.5086936637183591,-0.21936324901413334,-0.6838190725037626,-1.0599652111840698,-1.2369165720989894,-1.1316753311796095,-0.47400057325755407,0.2852635213248491,1.0113284862796876,1.0674350153502719,1.1132498142363112,1.2022234816381843,0.8376970383275246,-0.20851441405707474,-0.20851441405707474,-0.20851441405707474,-0.20851441405707474,-0.20851441405707474,-0.20851441405707474,-0.20851441405707474,-0.20851441405707474,-0.20851441405707474,-0.20851441405707474,-0.20851441405707474,-0.20851441405707474,-0.20851441405707474,-0.20851441405707474,-0.20851441405707474,-0.20851441405707474,-0.20851441405707474,-0.20851441405707474,-0.20851441405707474,-0.20851441405707474,-0.20851441405707474,-0.20851441405707474,-0.20851441405707474,4.795831523312719,-0.20851441405707474,-0.20851441405707474,-0.20851441405707474,-0.20851441405707474,-0.20851441405707474,-0.20851441405707474,-0.20851441405707474,-0.20851441405707474,-0.20851441405707474,-0.20851441405707474,-0.20851441405707474,-0.20851441405707474,-0.20851441405707474,-0.20851441405707474,-0.20851441405707474,-0.20851441405707474,-0.20851441405707474,-0.20851441405707474,-0.20851441405707474,-0.20851441405707474,-0.20851441405707474,-0.20851441405707474,-0.20851441405707474,4.795831523312719,-0.20851441405707474,-0.20851441405707474,-0.20851441405707474,-0.20851441405707474,-0.20851441405707474,-0.20851441405707474,-0.20851441405707474,-0.20851441405707474,-0.20851441405707474,-0.20851441405707474,-0.20851441405707474,-0.20851441405707474,-0.20851441405707474,-0.20851441405707474,-0.20851441405707474,-0.20851441405707474,-0.20851441405707474,-0.20851441405707474,-0.20851441405707474,-0.20851441405707474,-0.20851441405707474,-0.20851441405707474,-0.20851441405707474,4.795831523312719
2419,-0.5065161810405813,-0.7196484491331512,-0.7937114091502104,-0.7093842889133958,-0.4968557949513996,-0.18490582748824239,0.6702395994478576,1.8997249873397464,2.367046164403908,1.9693602703992639,1.309837661769092,0.6627930518374467,0.0682767912657265,-0.40467961101712474,-0.8303403730716908,-1.1831457233703455,-1.3113470970955268,-1.0746676379105766,-0.44493121972204824,0.24981154652493154,0.2735599956608364,0.16608820041869063,-0.21911969488742736,-0.7574849613157794,-0.20851441405707566,-0.20851441405707566,-0.20851441405707566,-0.20851441405707566,-0.20851441405707566,-0.20851441405707566,-0.20851441405707566,-0.20851441405707566,-0.20851441405707566,-0.20851441405707566,-0.20851441405707566,-0.20851441405707566,-0.20851441405707566,-0.20851441405707566,-0.20851441405707566,-0.20851441405707566,-0.20851441405707566,-0.20851441405707566,-0.20851441405707566,-0.20851441405707566,-0.20851441405707566,-0.20851441405707566,-0.20851441405707566,4.79583152331272,-0.20851441405707566,-0.20851441405707566,-0.20851441405707566,-0.20851441405707566,-0.20851441405707566,-0.20851441405707566,-0.20851441405707566,-0.20851441405707566,-0.20851441405707566,-0.20851441405707566,-0.20851441405707566,-0.20851441405707566,-0.20851441405707566,-0.20851441405707566,-0.20851441405707566,-0.20851441405707566,-0.20851441405707566,-0.20851441405707566,-0.20851441405707566,-0.20851441405707566,-0.20851441405707566,-0.20851441405707566,-0.20851441405707566,4.79583152331272,-0.20851441405707566,-0.20851441405707566,-0.20851441405707566,-0.20851441405707566,-0.20851441405707566,-0.20851441405707566,-0.20851441405707566,-0.20851441405707566,-0.20851441405707566,-0.20851441405707566,-0.20851441405707566,-0.20851441405707566,-0.20851441405707566,-0.20851441405707566,-0.20851441405707566,-0.20851441405707566,-0.20851441405707566,-0.20851441405707566,-0.20851441405707566,-0.20851441405707566,-0.20851441405707566,-0.20851441405707566,-0.20851441405707566,4.79583152331272
2420,-0.31678923734925973,-0.5964288867230574,-0.7082043324828212,-0.6507083298078348,-0.567278815436788,-0.1286205013220314,0.8663015869244997,2.0624596845334833,2.4094460503272828,1.8644402347612399,1.188560650868567,0.5932960917055081,0.07864655727206309,-0.3511662179696188,-0.6955391290963732,-0.9534670012362599,-0.9926688212419325,-0.829026352090048,-0.2757781025740946,0.27525876222359014,0.18016921933803565,-0.19094134338233137,-0.7731386292101661,-1.4888231380316757,0.20851441405707544,0.20851441405707544,0.20851441405707544,0.20851441405707544,0.20851441405707544,0.20851441405707544,0.20851441405707544,0.20851441405707544,0.20851441405707544,0.20851441405707544,0.20851441405707544,0.20851441405707544,0.20851441405707544,0.20851441405707544,0.20851441405707544,0.20851441405707544,0.20851441405707544,0.20851441405707544,0.20851441405707544,0.20851441405707544,0.20851441405707544,0.20851441405707544,0.20851441405707544,-4.795831523312719,0.20851441405707544,0.20851441405707544,0.20851441405707544,0.20851441405707544,0.20851441405707544,0.20851441405707544,0.20851441405707544,0.20851441405707544,0.20851441405707544,0.20851441405707544,0.20851441405707544,0.20851441405707544,0.20851441405707544,0.20851441405707544,0.20851441405707544,0.20851441405707544,0.20851441405707544,0.20851441405707544,0.20851441405707544,0.20851441405707544,0.20851441405707544,0.20851441405707544,0.20851441405707544,-4.795831523312719,0.20851441405707544,0.20851441405707544,0.20851441405707544,0.20851441405707544,0.20851441405707544,0.20851441405707544,0.20851441405707544,0.20851441405707544,0.20851441405707544,0.20851441405707544,0.20851441405707544,0.20851441405707544,0.20851441405707544,0.20851441405707544,0.20851441405707544,0.20851441405707544,0.20851441405707544,0.20851441405707544,0.20851441405707544,0.20851441405707544,0.20851441405707544,0.20851441405707544,0.20851441405707544,-4.795831523312719
2421,-0.8990567292393447,-1.1870032855877732,-1.3354971329149363,-1.7396086177997434,-1.7796088054561379,-1.6067312820918576,-0.6368637183683206,0.848896676567482,1.3809539671751399,1.1327336245950481,0.8083485411349726,0.6560190593750046,0.4647852855108721,0.35190804363118366,0.21903070792329793,0.07793415557368731,0.12012613433454175,0.4330043144962026,0.957664310126308,1.3732826983095299,1.0272536776929122,0.556840511898191,-0.2182316174164662,-1.0061805194698257,0.2085144140570746,0.2085144140570746,0.2085144140570746,0.2085144140570746,0.2085144140570746,0.2085144140570746,0.2085144140570746,0.2085144140570746,0.2085144140570746,0.2085144140570746,0.2085144140570746,0.2085144140570746,0.2085144140570746,0.2085144140570746,0.2085144140570746,0.2085144140570746,0.2085144140570746,0.2085144140570746,0.2085144140570746,0.2085144140570746,0.2085144140570746,0.2085144140570746,0.2085144140570746,-4.79583152331272,0.2085144140570746,0.2085144140570746,0.2085144140570746,0.2085144140570746,0.2085144140570746,0.2085144140570746,0.2085144140570746,0.2085144140570746,0.2085144140570746,0.2085144140570746,0.2085144140570746,0.2085144140570746,0.2085144140570746,0.2085144140570746,0.2085144140570746,0.2085144140570746,0.2085144140570746,0.2085144140570746,0.2085144140570746,0.2085144140570746,0.2085144140570746,0.2085144140570746,0.2085144140570746,-4.79583152331272,0.2085144140570746,0.2085144140570746,0.2085144140570746,0.2085144140570746,0.2085144140570746,0.2085144140570746,0.2085144140570746,0.2085144140570746,0.2085144140570746,0.2085144140570746,0.2085144140570746,0.2085144140570746,0.2085144140570746,0.2085144140570746,0.2085144140570746,0.2085144140570746,0.2085144140570746,0.2085144140570746,0.2085144140570746,0.2085144140570746,0.2085144140570746,0.2085144140570746,0.2085144140570746,-4.79583152331272
2422,-1.2592085027844324,-1.5060924923937882,-1.6903791215545243,-1.721552607057937,-1.7136653396414108,-1.4637766767305214,-0.9160497728050996,-0.2427525638197469,0.1524871700528374,0.311359270871434,0.4220314041445935,0.5319523690923695,0.558869234085276,0.5879144093334355,0.5969284292380368,0.5804027260796012,0.5854105149154908,0.7122327671843941,0.9960491994584355,1.2466890306947085,1.201994515334394,0.9932949155986962,0.6774286347749616,0.35843248592879595,-0.20851441405707588,-0.20851441405707588,-0.20851441405707588,-0.20851441405707588,-0.20851441405707588,-0.20851441405707588,-0.20851441405707588,-0.20851441405707588,-0.20851441405707588,-0.20851441405707588,-0.20851441405707588,-0.20851441405707588,-0.20851441405707588,-0.20851441405707588,-0.20851441405707588,-0.20851441405707588,-0.20851441405707588,-0.20851441405707588,-0.20851441405707588,-0.20851441405707588,-0.20851441405707588,-0.20851441405707588,-0.20851441405707588,4.795831523312719,-0.20851441405707588,-0.20851441405707588,-0.20851441405707588,-0.20851441405707588,-0.20851441405707588,-0.20851441405707588,-0.20851441405707588,-0.20851441405707588,-0.20851441405707588,-0.20851441405707588,-0.20851441405707588,-0.20851441405707588,-0.20851441405707588,-0.20851441405707588,-0.20851441405707588,-0.20851441405707588,-0.20851441405707588,-0.20851441405707588,-0.20851441405707588,-0.20851441405707588,-0.20851441405707588,-0.20851441405707588,-0.20851441405707588,4.795831523312719,-0.20851441405707588,-0.20851441405707588,-0.20851441405707588,-0.20851441405707588,-0.20851441405707588,-0.20851441405707588,-0.20851441405707588,-0.20851441405707588,-0.20851441405707588,-0.20851441405707588,-0.20851441405707588,-0.20851441405707588,-0.20851441405707588,-0.20851441405707588,-0.20851441405707588,-0.20851441405707588,-0.20851441405707588,-0.20851441405707588,-0.20851441405707588,-0.20851441405707588,-0.20851441405707588,-0.20851441405707588,-0.20851441405707588,4.795831523312719
2423,-1.0467971717489637,-1.3554924995154956,-1.4509652812989589,-1.4356896362136047,-1.2695669959103784,-0.8948893678446086,0.08551002020291229,1.2560063248681737,1.8282065303570645,1.7845012124739679,1.496385573225205,1.1197984895237658,0.6625899456496245,0.2259610902932518,-0.20387858946963014,-0.5454589865171325,-0.6977911138960808,-0.6218372119439033,-0.08612882527002527,0.6161265251816722,0.6023360122573942,0.41181477216506057,0.02907499808202058,-0.5098158146513062,-0.2085144140570745,-0.2085144140570745,-0.2085144140570745,-0.2085144140570745,-0.2085144140570745,-0.2085144140570745,-0.2085144140570745,-0.2085144140570745,-0.2085144140570745,-0.2085144140570745,-0.2085144140570745,-0.2085144140570745,-0.2085144140570745,-0.2085144140570745,-0.2085144140570745,-0.2085144140570745,-0.2085144140570745,-0.2085144140570745,-0.2085144140570745,-0.2085144140570745,-0.2085144140570745,-0.2085144140570745,-0.2085144140570745,4.79583152331272,-0.2085144140570745,-0.2085144140570745,-0.2085144140570745,-0.2085144140570745,-0.2085144140570745,-0.2085144140570745,-0.2085144140570745,-0.2085144140570745,-0.2085144140570745,-0.2085144140570745,-0.2085144140570745,-0.2085144140570745,-0.2085144140570745,-0.2085144140570745,-0.2085144140570745,-0.2085144140570745,-0.2085144140570745,-0.2085144140570745,-0.2085144140570745,-0.2085144140570745,-0.2085144140570745,-0.2085144140570745,-0.2085144140570745,4.79583152331272,-0.2085144140570745,-0.2085144140570745,-0.2085144140570745,-0.2085144140570745,-0.2085144140570745,-0.2085144140570745,-0.2085144140570745,-0.2085144140570745,-0.2085144140570745,-0.2085144140570745,-0.2085144140570745,-0.2085144140570745,-0.2085144140570745,-0.2085144140570745,-0.2085144140570745,-0.2085144140570745,-0.2085144140570745,-0.2085144140570745,-0.2085144140570745,-0.2085144140570745,-0.2085144140570745,-0.2085144140570745,-0.2085144140570745,4.79583152331272
2424,-0.06988919163312911,-0.5094514508894401,-0.5785858996323626,-0.5607739674234874,-0.49194141583664747,-0.14294830340512585,0.5571512015504958,1.4405022802482745,1.9736526578902012,1.8713095219781892,1.4308415712536304,0.805008766694336,0.050265876487758085,-0.5329994290638853,-1.080037075885613,-1.4993722256843875,-1.6403581975749764,-1.5528080223110134,-0.5813029740371063,0.5505094641166779,0.5988130090898989,0.4825826039980859,0.03577481299579179,-0.5559436129261652,-0.20851441405707305,-0.20851441405707305,-0.20851441405707305,-0.20851441405707305,-0.20851441405707305,-0.20851441405707305,-0.20851441405707305,-0.20851441405707305,-0.20851441405707305,-0.20851441405707305,-0.20851441405707305,-0.20851441405707305,-0.20851441405707305,-0.20851441405707305,-0.20851441405707305,-0.20851441405707305,-0.20851441405707305,-0.20851441405707305,-0.20851441405707305,-0.20851441405707305,-0.20851441405707305,-0.20851441405707305,-0.20851441405707305,4.795831523312721,-0.20851441405707305,-0.20851441405707305,-0.20851441405707305,-0.20851441405707305,-0.20851441405707305,-0.20851441405707305,-0.20851441405707305,-0.20851441405707305,-0.20851441405707305,-0.20851441405707305,-0.20851441405707305,-0.20851441405707305,-0.20851441405707305,-0.20851441405707305,-0.20851441405707305,-0.20851441405707305,-0.20851441405707305,-0.20851441405707305,-0.20851441405707305,-0.20851441405707305,-0.20851441405707305,-0.20851441405707305,-0.20851441405707305,4.795831523312721,-0.20851441405707305,-0.20851441405707305,-0.20851441405707305,-0.20851441405707305,-0.20851441405707305,-0.20851441405707305,-0.20851441405707305,-0.20851441405707305,-0.20851441405707305,-0.20851441405707305,-0.20851441405707305,-0.20851441405707305,-0.20851441405707305,-0.20851441405707305,-0.20851441405707305,-0.20851441405707305,-0.20851441405707305,-0.20851441405707305,-0.20851441405707305,-0.20851441405707305,-0.20851441405707305,-0.20851441405707305,-0.20851441405707305,4.795831523312721
2425,1.0220547274529592,0.6632643393635982,0.3155967710998594,0.1948347272788167,0.20405077799147522,0.4322274818428138,0.824386329409042,1.373218039090465,1.6821146353906058,1.3678155266037342,0.737310539917027,0.027992429894481384,-0.37274687868008405,-0.7833378276716292,-1.355368561560779,-1.8088618155940104,-1.8330142243582188,-1.5040965523719578,-0.5424493297338651,0.5434556800990373,0.5107228103264916,0.12491985980347618,-0.5084452805526768,-1.3156442050406991,-0.2085144140570631,-0.2085144140570631,-0.2085144140570631,-0.2085144140570631,-0.2085144140570631,-0.2085144140570631,-0.2085144140570631,-0.2085144140570631,-0.2085144140570631,-0.2085144140570631,-0.2085144140570631,-0.2085144140570631,-0.2085144140570631,-0.2085144140570631,-0.2085144140570631,-0.2085144140570631,-0.2085144140570631,-0.2085144140570631,-0.2085144140570631,-0.2085144140570631,-0.2085144140570631,-0.2085144140570631,-0.2085144140570631,4.795831523312731,-0.2085144140570631,-0.2085144140570631,-0.2085144140570631,-0.2085144140570631,-0.2085144140570631,-0.2085144140570631,-0.2085144140570631,-0.2085144140570631,-0.2085144140570631,-0.2085144140570631,-0.2085144140570631,-0.2085144140570631,-0.2085144140570631,-0.2085144140570631,-0.2085144140570631,-0.2085144140570631,-0.2085144140570631,-0.2085144140570631,-0.2085144140570631,-0.2085144140570631,-0.2085144140570631,-0.2085144140570631,-0.2085144140570631,4.795831523312731,-0.2085144140570631,-0.2085144140570631,-0.2085144140570631,-0.2085144140570631,-0.2085144140570631,-0.2085144140570631,-0.2085144140570631,-0.2085144140570631,-0.2085144140570631,-0.2085144140570631,-0.2085144140570631,-0.2085144140570631,-0.2085144140570631,-0.2085144140570631,-0.2085144140570631,-0.2085144140570631,-0.2085144140570631,-0.2085144140570631,-0.2085144140570631,-0.2085144140570631,-0.2085144140570631,-0.2085144140570631,-0.2085144140570631,4.795831523312731
2426,-1.5022316482230968,-1.6410864919620005,-1.7272167428609144,-1.755390189416634,-1.612510567598342,-1.1627416172266765,-0.4634364259329234,0.46407368246215797,0.8888890087416148,0.9224959057045089,0.8673564460168863,0.8387805216532279,0.7122012510564594,0.5721389738937394,0.502912790928257,0.4055131614070552,0.3662715751330172,0.5101573914711564,0.8252975150872764,1.1496946282859901,0.993533238805716,0.5980987925057952,-0.03821862184552767,-0.7145825780867662,0.20851441405707632,0.20851441405707632,0.20851441405707632,0.20851441405707632,0.20851441405707632,0.20851441405707632,0.20851441405707632,0.20851441405707632,0.20851441405707632,0.20851441405707632,0.20851441405707632,0.20851441405707632,0.20851441405707632,0.20851441405707632,0.20851441405707632,0.20851441405707632,0.20851441405707632,0.20851441405707632,0.20851441405707632,0.20851441405707632,0.20851441405707632,0.20851441405707632,0.20851441405707632,-4.795831523312718,0.20851441405707632,0.20851441405707632,0.20851441405707632,0.20851441405707632,0.20851441405707632,0.20851441405707632,0.20851441405707632,0.20851441405707632,0.20851441405707632,0.20851441405707632,0.20851441405707632,0.20851441405707632,0.20851441405707632,0.20851441405707632,0.20851441405707632,0.20851441405707632,0.20851441405707632,0.20851441405707632,0.20851441405707632,0.20851441405707632,0.20851441405707632,0.20851441405707632,0.20851441405707632,-4.795831523312718,0.20851441405707632,0.20851441405707632,0.20851441405707632,0.20851441405707632,0.20851441405707632,0.20851441405707632,0.20851441405707632,0.20851441405707632,0.20851441405707632,0.20851441405707632,0.20851441405707632,0.20851441405707632,0.20851441405707632,0.20851441405707632,0.20851441405707632,0.20851441405707632,0.20851441405707632,0.20851441405707632,0.20851441405707632,0.20851441405707632,0.20851441405707632,0.20851441405707632,0.20851441405707632,-4.795831523312718
2427,-1.1719842510261178,-1.427816536821502,-1.6017273251708168,-1.7572954213310288,-1.7721902390484958,-1.5177371030417661,-0.9776620458047184,-0.2920866858646355,0.09435108491631647,0.28908703507431227,0.4316911232211732,0.5490567702356594,0.6262891584003035,0.6643536925671639,0.6809034900310162,0.6404944012234435,0.6293232879353431,0.7432410604781934,0.9785240144226274,1.2470444782736314,1.1545035274549238,0.9790756743380891,0.6053260816127572,0.2052347279241271,-0.2085144140570689,-0.2085144140570689,-0.2085144140570689,-0.2085144140570689,-0.2085144140570689,-0.2085144140570689,-0.2085144140570689,-0.2085144140570689,-0.2085144140570689,-0.2085144140570689,-0.2085144140570689,-0.2085144140570689,-0.2085144140570689,-0.2085144140570689,-0.2085144140570689,-0.2085144140570689,-0.2085144140570689,-0.2085144140570689,-0.2085144140570689,-0.2085144140570689,-0.2085144140570689,-0.2085144140570689,-0.2085144140570689,4.795831523312725,-0.2085144140570689,-0.2085144140570689,-0.2085144140570689,-0.2085144140570689,-0.2085144140570689,-0.2085144140570689,-0.2085144140570689,-0.2085144140570689,-0.2085144140570689,-0.2085144140570689,-0.2085144140570689,-0.2085144140570689,-0.2085144140570689,-0.2085144140570689,-0.2085144140570689,-0.2085144140570689,-0.2085144140570689,-0.2085144140570689,-0.2085144140570689,-0.2085144140570689,-0.2085144140570689,-0.2085144140570689,-0.2085144140570689,4.795831523312725,-0.2085144140570689,-0.2085144140570689,-0.2085144140570689,-0.2085144140570689,-0.2085144140570689,-0.2085144140570689,-0.2085144140570689,-0.2085144140570689,-0.2085144140570689,-0.2085144140570689,-0.2085144140570689,-0.2085144140570689,-0.2085144140570689,-0.2085144140570689,-0.2085144140570689,-0.2085144140570689,-0.2085144140570689,-0.2085144140570689,-0.2085144140570689,-0.2085144140570689,-0.2085144140570689,-0.2085144140570689,-0.2085144140570689,4.795831523312725
2428,-1.426796917625356,-1.6403991467184402,-1.7563119647437782,-1.773489766384131,-1.6713191896710753,-1.3311987171920876,-0.6684343182508191,0.17775912777178318,0.5783753364624485,0.6512689642928157,0.6436509826957897,0.6461903098947983,0.6034698640761815,0.5611975348220957,0.5676205389137059,0.4938306779542768,0.5157883896162931,0.6787534469173804,0.9658467925935396,1.2332230094303371,1.0960993406838677,0.7894382383565239,0.3126422136955978,-0.24720474759173022,-0.20851441405707646,-0.20851441405707646,-0.20851441405707646,-0.20851441405707646,-0.20851441405707646,-0.20851441405707646,-0.20851441405707646,-0.20851441405707646,-0.20851441405707646,-0.20851441405707646,-0.20851441405707646,-0.20851441405707646,-0.20851441405707646,-0.20851441405707646,-0.20851441405707646,-0.20851441405707646,-0.20851441405707646,-0.20851441405707646,-0.20851441405707646,-0.20851441405707646,-0.20851441405707646,-0.20851441405707646,-0.20851441405707646,4.795831523312717,-0.20851441405707646,-0.20851441405707646,-0.20851441405707646,-0.20851441405707646,-0.20851441405707646,-0.20851441405707646,-0.20851441405707646,-0.20851441405707646,-0.20851441405707646,-0.20851441405707646,-0.20851441405707646,-0.20851441405707646,-0.20851441405707646,-0.20851441405707646,-0.20851441405707646,-0.20851441405707646,-0.20851441405707646,-0.20851441405707646,-0.20851441405707646,-0.20851441405707646,-0.20851441405707646,-0.20851441405707646,-0.20851441405707646,4.795831523312717,-0.20851441405707646,-0.20851441405707646,-0.20851441405707646,-0.20851441405707646,-0.20851441405707646,-0.20851441405707646,-0.20851441405707646,-0.20851441405707646,-0.20851441405707646,-0.20851441405707646,-0.20851441405707646,-0.20851441405707646,-0.20851441405707646,-0.20851441405707646,-0.20851441405707646,-0.20851441405707646,-0.20851441405707646,-0.20851441405707646,-0.20851441405707646,-0.20851441405707646,-0.20851441405707646,-0.20851441405707646,-0.20851441405707646,4.795831523312717
2429,-1.159518618210475,-1.4014424064470814,-1.6040535790952393,-1.6440640517651395,-1.7971273716302232,-1.545666203280443,-0.6870693740676409,0.4357826699882235,0.9052078667781002,0.9877876214165571,1.0091885719144107,0.9200954845157374,0.7926202576372179,0.6316478908490145,0.5630252778395924,0.4825390944454907,0.46276647713769115,0.5809369429301874,0.8323981112799677,1.088279041145609,0.8191388267323844,0.37320815168471666,-0.2864994093143369,-0.7591812724843217,0.20851441405707236,0.20851441405707236,0.20851441405707236,0.20851441405707236,0.20851441405707236,0.20851441405707236,0.20851441405707236,0.20851441405707236,0.20851441405707236,0.20851441405707236,0.20851441405707236,0.20851441405707236,0.20851441405707236,0.20851441405707236,0.20851441405707236,0.20851441405707236,0.20851441405707236,0.20851441405707236,0.20851441405707236,0.20851441405707236,0.20851441405707236,0.20851441405707236,0.20851441405707236,-4.795831523312722,0.20851441405707236,0.20851441405707236,0.20851441405707236,0.20851441405707236,0.20851441405707236,0.20851441405707236,0.20851441405707236,0.20851441405707236,0.20851441405707236,0.20851441405707236,0.20851441405707236,0.20851441405707236,0.20851441405707236,0.20851441405707236,0.20851441405707236,0.20851441405707236,0.20851441405707236,0.20851441405707236,0.20851441405707236,0.20851441405707236,0.20851441405707236,0.20851441405707236,0.20851441405707236,-4.795831523312722,0.20851441405707236,0.20851441405707236,0.20851441405707236,0.20851441405707236,0.20851441405707236,0.20851441405707236,0.20851441405707236,0.20851441405707236,0.20851441405707236,0.20851441405707236,0.20851441405707236,0.20851441405707236,0.20851441405707236,0.20851441405707236,0.20851441405707236,0.20851441405707236,0.20851441405707236,0.20851441405707236,0.20851441405707236,0.20851441405707236,0.20851441405707236,0.20851441405707236,0.20851441405707236,-4.795831523312722
2430,-1.0184559907927913,-1.456249080774032,-1.7140889834767385,-1.7154839694246342,-1.5411107259376822,-1.348137669812122,-0.614142563561045,0.5736879710720721,1.2037566242049256,1.396032187356538,1.335815293939044,1.1295898713084753,0.8259479299831961,0.5543906654595162,0.278880940750132,0.0017437324348695204,-0.094510297969928,0.11776006376818828,0.49370877672605684,0.9928812484147049,0.8075806150025705,0.47441147111350085,-0.04777826871542486,-0.6362298410693923,-0.20851441405707408,-0.20851441405707408,-0.20851441405707408,-0.20851441405707408,-0.20851441405707408,-0.20851441405707408,-0.20851441405707408,-0.20851441405707408,-0.20851441405707408,-0.20851441405707408,-0.20851441405707408,-0.20851441405707408,-0.20851441405707408,-0.20851441405707408,-0.20851441405707408,-0.20851441405707408,-0.20851441405707408,-0.20851441405707408,-0.20851441405707408,-0.20851441405707408,-0.20851441405707408,-0.20851441405707408,-0.20851441405707408,4.79583152331272,-0.20851441405707408,-0.20851441405707408,-0.20851441405707408,-0.20851441405707408,-0.20851441405707408,-0.20851441405707408,-0.20851441405707408,-0.20851441405707408,-0.20851441405707408,-0.20851441405707408,-0.20851441405707408,-0.20851441405707408,-0.20851441405707408,-0.20851441405707408,-0.20851441405707408,-0.20851441405707408,-0.20851441405707408,-0.20851441405707408,-0.20851441405707408,-0.20851441405707408,-0.20851441405707408,-0.20851441405707408,-0.20851441405707408,4.79583152331272,-0.20851441405707408,-0.20851441405707408,-0.20851441405707408,-0.20851441405707408,-0.20851441405707408,-0.20851441405707408,-0.20851441405707408,-0.20851441405707408,-0.20851441405707408,-0.20851441405707408,-0.20851441405707408,-0.20851441405707408,-0.20851441405707408,-0.20851441405707408,-0.20851441405707408,-0.20851441405707408,-0.20851441405707408,-0.20851441405707408,-0.20851441405707408,-0.20851441405707408,-0.20851441405707408,-0.20851441405707408,-0.20851441405707408,4.79583152331272
2431,0.5090475744301887,0.01985424952683614,-0.09206026112322328,-0.44780226233045684,-0.8358494831067798,-0.5358724442509504,0.1933025117370657,1.0843881515177793,1.7301079569523146,1.871250999593455,1.5647359996343575,1.0732351590474984,0.33867599979796764,-0.48087665379404826,-0.9927605495852135,-1.4038829271966002,-1.6050213776089064,-1.5869458380881063,-0.5285653112531801,0.6617281954888607,0.7001867902139671,0.3082937099651336,-0.357809150673708,-1.1873610388942515,-0.20851441405707474,-0.20851441405707474,-0.20851441405707474,-0.20851441405707474,-0.20851441405707474,-0.20851441405707474,-0.20851441405707474,-0.20851441405707474,-0.20851441405707474,-0.20851441405707474,-0.20851441405707474,-0.20851441405707474,-0.20851441405707474,-0.20851441405707474,-0.20851441405707474,-0.20851441405707474,-0.20851441405707474,-0.20851441405707474,-0.20851441405707474,-0.20851441405707474,-0.20851441405707474,-0.20851441405707474,-0.20851441405707474,4.795831523312719,-0.20851441405707474,-0.20851441405707474,-0.20851441405707474,-0.20851441405707474,-0.20851441405707474,-0.20851441405707474,-0.20851441405707474,-0.20851441405707474,-0.20851441405707474,-0.20851441405707474,-0.20851441405707474,-0.20851441405707474,-0.20851441405707474,-0.20851441405707474,-0.20851441405707474,-0.20851441405707474,-0.20851441405707474,-0.20851441405707474,-0.20851441405707474,-0.20851441405707474,-0.20851441405707474,-0.20851441405707474,-0.20851441405707474,4.795831523312719,-0.20851441405707474,-0.20851441405707474,-0.20851441405707474,-0.20851441405707474,-0.20851441405707474,-0.20851441405707474,-0.20851441405707474,-0.20851441405707474,-0.20851441405707474,-0.20851441405707474,-0.20851441405707474,-0.20851441405707474,-0.20851441405707474,-0.20851441405707474,-0.20851441405707474,-0.20851441405707474,-0.20851441405707474,-0.20851441405707474,-0.20851441405707474,-0.20851441405707474,-0.20851441405707474,-0.20851441405707474,-0.20851441405707474,4.795831523312719
2432,0.31343205390559825,-0.08570503788630686,-0.3192113032322181,-0.5556686746172561,-0.5180420726183889,-0.23362922809753972,0.2820765522398756,0.8302444990076862,1.2493015565636973,1.1769994586050898,0.7970445560675091,0.15185899826340377,-0.31884241497732724,-0.7283083779061763,-1.3709117179260457,-1.7704176979728417,-1.8895686043025879,-1.63171571413388,-0.43024666795436545,1.1699905817621636,1.6513897543947293,1.4141946064999096,0.7918801204990372,0.02385477381627708,-0.20851441405707744,-0.20851441405707744,-0.20851441405707744,-0.20851441405707744,-0.20851441405707744,-0.20851441405707744,-0.20851441405707744,-0.20851441405707744,-0.20851441405707744,-0.20851441405707744,-0.20851441405707744,-0.20851441405707744,-0.20851441405707744,-0.20851441405707744,-0.20851441405707744,-0.20851441405707744,-0.20851441405707744,-0.20851441405707744,-0.20851441405707744,-0.20851441405707744,-0.20851441405707744,-0.20851441405707744,-0.20851441405707744,4.7958315233127164,-0.20851441405707744,-0.20851441405707744,-0.20851441405707744,-0.20851441405707744,-0.20851441405707744,-0.20851441405707744,-0.20851441405707744,-0.20851441405707744,-0.20851441405707744,-0.20851441405707744,-0.20851441405707744,-0.20851441405707744,-0.20851441405707744,-0.20851441405707744,-0.20851441405707744,-0.20851441405707744,-0.20851441405707744,-0.20851441405707744,-0.20851441405707744,-0.20851441405707744,-0.20851441405707744,-0.20851441405707744,-0.20851441405707744,4.7958315233127164,-0.20851441405707744,-0.20851441405707744,-0.20851441405707744,-0.20851441405707744,-0.20851441405707744,-0.20851441405707744,-0.20851441405707744,-0.20851441405707744,-0.20851441405707744,-0.20851441405707744,-0.20851441405707744,-0.20851441405707744,-0.20851441405707744,-0.20851441405707744,-0.20851441405707744,-0.20851441405707744,-0.20851441405707744,-0.20851441405707744,-0.20851441405707744,-0.20851441405707744,-0.20851441405707744,-0.20851441405707744,-0.20851441405707744,4.7958315233127164
2433,-0.8905645940590156,-1.0630697237984423,-1.0690394717249858,-1.0179878342842008,-0.7374096817366605,-0.13919976882165558,0.9157987871623089,2.0729006180278433,2.387650431120425,1.7789419959897748,1.113212175491796,0.6150470036905875,0.13767302294389216,-0.22648160057525576,-0.5651104053740111,-0.854128546369423,-0.9582903550187667,-0.8269559006348117,-0.40022185057534665,0.2698308908349566,0.3525839482994549,0.1249101135836959,-0.28494395958002566,-0.7351452945921096,0.20851441405707027,0.20851441405707027,0.20851441405707027,0.20851441405707027,0.20851441405707027,0.20851441405707027,0.20851441405707027,0.20851441405707027,0.20851441405707027,0.20851441405707027,0.20851441405707027,0.20851441405707027,0.20851441405707027,0.20851441405707027,0.20851441405707027,0.20851441405707027,0.20851441405707027,0.20851441405707027,0.20851441405707027,0.20851441405707027,0.20851441405707027,0.20851441405707027,0.20851441405707027,-4.795831523312724,0.20851441405707027,0.20851441405707027,0.20851441405707027,0.20851441405707027,0.20851441405707027,0.20851441405707027,0.20851441405707027,0.20851441405707027,0.20851441405707027,0.20851441405707027,0.20851441405707027,0.20851441405707027,0.20851441405707027,0.20851441405707027,0.20851441405707027,0.20851441405707027,0.20851441405707027,0.20851441405707027,0.20851441405707027,0.20851441405707027,0.20851441405707027,0.20851441405707027,0.20851441405707027,-4.795831523312724,0.20851441405707027,0.20851441405707027,0.20851441405707027,0.20851441405707027,0.20851441405707027,0.20851441405707027,0.20851441405707027,0.20851441405707027,0.20851441405707027,0.20851441405707027,0.20851441405707027,0.20851441405707027,0.20851441405707027,0.20851441405707027,0.20851441405707027,0.20851441405707027,0.20851441405707027,0.20851441405707027,0.20851441405707027,0.20851441405707027,0.20851441405707027,0.20851441405707027,0.20851441405707027,-4.795831523312724
2434,-0.5190373177589372,-0.7550779743587578,-0.8288406795462017,-0.9801167359475697,-0.9238570455503666,-0.5177871024167772,0.6721678602511736,2.063657536075327,2.4489739045290593,1.9148819103582793,1.2145112756802103,0.5766514081101446,0.06731367771413367,-0.31000131254977425,-0.5850486878249888,-0.8045865019082964,-0.9363591989719673,-0.8215894305616732,-0.44377435416090133,0.3026042051086581,0.41512358590306403,0.10156957808931948,-0.3735122519315056,-0.9778663483316815,0.20851441405707868,0.20851441405707868,0.20851441405707868,0.20851441405707868,0.20851441405707868,0.20851441405707868,0.20851441405707868,0.20851441405707868,0.20851441405707868,0.20851441405707868,0.20851441405707868,0.20851441405707868,0.20851441405707868,0.20851441405707868,0.20851441405707868,0.20851441405707868,0.20851441405707868,0.20851441405707868,0.20851441405707868,0.20851441405707868,0.20851441405707868,0.20851441405707868,0.20851441405707868,-4.795831523312716,0.20851441405707868,0.20851441405707868,0.20851441405707868,0.20851441405707868,0.20851441405707868,0.20851441405707868,0.20851441405707868,0.20851441405707868,0.20851441405707868,0.20851441405707868,0.20851441405707868,0.20851441405707868,0.20851441405707868,0.20851441405707868,0.20851441405707868,0.20851441405707868,0.20851441405707868,0.20851441405707868,0.20851441405707868,0.20851441405707868,0.20851441405707868,0.20851441405707868,0.20851441405707868,-4.795831523312716,0.20851441405707868,0.20851441405707868,0.20851441405707868,0.20851441405707868,0.20851441405707868,0.20851441405707868,0.20851441405707868,0.20851441405707868,0.20851441405707868,0.20851441405707868,0.20851441405707868,0.20851441405707868,0.20851441405707868,0.20851441405707868,0.20851441405707868,0.20851441405707868,0.20851441405707868,0.20851441405707868,0.20851441405707868,0.20851441405707868,0.20851441405707868,0.20851441405707868,0.20851441405707868,-4.795831523312716
2435,-1.049024469286379,-1.3951495594224126,-1.5009936087248807,-1.5830102061701583,-1.4909609974165898,-1.0021220114201193,0.22386309045301978,1.6311876417235156,1.9860912667543036,1.545408815037629,1.0119247087192642,0.586291173965026,0.24217260609065053,0.01418151410974148,-0.10044107008748122,-0.20126881373580405,-0.23111583237796926,-0.04300437034751624,0.2858144652817156,0.8278262912121276,0.8406178706301984,0.427023469445909,-0.18922968016585504,-0.8360822942679061,0.208514414057083,0.208514414057083,0.208514414057083,0.208514414057083,0.208514414057083,0.208514414057083,0.208514414057083,0.208514414057083,0.208514414057083,0.208514414057083,0.208514414057083,0.208514414057083,0.208514414057083,0.208514414057083,0.208514414057083,0.208514414057083,0.208514414057083,0.208514414057083,0.208514414057083,0.208514414057083,0.208514414057083,0.208514414057083,0.208514414057083,-4.795831523312711,0.208514414057083,0.208514414057083,0.208514414057083,0.208514414057083,0.208514414057083,0.208514414057083,0.208514414057083,0.208514414057083,0.208514414057083,0.208514414057083,0.208514414057083,0.208514414057083,0.208514414057083,0.208514414057083,0.208514414057083,0.208514414057083,0.208514414057083,0.208514414057083,0.208514414057083,0.208514414057083,0.208514414057083,0.208514414057083,0.208514414057083,-4.795831523312711,0.208514414057083,0.208514414057083,0.208514414057083,0.208514414057083,0.208514414057083,0.208514414057083,0.208514414057083,0.208514414057083,0.208514414057083,0.208514414057083,0.208514414057083,0.208514414057083,0.208514414057083,0.208514414057083,0.208514414057083,0.208514414057083,0.208514414057083,0.208514414057083,0.208514414057083,0.208514414057083,0.208514414057083,0.208514414057083,0.208514414057083,-4.795831523312711
2436,-1.3169782279459923,-1.6084439523603198,-1.7083750578738035,-1.761387290676688,-1.7146715299691653,-1.2684344592107837,-0.2739980921497754,0.8729753892214489,1.285089643463031,1.1768309458234238,0.9150195738582195,0.6737225142037101,0.43973748665994344,0.28923149238048934,0.1559900183625111,0.02559211238759948,0.0030466800461427953,0.18747237883932,0.5307316640380749,1.0980234886298634,1.1234124890143866,0.8315405405939069,0.30893335667887944,-0.2650611640144232,-0.2085144140570746,-0.2085144140570746,-0.2085144140570746,-0.2085144140570746,-0.2085144140570746,-0.2085144140570746,-0.2085144140570746,-0.2085144140570746,-0.2085144140570746,-0.2085144140570746,-0.2085144140570746,-0.2085144140570746,-0.2085144140570746,-0.2085144140570746,-0.2085144140570746,-0.2085144140570746,-0.2085144140570746,-0.2085144140570746,-0.2085144140570746,-0.2085144140570746,-0.2085144140570746,-0.2085144140570746,-0.2085144140570746,4.79583152331272,-0.2085144140570746,-0.2085144140570746,-0.2085144140570746,-0.2085144140570746,-0.2085144140570746,-0.2085144140570746,-0.2085144140570746,-0.2085144140570746,-0.2085144140570746,-0.2085144140570746,-0.2085144140570746,-0.2085144140570746,-0.2085144140570746,-0.2085144140570746,-0.2085144140570746,-0.2085144140570746,-0.2085144140570746,-0.2085144140570746,-0.2085144140570746,-0.2085144140570746,-0.2085144140570746,-0.2085144140570746,-0.2085144140570746,4.79583152331272,-0.2085144140570746,-0.2085144140570746,-0.2085144140570746,-0.2085144140570746,-0.2085144140570746,-0.2085144140570746,-0.2085144140570746,-0.2085144140570746,-0.2085144140570746,-0.2085144140570746,-0.2085144140570746,-0.2085144140570746,-0.2085144140570746,-0.2085144140570746,-0.2085144140570746,-0.2085144140570746,-0.2085144140570746,-0.2085144140570746,-0.2085144140570746,-0.2085144140570746,-0.2085144140570746,-0.2085144140570746,-0.2085144140570746,4.79583152331272
2437,-0.7299545472690901,-1.1074840997439974,-1.308651292291402,-1.4006772213112382,-1.2354770360626914,-0.7550074282151911,0.4031302068080299,1.73093289695138,2.1077183044476904,1.8177498111210368,1.3152039022418238,0.8044723985980431,0.4351284408877034,0.1315172896201038,-0.04211653871920968,-0.2455161662024055,-0.2723053854318996,-0.22740863838987707,0.030809669183301983,0.46067741848620236,0.30440697298082026,-0.10239228198557136,-0.7106067778255666,-1.4041498978780245,0.208514414057068,0.208514414057068,0.208514414057068,0.208514414057068,0.208514414057068,0.208514414057068,0.208514414057068,0.208514414057068,0.208514414057068,0.208514414057068,0.208514414057068,0.208514414057068,0.208514414057068,0.208514414057068,0.208514414057068,0.208514414057068,0.208514414057068,0.208514414057068,0.208514414057068,0.208514414057068,0.208514414057068,0.208514414057068,0.208514414057068,-4.795831523312726,0.208514414057068,0.208514414057068,0.208514414057068,0.208514414057068,0.208514414057068,0.208514414057068,0.208514414057068,0.208514414057068,0.208514414057068,0.208514414057068,0.208514414057068,0.208514414057068,0.208514414057068,0.208514414057068,0.208514414057068,0.208514414057068,0.208514414057068,0.208514414057068,0.208514414057068,0.208514414057068,0.208514414057068,0.208514414057068,0.208514414057068,-4.795831523312726,0.208514414057068,0.208514414057068,0.208514414057068,0.208514414057068,0.208514414057068,0.208514414057068,0.208514414057068,0.208514414057068,0.208514414057068,0.208514414057068,0.208514414057068,0.208514414057068,0.208514414057068,0.208514414057068,0.208514414057068,0.208514414057068,0.208514414057068,0.208514414057068,0.208514414057068,0.208514414057068,0.208514414057068,0.208514414057068,0.208514414057068,-4.795831523312726
2438,-0.3841264417654603,-1.107422452335798,-1.5201487540688956,-1.7627279545908323,-1.826618532756469,-1.5953141401461155,-1.0175656498889398,-0.38549308514868247,0.11811500156869012,0.6743388585401165,0.9107681638375533,0.9199930066743031,0.7840119900436964,0.6698972675446445,0.4710506552858176,0.4078433988117918,0.38426880045120926,0.658964120478867,1.0125830958876056,1.4782668287205627,1.2835201466114023,0.7030383695877823,-0.10157292228427499,-0.7756697710586142,0.2085144140570712,0.2085144140570712,0.2085144140570712,0.2085144140570712,0.2085144140570712,0.2085144140570712,0.2085144140570712,0.2085144140570712,0.2085144140570712,0.2085144140570712,0.2085144140570712,0.2085144140570712,0.2085144140570712,0.2085144140570712,0.2085144140570712,0.2085144140570712,0.2085144140570712,0.2085144140570712,0.2085144140570712,0.2085144140570712,0.2085144140570712,0.2085144140570712,0.2085144140570712,-4.7958315233127236,0.2085144140570712,0.2085144140570712,0.2085144140570712,0.2085144140570712,0.2085144140570712,0.2085144140570712,0.2085144140570712,0.2085144140570712,0.2085144140570712,0.2085144140570712,0.2085144140570712,0.2085144140570712,0.2085144140570712,0.2085144140570712,0.2085144140570712,0.2085144140570712,0.2085144140570712,0.2085144140570712,0.2085144140570712,0.2085144140570712,0.2085144140570712,0.2085144140570712,0.2085144140570712,-4.7958315233127236,0.2085144140570712,0.2085144140570712,0.2085144140570712,0.2085144140570712,0.2085144140570712,0.2085144140570712,0.2085144140570712,0.2085144140570712,0.2085144140570712,0.2085144140570712,0.2085144140570712,0.2085144140570712,0.2085144140570712,0.2085144140570712,0.2085144140570712,0.2085144140570712,0.2085144140570712,0.2085144140570712,0.2085144140570712,0.2085144140570712,0.2085144140570712,0.2085144140570712,0.2085144140570712,-4.7958315233127236
2439,-0.7337040376724634,-1.0271598600961032,-1.2639363443719998,-1.4070855260420678,-1.404570743120837,-1.336091269727318,-1.2295031628351456,-1.1287184011458138,-0.8151443153523266,-0.24699681999423156,0.10004322313563643,0.2758845827817067,0.3936924903993709,0.4403126968621904,0.44263403494332665,0.44727671110559913,0.5712748536062933,0.8465468610610325,1.2471711248971287,1.6555331823370125,1.6460543851723728,1.3456345485053243,0.8840751600394018,0.29677662551193285,0.20851441405708815,0.20851441405708815,0.20851441405708815,0.20851441405708815,0.20851441405708815,0.20851441405708815,0.20851441405708815,0.20851441405708815,0.20851441405708815,0.20851441405708815,0.20851441405708815,0.20851441405708815,0.20851441405708815,0.20851441405708815,0.20851441405708815,0.20851441405708815,0.20851441405708815,0.20851441405708815,0.20851441405708815,0.20851441405708815,0.20851441405708815,0.20851441405708815,0.20851441405708815,-4.795831523312706,0.20851441405708815,0.20851441405708815,0.20851441405708815,0.20851441405708815,0.20851441405708815,0.20851441405708815,0.20851441405708815,0.20851441405708815,0.20851441405708815,0.20851441405708815,0.20851441405708815,0.20851441405708815,0.20851441405708815,0.20851441405708815,0.20851441405708815,0.20851441405708815,0.20851441405708815,0.20851441405708815,0.20851441405708815,0.20851441405708815,0.20851441405708815,0.20851441405708815,0.20851441405708815,-4.795831523312706,0.20851441405708815,0.20851441405708815,0.20851441405708815,0.20851441405708815,0.20851441405708815,0.20851441405708815,0.20851441405708815,0.20851441405708815,0.20851441405708815,0.20851441405708815,0.20851441405708815,0.20851441405708815,0.20851441405708815,0.20851441405708815,0.20851441405708815,0.20851441405708815,0.20851441405708815,0.20851441405708815,0.20851441405708815,0.20851441405708815,0.20851441405708815,0.20851441405708815,0.20851441405708815,-4.795831523312706
2440,-1.4840313977563009,-1.57323684839829,-1.645276581408855,-1.6810150427070651,-1.7305423591518287,-1.4591270369303828,-0.8210407298934432,-0.04548797920157745,0.377182641821348,0.5501061415674117,0.6283367891335723,0.7069895445103417,0.6933413919673245,0.6747686483005381,0.6252413318557746,0.5319555057112341,0.5080360631100699,0.5969601085449863,0.8351696163318747,1.1860819095513073,1.1518911768919962,0.8946868176277127,0.43895108477376615,0.04005920374846871,-0.2085144140570753,-0.2085144140570753,-0.2085144140570753,-0.2085144140570753,-0.2085144140570753,-0.2085144140570753,-0.2085144140570753,-0.2085144140570753,-0.2085144140570753,-0.2085144140570753,-0.2085144140570753,-0.2085144140570753,-0.2085144140570753,-0.2085144140570753,-0.2085144140570753,-0.2085144140570753,-0.2085144140570753,-0.2085144140570753,-0.2085144140570753,-0.2085144140570753,-0.2085144140570753,-0.2085144140570753,-0.2085144140570753,4.795831523312719,-0.2085144140570753,-0.2085144140570753,-0.2085144140570753,-0.2085144140570753,-0.2085144140570753,-0.2085144140570753,-0.2085144140570753,-0.2085144140570753,-0.2085144140570753,-0.2085144140570753,-0.2085144140570753,-0.2085144140570753,-0.2085144140570753,-0.2085144140570753,-0.2085144140570753,-0.2085144140570753,-0.2085144140570753,-0.2085144140570753,-0.2085144140570753,-0.2085144140570753,-0.2085144140570753,-0.2085144140570753,-0.2085144140570753,4.795831523312719,-0.2085144140570753,-0.2085144140570753,-0.2085144140570753,-0.2085144140570753,-0.2085144140570753,-0.2085144140570753,-0.2085144140570753,-0.2085144140570753,-0.2085144140570753,-0.2085144140570753,-0.2085144140570753,-0.2085144140570753,-0.2085144140570753,-0.2085144140570753,-0.2085144140570753,-0.2085144140570753,-0.2085144140570753,-0.2085144140570753,-0.2085144140570753,-0.2085144140570753,-0.2085144140570753,-0.2085144140570753,-0.2085144140570753,4.795831523312719
2441,-0.9650946782980189,-1.3557481192168759,-1.6092624041147745,-1.7519547301858773,-1.6903869752821021,-1.3992077109136585,-0.32527291165094147,0.9241903496315587,1.319189749720094,1.191708280742865,0.9162227578204819,0.649187711061362,0.34303903177513784,0.09411214822301074,-0.05220181048949072,-0.19368692568012746,-0.2209698915786632,0.1129446379582832,0.7027878741540606,1.3657880897060888,1.3085662939719915,0.9063236286006592,0.194310651301704,-0.4645850472567391,0.20851441405707022,0.20851441405707022,0.20851441405707022,0.20851441405707022,0.20851441405707022,0.20851441405707022,0.20851441405707022,0.20851441405707022,0.20851441405707022,0.20851441405707022,0.20851441405707022,0.20851441405707022,0.20851441405707022,0.20851441405707022,0.20851441405707022,0.20851441405707022,0.20851441405707022,0.20851441405707022,0.20851441405707022,0.20851441405707022,0.20851441405707022,0.20851441405707022,0.20851441405707022,-4.795831523312724,0.20851441405707022,0.20851441405707022,0.20851441405707022,0.20851441405707022,0.20851441405707022,0.20851441405707022,0.20851441405707022,0.20851441405707022,0.20851441405707022,0.20851441405707022,0.20851441405707022,0.20851441405707022,0.20851441405707022,0.20851441405707022,0.20851441405707022,0.20851441405707022,0.20851441405707022,0.20851441405707022,0.20851441405707022,0.20851441405707022,0.20851441405707022,0.20851441405707022,0.20851441405707022,-4.795831523312724,0.20851441405707022,0.20851441405707022,0.20851441405707022,0.20851441405707022,0.20851441405707022,0.20851441405707022,0.20851441405707022,0.20851441405707022,0.20851441405707022,0.20851441405707022,0.20851441405707022,0.20851441405707022,0.20851441405707022,0.20851441405707022,0.20851441405707022,0.20851441405707022,0.20851441405707022,0.20851441405707022,0.20851441405707022,0.20851441405707022,0.20851441405707022,0.20851441405707022,0.20851441405707022,-4.795831523312724
2442,-0.7737153885422955,-1.2193734460036265,-1.4659023545486396,-1.5138036989353105,-1.467908693580542,-1.0977391421945406,0.06643908106685412,1.4197147580850544,1.8445570480903974,1.5004699041191278,1.001643862312382,0.552223919166234,0.2159113389435864,-0.08002366826202449,-0.38172690018435496,-0.6608588179977828,-0.7957851178932224,-0.5404784760836361,0.08073424666915904,1.0505483762150043,1.2010238036076877,0.9148696991826013,0.3666375587152577,-0.2174578919473421,0.20851441405706922,0.20851441405706922,0.20851441405706922,0.20851441405706922,0.20851441405706922,0.20851441405706922,0.20851441405706922,0.20851441405706922,0.20851441405706922,0.20851441405706922,0.20851441405706922,0.20851441405706922,0.20851441405706922,0.20851441405706922,0.20851441405706922,0.20851441405706922,0.20851441405706922,0.20851441405706922,0.20851441405706922,0.20851441405706922,0.20851441405706922,0.20851441405706922,0.20851441405706922,-4.795831523312725,0.20851441405706922,0.20851441405706922,0.20851441405706922,0.20851441405706922,0.20851441405706922,0.20851441405706922,0.20851441405706922,0.20851441405706922,0.20851441405706922,0.20851441405706922,0.20851441405706922,0.20851441405706922,0.20851441405706922,0.20851441405706922,0.20851441405706922,0.20851441405706922,0.20851441405706922,0.20851441405706922,0.20851441405706922,0.20851441405706922,0.20851441405706922,0.20851441405706922,0.20851441405706922,-4.795831523312725,0.20851441405706922,0.20851441405706922,0.20851441405706922,0.20851441405706922,0.20851441405706922,0.20851441405706922,0.20851441405706922,0.20851441405706922,0.20851441405706922,0.20851441405706922,0.20851441405706922,0.20851441405706922,0.20851441405706922,0.20851441405706922,0.20851441405706922,0.20851441405706922,0.20851441405706922,0.20851441405706922,0.20851441405706922,0.20851441405706922,0.20851441405706922,0.20851441405706922,0.20851441405706922,-4.795831523312725
2443,-0.8940909428410592,-1.2044878190690178,-1.2938027283921603,-1.245285987525268,-1.098633111723071,-0.7973331244076547,0.47402601694522695,1.8727416030737007,2.1947163379176224,1.680052956108032,1.1058463014163469,0.5490064346486059,0.04840188115839924,-0.2537250960581572,-0.4789420124686742,-0.6713549961339629,-0.7609455687574855,-0.5514414604686325,-0.11892574217230309,0.7345278358043928,0.8900019372187522,0.5476281181467055,-0.01307103482635631,-0.7149097975940139,0.20851441405707422,0.20851441405707422,0.20851441405707422,0.20851441405707422,0.20851441405707422,0.20851441405707422,0.20851441405707422,0.20851441405707422,0.20851441405707422,0.20851441405707422,0.20851441405707422,0.20851441405707422,0.20851441405707422,0.20851441405707422,0.20851441405707422,0.20851441405707422,0.20851441405707422,0.20851441405707422,0.20851441405707422,0.20851441405707422,0.20851441405707422,0.20851441405707422,0.20851441405707422,-4.795831523312721,0.20851441405707422,0.20851441405707422,0.20851441405707422,0.20851441405707422,0.20851441405707422,0.20851441405707422,0.20851441405707422,0.20851441405707422,0.20851441405707422,0.20851441405707422,0.20851441405707422,0.20851441405707422,0.20851441405707422,0.20851441405707422,0.20851441405707422,0.20851441405707422,0.20851441405707422,0.20851441405707422,0.20851441405707422,0.20851441405707422,0.20851441405707422,0.20851441405707422,0.20851441405707422,-4.795831523312721,0.20851441405707422,0.20851441405707422,0.20851441405707422,0.20851441405707422,0.20851441405707422,0.20851441405707422,0.20851441405707422,0.20851441405707422,0.20851441405707422,0.20851441405707422,0.20851441405707422,0.20851441405707422,0.20851441405707422,0.20851441405707422,0.20851441405707422,0.20851441405707422,0.20851441405707422,0.20851441405707422,0.20851441405707422,0.20851441405707422,0.20851441405707422,0.20851441405707422,0.20851441405707422,-4.795831523312721
2444,-1.3457468842200326,-1.602982551975235,-1.6831230359023652,-1.724394293292631,-1.7628267869470586,-1.4306914298539661,-0.5174829726788756,0.5402840685827549,0.9802924476377065,0.9073580562707816,0.704932365261382,0.5446513974071217,0.4116662347051537,0.21426297184377593,0.14918977236071113,0.043718781252253744,0.08782880237835808,0.3452828365747789,0.7470770884165212,1.2303220228327039,1.2403668791287474,1.020035139939444,0.6721773990786313,0.2278016911993129,-0.20851441405707455,-0.20851441405707455,-0.20851441405707455,-0.20851441405707455,-0.20851441405707455,-0.20851441405707455,-0.20851441405707455,-0.20851441405707455,-0.20851441405707455,-0.20851441405707455,-0.20851441405707455,-0.20851441405707455,-0.20851441405707455,-0.20851441405707455,-0.20851441405707455,-0.20851441405707455,-0.20851441405707455,-0.20851441405707455,-0.20851441405707455,-0.20851441405707455,-0.20851441405707455,-0.20851441405707455,-0.20851441405707455,4.795831523312719,-0.20851441405707455,-0.20851441405707455,-0.20851441405707455,-0.20851441405707455,-0.20851441405707455,-0.20851441405707455,-0.20851441405707455,-0.20851441405707455,-0.20851441405707455,-0.20851441405707455,-0.20851441405707455,-0.20851441405707455,-0.20851441405707455,-0.20851441405707455,-0.20851441405707455,-0.20851441405707455,-0.20851441405707455,-0.20851441405707455,-0.20851441405707455,-0.20851441405707455,-0.20851441405707455,-0.20851441405707455,-0.20851441405707455,4.795831523312719,-0.20851441405707455,-0.20851441405707455,-0.20851441405707455,-0.20851441405707455,-0.20851441405707455,-0.20851441405707455,-0.20851441405707455,-0.20851441405707455,-0.20851441405707455,-0.20851441405707455,-0.20851441405707455,-0.20851441405707455,-0.20851441405707455,-0.20851441405707455,-0.20851441405707455,-0.20851441405707455,-0.20851441405707455,-0.20851441405707455,-0.20851441405707455,-0.20851441405707455,-0.20851441405707455,-0.20851441405707455,-0.20851441405707455,4.795831523312719
2445,-0.7825857794231097,-0.9104189855537296,-0.9126175910645756,-0.8428903877206012,-0.9116753315599273,-0.4213863026412601,0.376707497795853,1.22819600349637,1.7429837795358931,1.690217247275588,1.5454233700612987,1.1267460634959026,0.5585635821929756,0.003258647453575383,-0.6044987330445803,-1.1836742419017376,-1.4990170894573698,-1.4120151285281766,-0.6308819991747329,0.5968821353820066,0.9323265190368026,0.7099532759398031,0.17223718528717114,-0.5718337368834392,-0.2085144140570736,-0.2085144140570736,-0.2085144140570736,-0.2085144140570736,-0.2085144140570736,-0.2085144140570736,-0.2085144140570736,-0.2085144140570736,-0.2085144140570736,-0.2085144140570736,-0.2085144140570736,-0.2085144140570736,-0.2085144140570736,-0.2085144140570736,-0.2085144140570736,-0.2085144140570736,-0.2085144140570736,-0.2085144140570736,-0.2085144140570736,-0.2085144140570736,-0.2085144140570736,-0.2085144140570736,-0.2085144140570736,4.795831523312721,-0.2085144140570736,-0.2085144140570736,-0.2085144140570736,-0.2085144140570736,-0.2085144140570736,-0.2085144140570736,-0.2085144140570736,-0.2085144140570736,-0.2085144140570736,-0.2085144140570736,-0.2085144140570736,-0.2085144140570736,-0.2085144140570736,-0.2085144140570736,-0.2085144140570736,-0.2085144140570736,-0.2085144140570736,-0.2085144140570736,-0.2085144140570736,-0.2085144140570736,-0.2085144140570736,-0.2085144140570736,-0.2085144140570736,4.795831523312721,-0.2085144140570736,-0.2085144140570736,-0.2085144140570736,-0.2085144140570736,-0.2085144140570736,-0.2085144140570736,-0.2085144140570736,-0.2085144140570736,-0.2085144140570736,-0.2085144140570736,-0.2085144140570736,-0.2085144140570736,-0.2085144140570736,-0.2085144140570736,-0.2085144140570736,-0.2085144140570736,-0.2085144140570736,-0.2085144140570736,-0.2085144140570736,-0.2085144140570736,-0.2085144140570736,-0.2085144140570736,-0.2085144140570736,4.795831523312721
2446,1.0579882940123628,0.691498857901527,0.5173617302067164,0.46635922418731574,0.5212476354272422,0.755616294040202,1.1969094056461589,1.5927859999872207,1.6479172803034299,1.2760847245143712,0.69684197757975,0.0998697880764799,-0.25617627775419294,-0.7649869925667848,-1.2963845314736826,-1.5771411836566689,-1.472464611778756,-1.389403387690018,-1.0731878503697343,-0.25131889622853576,-0.04488018138810469,-0.4152555227194663,-0.9896408881284303,-0.9896408881284303,0.0,0.0,0.0,0.0,0.0,0.0,0.0,0.0,0.0,0.0,0.0,0.0,0.0,0.0,0.0,0.0,0.0,0.0,0.0,0.0,0.0,0.0,0.0,0.0,0.0,0.0,0.0,0.0,0.0,0.0,0.0,0.0,0.0,0.0,0.0,0.0,0.0,0.0,0.0,0.0,0.0,0.0,0.0,0.0,0.0,0.0,0.0,0.0,0.0,0.0,0.0,0.0,0.0,0.0,0.0,0.0,0.0,0.0,0.0,0.0,0.0,0.0,0.0,0.0,0.0,0.0,0.0,0.0,0.0,0.0,0.0,0.0
